JOB 0
COORDS -3.8421373985e+00 -5.3202050615e-01 -8.1865475281e-01 -3.7906726016e+00 -1.8969700448e+00 -8.7305288368e-01 -1.6335722936e+00 -7.3889121567e-01 -7.5071162224e-01  6.0693806787e-01  5.1466633694e-01  1.1125716974e+00  7.3018821727e-02  1.1052775481e+00 -2.0771447695e-01 -1.6971241917e-01 -3.7323775107e-01 -6.5337784763e-01  6.2345716932e-01 -8.4796552817e-01 -1.8706359165e+00 -2.6231546782e+00  1.0987302051e-01 -7.4658626418e-01  4.3943249671e-01 -7.7444667651e-01  6.4270601444e-01  1.0148632866e+00  9.5397082044e-01  2.1664213269e+00 -2.1394686807e+00 -2.4236744600e+00 -8.4740987644e-01 -4.7526372438e+00  5.7097923128e-02 -8.2613076967e-01 -4.6079796252e+00 -2.6038813216e+00 -9.3046769387e-01 -8.3311327077e-01  1.6994021029e+00 -9.5819201245e-02  8.1712677010e-01  1.6422071023e+00 -7.9940352109e-01  1.6700591695e+00 -5.4698618205e-01 -1.7710764076e+00  2.1114396725e-01 -4.1375164803e-01 -2.7865861474e+00  5.8834945572e-01 -1.9382521057e+00 -1.9672386649e+00  4.2723917911e-01 -1.6610506983e+00  1.1393524352e+00
ENERGY -8.545200199148e+02
GRADIENT -5.2368009990e-05 -6.9397982285e-06 -7.1180808040e-05 -2.5121122169e-06  3.0701164677e-05  4.4921870317e-05 -2.3612992320e-05  1.8342961321e-05 -3.0998625438e-04 -7.8811110049e-05 -4.0703793803e-05 -8.1388933770e-05  9.0096541000e-06 -5.4912822616e-05  2.6719779087e-04  1.4178296930e-04  1.2582017062e-04 -3.1744494698e-04 -1.9418931125e-05 -2.5735181724e-05  1.5769184487e-05  2.9078905477e-06 -3.6462132984e-05  8.8542980343e-05 -1.9859890226e-05  1.1232821867e-04  2.1841016330e-04 -5.9676771415e-06 -1.0992589280e-05 -7.8870121954e-05  3.1424242236e-05  3.2865500723e-05  2.6673459951e-04 -4.5034967327e-06 -6.8981249113e-06  2.9978478349e-06  8.9899316569e-06  1.8695929401e-06 -2.3189659362e-05 -9.9272202668e-06 -2.7447897009e-05  2.2353194709e-05  1.1660316688e-05 -6.8937119419e-06  2.3894824783e-06  9.4067062135e-06  5.0447443079e-06 -2.5717850998e-06 -1.9198671231e-06 -1.4521340653e-05 -8.5339492503e-07  1.8282339423e-05 -1.0258683327e-05  8.7430055920e-06  3.0767646064e-05  9.6734849810e-06 -4.5867530677e-05

JOB 1
COORDS -3.9837159372e+00 -5.0080053426e-01 -1.1212747011e+00 -4.0324368879e+00 -1.8501343242e+00 -9.0465613317e-01 -1.8203023360e+00 -8.1469420693e-01 -7.5257085388e-01  7.0893190215e-01  1.8325587897e-01  1.0369513145e+00 -1.5420746957e-02  9.1049675497e-01 -1.1453411736e-01 -3.4379738556e-01 -5.1543965504e-01 -6.6334541501e-01  3.7578301836e-01 -8.9268776342e-01 -1.9614031390e+00 -2.7317572718e+00  7.3232450481e-02 -1.0369036886e+00  3.0025019841e-01 -1.0496206586e+00  5.6020190137e-01  1.3940754725e+00  5.0679000297e-01  1.9834520608e+00 -2.4395514528e+00 -2.4495703133e+00 -5.7369598366e-01 -4.8415409484e+00  1.2515803886e-01 -1.3416104781e+00 -4.8935992702e+00 -2.5053992647e+00 -9.0464057537e-01 -8.8474940462e-01  1.4962031303e+00  1.8364346937e-01  6.4275608517e-01  1.5055453534e+00 -7.5009709428e-01  1.4363383259e+00 -6.3169321135e-01 -1.8932320602e+00 -6.8686116246e-02 -3.6006630270e-01 -2.8071353021e+00  2.9284052447e-01 -1.9671131970e+00 -2.1567013826e+00  6.4115609205e-01 -1.9813730513e+00  7.7973191646e-01
ENERGY -8.545201325950e+02
GRADIENT -1.6325308319e-05  1.3343023766e-06  6.8806879272e-05 -3.3758327291e-06  8.9900107018e-06 -1.2736046846e-05 -1.5973361796e-04  3.0070382724e-04  7.7430906719e-04 -1.0711640194e-04 -4.3579996045e-05 -5.7921397025e-05  4.8452488908e-05  2.1971601620e-04 -6.6590865942e-04  8.5125195076e-05 -3.7088116272e-04  5.2647563823e-04  2.0573793344e-05  4.5546335658e-05  1.9638903407e-05  2.5150801824e-05  1.3664014292e-05 -7.7585840649e-05  1.0431521649e-04  8.8745955598e-06  1.1410304686e-04 -7.4436566540e-06  7.5155921553e-06 -4.2634302230e-05  6.9113340124e-05 -1.3763998168e-04 -5.9853158084e-04  3.1447537634e-06  5.2132824744e-06  5.4346469497e-06  1.0428308172e-05 -1.4074422563e-05 -2.4775938260e-05 -2.8776481467e-05 -2.4227364813e-05 -2.2996136179e-05 -2.4736929464e-05  3.6062658819e-05  3.6184286413e-06 -3.6028323328e-06 -4.8096694450e-07 -1.4107281252e-05  1.0597411016e-05 -1.5390542646e-05 -3.1014433431e-05 -3.1118888591e-05 -8.9663227650e-06  1.8638864262e-05 -6.7892148539e-05 -1.3587271152e-05 -2.3054649751e-05

JOB 2
COORDS -3.9367976650e+00 -6.9040952708e-01 -1.3128513010e+00 -3.9490198334e+00 -1.9334425747e+00 -7.4104968632e-01 -1.8118903109e+00 -7.4931073726e-01 -6.8988309651e-01  6.3913796444e-01  4.5536952462e-01  1.0904183055e+00 -1.4013536724e-01  1.1129664105e+00 -6.6890724520e-02 -3.6309950823e-01 -3.4251694656e-01 -5.9370051471e-01  3.8220508397e-01 -6.8233111100e-01 -1.8874748473e+00 -2.7248379279e+00 -3.2663206904e-02 -1.2849169997e+00  3.1029570299e-01 -8.1349814520e-01  6.3841313482e-01  1.3114261268e+00  8.3938617197e-01  2.0227225346e+00 -2.3748274646e+00 -2.3095730665e+00 -1.1944474234e-01 -4.7953535490e+00 -2.0503313180e-01 -1.7641788659e+00 -4.7787056459e+00 -2.6193777885e+00 -6.3130864784e-01 -1.0469170510e+00  1.6429397743e+00  2.2540088465e-01  4.7435903598e-01  1.7434509657e+00 -7.1191802679e-01  1.4242058901e+00 -3.5391649866e-01 -1.8204757367e+00 -9.5990950932e-02 -1.8459490316e-01 -2.7353393502e+00  3.6626511383e-01 -1.7615796278e+00 -2.0731864409e+00  7.6843576555e-01 -1.6995367943e+00  8.3366982739e-01
ENERGY -8.545208218496e+02
GRADIENT  4.0929087586e-05 -3.5079733742e-05 -2.7834545083e-05 -5.8829908223e-05 -3.0534496320e-05  6.9677478918e-07 -2.9631199879e-04  8.7954486140e-04  1.2073269968e-03 -5.7537916800e-06 -1.7050483104e-05  2.9536048208e-05 -1.0578685268e-04  3.6583999094e-04 -1.0485228124e-03  2.6602932003e-04 -8.7898663096e-04  8.4794282472e-04 -1.3516184497e-05  7.1472193666e-06 -9.5808025088e-06 -6.5889864065e-05  2.6936165178e-05  6.0119494873e-05  1.0628403619e-04  7.4752361139e-05  5.5413902883e-05 -2.4544972361e-05 -3.5995002087e-05 -2.6273777474e-05  1.7708705234e-04 -3.9782591614e-04 -1.0288217412e-03 -1.9176666852e-06  2.4463334186e-06  1.2876620742e-05  9.4921729439e-07 -8.9602833690e-06 -9.5532123289e-06  1.3939047245e-05  6.1983325293e-06 -7.1036920422e-06  2.6811106877e-05 -2.3441064216e-05 -7.8835217927e-08  1.0074693166e-05 -2.0619186569e-05  1.4294343285e-06  1.7100743502e-05  2.2437133983e-05 -8.0887477754e-06 -2.9200500795e-05  3.2450419853e-06 -2.5716223425e-05 -4.3357761502e-05 -2.2218476751e-05 -3.0628343160e-05

JOB 3
COORDS -3.8962341577e+00 -7.9879790977e-01 -1.4458974057e+00 -3.9630073838e+00 -1.8983386712e+00 -6.3335736718e-01 -1.8110985774e+00 -7.4885131108e-01 -7.0430874729e-01  6.3477055024e-01  4.1052240889e-01  1.1180116369e+00 -1.5372507182e-01  1.1080650303e+00 -9.7091438005e-03 -3.6785596277e-01 -3.2988798399e-01 -5.9188950697e-01  3.8248885514e-01 -6.1226709193e-01 -1.8956798584e+00 -2.6742037167e+00 -1.6176766791e-01 -1.4865767921e+00  3.0363913788e-01 -8.4342580864e-01  6.2282700947e-01  1.3146340930e+00  7.6055774880e-01  2.0577275456e+00 -2.4326864925e+00 -2.1528549220e+00  1.4052869921e-01 -4.7192808733e+00 -4.0993794876e-01 -2.0357696158e+00 -4.8106345350e+00 -2.5413254669e+00 -4.3580753372e-01 -1.0624776012e+00  1.6190069877e+00  3.1066350217e-01  4.5124463224e-01  1.7695090276e+00 -6.3226388641e-01  1.4185485064e+00 -2.6779133321e-01 -1.8178422186e+00 -1.0717625514e-01 -9.6471083808e-02 -2.7253369895e+00  3.8501451112e-01 -1.6852447925e+00 -2.1153549579e+00  7.8588829289e-01 -1.7264610608e+00  7.6835432521e-01
ENERGY -8.545217804358e+02
GRADIENT -2.9858882800e-05  5.5089944093e-05  2.1462535329e-05  1.2588449448e-05  7.1576903441e-05  7.9379102823e-05 -5.8671124249e-04  1.5903309126e-03  1.2317152217e-03  2.9802554617e-05  7.5129384999e-05  1.5666878110e-04  6.4255698753e-05  5.2775146623e-04 -1.5322296080e-03  7.7366717034e-05 -1.2478106958e-03  1.4915959345e-03  2.8202161159e-05  2.4956521235e-05 -8.3302815813e-06  6.3693951220e-05 -1.0971225239e-04 -1.5445339508e-04 -3.6507122236e-05 -2.3957642260e-05 -1.9686802816e-04  6.0026914592e-05  3.9603452944e-05  2.5064401550e-05  3.9420837959e-04 -9.5593071659e-04 -1.2179391121e-03 -9.5520840684e-09 -3.5346031982e-06 -7.9783137353e-06 -1.1114463555e-05  3.1389342338e-05  3.0085327778e-05  7.8594805018e-06 -3.5358478668e-05  2.0919431545e-05 -3.9924720582e-05  3.3733348181e-05 -6.0851255901e-06 -2.9497084956e-06  3.2602489995e-06  5.3259918081e-06 -5.1806801044e-06  1.6320934585e-07  6.4465462443e-06  2.4591686686e-06 -2.6485450743e-06  9.0603866035e-06 -3.1436414310e-05  1.0883188667e-05  1.3311968616e-05

JOB 4
COORDS -3.8706805497e+00 -8.8332594495e-01 -1.5263964883e+00 -3.9994743414e+00 -1.8057643198e+00 -5.2314573689e-01 -1.8089567070e+00 -7.5374581732e-01 -7.3306232572e-01  6.2973263173e-01  3.4124406949e-01  1.1294305410e+00 -1.5864284597e-01  1.0841137331e+00  3.1796467895e-02 -3.6765682288e-01 -3.3048870572e-01 -6.1440329481e-01  3.8071993284e-01 -5.5106037928e-01 -1.9293675255e+00 -2.6270547709e+00 -2.9986020026e-01 -1.6421612067e+00  3.0435768616e-01 -8.9075962765e-01  5.7918585107e-01  1.3046435752e+00  6.5334256210e-01  2.0857315342e+00 -2.5034429873e+00 -1.9521763612e+00  3.4080842982e-01 -4.6601575305e+00 -5.9390205706e-01 -2.2116955890e+00 -4.8720991051e+00 -2.3823313109e+00 -2.4542909637e-01 -1.0681154159e+00  1.5803969902e+00  3.7336101756e-01  4.4676899076e-01  1.7720161254e+00 -5.6117387252e-01  1.4131065031e+00 -1.9887504084e-01 -1.8397524800e+00 -1.1811068183e-01 -8.8562216037e-03 -2.7359088347e+00  3.9327505934e-01 -1.6140546636e+00 -2.1921177440e+00  7.8385980928e-01 -1.7804642669e+00  6.8983075561e-01
ENERGY -8.545227896365e+02
GRADIENT  7.1239411764e-05 -1.2410928435e-05 -3.4991364032e-05  5.0116164155e-05 -2.2847596121e-05 -8.6903509560e-06 -6.9453437070e-04  1.6108573246e-03  8.4158450108e-04  1.3788338605e-05 -1.9137300799e-05 -5.6000951296e-05 -2.0097005133e-04  5.5409553567e-04 -1.1104506562e-03  4.2653452857e-04 -1.3608109261e-03  1.1118837817e-03 -4.2457740888e-05 -5.7560197135e-06 -2.7389926317e-06  1.7182071296e-06  1.4135600468e-04  2.1630901846e-05  4.2107317715e-05 -8.1918560785e-06 -5.0817565955e-06 -4.0393415162e-05 -2.9308412521e-05  1.6107726868e-06  2.9117055348e-04 -9.1117547566e-04 -7.1676371790e-04  2.7631972690e-06  1.8763231572e-05  5.3060110812e-06  3.6996089163e-07 -4.5643905340e-06 -2.1859928676e-06  1.1041868824e-05  4.2942972404e-05 -3.2477571223e-05  5.3156997510e-05 -4.2030730867e-05  7.1490098936e-06 -1.8433045086e-06 -9.4638271316e-06 -6.1108498731e-06 -3.8291773748e-06  6.1096790386e-06 -5.3208725564e-06 -1.3469183794e-05  3.0603254728e-06 -1.5535400289e-05 -1.1559818781e-05 -1.8203113530e-05  3.9878440112e-07

JOB 5
COORDS -3.8206870553e+00 -9.6421323707e-01 -1.6039311636e+00 -4.0206370293e+00 -1.6899790216e+00 -4.6079804454e-01 -1.7746855905e+00 -7.9246123216e-01 -7.7791131475e-01  6.6690574962e-01  2.0015925817e-01  1.1352460693e+00 -1.2246156983e-01  1.0044763994e+00  8.2833949097e-02 -3.3409252280e-01 -3.7257153310e-01 -6.4586295213e-01  4.1578768299e-01 -5.1835915630e-01 -1.9685342860e+00 -2.5470402240e+00 -4.6521932896e-01 -1.7770253731e+00  3.3618141197e-01 -9.9652438252e-01  5.1791000145e-01  1.3424544202e+00  4.5738797504e-01  2.1074173135e+00 -2.5547480680e+00 -1.7568799698e+00  4.6275105164e-01 -4.5755472506e+00 -7.6832232587e-01 -2.3579214501e+00 -4.9250397713e+00 -2.1789568368e+00 -1.2296025036e-01 -1.0311716116e+00  1.4786481173e+00  4.5696150600e-01  4.7927638150e-01  1.7269610008e+00 -4.7162894304e-01  1.4446869345e+00 -1.6247876008e-01 -1.8581053438e+00 -8.6432749579e-02  5.8423389802e-02 -2.7481219752e+00  4.3725354162e-01 -1.5661030410e+00 -2.2852028623e+00  7.9554934508e-01 -1.9007678688e+00  5.9007027582e-01
ENERGY -8.545235293058e+02
GRADIENT  1.2074797603e-04  3.7465033113e-05  9.0654610591e-05 -9.5409172792e-05 -6.9189759093e-05  2.3782836404e-05 -3.4204880892e-04  9.3222897676e-04  3.2242353648e-04 -3.3411913269e-05 -5.3572520779e-05 -1.2449770795e-04 -1.5776277000e-04  2.4669633567e-04 -4.2876583395e-04  3.0892307516e-04 -5.8428941905e-04  4.2552687847e-04 -7.1801710258e-05 -3.9203575119e-05  5.0036947803e-05  3.1287212922e-06 -2.0895689233e-05 -8.0934292815e-05  9.5572619529e-06 -7.1603661754e-05  7.7211687654e-05 -3.3008692039e-05  2.5354616421e-05  4.6876047721e-05  1.3413507480e-04 -4.3012312030e-04 -3.4298912371e-04 -1.7580554397e-06  8.6911285722e-06  1.6609056898e-05  4.5620818015e-06 -4.3272629364e-05 -6.7387420981e-06 -1.2194805532e-06  6.8936109079e-05 -5.0798900088e-05  3.5178387939e-05 -1.2952890850e-05  8.2419407110e-06 -5.9675947457e-06  2.0859466269e-05 -8.0416977927e-06 -6.6540636610e-06 -1.2808183501e-05 -8.2501253193e-06  1.1520718698e-05 -1.5563101959e-06  9.6381591509e-06  3.6318871271e-05  2.1245386769e-05  1.0303649628e-05

JOB 6
COORDS -3.7958006759e+00 -1.1051781210e+00 -1.6516556581e+00 -4.0602700159e+00 -1.5840680604e+00 -3.9738692339e-01 -1.7780782289e+00 -8.1011239667e-01 -7.8707325249e-01  6.5521642019e-01  1.8126162782e-01  1.1427736015e+00 -1.5934275664e-01  1.0022337314e+00  1.2277434519e-01 -3.4897265724e-01 -3.5468788526e-01 -6.5368358493e-01  4.0049404435e-01 -4.3674645247e-01 -1.9812186481e+00 -2.5039728151e+00 -6.7059479595e-01 -1.8621024241e+00  3.4461548791e-01 -9.9737554255e-01  4.8773336551e-01  1.3279231510e+00  4.2172182095e-01  2.1214893153e+00 -2.6337320057e+00 -1.5000996775e+00  5.8418421889e-01 -4.5127844030e+00 -1.0548827312e+00 -2.4640726365e+00 -4.9882907053e+00 -1.9861680194e+00 -1.2207986388e-02 -1.0751134431e+00  1.4383179241e+00  5.2498072693e-01  4.1604166679e-01  1.7596740297e+00 -4.1264299575e-01  1.4251527042e+00 -7.5807875564e-02 -1.8515537992e+00 -1.0489017346e-01  1.6697882838e-01 -2.7377194138e+00  4.3199289781e-01 -1.4689005341e+00 -2.3434355261e+00  7.8203249230e-01 -1.9129030616e+00  5.5300727438e-01
ENERGY -8.545235697662e+02
GRADIENT -1.2938494538e-04  6.3416393766e-05  9.5703129017e-06 -7.1898450319e-05 -3.0856528292e-05 -3.3482795031e-05  5.6962222182e-04 -7.9690812826e-04 -9.2814719565e-05 -7.2060662079e-05 -5.6638502682e-05  5.0542299602e-06  2.0305557953e-04 -2.5477270733e-04  3.4590313632e-04 -4.1657514698e-04  6.8151585121e-04 -4.7339367566e-04  7.9162063842e-05  3.1756546402e-05 -2.0039971704e-05 -1.2142385911e-04 -1.2443073854e-04  5.9037802153e-05  1.8476063688e-04  9.7231072470e-05  7.8209777245e-05  5.7263170396e-05  5.9900346336e-05  3.1434562610e-05 -9.5938969484e-05  4.9350679308e-04  1.9054333291e-05 -1.1373125280e-05 -4.8017542525e-05 -2.5934827153e-06 -6.8936080314e-06  2.4927392782e-05  7.7622529616e-06 -7.1988912343e-06 -6.3096483006e-05  4.5878050454e-05 -7.3707049221e-05  4.1276728017e-05 -2.2934392893e-05  2.3353702633e-06 -2.8632797337e-05  2.3428087251e-05  2.9504217728e-05  9.1697583668e-06  1.6566640685e-05 -2.8975936224e-05 -1.9617217220e-06  6.6705713772e-06 -8.0938597542e-05 -1.2288779484e-05  9.2629893647e-06

JOB 7
COORDS -3.7601734693e+00 -1.2782058605e+00 -1.7278011116e+00 -4.1113414544e+00 -1.4953890127e+00 -4.2358619619e-01 -1.7938740036e+00 -8.2204120514e-01 -8.1145008204e-01  6.5644027959e-01  1.2276717484e-01  1.1251768470e+00 -1.7181590304e-01  9.7875114216e-01  1.4581339412e-01 -3.6934300306e-01 -3.4699331830e-01 -6.8283407786e-01  3.6135866936e-01 -3.7062934768e-01 -2.0226326645e+00 -2.4518100391e+00 -8.9562706119e-01 -1.9360470622e+00  3.5334781859e-01 -1.0260054470e+00  4.2156037963e-01  1.3276125929e+00  3.2941302647e-01  2.1130375701e+00 -2.7489664729e+00 -1.2215837945e+00  6.1177045403e-01 -4.4229587769e+00 -1.3910021077e+00 -2.5789342509e+00 -5.0674666284e+00 -1.8103202639e+00 -2.6134697337e-02 -1.0811644233e+00  1.3999161472e+00  5.7685222813e-01  3.9611070192e-01  1.7566947102e+00 -3.6800044397e-01  1.3909057393e+00 -2.7866302067e-02 -1.8835883385e+00 -1.4259280702e-01  2.7697771363e-01 -2.7429946946e+00  3.7600666443e-01 -1.3816910214e+00 -2.4393591445e+00  7.5739238132e-01 -1.9577145690e+00  4.6919787215e-01
ENERGY -8.545227200915e+02
GRADIENT -4.2730094479e-05  1.4912032004e-04  1.7125670358e-04 -1.4641676169e-04 -2.7359219499e-04 -5.9624045133e-05  1.1173169223e-03 -2.9070118407e-03  4.6268129968e-04 -1.1585646693e-05  9.2307222397e-05  5.6981801160e-05  3.2319120350e-04 -8.6386024900e-04  1.2513120435e-03 -6.8879337729e-04  2.1203790949e-03 -1.6710055736e-03  1.0125175689e-04  4.4028327996e-05 -1.0260291244e-04 -7.0615833965e-05  5.8813278898e-06 -3.4617786734e-05  8.9895552200e-05  1.7322506021e-05  5.8160379851e-05 -5.7007275251e-06 -4.4244712886e-05 -6.8872368096e-05 -4.5023228410e-04  1.6959561998e-03 -1.1307503032e-04  8.3128698846e-06 -3.3395269979e-05  1.5044934243e-05 -2.0031498038e-05  5.9314515496e-05  2.9711327071e-05  8.9250519353e-06 -7.3466079330e-05  1.0083885734e-04 -8.7707213119e-05  5.8875469654e-05 -6.1605646578e-06  1.5893649384e-05 -4.6771645917e-05  3.8819473213e-05  4.7225116232e-05  2.9167216230e-05  4.0229690363e-05 -5.2575194022e-05  1.1882832524e-05 -3.2002455477e-06 -7.2693985189e-05 -4.2965728260e-05 -5.2839699552e-05

JOB 8
COORDS -3.5547319504e+00 -1.8978342226e+00 -1.6086989320e+00 -4.2655670324e+00 -1.1462051556e+00 -7.1379504407e-01 -1.8439178333e+00 -7.9512653795e-01 -7.2527839135e-01  2.5792172177e-01  9.7994273764e-01  1.0375777172e+00 -2.2005193178e-01  1.2336097387e+00 -4.0733496414e-01 -4.2633991159e-01 -3.2364012874e-01 -5.0641182663e-01  5.5261500605e-01 -1.0331155115e+00 -1.4379775839e+00 -2.1920914174e+00 -1.6902049749e+00 -1.6093185136e+00 -3.2139162920e-02 -3.6298885731e-01  9.2652353660e-01  7.1878470163e-01  1.6530549397e+00  1.9347865149e+00 -3.1942776340e+00 -1.2668531247e-01  1.8727615306e-01 -3.9826494286e+00 -2.6226846368e+00 -2.2926591832e+00 -5.3322948350e+00 -1.1438093597e+00 -5.3107482452e-01 -1.1246968411e+00  1.8382606190e+00 -4.8391916883e-01  5.5002019193e-01  1.6296618767e+00 -1.0721557035e+00  1.5667161032e+00 -6.7393641641e-01 -1.2396637882e+00  2.9794415088e-01 -8.3788265840e-01 -2.4822364836e+00  5.2076504365e-01 -2.1150966772e+00 -1.2872197451e+00  1.9403738409e-01 -1.1479177100e+00  1.5314721635e+00
ENERGY -8.545214241876e+02
GRADIENT  1.1444406478e-05  5.6273156374e-05 -1.0853456885e-05 -5.7825998653e-06  5.9267309505e-06  1.0247409094e-05  1.6771135320e-04 -1.9485825021e-03  2.4965463654e-03  7.2937883811e-06 -4.2078086575e-06 -1.1668041043e-05 -1.7623937787e-04 -4.8227017872e-05  1.6045060859e-03  2.1975996501e-04  8.5944516026e-04 -3.0044793041e-03  1.2392767344e-05  2.3531260561e-05 -4.7146582806e-05  7.5386308977e-05 -4.2638386775e-05  5.1783044894e-05 -1.1840987655e-04 -1.0760978973e-04 -6.8512370631e-05  8.3544980530e-06 -2.0102779649e-05  1.7470756563e-06 -2.3977906155e-04  1.1567192102e-03 -1.0843329465e-03  1.0080437583e-05  5.9188358636e-06 -1.2080228516e-05 -1.1218021684e-06 -1.5898911065e-05  7.9966845282e-06 -1.1120891792e-05 -2.1381985057e-05  3.9257537061e-05 -1.1278493916e-05  2.2011856704e-07  2.5915502980e-06  6.1442411048e-06 -1.2208531352e-05  6.2129075886e-06 -2.2432156735e-06  1.0989412933e-05  7.0904243129e-06  3.1845831645e-06 -1.6306372443e-06 -2.8164476289e-06  5.5163916621e-05  2.7308724402e-05  1.3772839349e-05

JOB 9
COORDS -3.5338794820e+00 -2.0204531115e+00 -1.4585634318e+00 -4.2788855443e+00 -1.0752012229e+00 -8.0810270942e-01 -1.8529912609e+00 -7.4464992087e-01 -7.6919593360e-01  2.6837744436e-01  9.0679973395e-01  1.0878158501e+00 -1.9605102957e-01  1.2456855579e+00 -3.4529833791e-01 -4.2973144403e-01 -2.9581544115e-01 -5.2880195109e-01  5.3785356072e-01 -9.7253123275e-01 -1.4971964485e+00 -2.1704770029e+00 -1.8246254951e+00 -1.4313988449e+00 -3.1790895661e-02 -4.2398728061e-01  8.9863092914e-01  7.2681336449e-01  1.5246393243e+00  2.0253948944e+00 -3.2387336456e+00  1.2578823046e-01 -1.2147020964e-01 -3.9375656649e+00 -2.8826020226e+00 -1.9782461286e+00 -5.3542559716e+00 -1.0178783467e+00 -7.0088840646e-01 -1.0830216017e+00  1.8792921674e+00 -3.9381041713e-01  5.8652903922e-01  1.6601302214e+00 -9.8364326711e-01  1.5573069181e+00 -6.3646704407e-01 -1.2860807181e+00  2.8354050329e-01 -7.2069659696e-01 -2.5302445587e+00  4.9034040892e-01 -2.0593134996e+00 -1.3995332929e+00  1.6570122576e-01 -1.2456959986e+00  1.4630573669e+00
ENERGY -8.545205590417e+02
GRADIENT -1.8608718215e-05 -8.9848386087e-07  1.7674027926e-05 -7.2594500225e-06  1.9087097734e-05 -4.0763470447e-05 -3.3882919144e-05 -6.4067773667e-04  1.2527102735e-03  1.0509774577e-04  1.4074047620e-04  4.9168791271e-05 -1.1009498919e-04 -1.1954538528e-04  6.7606877341e-04  2.2040610687e-04  3.8441026236e-04 -1.3364568717e-03  7.9455606554e-06 -4.5841432841e-06 -3.4370338053e-05  1.9941071340e-05 -1.2430391523e-05  7.3040602624e-05 -3.2713158472e-04 -6.0610878433e-05 -3.9117407157e-05 -1.8411847137e-05 -1.0337531467e-05 -2.9589261566e-05  1.8096959721e-05  3.5594356173e-04 -5.4501266137e-04  2.9714479869e-06 -1.6893337532e-05  2.0895881584e-05 -1.3257092970e-06  1.3239676392e-05 -2.5673194259e-05 -7.7169170777e-06  9.8695754869e-06 -6.7294527089e-06 -1.1607719966e-06  6.5021338501e-06 -7.8103486751e-06  1.3680954113e-05  6.0969764447e-06 -8.6112824539e-07 -4.5112027885e-06 -4.1782741910e-06  1.7451059939e-05  1.0768296007e-05  8.3639312469e-06  1.2330478952e-05  1.4536891679e-04  1.5016698921e-05 -5.2618056081e-05

JOB 10
COORDS -3.4782220369e+00 -2.1106800284e+00 -1.3160345705e+00 -4.2427486767e+00 -1.0383097701e+00 -9.4438789594e-01 -1.8176852382e+00 -7.0494166944e-01 -8.7454061719e-01  2.1938146453e-01  9.2758222927e-01  1.0231075627e+00 -1.8119959769e-01  1.2933649665e+00 -4.2351864146e-01 -3.9526831035e-01 -2.4203290718e-01 -6.4997575811e-01  5.5693970509e-01 -8.8733806442e-01 -1.6546521070e+00 -2.1161315992e+00 -1.9131273956e+00 -1.2727228619e+00  2.8006936146e-02 -4.1048471032e-01  7.6496561858e-01  5.6685125909e-01  1.5382458461e+00  2.0119823106e+00 -3.2209372273e+00  2.9180427420e-01 -5.1848315835e-01 -3.8671650681e+00 -3.0713385824e+00 -1.6358459026e+00 -5.3212043170e+00 -9.5586951810e-01 -9.0912192667e-01 -1.0649527419e+00  1.9294564590e+00 -4.9461186746e-01  6.2671350232e-01  1.7240543479e+00 -1.0180308502e+00  1.5812649675e+00 -5.6559455367e-01 -1.4457232112e+00  2.9010366866e-01 -5.9275220307e-01 -2.6739941467e+00  5.0193644974e-01 -1.9762791142e+00 -1.5943908643e+00  6.9039193724e-02 -1.2335227262e+00  1.3591733600e+00
ENERGY -8.545203165998e+02
GRADIENT -1.6896247157e-05  1.9455972252e-05  1.0402878806e-05 -2.2219492252e-05 -4.1899314849e-06 -1.2831435956e-05 -3.8919429727e-05 -3.0250026577e-05  8.0265603217e-05 -3.3727536354e-06 -1.0737660151e-06  3.4720989921e-06 -1.0585300587e-04  2.2505086672e-05  7.5642530460e-05  6.6452781604e-05 -4.2130242683e-05 -6.7327717283e-05 -3.4428784222e-05 -4.2899768265e-06 -2.1837934032e-05  3.0350233472e-05  8.5858867805e-06  8.4595970926e-06  4.0792668801e-05  4.0255420249e-05 -1.4805578533e-05 -1.7280125618e-05  2.4989190441e-06  1.9469351051e-05 -1.6425460973e-05  6.5504666282e-06 -5.2065146241e-05  1.4255438925e-06 -1.3299360190e-06  3.5639959563e-07 -6.5568228364e-06 -1.2178578846e-06  1.4415455265e-06  2.0410415817e-05  8.0495936543e-06 -1.7153240683e-05  2.5126427276e-05 -2.3259486406e-05  1.6741071651e-05  1.5702904690e-06  2.1689852134e-06  1.0826664383e-06 -7.6592617225e-06 -3.7681029448e-08  9.3841788307e-06 -1.3954511141e-06  4.5180025531e-06  1.1363069372e-05 -1.0205478910e-05 -8.0112515424e-06 -7.3760950103e-06

JOB 11
COORDS -3.5059659827e+00 -2.1613128426e+00 -1.0283607292e+00 -4.2441215682e+00 -1.0172456997e+00 -8.8745053040e-01 -1.8137552999e+00 -7.4718996518e-01 -7.7959487550e-01  2.9390978481e-01  7.6081579667e-01  1.1092557738e+00 -1.3748321149e-01  1.2108486612e+00 -3.0491779885e-01 -3.7763090973e-01 -3.0585640539e-01 -6.0544700055e-01  5.0868282676e-01 -9.0660314469e-01 -1.6955645960e+00 -2.1403310487e+00 -1.9988250654e+00 -9.6715057689e-01  1.1430667709e-01 -5.6227473531e-01  7.7226550417e-01  6.4684114111e-01  1.3143981912e+00  2.1291820090e+00 -3.1888681327e+00  3.3608738780e-01 -6.6309411415e-01 -3.9185061223e+00 -3.1523530729e+00 -1.1836805182e+00 -5.3193830062e+00 -8.9804844285e-01 -9.1072932827e-01 -1.0136670714e+00  1.8613063831e+00 -3.1093637229e-01  6.5889450198e-01  1.6651523651e+00 -8.9726850475e-01  1.5503993114e+00 -6.2081917435e-01 -1.5233181069e+00  1.9715537435e-01 -5.4383568974e-01 -2.6801246993e+00  4.2952749921e-01 -1.9961187378e+00 -1.6945552755e+00  9.8555252714e-02 -1.4090080748e+00  1.3334969988e+00
ENERGY -8.545204022906e+02
GRADIENT -1.7245931706e-06 -2.8674379341e-05 -2.2309488583e-05  2.4701241944e-05  1.3097934640e-05  3.3077947066e-06  9.4398153604e-06  1.2227813823e-04 -4.9436376517e-04  2.8650685245e-05  4.9107994503e-05  4.8310849689e-05  2.7347643305e-05  2.7169007357e-05 -2.8189369839e-04 -2.9926922405e-05 -1.3894889062e-04  5.8313009576e-04  8.9468553584e-06 -8.6856668209e-06 -3.7260163543e-05 -1.8418338763e-05 -1.1910781502e-05  8.4873432444e-07 -6.2545036293e-05  3.0876503808e-05 -4.4384686355e-05  1.4834677814e-05 -1.9218428834e-05 -1.2782846805e-05 -4.9784427791e-07 -3.9400528604e-05  2.5179295534e-04 -5.8770172510e-06 -3.9920213197e-07  8.1999970693e-06  3.8415253579e-06  2.5042004312e-06 -1.7749404074e-05  3.7698307024e-06 -1.3216075221e-05  2.5507396403e-05  1.6804533019e-06  3.5397091415e-06  6.1168731646e-06  5.6044190693e-06 -7.1298771105e-06  3.0535020478e-06  5.3181587682e-06  1.2892931269e-05  6.3866408955e-06 -5.2715421459e-06  2.9031132583e-06 -9.6137454553e-06  2.7704539971e-05 -1.2365283097e-05 -2.6200167715e-05

JOB 12
COORDS -3.4882139094e+00 -2.1061976028e+00 -8.4554136304e-01 -4.1915467590e+00 -9.3663332031e-01 -9.5266557891e-01 -1.7628262048e+00 -7.1498545948e-01 -7.5897208050e-01  3.9507140359e-01  6.9476341552e-01  1.1028426089e+00 -5.1432739378e-02  1.2058697459e+00 -2.8589619291e-01 -3.1557140718e-01 -2.9536917031e-01 -6.3502172939e-01  5.0709045380e-01 -8.6570953149e-01 -1.7901865660e+00 -2.1221236239e+00 -1.9713256047e+00 -7.3994171668e-01  2.3546273551e-01 -6.1631991041e-01  7.0513649653e-01  7.3911672445e-01  1.2048800632e+00  2.1477646308e+00 -3.1002482946e+00  4.0692662471e-01 -9.1310155996e-01 -3.9280910047e+00 -3.0976218939e+00 -8.4008571221e-01 -5.2598685963e+00 -7.9510988475e-01 -1.0501535822e+00 -9.1914108352e-01  1.8666137797e+00 -2.5119642716e-01  7.4275405431e-01  1.6711464377e+00 -8.7275404155e-01  1.5604181084e+00 -5.9927508748e-01 -1.6632376440e+00  1.5055872536e-01 -4.6605274569e-01 -2.7449973597e+00  4.1423573915e-01 -1.9543169933e+00 -1.8194531868e+00  1.4978308947e-01 -1.4701282670e+00  1.2494632043e+00
ENERGY -8.545206322131e+02
GRADIENT  8.4567024253e-05  7.4262355820e-05 -1.8538999291e-05 -5.2737425382e-05  2.8487933175e-05  7.9919391824e-05 -2.3278143253e-05  1.1446723778e-06 -7.2096136322e-04  8.7185396318e-05  4.7976753416e-05  5.2558384294e-05 -2.0057318061e-04  9.8141425832e-05 -3.5890924955e-04  9.9242403419e-05 -1.2835422032e-04  8.6292664972e-04 -3.3235054727e-05 -2.6617453462e-05 -3.7810401490e-05  5.8654681411e-05 -5.1946788569e-05 -4.2716643009e-05  1.3526116795e-05 -4.5813645821e-06 -1.9729045135e-05 -6.0545286551e-05 -4.7184409972e-05 -5.0483801782e-05 -6.6045993767e-05 -1.6148059773e-05  3.2287842902e-04  1.2302611420e-05  8.3349790851e-07 -3.9919265145e-08 -5.3654171385e-06  8.6402898440e-06  5.9743949156e-06  4.2856650926e-05  5.6207038181e-05 -5.2102732891e-05  5.4021522532e-05 -6.3171461866e-05  2.2242246407e-05 -1.4096565311e-06 -9.1626460289e-06  1.8605246028e-06 -4.4007604426e-06  5.1841155443e-06  2.4623480106e-06 -1.4919342595e-06 -5.7996638872e-06 -1.7604355395e-05 -3.8179026617e-06 -1.3955457533e-05 -1.3615029842e-05

JOB 13
COORDS -3.5044731479e+00 -2.0953357951e+00 -6.8401036954e-01 -4.1740363821e+00 -9.6078957830e-01 -1.0551328096e+00 -1.7613385136e+00 -7.2525207008e-01 -7.3163407171e-01  4.3127484696e-01  6.2282640092e-01  1.1155553984e+00 -4.7777311664e-02  1.1835950403e+00 -2.4340870388e-01 -3.1250749351e-01 -3.0690361492e-01 -6.3599845255e-01  4.7340511506e-01 -8.3329133354e-01 -1.8381879735e+00 -2.1454704527e+00 -1.9534453224e+00 -5.0786524301e-01  2.8065358346e-01 -6.7557552100e-01  6.7035224767e-01  7.8626694549e-01  1.0956596291e+00  2.1740156624e+00 -3.0603416864e+00  3.6021542478e-01 -1.1835084034e+00 -3.9646379634e+00 -3.0643322896e+00 -5.2385577601e-01 -5.2308766183e+00 -8.3021839211e-01 -1.2471285389e+00 -9.2248283628e-01  1.8310617956e+00 -1.6315963626e-01  7.2917034001e-01  1.6770474333e+00 -8.3038358001e-01  1.5284465517e+00 -5.6067076807e-01 -1.7419823831e+00  7.9421238998e-02 -4.1065505239e-01 -2.7681041486e+00  3.9142032042e-01 -1.9222356113e+00 -1.8949755661e+00  1.6850178920e-01 -1.5395830023e+00  1.1935395673e+00
ENERGY -8.545209995716e+02
GRADIENT -4.2127822285e-05 -1.6997306151e-05  2.5062640839e-05 -1.2096623701e-06 -7.0802277792e-06  5.6078259542e-05  1.5512616735e-04 -1.2124894098e-04 -1.0452728134e-03  1.0621570647e-04  4.5620834099e-05  4.6052642707e-05 -1.9020508755e-04  1.7329129099e-04 -5.6481993625e-04  1.0889115930e-04 -1.1464039504e-04  1.2389533915e-03 -3.7280629017e-05 -1.1398117608e-05 -4.3327693554e-05 -3.8536937463e-05 -8.2622231715e-06 -8.7335457356e-05 -6.3456907714e-05  2.2899584928e-05 -2.4432998333e-05 -6.2979768261e-05 -3.1010550553e-05 -3.6721312831e-05 -5.9179760143e-05  8.9168380713e-05  5.0744013262e-04 -1.7916712757e-06 -4.6299364648e-06  1.0061796459e-05  9.6321914210e-07 -2.5348398689e-06 -9.9087779301e-06  3.4420301683e-05  5.4087123752e-05 -4.6887576740e-05  5.4159001773e-05 -6.5996077110e-05  2.0555895912e-05 -2.5437112796e-06 -4.1298452567e-06 -1.7341605311e-06 -1.4000440687e-05  3.1792236845e-06  3.2381976546e-06  1.4898345440e-06 -4.2506210756e-06 -1.3670776430e-05  2.6191132144e-05 -2.5422487241e-05 -3.7284544220e-05

JOB 14
COORDS -3.5242657700e+00 -2.0455143785e+00 -5.4210776279e-01 -4.1422405016e+00 -1.0005844930e+00 -1.1726121039e+00 -1.7546682587e+00 -7.2116994579e-01 -7.2375698101e-01  4.5162086651e-01  5.6937792051e-01  1.1322742377e+00 -5.1270715964e-02  1.1782933429e+00 -1.9624145392e-01 -3.0694293806e-01 -3.0078351358e-01 -6.3908695706e-01  4.6421954956e-01 -7.7359505609e-01 -1.8740114519e+00 -2.1776813668e+00 -1.8795749808e+00 -2.9557051157e-01  3.1199122314e-01 -7.1507447764e-01  6.3942296329e-01  8.1276383273e-01  1.0045096529e+00  2.2044842876e+00 -2.9957751285e+00  2.6532226741e-01 -1.4722314281e+00 -4.0141172035e+00 -2.9617668594e+00 -2.3108557916e-01 -5.1806876830e+00 -9.0171908970e-01 -1.4602255926e+00 -9.3854262267e-01  1.8023318026e+00 -7.6788572839e-02  7.0686295237e-01  1.7088526802e+00 -7.7557925817e-01  1.5175242538e+00 -4.9260559870e-01 -1.7839764781e+00  5.2027962959e-02 -3.2287669566e-01 -2.7824579424e+00  3.9619190943e-01 -1.8612468772e+00 -1.9693675334e+00  1.6239621376e-01 -1.5846116363e+00  1.1441402329e+00
ENERGY -8.545213697461e+02
GRADIENT -1.0886677136e-04 -1.8653158079e-04 -1.8658716065e-05  9.5879809772e-05 -3.4599040153e-06  9.3153023319e-05  2.9298849481e-04 -1.8004619735e-04 -9.6819608814e-04 -9.8209486741e-06  1.0186777654e-05  2.5941038786e-05  1.0601213705e-04  1.0253701657e-04 -5.3511339790e-04 -2.4733958093e-04 -4.5872554595e-05  1.0223786928e-03  6.1109489326e-05 -1.5101972698e-05 -2.7328942230e-05 -1.5467310613e-04  3.2224509529e-05 -3.4415652100e-05  3.9155816303e-06  3.9728345276e-05  1.1384073644e-05  4.2648665028e-05 -3.7224499538e-07 -1.7871122300e-05 -2.3574391044e-05  2.3148085310e-04  4.2595438167e-04 -2.1992139701e-05 -1.9800169536e-06  9.1970007164e-06  1.7693085080e-05 -6.5898851807e-06 -1.8475280322e-05 -2.0869338105e-05 -3.2963934397e-05  3.8916445285e-05 -2.8563745843e-05  2.8849699120e-05  7.6393600223e-06  2.9811418953e-06 -6.7539955514e-08  1.5313356873e-06 -5.4092908594e-07  4.9795488675e-06  9.1833316637e-06  6.0807601252e-06 -1.3240456304e-06 -2.1910760240e-06 -1.7191213174e-05  1.4002561814e-06 -1.0792348753e-05

JOB 15
COORDS -3.5654543623e+00 -1.9728473061e+00 -3.7822754092e-01 -4.1263122950e+00 -1.0713269647e+00 -1.2394574356e+00 -1.7539155097e+00 -7.4478131552e-01 -7.3895801897e-01  4.4450964839e-01  4.7586802653e-01  1.1336022497e+00 -6.2884934007e-02  1.1394457397e+00 -1.6490984685e-01 -3.0550796879e-01 -3.2385635046e-01 -6.7056386555e-01  4.5095853270e-01 -7.3109508377e-01 -1.9371035111e+00 -2.2265422424e+00 -1.7818865412e+00 -1.0351604896e-01  3.3623760527e-01 -7.8929162068e-01  5.7873903518e-01  7.8610123901e-01  8.6364335460e-01  2.2297164630e+00 -2.9332307833e+00  8.4983307317e-02 -1.7392274400e+00 -4.0918921199e+00 -2.7978733076e+00  8.8943186434e-02 -5.1477890718e+00 -1.0165118264e+00 -1.5923967931e+00 -9.5863522465e-01  1.7462309442e+00 -2.2694655246e-02  6.8975156957e-01  1.7017956604e+00 -7.2157941766e-01  1.5038509180e+00 -4.5026458056e-01 -1.8443783390e+00  2.8742783224e-02 -2.3780711662e-01 -2.8183065620e+00  3.8841645247e-01 -1.8131483921e+00 -2.0875851195e+00  1.4059633332e-01 -1.6624734225e+00  1.0618123781e+00
ENERGY -8.545216448554e+02
GRADIENT -2.0856736177e-06  5.3509317320e-05  5.0882342731e-05 -1.3912734182e-06 -3.8474340942e-05 -5.2434795645e-05  9.5303402317e-05 -1.7229102557e-04 -3.6013488786e-04 -4.1322490245e-05 -2.9164252059e-05 -2.0143252863e-05  1.0983556758e-04  5.8805303104e-05 -2.1962449117e-04 -1.3087904203e-04  2.7400167755e-06  3.8964868917e-04  2.3172932089e-05 -4.2555941192e-06 -1.8487356333e-05  1.3873470500e-05 -2.8760719194e-05 -1.5116184673e-05  3.5700394870e-05  9.4111907214e-06  7.1381500478e-06  3.9703316170e-05  1.9665951834e-05  2.2750662137e-05 -4.4810085230e-05  1.4183111663e-04  1.8708727536e-04 -4.6691081562e-06  9.7577927555e-06  7.3654765562e-06  7.7566993710e-07  2.8277721240e-07 -4.6452233018e-07 -1.8571076273e-05 -3.1895749827e-05  2.5366343587e-05 -3.0841438329e-05  2.7681619402e-05 -8.6289202241e-06  1.6249552939e-06 -3.9490842178e-06  3.6718837227e-06  4.2166695879e-06  1.9772268513e-06  2.1435883335e-06 -1.3873021516e-06 -1.4276340867e-07  5.9807115481e-06 -2.4057511590e-05  9.9992017037e-06  5.8911723382e-06

JOB 16
COORDS -3.5985300786e+00 -1.8425908056e+00 -2.0933403904e-01 -4.0963599984e+00 -1.1479309447e+00 -1.2757761708e+00 -1.7377000500e+00 -7.6080542480e-01 -7.4746814294e-01  4.6397142376e-01  4.2526040109e-01  1.1297351512e+00 -7.6090000990e-02  1.1246915282e+00 -1.3407089298e-01 -2.9259709776e-01 -3.2686290133e-01 -6.9251575209e-01  4.5781371910e-01 -6.6191275825e-01 -1.9825124858e+00 -2.2674702204e+00 -1.6190167510e+00  8.0415409119e-02  3.7762975083e-01 -8.2271490568e-01  5.2983131678e-01  8.1280986055e-01  7.7894125723e-01  2.2347601072e+00 -2.8486476873e+00 -1.6110722326e-01 -1.9688442196e+00 -4.1662907389e+00 -2.5343121518e+00  4.0319125423e-01 -5.0983982624e+00 -1.1593591941e+00 -1.6842954595e+00 -9.8632881393e-01  1.7004875772e+00  4.1017160158e-02  6.5301893862e-01  1.7268995845e+00 -6.8072969440e-01  1.5060294498e+00 -3.6710534107e-01 -1.8838541283e+00  2.3805032637e-02 -1.3387808205e-01 -2.8376285817e+00  4.1380963524e-01 -1.7361686753e+00 -2.1865504580e+00  1.7741049458e-01 -1.7030565252e+00  9.9796259564e-01
ENERGY -8.545216171028e+02
GRADIENT  7.6922272307e-05  6.0547587560e-05 -6.7121224614e-05 -6.6589722310e-05  1.8480566835e-06 -6.1061111397e-06 -9.3193765724e-05  2.1539699198e-04  2.5092600264e-04 -5.7417961316e-06  5.6808724945e-06 -1.2920902450e-05  6.8908450540e-05 -2.5128267937e-05  1.3462581663e-04 -4.0839260764e-05 -6.6153349575e-05 -2.4221232811e-04  3.0707875394e-05  1.3485574852e-05 -4.0050075279e-06  3.7645470031e-05 -3.2062474313e-05  4.6580163365e-05 -2.6513139280e-05 -2.5305301985e-05 -4.2314311036e-05  2.2881877932e-06 -6.4675125423e-06  1.0424115830e-05  3.0047545988e-05 -1.5496076041e-04 -9.1032856542e-05  3.4563609816e-06  1.9875619833e-05  5.4007889183e-06  5.2376679852e-06 -1.4359224913e-05 -3.2069100292e-05 -5.3087494609e-06 -2.0009334171e-05  2.4739885003e-05 -1.3242398830e-05  5.5402401751e-07 -8.4840798410e-06 -8.5383053475e-07  2.9944750985e-06  2.8802141628e-06  1.7197789588e-06  2.3914432004e-06  2.0895987842e-06 -4.2842941226e-07 -9.0915627340e-08 -2.4659754708e-06 -1.9986580174e-06  5.2503310944e-06  9.5167272358e-06

JOB 17
COORDS -3.6423371234e+00 -1.6943667456e+00 -9.7705727834e-02 -4.0665251208e+00 -1.2472773329e+00 -1.3178349577e+00 -1.7254349760e+00 -7.9384668634e-01 -7.6009602599e-01  4.6123616606e-01  3.5399355741e-01  1.1422834143e+00 -1.0446541896e-01  1.0914119729e+00 -8.6687505971e-02 -2.8533506421e-01 -3.4233898962e-01 -7.0851902767e-01  4.6372964808e-01 -5.9702516976e-01 -2.0153280375e+00 -2.3218429137e+00 -1.4358894780e+00  2.0713847308e-01  4.1042287598e-01 -8.6876786233e-01  4.8792093759e-01  8.0618568107e-01  6.6830207839e-01  2.2600607687e+00 -2.7565978350e+00 -4.6801858004e-01 -2.1455448339e+00 -4.2587987051e+00 -2.2241620149e+00  6.2024086326e-01 -5.0462164835e+00 -1.3355783683e+00 -1.7690094316e+00 -1.0301845324e+00  1.6324260909e+00  1.1500401066e-01  6.0492799433e-01  1.7361644471e+00 -6.1069935744e-01  1.5041005044e+00 -2.7974155219e-01 -1.9072207325e+00  1.5950754765e-02 -3.7931571405e-02 -2.8435467650e+00  4.4776202315e-01 -1.6604834418e+00 -2.2727105967e+00  2.3640743816e-01 -1.7691556644e+00  9.2724240768e-01
ENERGY -8.545213691116e+02
GRADIENT -1.6447805661e-05  2.6338775355e-05 -4.0504204468e-05 -7.5758464255e-05  7.0957895258e-06  1.9211908072e-06 -1.0694087967e-04  6.1649334374e-04  5.9417433289e-04 -2.5224111609e-05 -5.4260033131e-05 -1.0035341380e-04  6.0322955161e-05 -1.9760832512e-04  4.7387297487e-04  7.8229629924e-05  1.4347036788e-04 -8.2559640272e-04 -2.1267024095e-05  1.5396449800e-05  2.3184881793e-05 -5.2932541987e-05 -4.8758120268e-05 -6.9419358943e-05  1.6178115808e-05  1.6292024089e-06  9.5389593864e-05  1.1951994399e-05  2.5768781206e-05  2.1197333046e-05  1.5106579936e-04 -5.1883792453e-04 -1.6866206280e-04  4.7481338026e-07 -1.7072176744e-06 -9.6174927372e-06 -1.3543463704e-05  3.2224826891e-05  1.4384343223e-05  3.2466520343e-06  1.5066736280e-05 -3.8116359998e-05  1.7912190771e-05  1.5686389955e-05  2.0153078647e-06 -1.6183153107e-06  5.3423715349e-06  1.6206085317e-06  7.1135445916e-06 -3.5812902990e-06 -1.2269044210e-05 -8.1209668984e-06  4.6286067929e-06  1.0793575217e-05  3.3236648807e-05 -5.0998200454e-06 -2.6717190446e-05

JOB 18
COORDS -3.7070518721e+00 -1.5449976948e+00 -4.3658510111e-02 -4.0468434195e+00 -1.3695714817e+00 -1.3570729083e+00 -1.7380511484e+00 -8.1487719634e-01 -7.5945898684e-01  4.5933397054e-01  2.7556410195e-01  1.1684920324e+00 -1.3192502204e-01  1.0516819670e+00 -2.3662064887e-02 -2.9915762783e-01 -3.5884988883e-01 -7.0374461285e-01  4.4878899696e-01 -5.4878253688e-01 -2.0208033737e+00 -2.4052927137e+00 -1.2326050327e+00  2.8236041741e-01  4.1345447810e-01 -9.2101869877e-01  4.6778516536e-01  8.2074627728e-01  5.5103348650e-01  2.2910259313e+00 -2.6763382791e+00 -7.8980293796e-01 -2.2452059924e+00 -4.3762162391e+00 -1.9065906626e+00  7.2953594311e-01 -4.9970715457e+00 -1.5531275734e+00 -1.8413192620e+00 -1.0649110005e+00  1.5652101183e+00  2.1183642182e-01  5.6026404263e-01  1.7295586195e+00 -5.2849354145e-01  1.4836144064e+00 -2.1843853990e-01 -1.9015726200e+00 -7.9762478786e-03  3.8179014570e-02 -2.8246265229e+00  4.5361043444e-01 -1.6006305755e+00 -2.3227309309e+00  2.7526981603e-01 -1.8437720027e+00  8.7160582271e-01
ENERGY -8.545209367306e+02
GRADIENT -2.6789200413e-05 -3.4757567881e-07  5.0437381734e-05  4.2133352770e-05  3.9684347205e-05  2.4261485944e-05 -3.1375419680e-04  9.5537294826e-04  4.0248602219e-04  4.5454384888e-05  8.4825486648e-05  1.1296928432e-04  1.4415003712e-05 -2.9210337756e-04  5.6377577577e-04  3.4135020797e-05 -4.1196714726e-05 -8.3373938069e-04  1.5846200708e-05  2.3411960254e-05 -6.3062855065e-05 -7.6603997993e-06 -6.1805303835e-05 -3.1637057162e-06 -6.7058254555e-05  1.1815653031e-05 -9.2866584798e-05 -2.9923281366e-06 -2.9469732513e-05 -6.2022127449e-05  2.4439514520e-04 -6.2061018327e-04 -1.5090313744e-04 -8.4547111890e-06  1.2358287736e-05  2.5185268005e-06  1.6026428318e-05 -3.7920880657e-05 -4.6514030311e-06  3.5103967967e-06 -1.9021933280e-06  1.5086259399e-05  1.6738652149e-05 -1.6456486255e-05  8.0889558682e-06  2.9410866353e-06 -3.1184994062e-06  4.7835807600e-07 -6.0167604000e-06  6.1249343850e-07  7.4697827176e-06  1.1263609076e-05 -1.0954784566e-06 -9.2069340064e-06  2.7727139643e-06  6.7257267603e-06 -4.8904004664e-06

JOB 19
COORDS -3.7446165016e+00 -1.3834066344e+00 -1.3995001241e-02 -4.0163929715e+00 -1.4887696117e+00 -1.3516518974e+00 -1.7400244176e+00 -8.0407504802e-01 -7.6624602583e-01  5.1402193165e-01  2.2144789542e-01  1.1494137568e+00 -1.1552138701e-01  1.0331409438e+00  9.6795998486e-04 -2.9836729669e-01 -3.5257879212e-01 -7.2321686063e-01  4.2910429520e-01 -4.9597249265e-01 -2.0571486418e+00 -2.4623070798e+00 -9.9949090644e-01  3.0451260802e-01  4.4076916606e-01 -9.5246178756e-01  4.1475070245e-01  9.1788287525e-01  4.6223742186e-01  2.2652291452e+00 -2.6015926205e+00 -1.0967964706e+00 -2.2695379530e+00 -4.4549127279e+00 -1.5785738008e+00  7.8216438967e-01 -4.9416328888e+00 -1.7753698323e+00 -1.8341816009e+00 -1.0438310283e+00  1.5300620233e+00  2.8381376500e-01  5.5866008597e-01  1.7312742272e+00 -5.0037501775e-01  1.4637562669e+00 -1.6420130001e-01 -1.9418915522e+00 -4.3112928624e-02  1.1455246922e-01 -2.8338046746e+00  4.3994045900e-01 -1.5374975475e+00 -2.3937499134e+00  3.4459396099e-01 -1.8952579932e+00  7.8259040362e-01
ENERGY -8.545204445744e+02
GRADIENT  1.5309251809e-04 -1.5512995529e-04  4.7458073186e-05  1.5584532681e-05  3.3119814981e-04 -3.4562694461e-05 -5.1106835210e-04  9.1144066463e-04 -1.2101389826e-04  1.8593980828e-04  2.8328290571e-04  3.6891506047e-04 -9.3726658387e-05 -2.0395238037e-04  2.8238676934e-04 -5.7945998981e-05 -1.0783275683e-04 -5.2893930468e-05  7.5919497813e-05  7.8233648964e-05 -1.9507053257e-04  1.2552137780e-04 -3.6802752392e-05  1.7835068437e-04 -1.2142330281e-04 -1.3236944589e-04 -2.6310792230e-04 -1.2523988876e-04 -1.4134620015e-04 -2.3837228820e-04  2.6941559496e-04 -7.5341065799e-04 -6.4632286786e-05 -7.8337133732e-06  2.1974311736e-05 -8.5681557366e-06  2.4606745132e-05 -5.1545577241e-05 -8.5232520855e-06  1.2797658001e-05  2.0473565165e-05  8.5533012764e-05  3.1049477610e-05 -5.9247668955e-05  1.2064690092e-05 -3.9493952207e-06 -2.0913972839e-05  4.5028101494e-05 -3.8251917798e-06 -1.2641240602e-05  2.3332690351e-05  2.1988440559e-05 -1.5225630648e-06 -1.1060852785e-05 -2.4530094946e-05 -3.5376679424e-06  1.9607051794e-05

JOB 20
COORDS -3.7865037028e+00 -1.2370394248e+00 -2.0256202338e-02 -3.9837527891e+00 -1.6159079314e+00 -1.3215296556e+00 -1.7488686746e+00 -7.7967068539e-01 -7.6922244537e-01  5.3637729448e-01  1.7593493214e-01  1.1475532711e+00 -1.0736566876e-01  1.0256488558e+00  3.5586354193e-02 -3.0499797446e-01 -3.3130862315e-01 -7.3334964237e-01  4.0356420760e-01 -4.3359189608e-01 -2.0802986221e+00 -2.5281135841e+00 -7.7128774382e-01  2.7924614726e-01  4.5276457146e-01 -9.7247449968e-01  3.7456503282e-01  9.5517510029e-01  3.7738821858e-01  2.2658780167e+00 -2.5261389760e+00 -1.3847534481e+00 -2.2252388742e+00 -4.5379038108e+00 -1.2807829420e+00  7.6074933733e-01 -4.8805217084e+00 -2.0063114859e+00 -1.7845478305e+00 -1.0298531671e+00  1.5144623192e+00  3.4796673939e-01  5.6340077104e-01  1.7362885497e+00 -4.5255299592e-01  1.4394530405e+00 -1.0413038641e-01 -1.9699276831e+00 -8.2826778748e-02  1.9745168701e-01 -2.8310537480e+00  4.1573885054e-01 -1.4647683073e+00 -2.4484964385e+00  3.7909972516e-01 -1.9310900707e+00  7.0522381603e-01
ENERGY -8.545201122691e+02
GRADIENT  8.1750036135e-05  6.6236412583e-05 -1.0500491119e-04 -1.4091663760e-04  1.3455587128e-04 -7.7311994723e-05 -2.0038932351e-04  5.8487597508e-04 -4.0638593691e-05 -3.9065504115e-05  1.4390329393e-04  6.2254221521e-05 -2.0760836525e-05 -1.0032551154e-04  2.9183731933e-04 -9.3232469291e-05  1.9295385482e-04 -2.2329653852e-04  2.0462396556e-05 -2.1441397105e-05 -2.6612271156e-05  1.7039850795e-04 -2.5048396865e-04  1.2418266209e-04  2.8861084369e-04 -2.0063299574e-04 -1.6321598423e-04 -4.3946133135e-05 -8.0994388829e-05 -1.2878829964e-04  1.5129524479e-04 -5.3139240251e-04  1.6007767185e-04  1.4341949954e-05 -1.2828390920e-05 -6.6347698233e-06 -9.7675521334e-06  8.5035074518e-06 -9.0995817743e-06  1.3864950583e-05  2.8652553997e-05  1.4056516521e-05  2.1868322749e-05 -1.5043477873e-05 -5.2143246734e-06 -5.5605572225e-06  7.0583042151e-06 -2.3210573691e-06 -8.3475753668e-06 -5.8938988973e-06 -1.1051580605e-05  9.1147288544e-06  3.3348707623e-07 -1.0526110011e-05 -1.4851857856e-04  4.4272560582e-06  8.4025658364e-05

JOB 21
COORDS -3.8501320935e+00 -1.1154738099e+00 -4.7721483491e-02 -3.9645325619e+00 -1.7457933042e+00 -1.2580076401e+00 -1.7733713741e+00 -7.7195348553e-01 -7.5198332982e-01  5.8061517932e-01  8.6911887602e-02  1.1621389344e+00 -9.6280961095e-02  9.8085130809e-01  1.0446924491e-01 -3.2450551834e-01 -3.3942227183e-01 -7.1250508517e-01  3.6559169377e-01 -3.9560706830e-01 -2.0727229453e+00 -2.6165079029e+00 -5.7315565690e-01  2.2559733103e-01  4.4292882736e-01 -1.0313383288e+00  3.5772712340e-01  1.0533373121e+00  2.4490479309e-01  2.2664536555e+00 -2.4585219190e+00 -1.6614404901e+00 -2.1060333040e+00 -4.6480631161e+00 -1.0174788339e+00  6.8040717160e-01 -4.8292273012e+00 -2.2342029685e+00 -1.6878556142e+00 -1.0070105804e+00  1.4568571799e+00  4.6594752414e-01  5.6174234620e-01  1.7077197493e+00 -3.7666101825e-01  1.4051977411e+00 -7.6794801252e-02 -1.9648485047e+00 -1.3110611534e-01  2.6332686795e-01 -2.7915935536e+00  3.6962488506e-01 -1.4123655494e+00 -2.4801368997e+00  4.2686785561e-01 -2.0111806710e+00  6.2759282516e-01
ENERGY -8.545200631650e+02
GRADIENT -1.2446032231e-04 -1.9142798365e-04 -5.7022060636e-05 -1.7135200961e-04  6.9489921448e-05  3.9628474101e-05  3.0971763836e-04  1.7435484804e-04 -3.1573965467e-05  1.2746510188e-04  4.3083412132e-05  2.4607707754e-04 -8.0583539473e-05 -7.5534101924e-05 -1.5180987443e-04 -8.8579845971e-05 -3.3349785464e-04  2.1887394925e-04  1.1535117777e-04  4.4920303401e-05 -1.8232967016e-04 -9.4127199104e-05 -9.7985117809e-05 -9.0174716757e-05 -7.4191359335e-05  2.7734773005e-04 -1.2694585486e-04 -7.8545134461e-06 -8.4893874463e-06 -9.3766052300e-05  5.9208834335e-05  1.6420103808e-04  1.3729381014e-04 -2.1862409496e-05  4.0103632654e-05 -2.9096237896e-05  1.3384590196e-05 -4.6213949237e-05  1.3746293745e-05  3.9277319711e-05  8.9336736076e-06  2.6227401742e-05  1.9237712757e-05 -9.2824104573e-06 -1.3495919049e-05  2.8748558951e-08 -6.7887829156e-06  1.8400284694e-05 -8.9403059736e-07  3.5744287201e-06  1.4251038311e-05  8.4419741502e-06 -1.2936316858e-05  9.6685594024e-06 -2.2031169812e-05  6.5107029803e-05  2.5208947921e-05

JOB 22
COORDS -3.9625214512e+00 -7.1412337194e-01 -4.7232393236e-01 -3.9278770320e+00 -1.9134855849e+00 -1.1308636106e+00 -1.7735480134e+00 -7.8167847818e-01 -8.3313926923e-01  4.1573304018e-01  6.0630794507e-01  9.8061496177e-01 -7.9892931500e-02  1.1056776376e+00 -3.9097126611e-01 -3.1186492976e-01 -4.0305990721e-01 -7.4265869661e-01  5.2285353594e-01 -9.4665359901e-01 -1.8994492020e+00 -2.7479618780e+00 -8.8019772569e-02 -3.1015633364e-01  2.6991930210e-01 -7.1300789328e-01  5.9194135574e-01  7.8811527079e-01  1.1176260627e+00  2.0145308800e+00 -2.2987036545e+00 -2.2862640844e+00 -1.5818142480e+00 -4.8599381255e+00 -2.4136765231e-01 -8.8266914104e-02 -4.7490443119e+00 -2.5725104761e+00 -1.3807537749e+00 -9.8878994736e-01  1.7025614960e+00 -3.2869658431e-01  6.7690705733e-01  1.6038034362e+00 -1.0004631686e+00  1.5631143128e+00 -6.3450437420e-01 -1.7769094198e+00  1.5014952866e-01 -5.7124441775e-01 -2.8573243274e+00  5.0543788165e-01 -2.0415788839e+00 -1.9296215886e+00  1.9978631010e-01 -1.5549353531e+00  1.1570680270e+00
ENERGY -8.545201550966e+02
GRADIENT  1.4502968398e-04 -1.3110681585e-04 -3.1341621915e-05 -1.9170226022e-04 -1.0362296422e-04 -1.1933829151e-05  9.9500804111e-05  2.0932143714e-05  1.7316202149e-04  4.1910431423e-05 -3.0082727848e-05  3.8778830577e-05  8.6220193342e-05 -2.0861094955e-06 -1.0986502978e-04  7.2605829328e-06 -7.9922811050e-05  1.1473262676e-04  3.4390474249e-05 -3.0379777976e-06 -6.4766376894e-06 -1.1844370211e-05  4.3128514894e-05 -9.7012628205e-05 -1.7954464939e-04  1.1285175067e-04  2.6197251723e-05  1.3252851579e-05  6.1133198162e-06  2.4584734315e-05 -8.8585056777e-05  2.1130009722e-04 -7.8183739982e-05  9.9226383265e-06 -1.6646390981e-05 -1.0318786755e-05 -8.9014475476e-06 -1.0751324241e-05 -9.1168531313e-06  9.5887452650e-07 -2.5823004231e-05  3.2633538906e-05 -1.2537427162e-05  1.2892252169e-05  1.2429109906e-05  2.6139583791e-06  1.2399563519e-05 -3.5106916327e-06 -1.7184896629e-06 -8.7559152084e-06  1.2286462174e-05  2.4109193386e-05 -5.9326858691e-06  9.1821397899e-06  8.9767243917e-05 -1.9066125120e-05 -3.4895774754e-05

JOB 23
COORDS -3.9864402039e+00 -6.4782324599e-01 -6.0914799569e-01 -3.9197650079e+00 -1.9597095028e+00 -9.8998291870e-01 -1.7809307205e+00 -7.7191562292e-01 -8.2742931711e-01  4.2503819967e-01  5.6077792112e-01  9.9783599534e-01 -8.9686711870e-02  1.1060888240e+00 -3.4874418507e-01 -3.2031071639e-01 -3.8783782917e-01 -7.5048907685e-01  4.8666708973e-01 -8.9167489219e-01 -1.9448959070e+00 -2.7788157071e+00  9.2691172497e-03 -5.1787609178e-01  2.8853298136e-01 -7.4542011683e-01  5.6148607636e-01  8.0068650544e-01  1.0360002088e+00  2.0478270196e+00 -2.2689911915e+00 -2.4081199530e+00 -1.2630083787e+00 -4.9015507209e+00 -1.1066517202e-01 -3.8498043741e-01 -4.7281212513e+00 -2.6646202841e+00 -1.1340218289e+00 -9.9929861411e-01  1.6985974364e+00 -2.6087849297e-01  6.6009927925e-01  1.6263533986e+00 -9.4828139509e-01  1.5296950655e+00 -5.8111135684e-01 -1.8411154389e+00  8.4345754868e-02 -4.8712995556e-01 -2.8787145349e+00  4.6628957357e-01 -1.9848154006e+00 -2.0112301808e+00  2.2653255083e-01 -1.6063592552e+00  1.0985358701e+00
ENERGY -8.545201623301e+02
GRADIENT  1.6198127740e-05 -3.7477552926e-05 -2.2518112431e-05 -3.1355271866e-05  3.4404522310e-05 -6.6343811090e-05  2.8464741893e-05  1.6663433018e-04 -1.1543557759e-04 -2.2662812634e-05 -3.2322217024e-05 -1.8127536516e-05  1.6830198629e-05 -3.7796387448e-05  1.4101544667e-04  7.3864760498e-05  5.1494732020e-07 -2.9703694026e-04 -1.7708638307e-05 -4.4808298765e-06  3.5369992660e-05 -5.6717257664e-05 -6.6430790396e-05  8.3144637195e-05 -3.3896525258e-07  2.8503152897e-05  6.0594074479e-05  5.6681568752e-06 -1.0063600708e-06 -1.8217082962e-06  4.0180403577e-05 -5.4850832081e-05  2.3171546966e-04  8.6030926890e-06 -5.4855204418e-06  1.1490853442e-05 -2.0022120324e-06  7.3500543553e-06 -3.6273112162e-05  9.6534402172e-06 -1.4198026952e-05  4.7189112112e-06  9.7608465052e-06 -4.8591797708e-06  6.3834489081e-07  7.2922600965e-06 -1.0382796198e-05 -4.0177751035e-06  9.4810614414e-06  9.2506856228e-06 -1.2224130668e-05 -1.7091668014e-05 -7.2794597804e-06 -3.8473986744e-06 -1.4022961910e-06 -7.2917536777e-06 -4.2521196215e-06

