JOB 0
COORDS  3.2908033818e-01 -6.5026007433e-01 -1.3635043721e+00  4.7283277309e-02  1.0385751206e+00  1.8407782738e+00  5.9576091299e-01  5.4499724913e-01  3.8872371327e+00 -1.4936312084e+00  1.4706240900e+00 -1.3313256691e-01 -1.1966523981e-01  9.8669512612e-01  3.4488292338e-01  4.5147602547e-01 -8.4199448011e-01 -2.5103371317e+00  6.6008277422e-01  1.2895545005e-01  2.5335989853e+00 -4.0135628536e-01  2.1189535308e+00  2.5800771251e+00 -2.2754173371e-01  1.7107070646e+00  3.9241031004e+00  1.1796253343e-01 -4.0829260518e-01 -6.0578860017e-02  1.1238924074e+00  4.3971867563e-02  4.8557223469e+00 -2.2942384537e+00  8.9228016484e-01  3.3667255701e-01 -1.6307225220e+00  2.5362499927e+00  7.7933473737e-02 -1.5682525527e+00  1.3419900885e+00 -1.2156862492e+00  6.5288416782e-01  1.6452050170e+00 -7.8815627672e-02 -1.3380203403e+00  2.4625616404e+00  2.3779334267e+00  9.9745795129e-02  2.4508336175e+00  4.5396698067e+00  6.8919675394e-01 -9.3572935370e-01  5.9904908128e-01
ENERGY -5.437815089040e+02
GRADIENT  7.5280142182e-05  7.4137594862e-05  1.5908807259e-05  1.4321014858e-04 -1.2698010300e-04 -1.4474794829e-04  6.9412020178e-05  1.2209322688e-04  1.5494702960e-05 -1.0277299158e-04  2.3871560622e-05 -3.6713539507e-05  1.1092435507e-04  9.4490658919e-05  2.9305663819e-05 -9.0404195176e-06 -1.9212685017e-05 -3.8547631899e-07 -6.6371017604e-05 -6.2795270231e-07  1.4144621997e-05  1.5126913637e-05  3.6235481994e-05  4.4993964615e-05 -5.0551775431e-06 -2.7206144045e-05  5.8549531866e-05 -9.0383885810e-05 -6.2192253408e-05  1.9627627636e-05 -2.3794929803e-05 -6.4627393099e-06 -1.1428611417e-05  1.0478618838e-05 -8.8216433718e-06  1.4069812644e-05  1.3205759462e-05 -1.7440009199e-06 -2.5367808454e-05 -3.2544907647e-05 -2.8214114344e-05 -9.7746150861e-07 -4.1704335068e-05 -3.6030793280e-05 -1.4675312927e-05 -1.7082922571e-05 -3.6895655924e-05 -9.1448596024e-06  1.1697466155e-05 -3.8212561013e-06 -3.5356484430e-06  2.9701093816e-07  2.3739853809e-05 -1.9574755467e-05

JOB 1
COORDS  5.1477487114e-01 -5.9686615736e-01 -1.3425334157e+00 -4.1087683577e-03  1.0147493442e+00  1.8244993234e+00  5.0122069022e-01  4.7443845486e-01  3.8710523389e+00 -1.6032395081e+00  1.4402986231e+00 -1.0117197477e-01 -2.0931465528e-01  9.6826718269e-01  3.3321780380e-01  8.7400044918e-01 -7.3056554163e-01 -2.4469626825e+00  5.0385776971e-01  4.4410909845e-02  2.5201040351e+00 -3.1543765240e-01  2.1449746615e+00  2.5593134843e+00 -1.7900675700e-01  1.7289870343e+00  3.9056731567e+00  3.6175735660e-02 -4.1901529227e-01 -9.9567690026e-02  9.7539337122e-01 -7.8997966191e-02  4.8386683428e+00 -2.3819779477e+00  8.4516194313e-01  3.8356014222e-01 -1.7540228532e+00  2.5013337301e+00  1.2599849894e-01 -1.7014003811e+00  1.3209091903e+00 -1.1828762009e+00  5.4263647941e-01  1.6366325401e+00 -1.0814717852e-01 -1.2049357962e+00  2.5991045255e+00  2.3626281991e+00  2.4005123456e-01  2.4297987259e+00  4.5116790899e+00  4.7326868794e-01 -9.9078826788e-01  6.2462089833e-01
ENERGY -5.437809880731e+02
GRADIENT  1.3179399844e-03  6.3425431006e-05  4.6342406042e-04  1.1598281175e-03  2.2121762878e-04 -3.0088451865e-04 -6.6378869059e-06 -2.6426398919e-06 -9.9037427546e-05  6.6867942708e-05 -3.8113465077e-05 -1.1308054442e-05 -1.0312429228e-03 -3.5034584864e-04  3.7193194959e-04  1.4220429660e-05  1.3291749707e-05  1.8230589907e-05  2.8101678912e-05  1.0759790913e-05  1.1306322347e-04  8.2484979600e-05 -1.5840547435e-04  1.5062473727e-06  4.7979100684e-06  1.0258239992e-04  1.5128495411e-04 -1.5478457684e-03  2.6549422142e-05 -7.1296126246e-04 -2.2200953765e-06  6.1779793369e-05 -1.5998766107e-05 -1.3144156305e-05 -1.8009049026e-06 -1.1849789943e-06 -1.3957010558e-05 -7.0436635393e-06  2.5651607359e-05 -1.2585707993e-05  1.2114032910e-05  1.3924335201e-06  1.1239334389e-05  3.5813337522e-05  4.5503649032e-06  1.8804832267e-06  1.3104620192e-05  1.8618439372e-05 -6.2721864048e-06  1.6397872696e-05  1.6459484809e-05  1.2300156612e-05  1.7026378059e-05  1.2235238289e-05

JOB 2
COORDS  1.5564532868e+00 -6.9987659357e-01 -1.0051616307e+00  1.2175066286e-02  9.5792465106e-01  1.7015954939e+00 -3.5664966611e-01  3.3791956791e-01  3.7540374397e+00 -8.7952145336e-01  1.5649760528e+00 -5.7177862193e-01  2.8267716160e-01  9.4387608653e-01  2.1962476953e-01  2.4292611297e+00 -8.8534027836e-01 -1.7611464171e+00 -1.4054611972e-01 -1.0761637165e-01  2.4251434342e+00 -1.4762419548e-01  2.1476185515e+00  2.3910056015e+00 -1.7666371999e-01  1.7541174754e+00  3.7513044363e+00  5.2174344959e-01 -4.5115072449e-01 -1.8822723230e-01 -6.4658806221e-01 -3.1783042675e-01  4.7305011243e+00 -1.8008205207e+00  1.0064965485e+00 -3.8768080119e-01 -1.0343330737e+00  2.6097235627e+00 -2.8575219856e-01 -6.5018220064e-01  1.5213657136e+00 -1.6392132887e+00  1.1918635791e+00  1.5299330946e+00  3.4874933926e-02  5.2208675317e-01  2.8901522777e+00  2.1964052207e+00 -8.4623050495e-01  2.2730526303e+00  4.3137095820e+00  3.7649885196e-01 -1.1247658617e+00  5.6412158949e-01
ENERGY -5.437801399237e+02
GRADIENT  4.9505467902e-04 -8.3341700306e-05  7.7584102512e-04  7.6126099948e-04  7.1855553496e-05  1.5842957630e-04  9.7432362624e-06 -1.7241568071e-05 -3.4697189104e-05 -3.2480152540e-05  3.7550453795e-05 -3.4391488477e-05 -7.1543692424e-04 -2.4433340989e-04  8.1452125507e-05 -1.2934960679e-05 -1.2788638796e-05 -2.5263240711e-05 -1.3875322184e-06  7.9045304855e-06  4.3159448945e-05 -5.1023338099e-06 -4.8790975360e-07 -2.1604579068e-05  8.1796177542e-06  2.9678808479e-06  8.6091574596e-06 -4.7310178310e-04  2.4046682767e-04 -9.6396757710e-04  4.7068769622e-06 -6.2720564927e-06  1.9281927497e-05  1.1009405498e-06  1.7169354073e-06  1.6508801841e-05  5.9146873002e-06 -4.6944739109e-06  6.6880144300e-06 -5.0328001417e-06 -2.2456708106e-05  1.6710035523e-05  3.0453217316e-06  9.4486017941e-06  4.1381151840e-06  2.6676923075e-06  6.5671189756e-07  5.7357160436e-06  9.5939448852e-06  2.9862750407e-06  1.5227684293e-06 -2.1886389877e-05  1.1776271335e-05 -5.6758574539e-06

JOB 3
COORDS  1.6943937284e+00 -6.6324128356e-01 -8.5025402819e-01 -1.4992907352e-03  9.7528109574e-01  1.6579175895e+00 -4.4534761076e-01  3.5605048958e-01  3.6947570954e+00 -1.0051859728e+00  1.5205881092e+00 -5.7010079217e-01  2.2422353462e-01  9.6304698917e-01  1.6705275440e-01  2.7013667213e+00 -8.4582824576e-01 -1.4162337010e+00 -3.0810863033e-01 -7.6778708980e-02  2.3513488919e+00  2.7836350649e-02  2.1543149954e+00  2.3827023487e+00 -5.4440465027e-02  1.7289565219e+00  3.7310844138e+00  5.1505317062e-01 -4.1801695752e-01 -2.5783012653e-01 -8.2468475647e-01 -2.7742107929e-01  4.6553589323e+00 -1.8834316598e+00  9.0667028667e-01 -3.5367315661e-01 -1.2093899901e+00  2.5504465681e+00 -2.6233678307e-01 -8.1852077048e-01  1.4991763113e+00 -1.6463551303e+00  1.0940981019e+00  1.5859478506e+00 -6.6118443607e-02  8.0650372703e-01  2.7862775631e+00  2.2030146679e+00 -6.3422435490e-01  2.3257980249e+00  4.3154156539e+00  2.1201467509e-01 -1.1184413869e+00  4.1855273865e-01
ENERGY -5.437798394070e+02
GRADIENT -9.7104138967e-06 -3.6238645630e-06  4.8195039630e-05  3.8327358658e-05  4.2767906947e-05  4.4145886553e-05  1.5762206976e-05 -1.5112611258e-05  2.9795758312e-06 -4.2274558696e-06  2.1486374571e-05  6.8441092920e-06 -1.3756813992e-05 -1.2089374090e-04 -6.6182579555e-05 -2.5248293173e-06 -1.1619765475e-05 -4.6392224372e-06 -8.7944573793e-06  2.1268794038e-05  8.6001475571e-06 -7.3357939702e-07  6.9653647360e-06 -1.3877522607e-05  3.0587157036e-06 -1.1238909578e-05 -3.2919462453e-05  1.9519957215e-05  8.0282854667e-05 -2.3800533535e-05 -1.3551252406e-05 -1.0863976899e-06  1.2775561294e-05 -3.2224629847e-06  1.1979485702e-05  3.6773808033e-06  1.1743069121e-05  9.2068624333e-06 -1.3074378765e-05 -1.4528132406e-06 -5.8091658602e-06 -3.9362891211e-06 -3.9700750881e-07  2.0797361743e-05  1.4234232763e-05 -1.3565105674e-06 -1.1572017751e-06 -7.0750334728e-06  2.7989042603e-06  8.3680145207e-06 -1.3279464181e-05 -1.0869727630e-05 -1.9660731211e-06 -7.9407135265e-06

JOB 4
COORDS  1.8041047307e+00 -5.8720859244e-01 -6.6090295094e-01 -4.9232511372e-03  1.0173418300e+00  1.6306356893e+00 -4.8702191879e-01  4.1675238325e-01  3.6627983289e+00 -1.1215228322e+00  1.4753443541e+00 -5.5274960222e-01  1.7166525693e-01  1.0056471241e+00  1.3204326135e-01  2.9046272795e+00 -7.5233644963e-01 -1.0196840838e+00 -4.5837665759e-01  7.4071233069e-03  2.3060757252e+00  2.3591419757e-01  2.1538889021e+00  2.3822995973e+00  1.1923885015e-01  1.7092739951e+00  3.7212575969e+00  5.2723142784e-01 -3.5601835266e-01 -3.1073047481e-01 -9.3545502305e-01 -1.7554178538e-01  4.6201836534e+00 -1.9437906997e+00  7.9809627398e-01 -3.0698891825e-01 -1.3882753116e+00  2.4837120883e+00 -2.2278466531e-01 -9.7676296597e-01  1.4778043022e+00 -1.6355710851e+00  9.9207703084e-01  1.6728451223e+00 -1.4650953704e-01  1.1030947829e+00  2.6545451933e+00  2.1934757497e+00 -3.4135128604e-01  2.3737184155e+00  4.3377618514e+00  1.0340560972e-01 -1.0833869984e+00  2.6378942685e-01
ENERGY -5.437801246878e+02
GRADIENT -2.5886776505e-04  1.6904521667e-04 -8.8626081961e-04 -7.9908830557e-04 -1.2408734952e-04 -1.0637026548e-04 -2.7069915851e-05  2.5309334279e-06 -9.3436596781e-06  1.2039680941e-05  2.8295907685e-06  4.6591205360e-05  9.1037992216e-04  3.0770938556e-04 -2.7329246887e-04  1.5544491794e-05  2.8376111235e-05  9.4661214734e-06  5.1656807950e-06 -1.3559883732e-05 -9.8498040416e-06 -3.9520027913e-06 -7.2331111213e-06  2.6787431422e-05 -1.1186488246e-05  9.4086856037e-06 -1.2750215496e-05  1.0722842863e-04 -3.5834069025e-04  1.2727159096e-03 -8.5150258042e-06  8.7091602296e-07  2.2918015955e-06  1.2690417903e-06 -9.7019149458e-06 -1.1010648555e-05 -2.3430983552e-06  1.9056037527e-06  4.0527325177e-06  4.2819151310e-06  1.2434827196e-05 -2.5545215520e-06  1.3331076758e-05 -1.9377167722e-05 -2.5599363437e-05  6.0910211856e-07 -7.0127654199e-06 -3.8110034778e-06 -7.8721437482e-06 -3.7269340799e-06  1.2140275590e-06 -1.6679361174e-05  5.2043625141e-06 -2.5361846378e-05

JOB 5
COORDS  1.9391837218e+00 -1.6019819243e-01 -4.2253003299e-01 -1.7342606694e-01  1.0802617849e+00  1.6174789415e+00 -7.4008440397e-01  5.8690443738e-01  3.6549975561e+00 -1.4342106851e+00  1.2181478589e+00 -5.5538327911e-01 -6.6989929333e-02  1.0902291830e+00  1.1134878404e-01  3.1018021276e+00 -9.2388800759e-02 -5.3505921511e-01 -1.1096372522e+00  4.8323286859e-01  2.2909077449e+00  8.1057535246e-01  1.6663932746e+00  2.3925494807e+00  5.6062617432e-01  1.1764562891e+00  3.6933582795e+00  6.0262002589e-01 -1.6354132104e-01 -3.1817732873e-01 -1.3728295663e+00  2.5682834155e-01  4.6358618714e+00 -2.0888260660e+00  3.9893922178e-01 -2.4912957821e-01 -1.9112378262e+00  2.1560415306e+00 -2.5840407719e-01 -1.3133010750e+00  1.2028524369e+00 -1.6409184293e+00  5.8476702797e-01  1.9096039975e+00 -2.0082892637e-01  1.7772427061e+00  1.5611920245e+00  2.0823790127e+00  7.0858676232e-01  1.8595177543e+00  4.4315840921e+00  1.8173148408e-01 -1.0220592154e+00  2.5990115597e-02
ENERGY -5.437810353745e+02
GRADIENT -2.3284687286e-04  9.0605879503e-04 -2.8362774880e-03 -2.2417999192e-03 -1.1175385373e-03 -1.3703458105e-04  1.2171633673e-04  7.7045555252e-05  3.6946313337e-06 -2.6359948627e-06  9.0288018556e-06  1.0844095326e-05  2.8099306917e-03  1.9150871297e-03 -9.8498955677e-04  1.2684612424e-05 -2.4261089198e-05 -3.4914134508e-05 -1.3983734668e-05  4.2415191612e-06 -4.2689758942e-05 -3.3448031417e-05  2.1017391731e-05 -4.6690793175e-05  1.3604508791e-05 -1.3511241361e-04  6.1247120074e-05 -4.2845025188e-04 -1.6718716812e-03  4.0477065825e-03 -2.2517340858e-05  1.2841307825e-05  1.6291444171e-05 -9.9568785634e-07 -3.1565157165e-06 -1.5627548102e-06 -4.3416765888e-06 -5.4694666614e-06  8.1469099351e-06 -1.9643689254e-06  6.9957275758e-06  1.5560246313e-06  1.7687630815e-05 -2.6117986799e-05 -2.5281743419e-05 -6.9054965153e-07 -1.0118732507e-05  7.7230643417e-06 -5.1231073768e-05  3.0774526934e-05 -3.0870635630e-05  4.9663309856e-05  1.0280360534e-05  1.5820086760e-06

JOB 6
COORDS  1.9874331228e+00 -5.1145623813e-02 -2.1203686348e-01 -1.5818252548e-01  1.0851632816e+00  1.6106324124e+00 -7.2613862677e-01  5.8913405588e-01  3.6478391566e+00 -1.4604599757e+00  1.1961747841e+00 -5.4468098650e-01 -8.1160421542e-02  1.1380875857e+00  1.0241782147e-01  3.1438052239e+00  4.7537086473e-02 -6.5409626890e-02 -1.1339637729e+00  5.6274885673e-01  2.2908163507e+00  8.9627820820e-01  1.5476676045e+00  2.3774994592e+00  6.2539630668e-01  1.0455046723e+00  3.6686011251e+00  6.5497443284e-01 -6.2582170678e-02 -3.8455367204e-01 -1.3673781806e+00  2.9269836107e-01  4.6346865904e+00 -2.0635737925e+00  3.3432871566e-01 -2.4920700739e-01 -1.9889880777e+00  2.0951711152e+00 -2.1867999808e-01 -1.3536381686e+00  1.2142116181e+00 -1.6316680925e+00  5.1644018058e-01  2.0022038764e+00 -1.9867256714e-01  1.8438178665e+00  1.3621578866e+00  2.0430952988e+00  8.6628662017e-01  1.6803118839e+00  4.4249343904e+00  2.0397217425e-01 -9.4714549020e-01 -1.6259359679e-01
ENERGY -5.437827064804e+02
GRADIENT  3.3859885811e-04  9.9101182061e-04 -1.7414768393e-03 -1.4787458002e-03 -8.5440095762e-04 -1.1748971227e-04 -8.2179792005e-05 -1.3040896094e-05 -2.2396453505e-05 -6.5062992143e-05 -3.6178923779e-05  5.2339810920e-06  2.3052510846e-03  1.6190349645e-03 -4.7499811362e-04 -3.0002731811e-05 -5.1693527464e-05 -2.2627826406e-05 -2.0257762154e-05  5.9353030597e-05  5.1380036212e-05 -2.6486818396e-05 -1.1044171976e-04 -4.5885904608e-05  4.4999403314e-05  1.1586119613e-05 -5.1850861311e-06 -9.4275502406e-04 -1.6435546181e-03  2.3214847382e-03 -8.8563853462e-06  2.1947714528e-06  1.9507123436e-05  3.1362494695e-08  3.9297092479e-06  4.7315423898e-06 -9.8982562718e-06 -3.1981636978e-06 -8.0126549458e-06 -3.2900205505e-06 -5.7164015034e-06 -8.0542790949e-06 -7.7392746526e-05 -7.6760638230e-06 -4.3364565125e-05  1.1893914748e-05  3.8198251021e-05 -5.7346435097e-06 -6.1419827806e-06  1.5536283223e-05 -6.9253904260e-06  2.2272506288e-05 -5.4669933378e-06  4.3021101848e-05

JOB 7
COORDS  1.9848114794e+00 -7.6889799107e-02 -1.2246274989e-01 -1.1023490349e-01  1.0638205625e+00  1.5732871427e+00 -6.5087883041e-01  5.4748029579e-01  3.6141165215e+00 -1.4720855499e+00  1.1707646729e+00 -5.4662887645e-01 -7.5838784792e-02  1.1553830269e+00  6.3906182116e-02  3.1053282244e+00 -5.2759322616e-02  2.1139651169e-01 -1.0710048864e+00  5.2298771406e-01  2.2606998716e+00  9.4568533740e-01  1.5371854389e+00  2.3328409528e+00  6.9087147215e-01  1.0250283111e+00  3.6228690508e+00  6.9889294878e-01  1.4084014104e-02 -5.0954038984e-01 -1.2791710371e+00  2.3568755106e-01  4.6050534881e+00 -2.0320769817e+00  2.7782988440e-01 -2.5773662624e-01 -2.0283054578e+00  2.0376420134e+00 -1.8357397785e-01 -1.3953406289e+00  1.2229182731e+00 -1.6352652790e+00  4.6998240351e-01  2.0595547355e+00 -2.2094088035e-01  1.8913468195e+00  1.3515133483e+00  1.9921503812e+00  9.3865314129e-01  1.6524709453e+00  4.3827869611e+00  1.9858978798e-01 -8.7133073534e-01 -4.5580059750e-01
ENERGY -5.437829272253e+02
GRADIENT -2.9348349028e-04 -7.9070777428e-04  1.1330535389e-03  1.0216735427e-03  6.4626413379e-04  1.8821982031e-08 -7.4844805756e-05  1.1318009926e-05  3.7287364056e-05 -4.3287883753e-05 -3.4888382015e-05  2.3457402498e-05 -1.3701460568e-03 -1.0950560443e-03  4.2792974289e-04 -2.4675191444e-05 -1.4430693650e-05 -2.5121985846e-05  9.7447405223e-06  6.0259384337e-05  6.3087843489e-05 -3.2900123051e-05 -8.9201670982e-05 -4.7619566567e-05  3.3355756312e-06  9.7908478993e-06 -3.1829287923e-05  8.4106359530e-04  1.2986038849e-03 -1.5876786030e-03 -1.6096062737e-05 -9.7440249558e-06  3.2752951072e-05 -6.7320764622e-06  6.1118211814e-06  1.3438889193e-05 -3.9646239657e-06  3.3420070215e-06 -1.6334002101e-05  3.9047726088e-06 -1.4588655469e-05 -3.4084015698e-06 -5.6575850794e-05 -4.4045693446e-06 -4.2083195958e-05  5.0840262440e-06  2.6636029168e-05 -6.0668573768e-07 -5.1116470082e-06  3.9547190349e-06 -4.7247417568e-06  5.3052599124e-06 -5.8093063644e-06 -3.8390403003e-07

JOB 8
COORDS  1.9346212582e+00 -1.5958283895e-01 -2.5039131610e-02 -9.1577413665e-02  1.0679587795e+00  1.5613085969e+00 -6.1135141993e-01  5.4873156655e-01  3.6073339963e+00 -1.4882197703e+00  1.1420407655e+00 -5.3757724037e-01 -8.3613029935e-02  1.1763305249e+00  5.1984422276e-02  2.9946643859e+00 -2.7145950350e-01  4.5515633509e-01 -1.0285684047e+00  4.9368891398e-01  2.2530995987e+00  9.4335500064e-01  1.5945092042e+00  2.3174415793e+00  7.0608207762e-01  1.0841950782e+00  3.6116373854e+00  7.3324424619e-01  9.2766580220e-02 -5.8063510283e-01 -1.2284765525e+00  2.2046389079e-01  4.5999813159e+00 -2.0085541274e+00  2.2563745323e-01 -2.4750804759e-01 -2.0716353384e+00  1.9839267272e+00 -1.5969216692e-01 -1.4313734761e+00  1.2088683645e+00 -1.6271010780e+00  4.0956313799e-01  2.1161268949e+00 -2.1638420600e-01  1.8934768151e+00  1.4225344475e+00  1.9827068420e+00  9.3169615181e-01  1.7245851336e+00  4.3674076911e+00  1.9151426286e-01 -7.5754221249e-01 -7.2625114568e-01
ENERGY -5.437811459872e+02
GRADIENT -1.6839903403e-03 -2.9382474936e-03  2.4836408431e-03  2.9219991945e-03  2.0393769861e-03  1.7358803111e-04  1.4562534409e-05  5.3399981572e-05  2.8958606254e-05  4.5897818683e-05 -2.1133211756e-05  2.6042314897e-05 -4.6976886911e-03 -4.0229148190e-03  8.1537242358e-04 -4.1768524872e-05  3.5997614714e-05  6.3881771342e-05 -2.9437797676e-05  4.1034698975e-05 -2.2472495216e-06 -2.2261634398e-05  3.6551549593e-05 -1.3303555835e-05 -6.1318192322e-06 -1.9981892660e-05  2.0604703871e-05  3.5271671542e-03  4.8266852256e-03 -3.6027792455e-03 -1.1593860470e-06  3.3760407926e-06 -2.6171505513e-06 -2.0607689874e-05  1.3037224193e-05  1.7253274785e-05  7.9123007869e-07  1.3264876233e-05 -2.4545021421e-05 -6.0511306139e-06 -3.1512045122e-05 -8.0786884926e-06 -4.2885793015e-05  3.3414476470e-05  3.0321425815e-05  2.5626111743e-06 -2.2351769586e-05  1.1652569162e-05 -4.9952441887e-06  8.9569894127e-06 -1.9046258280e-06  3.2309444637e-07 -1.5472021134e-05  2.1334330714e-05

JOB 9
COORDS  1.9249246665e+00 -2.1178684322e-01 -2.0147763387e-02 -1.6443074587e-02  1.0801568967e+00  1.5399765777e+00 -4.9529083859e-01  5.4662167965e-01  3.5926333905e+00 -1.4673677464e+00  1.1078580956e+00 -5.2082873540e-01 -5.2165173264e-02  1.2209689597e+00  3.3796709329e-02  2.9131570465e+00 -4.8664392766e-01  5.4099841730e-01 -9.3365479464e-01  4.9135606363e-01  2.2444177833e+00  1.0236710991e+00  1.6193894345e+00  2.2820188360e+00  8.1374684780e-01  1.0990800334e+00  3.5770190018e+00  8.2297954180e-01  2.2043551103e-01 -6.6183006905e-01 -1.0931257550e+00  2.0709861018e-01  4.5931604467e+00 -1.9178619898e+00  1.5197500939e-01 -2.4230110996e-01 -2.0941540476e+00  1.9006114811e+00 -1.0835303895e-01 -1.4455891495e+00  1.2084585433e+00 -1.6097543967e+00  3.6094915515e-01  2.2047726468e+00 -2.1300211408e-01  1.9693799267e+00  1.4528923530e+00  1.9336338933e+00  1.0459565365e+00  1.7370080929e+00  4.3327614833e+00  2.8471872646e-01 -5.4924528629e-01 -1.0537826674e+00
ENERGY -5.437782717218e+02
GRADIENT -2.6762194623e-03 -3.8287826670e-03  2.0651429443e-03  3.2757168602e-03  2.7064951066e-03  1.8244620126e-04 -1.4466470469e-04  1.1387471581e-04  7.0726702350e-05 -9.7023514338e-05 -9.9200417828e-05  4.1501569742e-06 -5.4992208407e-03 -5.1589838812e-03  7.5677284359e-04  7.4930602033e-06  4.0555485050e-05  7.0693427563e-06  1.6276559482e-05  8.8614413960e-06  7.5866133735e-05  6.8075276236e-05 -2.4669855943e-05 -3.8216172517e-05 -2.0587013575e-05 -4.4911204411e-05 -1.0718023552e-04  5.0799561761e-03  6.3319368093e-03 -2.9238457079e-03 -1.9264147740e-05 -5.0332194937e-05  1.9305334247e-05  8.2593184092e-07  2.3030115921e-05  2.3913030555e-05 -6.6897002667e-07  1.8807002809e-05 -2.3737020916e-05  8.3159651170e-06 -1.5622659997e-05 -5.7436037910e-06 -9.0237805383e-05 -3.6993636675e-05 -3.1174538599e-05  4.0483402319e-06  1.1184808003e-05 -2.2990013503e-06 -2.8046132505e-05  1.3344792809e-05 -9.5853521137e-06  1.2761297448e-05  2.3816025100e-05 -4.5409889504e-06

JOB 10
COORDS  1.9095566150e+00 -2.4391406791e-01 -2.3765365529e-02  4.0188564228e-02  1.1105350539e+00  1.5433842976e+00 -4.1606314079e-01  6.0880092966e-01  3.6092301222e+00 -1.4513856379e+00  1.0416847340e+00 -4.8252304644e-01 -3.7094513935e-02  1.2690849658e+00  4.0695626921e-02  2.8164985229e+00 -6.8451697714e-01  5.6957032398e-01 -8.8294807023e-01  5.6065326818e-01  2.2693978217e+00  1.1134084162e+00  1.6189794123e+00  2.2621914205e+00  9.1046118370e-01  1.1124553737e+00  3.5641093849e+00  9.1182756634e-01  3.6291385706e-01 -6.8444918957e-01 -1.0076890065e+00  2.9847136993e-01  4.6227414886e+00 -1.8050176404e+00  4.1014413729e-02 -2.2424254795e-01 -2.1365987633e+00  1.7636764599e+00 -3.4820523947e-02 -1.4691141999e+00  1.1755662822e+00 -1.5688727905e+00  2.7632412712e-01  2.2935598900e+00 -1.9013872016e-01  2.0458355890e+00  1.4143465341e+00  1.8994208646e+00  1.1825245046e+00  1.7441076373e+00  4.3117223636e+00  4.5232606894e-01 -2.3989837650e-01 -1.3605522365e+00
ENERGY -5.437756850423e+02
GRADIENT -2.0683323205e-03 -2.7104074570e-03  5.9241668359e-04  2.0267620731e-03  2.0245808643e-03  1.2529461138e-04 -3.9382624678e-05  6.7766617543e-05  5.2743706852e-05 -3.2537142896e-05 -3.1910690194e-05 -3.5913747989e-05 -3.7045599762e-03 -3.8848747804e-03  2.3592747097e-04  1.5844852527e-05  2.2145554487e-05  2.1911076033e-06 -2.9311236661e-07  1.8687284336e-05  3.6151523566e-06  4.5964089351e-05  5.2546763698e-06 -4.6431689504e-07 -5.6953140653e-05 -1.4763500519e-05 -9.7881307089e-05  3.7742679183e-03  4.5796053060e-03 -8.9841039304e-04 -3.8836246252e-05 -2.7662691814e-05  3.6921532857e-05  4.2251859507e-06 -1.5197867581e-08  1.0831072578e-05  1.5439398304e-06  4.9508889085e-06 -3.4413473496e-06  1.8524016053e-05  4.9426264819e-06  8.7153689733e-06 -2.0341180776e-05 -8.8077190825e-06 -8.9957754477e-06 -9.2309454708e-06  1.2414384405e-05  5.3112420421e-06 -2.2224113494e-05  6.7242168716e-06 -5.6793849278e-06  1.6301230009e-05 -7.2080859746e-06  5.0208631649e-06

JOB 11
COORDS  1.9311966099e+00 -2.8023411543e-01 -1.4678072967e-01  1.0526619076e-01  1.0833652122e+00  1.5637153891e+00 -3.5643321155e-01  8.4994996308e-01  3.6758822038e+00 -1.4531009758e+00  8.4152098840e-01 -3.9981237971e-01 -4.9972242609e-02  1.2269927402e+00  6.5456607224e-02  2.7620165387e+00 -9.1663336664e-01  3.8017728829e-01 -8.8439790409e-01  8.1964110699e-01  2.3591398961e+00  1.3035444164e+00  1.3663088250e+00  2.2082313953e+00  1.0472721076e+00  1.0127173310e+00  3.5519507654e+00  9.7162208550e-01  4.6074403145e-01 -6.9421301323e-01 -9.5726251305e-01  7.6450975905e-01  4.7275149626e+00 -1.6584103168e+00 -2.0502489252e-01 -1.6695267645e-01 -2.2012545193e+00  1.4589497945e+00  1.0062277900e-01 -1.5345743790e+00  9.9033153521e-01 -1.4810681707e+00  1.2678698854e-01  2.2888765254e+00 -1.5060283226e-01  2.1471363548e+00  9.2334241023e-01  1.8400090515e+00  1.4999186196e+00  1.6079744040e+00  4.2394724996e+00  1.1030953385e+00  7.3029134857e-01 -1.6616518646e+00
ENERGY -5.437751443876e+02
GRADIENT  7.5527035658e-05  4.5162979635e-05 -3.7537157411e-05 -4.3698638196e-05 -6.0571775464e-05  1.4890552328e-05 -5.5532466219e-05  5.3908573422e-06 -6.1679365332e-05 -9.7694847533e-06 -7.7970341307e-06  1.3978304577e-05  1.5059303182e-04  1.5622061353e-04 -6.6880565776e-06 -1.7692627896e-05  3.3978815311e-05  2.1055426729e-05  1.0666081940e-05 -1.5994773795e-05  2.3369078906e-05 -5.4050424492e-05 -2.7296004962e-05 -1.9705067941e-05  5.8418852167e-05 -1.3037691009e-05  3.4178846555e-05 -1.3304599931e-04 -1.2110960040e-04 -1.8812079924e-05  9.3939755635e-06 -9.7986541083e-06  8.9828543712e-06 -2.2449797191e-06 -8.1312854342e-06 -1.3815579037e-07 -2.8634103332e-06 -8.6943589872e-06 -8.4762453704e-07 -8.5902818541e-06 -3.3123238092e-06 -1.7118296478e-06 -1.1801078058e-05 -5.7507486379e-06 -1.5445297878e-05 -2.5840632467e-06  1.7105295928e-05 -4.0795301347e-06 -5.6128661515e-06  6.0408126577e-06 -1.2276040018e-06 -7.6165599140e-06 -3.9545973543e-06  7.3841716136e-06

JOB 12
COORDS  1.8974011388e+00 -2.8839748030e-01 -1.6578500506e-01  1.0894491285e-01  1.1191864205e+00  1.5782128122e+00 -3.6303243504e-01  9.4000804608e-01  3.6930638189e+00 -1.4156488652e+00  7.7909049573e-01 -3.9629746436e-01 -4.5106322508e-02  1.2626065640e+00  7.9773146994e-02  2.6461934731e+00 -1.0409631059e+00  3.3048888564e-01 -8.9492792312e-01  9.3298572441e-01  2.3778905104e+00  1.3258444590e+00  1.3221198361e+00  2.2171337399e+00  1.0489211924e+00  1.0007626511e+00  3.5651982195e+00  1.0450203800e+00  5.9743739335e-01 -6.7135336059e-01 -9.6546199954e-01  9.0797920069e-01  4.7467278608e+00 -1.5391349587e+00 -2.8504827673e-01 -1.8349078593e-01 -2.2094343734e+00  1.3260091548e+00  1.1541218605e-01 -1.5068977922e+00  9.3991129136e-01 -1.4748307191e+00  5.3996702487e-02  2.3357018530e+00 -1.2707617848e-01  2.1357605099e+00  8.1883027024e-01  1.8517585484e+00  1.5425441868e+00  1.5719872670e+00  4.2449140214e+00  1.2016321283e+00  9.0195217100e-01 -1.6237496360e+00
ENERGY -5.437756025719e+02
GRADIENT  1.0411496467e-03  1.2121476907e-03  4.2212949126e-04 -7.4191749159e-04 -1.0956790269e-03 -6.8238571773e-05  2.3853398130e-05  1.8080946510e-04  1.1183109777e-04  3.5511760548e-05  1.7845221472e-05  2.6282543272e-06  1.4260920872e-03  2.0845076373e-03  2.9358525572e-04 -1.4372346111e-05 -3.2681008958e-06 -1.2727140310e-05  4.1473997047e-05 -8.5442972253e-05 -6.9231944376e-05  9.4561411715e-05  4.8648146206e-05 -2.9972971633e-05 -2.6278893899e-05 -7.5290637310e-05 -1.0233891647e-05 -1.8211267182e-03 -2.1785710272e-03 -6.8872891725e-04 -7.2103725956e-06 -6.6437867560e-05  2.1507786973e-06 -4.9306397660e-06 -3.7248406888e-06  2.7753689998e-06 -5.6190975239e-06  5.9771355743e-06 -4.7593781161e-06  1.4682042178e-06 -7.8909476026e-06 -7.9628894403e-07 -4.8251195322e-06  1.7833042215e-05  2.2550101665e-05 -1.4274685100e-05 -3.8410228796e-05 -9.0079543398e-06 -2.7803931069e-05  2.8559233467e-06  4.6625385736e-06 -8.9457710745e-06 -3.8150625410e-05 -3.8053567874e-06

JOB 13
COORDS  1.8772398762e+00 -3.1125184645e-01 -1.1868993485e-01  1.2735950514e-01  1.1678732286e+00  1.5974529841e+00 -3.9123029825e-01  9.8331991350e-01  3.7003491257e+00 -1.3088725461e+00  7.3550731926e-01 -4.2155076978e-01  1.2630391344e-02  1.3079779830e+00  9.6193017170e-02  2.5191082510e+00 -1.1628432637e+00  3.6532915847e-01 -8.9564196282e-01  9.9030239344e-01  2.3745903457e+00  1.3313072114e+00  1.3543550976e+00  2.2625687502e+00  1.0247963623e+00  1.0273605952e+00  3.6025847862e+00  1.1805378419e+00  7.2005207525e-01 -6.0059121418e-01 -1.0151351196e+00  9.5361337196e-01  4.7413664405e+00 -1.3634555503e+00 -3.3767201361e-01 -2.2311443255e-01 -2.1516745292e+00  1.2181090755e+00  7.6093255428e-02 -1.3870935535e+00  9.0418707597e-01 -1.5003003944e+00  5.3141192614e-02  2.3835101744e+00 -1.1419055449e-01  2.1464978181e+00  8.5315800868e-01  1.9088145078e+00  1.5077771203e+00  1.5930161419e+00  4.2946235011e+00  1.2203365349e+00  8.6319538510e-01 -1.6027673552e+00
ENERGY -5.437769240799e+02
GRADIENT  1.6652850236e-03  1.9603420347e-03  1.5418146635e-03 -1.1926505404e-03 -2.0907006763e-03 -2.7748537321e-04  3.6287489543e-05 -3.5019438891e-06  1.7179279397e-04 -7.5779262372e-05 -7.5505908185e-06 -6.7758070519e-05  2.5019936490e-03  3.8114071433e-03  1.1174816550e-03  3.2709164143e-05 -9.9465599061e-06 -1.7741343556e-05  7.4970190139e-05  9.0484833926e-07 -1.2681505885e-05  9.7032947355e-06 -1.5933903553e-05 -1.0366675042e-05 -5.2974641004e-05 -1.8095652701e-05 -3.5071840952e-05 -3.0615741006e-03 -3.5679954360e-03 -2.4613348323e-03 -7.1920896671e-06 -8.0519208282e-07  4.9707853112e-06  1.9550579252e-05 -2.0557492563e-06 -8.1006185254e-06  3.0644963408e-06 -1.4945395757e-05  1.5424694657e-05  1.7715458049e-05  9.5657032942e-06  1.2804115416e-05 -8.5252311192e-06 -1.4695545674e-06 -3.1264007763e-05 -6.8656534587e-06 -1.6795554606e-06 -2.5124278738e-05 -1.4958468903e-05  1.4411793193e-06  6.3171400752e-06  1.5804698172e-05 -5.4645985274e-05  5.5660006677e-05

JOB 14
COORDS  1.7889238544e+00 -3.2175590407e-01 -1.7115581294e-01  8.9130155252e-02  1.2287625356e+00  1.5840184712e+00 -4.5071156579e-01  1.0947964779e+00  3.6841432812e+00 -1.2743486312e+00  6.6788998180e-01 -4.5449144535e-01 -5.5261477851e-03  1.3373807769e+00  7.8776717287e-02  2.3173086500e+00 -1.2762222882e+00  2.5198900201e-01 -9.4642730705e-01  1.1094307832e+00  2.3564630754e+00  1.2948466410e+00  1.3660654195e+00  2.2535359634e+00  9.6875699422e-01  1.0693161873e+00  3.5956651461e+00  1.2268502487e+00  8.2875007940e-01 -5.6772014126e-01 -1.0792062303e+00  1.1075624709e+00  4.7226606686e+00 -1.2531981515e+00 -4.0581247429e-01 -2.5016414042e-01 -2.1558444228e+00  1.0899570220e+00  3.1041231773e-02 -1.3503842698e+00  8.2371991863e-01 -1.5351456415e+00 -2.9265647142e-02  2.4088604303e+00 -1.5094535266e-01  2.0938048437e+00  8.3675898808e-01  1.9062440040e+00  1.4692878493e+00  1.6276513269e+00  4.2813618916e+00  1.3162341496e+00  1.0385157575e+00 -1.5558440665e+00
ENERGY -5.437786002716e+02
GRADIENT  1.5484645293e-03  1.3530112390e-03  1.8300453749e-03 -7.6861072560e-04 -2.0477421822e-03 -1.1700474907e-04 -7.7338254141e-05  3.8764910309e-05 -5.7971825980e-05  4.8827109818e-05  3.7137612002e-05  2.1015882201e-05  1.8473661933e-03  3.3862377974e-03  9.5342748613e-04 -3.5135103302e-06  1.3961872009e-05  9.6501003990e-06 -1.2037198723e-05 -1.4267651105e-05  7.7961942617e-05 -1.1101037185e-04 -6.9450604557e-05 -1.5645544461e-05  8.4093975921e-05 -2.2653014545e-05  9.0769183991e-06 -2.5308939872e-03 -2.7360724256e-03 -2.7051596815e-03  1.7345870548e-05 -1.8150747890e-05  1.5975948968e-05 -5.9098899163e-06 -1.7201403842e-06 -5.9609653074e-06  4.6962037480e-06  5.6377367088e-06 -2.5680592485e-06 -6.9954908386e-07 -3.6493605176e-06 -1.6891897987e-06  2.4460742701e-05  2.5963855557e-05  1.3092585424e-05  8.8818589839e-06  3.4844516561e-05 -6.7285781267e-07 -2.5651867164e-06  4.4302685780e-06  8.2196991809e-07 -2.4468437198e-05 -7.8550088930e-06 -1.0977328271e-05

JOB 15
COORDS  1.7343919423e+00 -3.5617855041e-01 -2.9173300993e-01  1.0787513391e-01  1.2441816474e+00  1.6051560867e+00 -4.2555155428e-01  1.1351131876e+00  3.7071520506e+00 -1.2077365607e+00  5.9483735624e-01 -4.4135395427e-01  1.8642720498e-02  1.3341124475e+00  9.8110908079e-02  2.1523750960e+00 -1.4114491683e+00 -1.1030239473e-02 -9.2822200956e-01  1.1740764902e+00  2.3836623287e+00  1.3208273689e+00  1.3252818910e+00  2.2661769965e+00  9.9322215928e-01  1.0421485206e+00  3.6104836684e+00  1.2934350348e+00  8.9473590596e-01 -5.1644472621e-01 -1.0437791001e+00  1.1781190849e+00  4.7509057344e+00 -1.1246555653e+00 -4.7740178256e-01 -2.4397911435e-01 -2.1108281291e+00  9.6251209706e-01  4.8793230961e-02 -1.2931206085e+00  7.5147059435e-01 -1.5209318255e+00 -5.8175216373e-02  2.4004799759e+00 -1.4138822025e-01  2.1000228746e+00  7.7723385706e-01  1.9058364689e+00  1.5188616692e+00  1.5843842437e+00  4.2905156165e+00  1.4549865710e+00  1.2357245153e+00 -1.4581677079e+00
ENERGY -5.437798483540e+02
GRADIENT  9.1764317379e-04  1.8523541492e-04  1.1627968737e-03 -3.2652938650e-04 -1.2937829498e-03  1.3454065020e-04 -1.2011584300e-04 -2.4907010132e-04 -1.4190194517e-04  1.3002162554e-04  8.4106944163e-05  1.6373936563e-04  9.1459397746e-04  1.6843807826e-03  3.6603816051e-04 -7.7030230289e-05  7.3118799510e-05 -4.4773335074e-05 -4.7348647681e-05  1.5663243681e-04  2.9351501493e-05  2.7187133504e-05  1.2986416005e-04 -4.4398782161e-05  6.3845605581e-05  2.9548957762e-05  5.7954504614e-05 -1.4762620229e-03 -9.7681714990e-04 -1.6567301134e-03  1.7343140990e-05  8.7248992667e-05  3.5732537679e-05 -3.6871485975e-05 -1.7951842497e-05 -4.9334924987e-05  8.5842062418e-07  1.9189943592e-06  6.5663404178e-06 -5.7025151842e-05 -2.7575378326e-05 -1.6275542959e-05 -3.5586697819e-05  3.8109520434e-05 -6.7130044482e-06 -1.4642583318e-05  1.4526073053e-05  3.3700075519e-05  3.0109870010e-05 -1.7213798855e-06 -1.9312767259e-05  9.5218457975e-05  5.1653302254e-05  4.0737349551e-05

JOB 16
COORDS  1.6637519882e+00 -4.0744145043e-01 -4.3552570463e-01  9.6209516909e-02  1.2664464099e+00  1.6178040308e+00 -4.4920363360e-01  1.1754030152e+00  3.7168861557e+00 -1.1604084039e+00  5.4231736451e-01 -4.4752381942e-01  3.4488878137e-02  1.3176106607e+00  1.0807404626e-01  1.9703229518e+00 -1.5309344086e+00 -3.4101441197e-01 -9.4428406083e-01  1.1882621168e+00  2.3902627375e+00  1.3013681442e+00  1.3768789186e+00  2.2845126461e+00  9.7367432386e-01  1.1042488492e+00  3.6303249378e+00  1.3451496404e+00  9.0339617861e-01 -4.5516711442e-01 -1.0728139732e+00  1.2197268489e+00  4.7572005329e+00 -1.0633241045e+00 -5.2406678005e-01 -2.2761070134e-01 -2.0812522520e+00  9.0191100632e-01  1.4755724929e-02 -1.2208761473e+00  6.7719770251e-01 -1.5313615814e+00 -6.0144416284e-02  2.3766248249e+00 -1.5592144212e-01  2.0966058093e+00  8.5451372841e-01  1.9231135635e+00  1.4813962657e+00  1.6702020631e+00  4.3048048719e+00  1.5929793270e+00  1.3669194794e+00 -1.3234033073e+00
ENERGY -5.437801086927e+02
GRADIENT -1.9829634062e-04  4.4492062133e-05 -3.1028411546e-04  2.6133056026e-04  3.9599373097e-04  9.4827720973e-07 -7.3076708637e-05 -1.7517693702e-05  5.5914168166e-05 -3.3730769069e-05  8.0583363613e-05 -2.2752679114e-05 -2.4944368339e-04 -7.0487572861e-04 -1.6585695363e-04  4.4198179414e-06 -3.3624631951e-05 -2.2267225216e-05  5.7133477520e-05 -2.5367982013e-05  3.6087415228e-05 -1.6170839660e-05  1.5258789771e-05 -6.9991888580e-05 -2.5121295724e-05  3.1156191344e-06 -9.1066823113e-05  2.4478452236e-04  8.3508528320e-05  5.2139036402e-04 -1.7325741181e-05 -6.7837778943e-07  5.4429090555e-05 -4.5008852175e-06 -2.8348000967e-06  1.2844896669e-05 -2.3072286525e-06 -1.7615889389e-05 -5.1830210665e-06  2.7088976530e-05  9.3164505265e-06  1.9496205360e-05  5.2201143891e-05  8.5148565490e-05  7.4092848569e-05 -7.9644658280e-06  2.1811132225e-05 -1.4368291260e-07 -5.0541038457e-06 -5.7180311402e-06 -8.6275144819e-06 -1.0056846218e-05  3.1523728545e-05 -7.6413845385e-06

JOB 17
COORDS -4.2811462837e-01 -1.2759688653e+00 -4.5152279942e-01 -4.6281926255e-03  9.9832918301e-01  1.8117040458e+00 -1.4244418766e-01  1.6307897433e+00  3.8810834128e+00 -1.2721255269e+00  1.4886331793e+00 -2.9831589243e-01  5.1221941720e-02  1.0026863947e+00  3.0277348898e-01 -1.2163710677e+00 -2.1190673092e+00 -6.2874010735e-01 -2.2167126103e-01  2.0562269954e+00  2.5353398612e+00  1.5051154394e-01 -1.6651272927e-01  2.5268941010e+00  2.6890299121e-01  2.5786641749e-01  3.8666696526e+00  4.9735991537e-01 -3.2731646953e-01 -1.9077584927e-01 -3.6965339183e-01  2.2627213331e+00  4.8919677117e+00 -2.0851667595e+00  7.9955418837e-01 -5.5346696515e-02 -1.5132879432e+00  2.4708339416e+00  1.1281959976e-01 -1.1863634880e+00  1.5613944558e+00 -1.3860867678e+00  8.4598315704e-01  1.7009049603e+00  2.6180317686e-02  8.4552000016e-01 -8.3716221567e-01  2.2063342481e+00 -2.1445392705e-01 -3.4111501910e-01  4.5312858809e+00  1.2242806763e+00 -2.8279994124e-01 -8.9733703846e-01
ENERGY -5.437798000091e+02
GRADIENT -1.5494452202e-04  2.7176919770e-04 -8.6917595899e-04  7.3387860793e-04  3.0489741973e-04  2.3231406756e-05  3.8663792664e-05 -4.0677532313e-05  3.0454084479e-05  5.0063706012e-05 -3.9594887582e-06  1.6197431472e-05 -1.0900985066e-03 -1.9818249111e-04 -4.3344888596e-04  3.9345965007e-05  1.9166112272e-06 -2.3090160657e-05 -2.1366908021e-05 -2.9107953863e-05 -8.4803187138e-05 -3.4775625648e-05 -9.6514556394e-05 -2.0553245144e-05  4.7671498946e-06  2.6960491577e-05  3.7995627844e-05  3.7845889215e-04 -3.1197288363e-04  1.3092370073e-03 -1.8292655924e-05  1.2330581514e-07 -3.6428328649e-06 -3.9723983051e-06 -2.9026056583e-06 -6.6595256922e-07  5.2546568303e-06  2.6453448691e-06 -8.1664311738e-06  2.0110960263e-06 -1.5797449555e-05 -1.4722558694e-06  2.6712803961e-05  1.2604610037e-05 -4.3845521660e-06  2.3794396792e-05  1.1564675407e-05 -6.2201566623e-07 -5.9903729183e-06 -3.4813024046e-06 -2.1231733107e-06  2.4766445844e-05  1.3206345253e-05 -2.6472322997e-06

JOB 18
COORDS -3.3919164062e-01 -1.2227502964e+00 -6.7545894860e-01  2.9026829562e-02  1.0456457032e+00  1.8052350316e+00  4.3335045378e-02  1.7211784455e+00  3.8653698828e+00 -1.3595091175e+00  1.3842128303e+00 -2.4690019785e-01  2.4809802174e-02  1.0111809661e+00  2.9572080313e-01 -1.0822868289e+00 -2.0389937325e+00 -1.0582093865e+00  3.1743936494e-02  2.1354485230e+00  2.5122969704e+00 -3.2120752853e-02 -1.1968076057e-01  2.5382480698e+00  1.8804458156e-01  2.9641396150e-01  3.8692626993e+00  5.1627641088e-01 -3.0763486345e-01 -1.8254029937e-01 -4.8943607189e-02  2.3999671187e+00  4.8670041995e+00 -2.1129985804e+00  6.5757612098e-01  6.7134542823e-02 -1.6374118167e+00  2.3660490426e+00  1.4175625227e-01 -1.3402630453e+00  1.4203096233e+00 -1.3392307639e+00  7.4831386833e-01  1.7592415386e+00 -3.6774705815e-02  5.3590762343e-01 -9.0293901731e-01  2.2223113665e+00 -3.8587372523e-01 -1.9097194639e-01  4.5525843820e+00  1.4131039101e+00 -2.8734847156e-01 -6.5494914348e-01
ENERGY -5.437792888247e+02
GRADIENT  9.0337330714e-05  2.2160799698e-04 -5.8807031207e-04  4.8544997121e-04  2.3383281651e-04  4.6645638876e-05 -1.0146314580e-05 -4.9419529150e-05 -1.1811789189e-06  1.2096290147e-05 -3.4217224294e-05  2.3871384406e-05 -5.9303647512e-04 -6.9984838219e-05 -2.5216206493e-04 -5.2439096448e-06  1.5096749724e-05 -5.2657609216e-06  1.0506203804e-05  2.6302105765e-05 -4.6303149098e-05 -4.1703361070e-05 -5.7164979145e-05  6.0308302470e-05  1.9559588684e-05  2.3050896423e-06 -1.1915188128e-05  6.0154439223e-05 -3.3135906139e-04  8.6137065525e-04  1.1462463635e-05 -5.9373039605e-06 -8.6819487231e-06  2.1073431298e-06  3.0062488534e-06 -1.5216674188e-06  2.7169849573e-07  4.5526306739e-06  9.1228569041e-06 -1.6375613825e-06  1.5952025777e-05  2.3444763581e-06 -9.0057421633e-06 -1.9677770967e-05 -2.0550385726e-05  2.0881300784e-05  1.0692641566e-05 -9.8021157922e-06 -5.1401650938e-06  3.7455501111e-06  7.0567827870e-07  5.8141028679e-06 -4.7151143383e-06  9.5873566522e-06

JOB 19
COORDS -2.0720047675e-01 -1.1676409623e+00 -8.7736008282e-01  3.1003512036e-02  1.0185800407e+00  1.8384141173e+00  1.5535870472e-01  1.6854476155e+00  3.8981878951e+00 -1.4079018462e+00  1.2607553652e+00 -1.8744682852e-01  6.4320088490e-03  9.7723260526e-01  3.3003071890e-01 -8.6508499679e-01 -1.9218939957e+00 -1.4805959226e+00  2.0773025172e-01  2.0948025540e+00  2.5430001322e+00 -2.0938132100e-01 -1.2404289887e-01  2.5746033235e+00  7.9517173496e-02  2.5669240127e-01  3.9042425849e+00  5.3894486657e-01 -3.2892827917e-01 -1.3787066431e-01  1.7023569585e-01  2.3732604975e+00  4.8976222378e+00 -2.1112709339e+00  4.9428493661e-01  1.4713211378e-01 -1.7344082727e+00  2.2282780224e+00  1.9980464608e-01 -1.4152315350e+00  1.2922222088e+00 -1.2796795709e+00  6.7770316180e-01  1.7655389142e+00 -1.9482693734e-02  2.4303507316e-01 -9.8005760609e-01  2.2599551714e+00 -5.5698382786e-01 -1.3656189317e-01  4.5926634383e+00  1.5267133489e+00 -3.3564091587e-01 -3.6824568047e-01
ENERGY -5.437791405942e+02
GRADIENT -3.8374010291e-05 -9.3891537289e-05  3.6454708736e-05 -8.2715338419e-05  1.8618490372e-05 -1.1355818385e-05 -9.6100234065e-05 -2.1850399067e-05 -1.7783668465e-05  2.2324633561e-05 -2.1987172015e-05  2.1143776802e-05  4.5740047800e-05  7.4450740472e-05  6.6332711442e-06 -5.2257712756e-06  3.1645598888e-05 -7.1125565773e-06  5.0645167118e-05  3.8270183883e-06 -6.9598215932e-06 -1.6177545171e-05  5.6585190942e-06  4.5916879484e-05  2.0604403445e-05 -2.3900207584e-05  3.2438755799e-05  3.3063449872e-05  2.3646084806e-05 -2.8498129262e-05  2.3429760387e-05 -1.5134067802e-05 -8.0377179381e-06 -7.0537767065e-06  9.6621726768e-07 -6.0663611038e-06  2.1884306811e-07  1.0112366264e-06  5.3699167937e-06 -9.4492277020e-06  7.2312671739e-06 -9.5718394911e-07 -1.3232034321e-05 -2.5090625868e-06 -1.1841866454e-05  1.1008799459e-05  3.6660127135e-06 -1.1405040467e-05 -6.6210677568e-06  1.0023075163e-05  5.3970037112e-06  7.7832005026e-06  7.9555653019e-07  5.0850138786e-06

JOB 20
COORDS -1.0526619605e-01 -1.1245020564e+00 -1.0085041402e+00  5.9210011413e-02  1.0124721845e+00  1.8537336645e+00  2.9815963705e-01  1.7137744021e+00  3.8923180892e+00 -1.4304298107e+00  1.1671871030e+00 -1.4248690812e-01  1.3226144103e-03  9.3156136514e-01  3.4908201696e-01 -6.7499917845e-01 -1.7904197584e+00 -1.7812063423e+00  3.6652237323e-01  2.0804623654e+00  2.5247693442e+00 -2.8768672679e-01 -7.9117364397e-02  2.6259119550e+00  7.0454175980e-02  3.0267692476e-01  3.9385828913e+00  5.3124099668e-01 -3.9231130102e-01 -7.5842330278e-02  4.0648321143e-01  2.4221600824e+00  4.8712982803e+00 -2.1051557962e+00  3.8862839315e-01  2.2216174990e-01 -1.7744106354e+00  2.1331724798e+00  2.3371016478e-01 -1.4647022343e+00  1.1805061177e+00 -1.2342894296e+00  6.4905714388e-01  1.7226241359e+00 -3.8531621080e-02  6.6963242936e-02 -9.8532315008e-01  2.3261884835e+00 -5.8693226680e-01 -3.7892989110e-03  4.6509993816e+00  1.5434836771e+00 -4.3519938234e-01 -1.4600968174e-01
ENERGY -5.437792887247e+02
GRADIENT -2.6368034589e-04 -2.6742819202e-04  3.5946595457e-04 -4.0429719362e-04 -2.1091778446e-04  1.0327362000e-04  5.6842728294e-05  1.1437288593e-05  8.2826058507e-05  6.4898276630e-05 -1.0397410983e-05  4.9231330959e-05  3.4548060397e-04  1.5089514598e-04  1.0598020104e-04 -3.3095810837e-06  3.9857750200e-05 -2.4509701626e-05  8.6332113056e-06 -1.5496674159e-05 -2.2335177113e-05 -3.6262874312e-05 -8.8312638437e-05 -1.5697644413e-05  1.4328480383e-05  5.3658094412e-05 -1.2154236818e-04  2.6465087431e-04  2.4776583244e-04 -4.4566031370e-04 -5.4854090007e-06  3.6672890636e-05  3.3802459323e-05 -1.2878654434e-05 -1.3636873172e-06 -9.4007076111e-06 -9.8489729881e-06  2.6985146029e-06  6.4538654267e-06 -1.3846413234e-05  1.2193554636e-05  1.3963663365e-06 -6.7373716561e-06  7.2977853698e-06 -1.6863304455e-05 -6.8468391068e-06 -4.6759172174e-06 -2.2829366839e-05 -5.3903695967e-06  2.3723072281e-06 -6.1505716428e-06  4.8367386764e-06  1.0623829686e-05 -3.9417570030e-06

JOB 21
COORDS  2.2546840764e-01 -6.9049533313e-01 -1.2898626562e+00 -2.4097027214e-03  1.1143475942e+00  1.8191636741e+00  1.6720639036e-01  4.6921092695e-01  3.8907465552e+00 -1.4481524776e+00  1.3289471455e+00 -2.2144122779e-01 -1.9433914198e-02  1.1275850786e+00  3.1231895304e-01 -7.7850810998e-02 -1.1397591394e+00 -2.3261819799e+00  3.4096991347e-01  8.9148136687e-02  2.5360976215e+00 -3.4222910602e-01  2.2371106268e+00  2.5527290884e+00 -4.3573504176e-01  1.7631644653e+00  3.8840331618e+00  6.0458974439e-01 -1.3153671725e-01 -1.3243414323e-01  4.6224462396e-01 -1.4835280870e-01  4.8902196284e+00 -2.1172519622e+00  5.4968234945e-01  1.5360074697e-01 -1.8361506050e+00  2.3093600252e+00  7.3428118969e-02 -1.4494186447e+00  1.2904313627e+00 -1.3128560477e+00  6.0380399592e-01  1.9660621986e+00 -2.2392627473e-02 -1.1583113336e+00  2.7659839109e+00  2.2515576404e+00 -6.7790828139e-02  2.4113943256e+00  4.5757355741e+00  7.9814103178e-01 -7.7796541780e-01  6.3298301679e-01
ENERGY -5.437796973574e+02
GRADIENT -1.1787351072e-03 -9.2517146943e-04  6.7862308142e-04 -1.0858130618e-03 -5.5071800607e-04 -3.7065176265e-06  6.9380052536e-06  4.2818655704e-08  9.8638082106e-07  1.5236465826e-05  2.3150817661e-05 -1.2690766582e-05  7.4717727281e-04  4.2270218552e-04  3.7551566756e-04  2.2738199173e-06  2.2025087053e-05  2.0066550117e-05  1.2226734201e-05 -5.4101169545e-06 -4.3792205373e-06 -3.0610621326e-05  8.4162937944e-06  2.9040757202e-05  6.1284263503e-06 -1.1703755454e-05 -3.8970801857e-05  1.4777589251e-03  1.0619524388e-03 -1.0233967288e-03 -3.3604153560e-06 -2.1582623819e-05  1.3813183964e-05  9.8950336103e-06 -1.7060866974e-05 -2.3706416380e-05 -3.6751567273e-06 -1.3678070592e-05  2.3952929986e-05  1.1091402778e-05  2.4728133270e-05  8.6737596057e-06  4.5060469485e-05 -4.2840765960e-05 -1.5946263133e-05 -1.4833552800e-06 -1.2436470029e-05 -8.1658573654e-06  6.2782305059e-06 -1.1133500114e-05 -1.6483698712e-06 -3.7855310548e-05 -4.3469143598e-05 -4.5332820396e-06

JOB 22
COORDS  4.1877652761e-01 -5.8774936900e-01 -1.3695632953e+00 -1.9407571767e-02  1.0774892097e+00  1.8323772449e+00  3.9904353844e-02  4.3137597797e-01  3.9081320835e+00 -1.5226844862e+00  1.2066515309e+00 -1.6271142334e-01 -6.8428412339e-02  1.0712931026e+00  3.2840827810e-01  3.0214076791e-01 -9.0397826802e-01 -2.4893743299e+00  1.5858331356e-01  1.6830146395e-02  2.5583284690e+00 -1.8354260824e-01  2.2446099486e+00  2.5542107469e+00 -3.5884269731e-01  1.8033623854e+00  3.8881524343e+00  5.8492314048e-01 -1.7373179895e-01 -1.0604359411e-01  2.3204668630e-01 -2.1391743683e-01  4.9153297226e+00 -2.1409104763e+00  4.0143991120e-01  2.4349997633e-01 -1.9492601250e+00  2.1695163085e+00  1.3775441470e-01 -1.5512033429e+00  1.1546864183e+00 -1.2537655403e+00  5.1770387113e-01  1.9190680371e+00 -4.4152671469e-02 -8.9716602962e-01  2.8997201630e+00  2.2403440147e+00  1.0274472586e-01  2.3922889509e+00  4.5767850909e+00  6.1071815381e-01 -8.9652459830e-01  6.1262448749e-01
ENERGY -5.437805139986e+02
GRADIENT -7.6859934824e-04 -4.8953546400e-04  1.5286429609e-04 -5.9503433371e-04 -3.4915525591e-04 -2.3063662491e-05 -6.0202189658e-06  9.2093315813e-05 -9.0988918924e-07 -1.6245112034e-04  4.7188993137e-05 -5.7346347980e-05  6.3148642484e-04  2.5480023993e-04  1.9335273307e-04  9.8178172313e-06 -3.9326718035e-05  3.7874354678e-05 -4.6219428972e-05 -3.2477433715e-05 -2.0188126706e-05 -2.1424272159e-05  8.3057373678e-06  5.9797785340e-05  1.3675504771e-05 -3.9967258447e-05  3.0913465117e-05  9.3199629948e-04  6.3038352218e-04 -3.2893134142e-04 -3.1835500034e-05 -1.5279110365e-05  8.8157651944e-07  4.0074037384e-05 -2.2153008109e-05 -2.1881506297e-05  1.2652760305e-05 -1.5663066888e-05  1.6561046285e-05  2.5569143149e-05  2.0646642995e-05  5.2682038944e-06 -4.8700445207e-06 -3.6078639100e-05 -1.6050468350e-05 -3.6187398532e-06 -1.3919094623e-05 -1.5143482149e-05 -2.0723417158e-05 -6.5293639064e-06  8.2952871087e-06 -1.9716201897e-05 -4.9613378478e-05  1.3452767877e-05

JOB 23
COORDS  1.7257147783e-01 -6.8958412738e-01 -1.3358768242e+00  2.8262491595e-02  1.0496330572e+00  1.8710448328e+00  5.4064957853e-01  5.6101009753e-01  3.9271030313e+00 -1.4091380883e+00  1.5134164803e+00 -1.7075440043e-01 -6.2761339427e-02  1.0182610475e+00  3.6692701901e-01  9.8130821010e-02 -9.4929080551e-01 -2.4738723490e+00  6.9357091515e-01  1.8259383621e-01  2.5701278990e+00 -5.4313605954e-01  2.0692521422e+00  2.6114055412e+00 -3.8536405370e-01  1.6478941516e+00  3.9527871820e+00  1.9242611950e-01 -3.7187556481e-01 -3.6150160536e-02  1.0749558647e+00  8.9232249371e-02  4.9071330461e+00 -2.2335590448e+00  9.2102504360e-01  2.3684462303e-01 -1.5559342435e+00  2.5711302766e+00  6.9013502181e-02 -1.4296025959e+00  1.4215252117e+00 -1.2590472613e+00  7.3141525702e-01  1.6813452925e+00 -8.7954032911e-03 -1.4975703438e+00  2.3347284901e+00  2.3774043926e+00 -1.5028480747e-01  2.3999380669e+00  4.5953819000e+00  8.2798813860e-01 -8.8484026960e-01  5.7109315250e-01
ENERGY -5.437810205913e+02
GRADIENT -1.5870157395e-03 -3.7471505375e-04  1.8102569085e-04 -1.2886271968e-03 -1.9488411795e-04  1.9927264716e-04  1.2020656920e-04  1.1352157184e-04  2.5562513240e-05 -1.0894330151e-04  5.6728526001e-05 -2.8196232079e-05  1.0596846695e-03  3.4100113659e-04  1.1741656098e-06 -3.8324086311e-05  3.1344640347e-05 -3.0125551747e-05 -3.0046203211e-05 -6.5961249448e-05 -1.0398736828e-04 -1.4501349445e-04  4.3118954862e-05  7.8757668911e-05  4.9302820663e-06 -6.7408161013e-05 -1.7859192451e-04  1.9407566801e-03  2.6644936318e-04 -1.1751698957e-04  6.0530988549e-06 -7.1318177313e-05  2.7677749622e-05  2.7520385209e-05 -2.6561281918e-05 -5.2049979528e-06  1.3268122365e-05 -8.0833001229e-06  1.7780015323e-07  1.5232009595e-05 -7.4306912179e-06  1.5743608693e-05  4.0941272611e-06 -6.5170165973e-05 -1.1382212069e-05  1.5607701443e-05  1.0291662899e-05 -3.3225155636e-05  2.6802197035e-05 -1.4364758202e-05 -1.1810966556e-05  3.1361358299e-05  3.1453714040e-05 -3.9633645385e-05

