JOB 0
COORDS  1.2110963901e-01 -2.4278685740e-01  1.1499309639e+00 -7.8501420361e-01 -1.0699656462e+00  1.8079485084e+00  1.4014908245e+00 -6.4191863611e-02  1.6869215639e+00  1.7157454964e+00 -7.2341330701e-01  2.8908484682e+00  7.2955075478e-01 -1.5507306556e+00  3.4658905141e+00  2.3896103522e+00  7.7876917416e-01  9.3538358415e-01  9.7598064127e-01 -2.3531721924e+00  4.7477087274e+00 -4.8051387779e-01 -1.7162608037e+00  2.9359224369e+00  3.5924020502e+00  6.3601295200e-01  9.3850709902e-01  1.7622163918e+00  1.7301646648e+00  1.9262958805e-01  9.6757676546e-01 -1.5451181302e+00  5.8361163244e+00  3.8314198126e-02 -3.2949513992e+00  4.9216120485e+00  2.1708054895e+00 -2.9897774628e+00  4.7204444065e+00  3.2268280415e+00 -4.4952394443e-01  3.7007729700e+00 -1.5413256986e-01  2.6071512016e-01  2.3024355801e-01 -1.7882551070e+00 -1.2238664948e+00  1.4174372506e+00  2.4661876035e+00  2.2042322459e+00 -2.9123976405e-01
ENERGY -1.233608687236e+03
GRADIENT -3.2444076473e-05  1.6928786156e-05  6.4249945591e-07  4.4901268670e-05  1.1699161167e-05 -2.4637106299e-06  1.2032945955e-05  3.7322170751e-05 -1.5620180415e-05  8.1658005784e-04 -1.9197426495e-03 -1.3794974434e-03 -7.9316011560e-04  2.3498675508e-03  1.6255430804e-03 -5.5714738858e-06 -4.7760582705e-05 -1.6578410178e-07 -1.4071003785e-03  1.1405018599e-03  9.9068456960e-04  1.7339613074e-05 -2.2137604523e-05  3.9654376518e-05  1.1983559357e-05  5.2280506850e-05 -1.2422277370e-05  1.9569619855e-05 -7.6228173950e-06 -1.0135378761e-05  8.4230672950e-06 -2.1002391874e-05 -3.3096247688e-05  1.3240460702e-03 -1.5520146959e-03 -1.2314943600e-03  3.9310450896e-05 -1.6673408297e-05 -1.6324934168e-05 -1.6953328489e-05  2.6987021598e-06  2.1190256014e-06  1.0854737767e-05 -2.9348373901e-06 -7.5642113802e-06  4.2893168507e-06  9.6167927904e-07  4.7563006915e-06  1.3738455665e-06  3.4055469224e-06 -2.8948157923e-06

JOB 1
COORDS  1.0454970627e-01 -2.1617429736e-01  1.1831097162e+00 -8.0518458932e-01 -1.0229341514e+00  1.8633857312e+00  1.3970149872e+00 -6.5179662442e-02  1.6942770237e+00  1.7264446034e+00 -7.2734267378e-01  2.8941869666e+00  7.4153577243e-01 -1.5438923023e+00  3.4842123682e+00  2.3874805841e+00  7.5128498552e-01  9.1606283975e-01  9.5861538051e-01 -2.3748838802e+00  4.7545386350e+00 -4.8534767155e-01 -1.6790076795e+00  2.9789588200e+00  3.5773425353e+00  5.3842563281e-01  8.4074977643e-01  1.7735970364e+00  1.7629172814e+00  2.4625943859e-01  6.3396559264e-01 -1.6554892333e+00  5.8564104687e+00  1.9343041807e-01 -3.4791407358e+00  4.7359565370e+00  2.2344538407e+00 -2.7925020288e+00  4.9021854105e+00  3.2531610585e+00 -4.3360581872e-01  3.6703989564e+00 -1.7939519408e-01  2.9312122112e-01  2.6906281325e-01 -1.8218991646e+00 -1.1515398948e+00  1.4992854646e+00  2.4729320014e+00  2.2144865796e+00 -2.6530084633e-01
ENERGY -1.233607000502e+03
GRADIENT  2.1958433513e-05 -2.7183965786e-05  2.8824821215e-05 -3.6652583922e-05 -1.4729673020e-05  6.3199761467e-07 -6.3932822550e-05  3.8888992648e-05 -1.0140507326e-06  9.0578236832e-04 -2.1871640786e-03 -1.5276947022e-03 -7.4811174223e-04  2.8487638969e-03  1.9169547593e-03 -1.4010792266e-06 -9.3825614564e-05 -6.8583417625e-06 -2.1321963847e-03  7.4225697969e-04  8.7208901464e-04 -3.0595007761e-05  4.7389300042e-05  1.9538686344e-06  5.1437119129e-06  6.8836147427e-05 -7.9199498367e-05  4.7986687801e-05 -2.6574388841e-05  5.6698370399e-05  4.4854882213e-05 -8.0082216347e-05 -1.2225391681e-04  1.8830418078e-03 -1.3216421894e-03 -1.2245115002e-03  1.3000391528e-04  1.4018834717e-06 -9.2085162520e-06  1.5790368544e-05 -5.6733863973e-06  4.4421149196e-05 -4.1238631546e-06 -7.1739033550e-07 -2.0156873336e-06  1.2299589265e-06 -8.7318294036e-06  4.0691031137e-07 -2.2047071898e-06  6.3867048487e-06 -1.4108335987e-05

JOB 2
COORDS  1.0215333881e-01 -1.9439681698e-01  1.2071453271e+00 -8.0207748423e-01 -9.9407325582e-01  1.9048224600e+00  1.4093203475e+00 -7.2828513802e-02  1.6835621313e+00  1.7629090474e+00 -7.4883322910e-01  2.8710817440e+00  7.7896975871e-01 -1.5467130432e+00  3.4854823189e+00  2.3915433882e+00  7.2637326385e-01  8.7644633173e-01  9.5919114625e-01 -2.3866104372e+00  4.7559341118e+00 -4.6392325278e-01 -1.6576902656e+00  3.0080638514e+00  3.5659370882e+00  4.6819888123e-01  7.3284802491e-01  1.7847922838e+00  1.7783038012e+00  2.6490093668e-01  3.2467097612e-01 -1.7947857333e+00  5.7963645217e+00  4.1722650996e-01 -3.6086453816e+00  4.5824207677e+00  2.2411175074e+00 -2.5776175210e+00  5.1208144012e+00  3.3337237270e+00 -4.9855048424e-01  3.5727079714e+00 -1.9761155667e-01  3.2817389502e-01  3.0567283389e-01 -1.8292455173e+00 -1.1064113839e+00  1.5653406134e+00  2.4740839404e+00  2.2159274757e+00 -2.7188219422e-01
ENERGY -1.233605759347e+03
GRADIENT -3.6665134317e-05  4.0075547262e-05 -4.2774228157e-05  9.4781041752e-05 -7.4362833985e-06  2.4856406607e-05  2.6520371657e-05  5.7849552267e-07  4.8630900602e-06  3.6697858980e-04 -1.1150030100e-03 -8.2190670362e-04 -2.9566707118e-04  1.6166455559e-03  1.1838073943e-03 -1.7189891706e-05 -1.9890069679e-05 -3.2118107452e-05 -1.2671319679e-03 -1.0812337289e-04  1.2955551063e-04  2.0057473667e-05 -4.4409196423e-05  5.0118979766e-05  8.0652351567e-06  1.2114597712e-05  4.9501531230e-05  1.2101578955e-06  2.3481381699e-05 -2.1821312725e-05 -4.9179449822e-05  6.2340141832e-05  2.0759740494e-05  1.1228593604e-03 -4.2896235036e-04 -4.5941334272e-04  1.1597188219e-05  3.2627110541e-05 -1.0137233014e-05 -2.4242921304e-05 -1.2556113544e-05 -1.6781399461e-05  6.5954480409e-06  8.2695926355e-07  7.4166553662e-08  5.4706536167e-06  2.1953107711e-06  5.2331915573e-06  8.8636809679e-07  3.0429192654e-08  1.7051055298e-06

JOB 3
COORDS  6.5247386514e-02 -1.9177739612e-01  1.2117996981e+00 -8.3526955062e-01 -9.7951899916e-01  1.9283378846e+00  1.3876502689e+00 -1.0391033345e-01  1.6502287006e+00  1.7614579859e+00 -7.9214970566e-01  2.8250553415e+00  7.7168403919e-01 -1.5510695405e+00  3.4774069085e+00  2.3629813930e+00  6.7120884236e-01  8.1122974332e-01  9.4269288909e-01 -2.3826167596e+00  4.7547442203e+00 -4.8416306650e-01 -1.6413404691e+00  3.0276771460e+00  3.5142699869e+00  3.6322387011e-01  5.9716869314e-01  1.7736765452e+00  1.7653808226e+00  2.6007692211e-01  7.9787720529e-02 -1.9514903891e+00  5.7020405736e+00  6.5311940287e-01 -3.6780297099e+00  4.4962724190e+00  2.1742010384e+00 -2.3508478512e+00  5.2943752230e+00  3.3804909033e+00 -6.2878111328e-01  3.4379411842e+00 -2.4837813100e-01  3.4226216371e-01  3.2172317447e-01 -1.8704149534e+00 -1.0792113262e+00  1.6097114275e+00  2.4524141899e+00  2.1864676365e+00 -3.0286648125e-01
ENERGY -1.233605321070e+03
GRADIENT -6.6738830422e-07  1.2266276265e-05  6.8699082439e-06  7.9636086312e-06 -1.9919134700e-05 -7.1129236544e-06  1.8799803315e-05  2.9631292149e-06  1.4842313346e-05  4.5763394805e-05 -1.3058603999e-04 -7.5548113357e-05 -2.5962575870e-05  1.8283641957e-04  1.0732202859e-04 -7.0549041172e-06 -7.0449347719e-06 -3.2365868703e-05 -2.0985697532e-04 -1.1552626092e-05  6.1270019596e-06 -1.3073285445e-05  9.5598990215e-06 -6.0175763555e-06  1.1481621067e-05 -1.7114765543e-06  3.1866389212e-05  2.7555889003e-06  2.3043496515e-05  5.2198875471e-07  6.0379403437e-05 -6.5649241329e-05 -7.5168193893e-05  9.7460426074e-05 -1.7698637238e-05 -2.2779773432e-05  6.9264810712e-05  7.8277774245e-06  4.4646200446e-05  4.8692263672e-06  2.2606982757e-05 -9.4455076060e-06  6.9292231319e-06 -2.9671104417e-06 -1.0176396750e-06  2.7992211035e-06  8.4293963450e-06  4.2772336385e-06  3.4835507409e-06  6.3601051242e-06  5.3162459927e-06

JOB 4
COORDS  6.0740587092e-02 -1.8700810903e-01  1.2119945781e+00 -8.4404155900e-01 -9.6512591923e-01  1.9323822892e+00  1.3947964444e+00 -1.4212540085e-01  1.6234641927e+00  1.7725693905e+00 -8.5788711536e-01  2.7796731643e+00  7.7012109904e-01 -1.5808567763e+00  3.4551902694e+00  2.3725881093e+00  6.1788281351e-01  7.7355427771e-01  9.5647987085e-01 -2.4070968474e+00  4.7343220469e+00 -4.9313490270e-01 -1.6393743014e+00  3.0252174255e+00  3.5162557183e+00  2.9402057331e-01  5.4252582850e-01  1.7939771667e+00  1.7241120494e+00  2.3467217153e-01 -6.7873591421e-02 -2.1833481275e+00  5.5829638791e+00  9.5051565976e-01 -3.7281904612e+00  4.4295099035e+00  2.0902063025e+00 -2.1509967381e+00  5.4104464461e+00  3.4214340263e+00 -8.1180385803e-01  3.3283445793e+00 -2.5646554309e-01  3.6844045464e-01  3.3647568200e-01 -1.8843752777e+00 -1.0444934309e+00  1.6252272887e+00  2.4724036076e+00  2.1362662973e+00 -3.3512497359e-01
ENERGY -1.233605560471e+03
GRADIENT -8.6200265706e-05  1.1284052294e-04 -2.0385713949e-04  1.6779812984e-04  5.4869330175e-05  5.5600100825e-05 -1.5826999189e-04 -1.9778775079e-06  1.2861094546e-04 -1.7830643034e-04  9.6520432616e-04  5.8748081148e-04 -4.9054294580e-05 -1.6413874884e-03 -9.5104969801e-04 -5.4382407610e-05 -9.8683710921e-05  3.7481570829e-05  1.7454134460e-03  7.0802555554e-04  2.8566258797e-04  5.1466539401e-05  1.3756807467e-05  1.0486480027e-04  3.7726713560e-05  1.0120817124e-04 -4.2232252916e-05  3.2510577760e-05 -9.9402433180e-05  4.7353460556e-05 -2.6072352834e-04  9.9198911793e-05  1.2886930989e-04 -1.0086902266e-03 -1.5075578619e-04  4.1238256418e-05 -2.6893932262e-04 -1.1590317795e-05 -2.0417800091e-04  1.9932346187e-05 -5.3719554633e-06  1.1260530135e-04 -5.9516138853e-06  2.5369695957e-05 -2.1960302105e-05  2.2631365620e-05 -1.2498890868e-05 -1.6067843376e-05  1.1418547135e-06  1.8158018482e-06  3.8364135056e-06

JOB 5
COORDS  5.1247982520e-02 -1.9909579232e-01  1.2448004406e+00 -8.6915252110e-01 -9.6569012774e-01  1.9555988347e+00  1.3933484045e+00 -2.0633399704e-01  1.6378752011e+00  1.7574142957e+00 -9.6324100134e-01  2.7700803865e+00  7.3677084576e-01 -1.6596573118e+00  3.4488599790e+00  2.3854009238e+00  5.4728248942e-01  7.9936918280e-01  9.5185251433e-01 -2.4770851042e+00  4.7295170245e+00 -5.3103268615e-01 -1.6692935033e+00  3.0362934811e+00  3.5340959154e+00  2.2486715144e-01  5.9177510420e-01  1.8173460093e+00  1.6520735386e+00  2.4517635085e-01 -1.7195157344e-01 -2.5022145875e+00  5.4677846315e+00  1.2577312933e+00 -3.7623752266e+00  4.4187590060e+00  1.9304004102e+00 -1.9963724570e+00  5.5213086149e+00  3.4142447599e+00 -1.0463834183e+00  3.2854636366e+00 -2.5884243155e-01  3.8724147844e-01  3.8726329641e-01 -1.9136679605e+00 -1.0086848171e+00  1.6556401334e+00  2.5073652789e+00  2.0615955225e+00 -3.1228659387e-01
ENERGY -1.233606701758e+03
GRADIENT  1.6913278509e-05 -1.5674398704e-05 -7.8852262722e-06 -3.5763904756e-05  7.4704788463e-07 -2.2947571753e-05  2.7597895292e-07 -2.6755916119e-06  3.5348898640e-05 -5.5469267025e-04  2.3509754982e-03  1.5676623105e-03  7.2151776365e-05 -3.7160510270e-03 -2.3509548937e-03 -2.3273693560e-05 -1.3074985865e-05 -5.4218114971e-05  3.0884602435e-03  2.0365427963e-03  8.2039327235e-04  1.7149473002e-05  2.9774479764e-05 -7.8890096668e-07  7.6186526408e-06  3.7810990630e-06  2.0788160243e-05  3.6847539677e-06  1.0051751503e-05  2.6038216544e-05 -4.8872247422e-05  2.8634703494e-05  3.3849998388e-05 -2.4912854045e-03 -6.5023929538e-04 -1.6624259381e-06 -5.7221477874e-05 -9.3372398784e-06 -5.2317197780e-05  1.4301435420e-05  3.9496333618e-07 -4.3611958457e-06 -6.2613502844e-06  9.1400081160e-06  9.3783049436e-06 -1.6305538634e-06  1.3748277327e-06 -6.1145134898e-06 -1.1748603657e-06  5.1876103988e-06  2.3334853408e-06

JOB 6
COORDS  4.1931683849e-02 -1.5483456548e-01  1.2706795507e+00 -8.8816165962e-01 -8.9335788142e-01  1.9966651395e+00  1.3921194702e+00 -2.0254248617e-01  1.6386237643e+00  1.7488952445e+00 -9.7792729295e-01  2.7589273568e+00  7.2026344442e-01 -1.6541667565e+00  3.4473868508e+00  2.3931771481e+00  5.3267731535e-01  7.9554323838e-01  9.8030793327e-01 -2.4768742960e+00  4.7145120307e+00 -5.5457764946e-01 -1.6192151712e+00  3.0664269732e+00  3.5522387489e+00  2.2235093597e-01  6.3021988204e-01  1.8255223390e+00  1.6084833506e+00  1.8563159794e-01 -1.6704401240e-01 -2.7656463384e+00  5.3469794650e+00  1.5764495944e+00 -3.6560949475e+00  4.4055826521e+00  1.7699556477e+00 -1.8278069072e+00  5.5983155632e+00  3.4000470203e+00 -1.1177184358e+00  3.2757555511e+00 -2.6611524973e-01  4.4368114242e-01  4.2108009330e-01 -1.9394810928e+00 -8.9710104139e-01  1.7185227284e+00  2.5258020279e+00  2.0070327964e+00 -3.6676200574e-01
ENERGY -1.233608444974e+03
GRADIENT -1.8196226523e-04  1.8874178334e-04 -2.7551389373e-04  4.7776293573e-04 -2.2358009523e-05  1.7680702973e-04  1.6699962761e-05 -5.0197439570e-05  6.0302508407e-05 -4.9748075098e-04  2.1985884241e-03  1.5310906865e-03 -2.7570758121e-04 -3.6832376741e-03 -2.3550867395e-03 -4.2894928932e-05  1.6923886270e-05 -4.8014476328e-05  2.9300512655e-03  2.6384247821e-03  1.1160158200e-03 -1.0100201453e-04 -1.2262805531e-04  8.0007332961e-05  4.9589587577e-06  7.0877278664e-06  4.9790314154e-05  2.3250224856e-05  3.7873365666e-05 -3.0179554180e-05  7.7185687743e-05 -5.0412877583e-05 -9.4815077899e-05 -2.4606676195e-03 -1.1257284689e-03 -2.3704742257e-04  4.4528222843e-05  8.7232412557e-05  8.3515048114e-05 -5.7417881788e-05  2.0791162046e-05 -2.4257904006e-05  1.8957955760e-05  2.1896696874e-05 -2.6510360912e-05  3.8091579530e-05 -2.4237925964e-05  1.6116016359e-05 -2.3517962324e-06  9.4651030651e-06 -4.1996608505e-06

JOB 7
COORDS  3.3577905223e-02 -1.2178916578e-01  1.2835389593e+00 -9.0663453547e-01 -8.2456689817e-01  2.0314154734e+00  1.3871868209e+00 -1.9749503190e-01  1.6350313828e+00  1.7377031721e+00 -9.7130074276e-01  2.7574614254e+00  7.0383317063e-01 -1.6322023919e+00  3.4526658412e+00  2.3971998828e+00  5.0688956762e-01  7.7722648033e-01  9.8329096223e-01 -2.4866961174e+00  4.6926347475e+00 -5.7550317604e-01 -1.5640154378e+00  3.0935508929e+00  3.5484689660e+00  1.6944159167e-01  6.1028782707e-01  1.8487129231e+00  1.5857214369e+00  1.5559651686e-01 -1.4160225118e-01 -3.0180754516e+00  5.1882513422e+00  1.8234169342e+00 -3.5103471660e+00  4.4039698265e+00  1.5548283800e+00 -1.7517185943e+00  5.6780578009e+00  3.3797619884e+00 -1.0864774503e+00  3.3068486793e+00 -2.7032119086e-01  4.7550776282e-01  4.3156991076e-01 -1.9628430826e+00 -7.9293941766e-01  1.7743990041e+00  2.5539254570e+00  1.9621267145e+00 -4.0598701803e-01
ENERGY -1.233609409287e+03
GRADIENT -5.9367931316e-05  6.8440462792e-06  3.6883678253e-06  1.5962352939e-04 -6.2917006573e-06  5.5322740747e-05  1.3348840707e-04  6.6866752270e-05 -8.8486483614e-05 -1.7215496970e-04  2.0654620969e-04  1.2320191104e-04 -9.0142201536e-05 -4.0239497930e-04 -1.8662631806e-04 -3.5960925596e-06  2.0639492410e-05  5.1412133289e-06  1.7728392507e-04  3.1881427122e-04  1.0328509223e-04 -3.5703028497e-05 -5.0336374327e-05  9.3876258335e-06  1.1430573428e-05  1.8005073732e-05  8.1082764797e-06  2.7621217082e-05  3.4765610700e-05 -4.7549246474e-05  1.9239735241e-04  6.4778429496e-07 -7.1250953711e-05 -3.0727800954e-04 -2.1631678421e-04 -4.9276123511e-05  8.6174363275e-06  9.4491307349e-05  1.5309448622e-04 -8.8590151534e-05  8.5900531611e-06 -2.8636887932e-05  2.6060392373e-05 -4.1926401292e-06 -6.0680415208e-06  9.7712061826e-06 -1.3709794269e-05  7.2399640125e-06  2.1924832799e-07  1.0560931886e-05 -1.5569250632e-06

JOB 8
COORDS  2.7116918642e-02 -1.0320791448e-01  1.3057893916e+00 -9.1504465028e-01 -7.6930431963e-01  2.0847716230e+00  1.3840667245e+00 -2.0600413455e-01  1.6339197459e+00  1.7408146641e+00 -9.7319045500e-01  2.7595412921e+00  7.0818154504e-01 -1.6181720417e+00  3.4705945114e+00  2.3940618421e+00  4.6364677367e-01  7.4891349996e-01  9.7896122014e-01 -2.5108937783e+00  4.6858831634e+00 -5.7702388256e-01 -1.5178180581e+00  3.1374711868e+00  3.5288838659e+00  8.7130644082e-02  5.5524743937e-01  1.8648274475e+00  1.5562212797e+00  1.3518615997e-01 -9.3178756185e-02 -3.2465446579e+00  5.0056937546e+00  2.0101774149e+00 -3.3601680564e+00  4.4757835005e+00  1.2975535030e+00 -1.7533893543e+00  5.7679918713e+00  3.3827818587e+00 -1.0414238815e+00  3.3194601579e+00 -2.7884510518e-01  4.9001935194e-01  4.5164281677e-01 -1.9764665804e+00 -7.0496417004e-01  1.8568666781e+00  2.5668272262e+00  1.9067945862e+00 -4.4682356479e-01
ENERGY -1.233608699753e+03
GRADIENT  5.2102560615e-06  2.7733869090e-05  2.6044414679e-06 -5.1563297124e-05  1.8048427769e-05 -5.3599831918e-05 -1.1817668437e-05 -2.9620243523e-05  2.0206196685e-05  2.4966610802e-04 -1.9326652722e-03 -1.5204452580e-03  2.9512005647e-04  3.4473011549e-03  2.4810708220e-03 -3.0476291188e-06  9.7902896653e-06 -5.0355298943e-06 -1.9666915053e-03 -3.1553345087e-03 -1.8571964635e-03  5.4246723296e-05  8.5509132070e-06  5.0757122557e-05  1.0168916530e-05 -7.9992659689e-06  3.3997631973e-05 -3.4406816433e-05 -2.7892463109e-06 -2.1087389545e-05 -6.6537094465e-05 -7.6966410465e-06  1.9363065095e-05  1.5168939430e-03  1.6264237803e-03  8.6776176945e-04  2.7102176781e-05 -2.4961081625e-05 -5.2619515117e-05  2.2441288579e-05  3.7224292752e-05 -1.9723918877e-05 -4.2449391457e-06 -8.6668089066e-07 -3.2072651512e-06 -1.3436918767e-06  3.7030086275e-06 -1.3068699511e-05  2.3209634035e-06 -4.3980180312e-06  4.8119355770e-06

JOB 9
COORDS  3.9644304625e-01 -5.8848768205e-01  9.1383191947e-01 -3.1623115860e-01 -1.6849756478e+00  1.3943103636e+00  1.3450832921e+00  2.2537288590e-02  1.7393858068e+00  1.5318586797e+00 -4.8780489966e-01  3.0399671813e+00  7.7860876474e-01 -1.6174907580e+00  3.4162920081e+00  2.1558030782e+00  1.1579987382e+00  1.1856578675e+00  8.9733198482e-01 -2.3223281214e+00  4.7727907647e+00 -1.1678562262e-01 -2.1913095584e+00  2.6114148283e+00  3.3087772649e+00  1.4051894436e+00  1.4620089562e+00  1.4430964824e+00  1.8754335305e+00  2.7652787614e-01  5.9681424510e-01 -3.6255070088e+00  4.6663136688e+00  2.1278429266e+00 -2.2350355968e+00  5.3176276256e+00  2.7011951092e-02 -1.7688052064e+00  5.6587188581e+00  2.5672118109e+00  3.3528434582e-01  4.1666158653e+00  2.2282514206e-01 -2.0734269836e-01 -8.6160006462e-02 -1.0687423689e+00 -2.1763176459e+00  7.8182018649e-01  2.0497409047e+00  2.5610911910e+00 -6.4764517793e-02
ENERGY -1.233607034049e+03
GRADIENT -5.3027163647e-05  5.4455618953e-06 -7.0732050550e-05  1.0977483106e-04 -5.2503495887e-06 -4.7455873425e-05  8.5685392660e-05  6.8229741479e-05  1.2049447492e-04  1.8344204023e-03 -1.6635554763e-03 -1.1237251704e-03 -3.1775490123e-03  3.3472921442e-03  2.1672582969e-03  1.6802696541e-05 -5.7741675112e-05 -1.5801389464e-04  2.1148292363e-03 -4.0442886917e-03 -2.2782479671e-03 -2.7205430799e-06 -6.3655231571e-05  8.3794306120e-05  3.3269070079e-06 -3.2374929865e-05  1.3354403217e-04 -2.5439634773e-05  6.4834055679e-05  2.7707461950e-06  6.5993972676e-05  1.0201432934e-04 -1.2279759201e-05 -6.5093179646e-04  2.1230422696e-03  1.1678649118e-03 -2.3855485685e-04  1.1786297404e-04  1.1245462318e-04  1.5691492178e-05  1.6330122871e-05 -1.7867989759e-04  5.1737073603e-06  1.1175375083e-05  1.2812439105e-05 -2.5961309193e-05  2.1373288276e-05  1.4169146903e-05 -1.9315403151e-06 -8.2726547278e-06  1.7423525095e-06

JOB 10
COORDS  3.8433638138e-01 -5.7289694227e-01  9.3437236395e-01 -3.3435979423e-01 -1.6583488317e+00  1.4337117082e+00  1.3623140467e+00  2.0146456320e-02  1.7354793428e+00  1.5739402477e+00 -4.8752525078e-01  3.0349226957e+00  8.0743096685e-01 -1.5991658877e+00  3.4332239840e+00  2.1831230526e+00  1.1339853209e+00  1.1518938666e+00  8.9574700974e-01 -2.3190840970e+00  4.7844378023e+00 -1.1695462059e-01 -2.1592094011e+00  2.6477286209e+00  3.3655430712e+00  1.3150777603e+00  1.3400981114e+00  1.4373984315e+00  1.9103794905e+00  3.2190578287e-01  8.8016935122e-01 -3.6538068232e+00  4.6042531872e+00  1.9944608104e+00 -2.0253192591e+00  5.5040362247e+00 -1.7936086637e-01 -1.9947087245e+00  5.5453875760e+00  2.6757791560e+00  3.2270327907e-01  4.1086392385e+00  1.9280015238e-01 -1.8963347255e-01 -6.1733079723e-02 -1.1063250063e+00 -2.1414638473e+00  8.3904048709e-01  2.0477942741e+00  2.5764422982e+00 -5.0473129806e-02
ENERGY -1.233605791637e+03
GRADIENT  6.9765032291e-05 -1.3003767333e-05  6.5728494737e-05 -1.4429210316e-04 -3.4999160283e-05 -7.5338161480e-05 -1.0427933577e-04 -4.4792009353e-05 -5.9659605073e-07  1.0649249405e-03 -8.3198397279e-04 -4.8015140213e-04 -1.7236397195e-03  1.7620975188e-03  9.9676050846e-04  2.9476802163e-05 -3.3696690831e-05  5.0553399246e-05  1.5485507014e-03 -2.0538689160e-03 -1.1686310996e-03 -3.5937234697e-05  1.0183236693e-04 -9.8443892627e-06 -4.4502434124e-06  3.9682950046e-05 -7.5613515411e-05  1.5735814387e-05 -3.8649864643e-05  7.8103851168e-05 -1.4626019229e-04 -9.9189340546e-05 -3.1092388237e-05 -7.9505449494e-04  1.2365445508e-03  7.0719653633e-04  1.4766798624e-04  4.9016680274e-05 -1.4000726803e-05  2.3066053885e-06  4.9183111409e-05  6.2498372309e-05 -4.0255972126e-06 -1.1011320732e-05 -5.3556862731e-06  2.0833486916e-05 -2.0906064615e-05 -2.8473993363e-05  6.5021975602e-06  5.4073836477e-08  1.2074188945e-06

JOB 11
COORDS  3.5857931004e-01 -5.5650712935e-01  9.4891360815e-01 -3.6465859596e-01 -1.6346554184e+00  1.4581951034e+00  1.3673234426e+00  1.3174136587e-02  1.7279233144e+00  1.6005868285e+00 -5.0353464894e-01  3.0211320838e+00  8.0802543371e-01 -1.5882345408e+00  3.4411415832e+00  2.1962858966e+00  1.1103655849e+00  1.1239502570e+00  8.8360125457e-01 -2.3148244392e+00  4.7898396993e+00 -1.3821847118e-01 -2.1341540608e+00  2.6703009410e+00  3.3869372528e+00  1.2661357618e+00  1.2798915856e+00  1.4447142453e+00  1.9042610826e+00  3.1556274455e-01  1.1532992496e+00 -3.6242324648e+00  4.5872651662e+00  1.8137024087e+00 -1.8442188027e+00  5.6393588382e+00 -3.1019556154e-01 -2.2357525258e+00  5.4203574180e+00  2.7912531658e+00  2.4428862468e-01  4.0439932246e+00  1.5038322910e-01 -1.6483094656e-01 -4.0494148070e-02 -1.1505949381e+00 -2.1089339983e+00  8.7476288740e-01  2.0589307036e+00  2.5580602080e+00 -7.1902750391e-02
ENERGY -1.233605327975e+03
GRADIENT  2.4902091369e-05 -1.2703258980e-05  1.1152090388e-04 -1.1784676959e-04 -9.7472504588e-05 -1.3873796013e-04  9.6782582927e-05  2.2898512574e-05  2.5157615000e-05  7.7657708644e-05 -1.1779300070e-04 -7.1601372072e-05 -1.3966999041e-04  2.4951551842e-04  1.1114777920e-04 -9.0906645128e-06  7.0862828833e-05  6.1895818101e-07  1.2706245671e-04 -7.0820340834e-05 -4.7388644913e-05 -1.0920982513e-05  8.3527824385e-05 -2.7981462997e-05  1.3021779964e-05 -5.9957375381e-05  9.7187004401e-05 -5.0875480378e-05  1.5034883035e-05 -6.0434025770e-05  6.6819633883e-05 -7.4568942330e-05  8.4643573952e-06 -1.0734666618e-04  6.5278356767e-05  5.0933880679e-05  8.1325974605e-05 -2.4056881272e-05 -3.2254311919e-05  8.1210450970e-06 -7.7578355717e-06 -4.3659139091e-05 -4.8017165285e-06 -4.7306189225e-06  2.2673171231e-05 -9.1854316565e-06  1.8778368982e-06 -2.6275483690e-05  9.8737366573e-07 -2.8295153300e-06  1.7040527495e-05

JOB 12
COORDS  3.4122308762e-01 -5.2770511534e-01  9.6066828564e-01 -3.9094168511e-01 -1.5992133337e+00  1.4698280279e+00  1.3750316305e+00  1.3353892722e-02  1.7279834818e+00  1.6188338357e+00 -5.2031832302e-01  3.0116454377e+00  7.9573623982e-01 -1.5781056591e+00  3.4440019860e+00  2.2165877986e+00  1.0975750435e+00  1.1176471610e+00  8.7491387747e-01 -2.2947805903e+00  4.7980173255e+00 -1.6603438502e-01 -2.1045801416e+00  2.6804413323e+00  3.4141623564e+00  1.2237919337e+00  1.2440001768e+00  1.4634373742e+00  1.9205223743e+00  3.4038181790e-01  1.4281370084e+00 -3.5214126381e+00  4.6302287558e+00  1.6007311615e+00 -1.6540517610e+00  5.7325581529e+00 -3.6087594351e-01 -2.4707311596e+00  5.3058906755e+00  2.8849970142e+00  1.4587022243e-01  3.9991309691e+00  1.2469226255e-01 -1.2255848860e-01 -2.1543203136e-02 -1.1861270993e+00 -2.0616745498e+00  8.8951186532e-01  2.0827459493e+00  2.5652953646e+00 -5.4072242503e-02
ENERGY -1.233605524009e+03
GRADIENT  8.8004281693e-06  4.6417382660e-05 -3.6392537759e-05 -1.6381665575e-05  2.5903651029e-06 -7.6061891529e-07 -1.4383086149e-04 -4.0325083289e-05 -2.2392777377e-05 -5.6213869252e-04  6.7871967355e-04  4.6044513156e-04  1.2808712967e-03 -1.1665982707e-03 -7.0140989969e-04  1.6484599643e-05 -7.6929941564e-05  6.9455110243e-05 -1.3553513436e-03  9.6768903623e-04  6.1757868968e-04  8.0817407416e-06 -4.8398597615e-06 -1.6880301307e-05 -1.0725430313e-05  1.0132891495e-04 -8.1442889392e-05  4.0297236396e-05 -5.7645799233e-05  5.7224208521e-05 -1.3890629829e-05 -1.5712708037e-05 -2.1291140110e-05  7.6176558801e-04 -4.1364797153e-04 -2.6906184130e-04 -2.0927411383e-05  1.6615395167e-05 -1.5556635410e-05 -2.5700478180e-06  1.4400617030e-05  7.9806161480e-05  6.2433017108e-07 -2.4772634986e-06 -1.4959451467e-05  1.4157029497e-05 -1.4968670594e-06 -1.0992116377e-05  9.2683651960e-08  4.5382862886e-06  6.1061050300e-06

JOB 13
COORDS  3.2327855268e-01 -5.0289509091e-01  9.7220778918e-01 -4.2343901619e-01 -1.5662139248e+00  1.4738214568e+00  1.3880502050e+00 -4.2086505164e-04  1.7267525950e+00  1.6417325734e+00 -5.6731756986e-01  2.9925167105e+00  7.9167345694e-01 -1.6048093329e+00  3.4271174084e+00  2.2403351880e+00  1.0793222100e+00  1.1239508709e+00  8.8971211648e-01 -2.2928310069e+00  4.7946989941e+00 -1.9634588171e-01 -2.0938720175e+00  2.6767333256e+00  3.4333403712e+00  1.2164024003e+00  1.2801551899e+00  1.5031016193e+00  1.8915239933e+00  3.1941157587e-01  1.7245492078e+00 -3.3626483513e+00  4.7126380826e+00  1.3658037150e+00 -1.4924106828e+00  5.7698768686e+00 -3.0948147951e-01 -2.7419406904e+00  5.1951117145e+00  2.9735265165e+00 -1.1369124424e-02  3.9591648444e+00  9.6721204609e-02 -7.3723113979e-02  2.7664368124e-03 -1.2368871012e+00 -2.0017362638e+00  8.9810159868e-01  2.1298198154e+00  2.5357532860e+00 -6.3743079181e-02
ENERGY -1.233606631700e+03
GRADIENT  1.7140126203e-05 -9.4859991166e-05  1.5394179872e-04 -8.5513743863e-05 -4.5780180088e-05 -1.4187446657e-04  5.9326442897e-05  2.8736786613e-05 -4.2611192005e-05 -1.7595913685e-03  1.9718140595e-03  1.1282675578e-03  3.4955898544e-03 -3.1401333212e-03 -1.8730393703e-03  8.7205670205e-06  2.7231360346e-05  7.3926176054e-06 -4.5988815359e-03  2.2176597523e-03  1.4243373383e-03  5.7546019134e-05  1.4415702901e-06  6.2131264122e-06 -5.9117211947e-07 -1.8092819157e-06 -1.4402842593e-06 -1.8665886302e-05  2.3299172296e-05 -1.7412663643e-05  1.4488634713e-04 -2.1022825198e-04 -2.9575143256e-05  2.4745499332e-03 -7.9456342797e-04 -5.9629510241e-04  1.9883089343e-04  9.4319578018e-05 -5.6861514486e-05  6.0228880137e-06 -2.4958954050e-05  2.1120466548e-05 -6.9862723988e-06  5.4140948507e-06  1.9615907749e-05 -1.5995029756e-05  5.3397500148e-08  4.4310393543e-06 -5.6186020713e-06  2.5941992892e-06  3.2028951016e-07

JOB 14
COORDS  2.7708375012e-01 -4.2685950519e-01  1.0029427915e+00 -4.8570406697e-01 -1.4769645459e+00  1.5058105346e+00  1.3631569939e+00  4.9748046189e-02  1.7469807351e+00  1.6205185183e+00 -5.3767846134e-01  3.0008612973e+00  7.6084408647e-01 -1.5691700292e+00  3.4328248999e+00  2.2248724985e+00  1.1249531956e+00  1.1511864733e+00  9.0177116071e-01 -2.2411597146e+00  4.8029095404e+00 -2.5137216684e-01 -2.0274119107e+00  2.6993497685e+00  3.4091631419e+00  1.2808227572e+00  1.3514309766e+00  1.5109198655e+00  1.9125415172e+00  3.0177503252e-01  1.9692883050e+00 -3.0818708611e+00  4.8095018634e+00  1.0953866796e+00 -1.3438425202e+00  5.7961553751e+00 -1.8403099627e-01 -2.9599719069e+00  5.1135221781e+00  2.9592847812e+00 -2.7458015553e-02  3.9806488961e+00  4.5886324114e-02  1.5104251485e-02  4.0549828074e-02 -1.3192158133e+00 -1.8854314250e+00  9.3915615578e-01  2.1456266922e+00  2.5563856538e+00 -6.8378235776e-02
ENERGY -1.233608428055e+03
GRADIENT -1.3231974033e-05 -1.9792157261e-05 -4.4014077451e-05  2.1404970965e-05  3.6845918165e-05  1.4741002654e-05  1.5678429258e-04 -5.6865473040e-05  1.0251101817e-04 -1.7942382498e-03  1.9598558138e-03  1.1962041312e-03  3.4914137622e-03 -3.0257200897e-03 -1.8894921923e-03 -4.4149655040e-05  2.1689408259e-04 -1.6871968671e-04 -4.5379904597e-03  1.2049463000e-03  1.0544810775e-03 -2.7242409767e-05 -4.1860115281e-06 -1.5447958886e-05  4.9514771621e-06 -2.1042738930e-04  2.0618688547e-04 -1.1569338494e-04  9.0113594694e-05 -1.1310754193e-04  5.2535754957e-05 -4.3706748588e-05  5.7827067494e-06  2.6763882593e-03 -1.2321781136e-04 -3.4664063191e-04  9.6195766421e-05  1.0908752958e-04  1.5100673569e-06 -1.1398905153e-05  7.3722059611e-06 -1.6365169400e-05  2.1665651857e-06  1.4496301735e-08  8.6913818988e-06  6.2403389852e-06  1.1485369701e-06 -6.5401250667e-07 -3.9722611076e-06 -6.3926608774e-06  8.0047684856e-06

JOB 15
COORDS  2.5736928745e-01 -4.1511056927e-01  1.0186916811e+00 -5.3417667488e-01 -1.4343839482e+00  1.5401026806e+00  1.3659540912e+00  3.5005386640e-02  1.7464411227e+00  1.6200941660e+00 -5.5331756790e-01  2.9994600525e+00  7.4706021098e-01 -1.5692907451e+00  3.4401480005e+00  2.2519540787e+00  1.0827244477e+00  1.1388771548e+00  9.3152133819e-01 -2.2618768248e+00  4.7936263047e+00 -2.9112320223e-01 -1.9979826315e+00  2.7267154479e+00  3.4407997772e+00  1.2079525813e+00  1.3338829540e+00  1.5561214610e+00  1.8823668446e+00  2.8612944355e-01  2.1380752306e+00 -2.8743578312e+00  4.8700609110e+00  8.6020242878e-01 -1.3722215631e+00  5.8140412878e+00 -7.4427316272e-03 -3.1934995745e+00  5.0038390369e+00  2.9362762975e+00 -2.7465969083e-02  4.0009740555e+00  2.8140907888e-02  2.6735122728e-02  5.5734159914e-02 -1.3942842116e+00 -1.8115474571e+00  9.9177702981e-01  2.2061940903e+00  2.5061247240e+00 -9.1702246519e-02
ENERGY -1.233609409276e+03
GRADIENT  6.5455592045e-05 -3.5391502387e-05  1.2454147868e-04 -2.0705561308e-04 -1.9188711672e-05 -1.6458075962e-04  1.3963966852e-04  2.5268160493e-05  6.2758805965e-05 -2.2330067101e-04  1.3760521689e-04 -4.2737875780e-05  4.4288908331e-04 -1.1037864132e-04  2.2877980372e-06 -7.8786868173e-06  1.3533791485e-04 -1.0412893511e-04 -3.9747586110e-04  1.1219301945e-05  8.0925378914e-05  1.7289491756e-04  3.1227699061e-05  2.1788641834e-05 -1.0556369056e-05 -1.3348126068e-04  1.1922242551e-04 -7.4915574953e-05  5.2145919801e-05 -3.9564324560e-05 -1.4956823122e-04  1.0228627230e-04 -1.8038212721e-06  3.1898531872e-04  7.8840697694e-05 -2.6124304800e-05 -8.6354013415e-05 -1.9216908309e-04  1.4015032545e-05 -1.8628100087e-05  2.1752729876e-05 -5.7663397799e-05  8.6564665133e-06 -2.4339519501e-05  8.8808993571e-06 -1.0826638438e-05 -5.3631432580e-07 -3.6142540107e-05  2.1369795074e-06 -5.3296626044e-06  5.6576933219e-06

JOB 16
COORDS  2.4088578374e-01 -3.8457184398e-01  1.0164912362e+00 -5.7124018433e-01 -1.3751142562e+00  1.5624425861e+00  1.3655471859e+00  4.8245993150e-02  1.7283419358e+00  1.6200655746e+00 -5.3065802884e-01  2.9860769598e+00  7.4127926447e-01 -1.5350605445e+00  3.4397540599e+00  2.2700313312e+00  1.0682928172e+00  1.1013059530e+00  9.4364390483e-01 -2.2600312724e+00  4.7744891741e+00 -3.1818523993e-01 -1.9426537100e+00  2.7441821572e+00  3.4675281212e+00  1.1486767932e+00  1.2641281913e+00  1.5800949148e+00  1.8950791313e+00  2.7059248932e-01  2.2247771408e+00 -2.6484102221e+00  4.9583369958e+00  5.9680753513e-01 -1.4576200468e+00  5.8128404952e+00  1.8037500234e-01 -3.3605234570e+00  4.8488779240e+00  2.9119173806e+00  4.1704698667e-02  3.9955503035e+00  1.1580578261e-02  5.1105035937e-02  5.0606334241e-02 -1.4535418384e+00 -1.7293438901e+00  1.0344724484e+00  2.2408862518e+00  2.4965545209e+00 -1.2454418295e-01
ENERGY -1.233608705384e+03
GRADIENT  2.4831958762e-05 -1.6678429849e-05 -5.9592689275e-05  7.7084204822e-05  3.5853495508e-05  7.1864393909e-05  4.3837743899e-05 -1.1178247423e-05  4.9684485728e-06  1.2576972351e-03 -1.6638230173e-03 -1.1057974922e-03 -2.6808864627e-03  2.2086590541e-03  1.6105601792e-03 -2.7183778173e-06  8.8039214087e-05 -8.3868047486e-05  3.4783607673e-03  2.5903061697e-04 -4.3866525367e-04  6.3084041382e-06 -3.4519883478e-05 -8.8395451305e-06 -4.5710982869e-06 -9.3393291631e-05  1.6377472522e-05 -2.5679736600e-05  4.7716367962e-05  1.5081062590e-05  4.8881754464e-06 -2.0002912342e-05 -1.4216870107e-05 -2.1377871208e-03 -8.3486717049e-04 -9.2993023906e-05 -4.2296555751e-06  4.0275510784e-05  4.2826975840e-05  3.2406812328e-06 -5.9271886812e-07 -1.2685468796e-05  3.6807524627e-06  6.3010596898e-06 -6.4753302968e-06  1.2256317878e-05 -3.9364074363e-06  6.6569519168e-06 -2.3255253578e-06  4.3843163583e-06 -9.2932185446e-06

JOB 17
COORDS  2.3004896904e-01 -3.6420959457e-01  1.0300771095e+00 -5.9213851650e-01 -1.3326404305e+00  1.6019907668e+00  1.3775904871e+00  4.6281645792e-02  1.7156744650e+00  1.6489433350e+00 -5.2881044438e-01  2.9735981829e+00  7.6808328604e-01 -1.5217290783e+00  3.4461638116e+00  2.2915724018e+00  1.0397501052e+00  1.0595608199e+00  9.5482195402e-01 -2.2774931608e+00  4.7675849754e+00 -3.1868529102e-01 -1.9042943625e+00  2.7751349476e+00  3.4958588025e+00  1.0841401390e+00  1.1805650733e+00  1.5995284957e+00  1.8863948023e+00  2.5117358788e-01  2.2464851349e+00 -2.4461120357e+00  5.1134732715e+00  3.3294409758e-01 -1.6186566302e+00  5.7781443437e+00  4.0570104020e-01 -3.5025590036e+00  4.6922389496e+00  2.9572852065e+00  6.4144692773e-02  3.9512749212e+00 -1.0293090620e-02  7.1161447499e-02  6.6714672624e-02 -1.4985186819e+00 -1.6645575702e+00  1.1008904538e+00  2.2646071347e+00  2.4668217216e+00 -1.6759792313e-01
ENERGY -1.233607095657e+03
GRADIENT -1.6892268477e-04  9.4573907897e-05 -2.2613288972e-04  3.0982514079e-04  6.0436884836e-05  8.0273655238e-05 -9.8759014208e-05  4.1210460203e-05  1.1001711680e-05  1.3677793775e-03 -1.8842704911e-03 -1.3363712003e-03 -2.8633982527e-03  2.4046236740e-03  1.8776505786e-03 -1.6090640294e-05 -1.9944926353e-04  9.0971117921e-05  3.4465456645e-03  9.1143007004e-04  4.9004959373e-05 -4.2002606372e-05 -1.1515007295e-04  5.2577111002e-05  2.1974633206e-05  1.7798720627e-04 -1.2338095771e-04  1.2144050037e-04 -7.9530250032e-05  8.5774047839e-05  5.1489918358e-05 -6.6092012726e-05 -6.4167805201e-05 -2.1031771599e-03 -1.3195890502e-03 -5.0584986661e-04  5.5111401195e-05 -5.7663193128e-05 -2.7371870114e-05 -2.0920808246e-05 -4.2294687608e-05 -3.4372791780e-05  2.5107945810e-05  2.2977787460e-05 -3.7404195408e-05 -1.6485851914e-05  4.2457384010e-05  5.1628283311e-05 -1.3138219763e-06  5.1665961102e-06 -1.7890546456e-05

JOB 18
COORDS  2.1682158666e-01 -3.4965215755e-01  1.0454584539e+00 -6.0855071890e-01 -1.3103531146e+00  1.6284503100e+00  1.3857238264e+00  3.3512715909e-02  1.7067424441e+00  1.6784961241e+00 -5.5255662725e-01  2.9567381645e+00  7.8802544300e-01 -1.5269977392e+00  3.4461585569e+00  2.3033159242e+00  1.0093460872e+00  1.0280663957e+00  9.3472386448e-01 -2.3013606417e+00  4.7620686967e+00 -3.2047179787e-01 -1.8868305690e+00  2.7932297318e+00  3.5134506674e+00  9.8921963908e-01  1.0688316093e+00  1.6022316111e+00  1.9175704503e+00  2.9855867355e-01  2.1645498342e+00 -2.2552611174e+00  5.3053204079e+00  6.1433777212e-02 -1.8188675572e+00  5.6801285129e+00  6.3834202931e-01 -3.6022048160e+00  4.5677608609e+00  3.0432088825e+00  8.0132796851e-03  3.8763493212e+00 -3.8544104366e-02  9.8061641700e-02  9.1546171055e-02 -1.5286138034e+00 -1.6279980860e+00  1.1431126452e+00  2.2656907516e+00  2.4818267947e+00 -1.4441250914e-01
ENERGY -1.233605849893e+03
GRADIENT  6.0116454778e-05 -3.5285618212e-06  3.2431534199e-06  2.9833510205e-05 -4.4558450299e-05  9.8092539664e-05  5.2228454123e-05  7.7156161557e-05 -7.5698806601e-05  6.3799564012e-04 -1.0866341476e-03 -6.9680070500e-04 -1.3971768079e-03  1.4920684613e-03  1.0442131034e-03 -2.1749997241e-06  2.2321737461e-06  3.4393403359e-05  1.6136681813e-03  4.7304172981e-04  1.4447734885e-04 -4.6361100104e-05 -2.6669997996e-05 -3.9383419429e-05  1.1357362489e-05  2.4499362106e-05 -5.9579212929e-06  8.8197119899e-06  2.1266024950e-05 -2.0510286508e-05 -6.6917639725e-05  4.8253862468e-05  1.2564933408e-05 -9.3121217908e-04 -7.8549594271e-04 -3.7832605853e-04  2.0298638772e-05 -5.3438757563e-05  5.0577306179e-06 -1.8880897733e-05 -6.8442004176e-05 -6.1940608414e-05 -9.5879157788e-06  1.8055791794e-05  2.4491807839e-05  1.2735752142e-05 -2.2354639468e-05 -1.3823495953e-05  1.3704935949e-06  7.2519593703e-07  1.2188366188e-06

JOB 19
COORDS  2.0555854635e-01 -3.3096309173e-01  1.0678350209e+00 -6.1732893982e-01 -1.2824994228e+00  1.6696282606e+00  1.3984827760e+00  2.9730222214e-02  1.6970540440e+00  1.7165912165e+00 -5.6081815974e-01  2.9397531174e+00  8.1290303804e-01 -1.5053333439e+00  3.4618848877e+00  2.3142260617e+00  9.8552909519e-01  9.8727679219e-01  9.4929340906e-01 -2.2779334361e+00  4.7798138378e+00 -3.1395094020e-01 -1.8534591486e+00  2.8323196558e+00  3.5238592298e+00  9.3179468986e-01  9.7432342825e-01  1.6075125436e+00  1.9195380151e+00  2.9671458696e-01  2.0699474808e+00 -2.0215722520e+00  5.4777254437e+00 -9.9613262749e-02 -1.9969305429e+00  5.5863813994e+00  9.2867700652e-01 -3.6066354192e+00  4.5322862159e+00  3.1493241907e+00 -6.0704470762e-02  3.7884001515e+00 -6.7506416668e-02  1.2206715834e-01  1.2132845370e-01 -1.5492637134e+00 -1.5936173663e+00  1.2030629647e+00  2.2664171211e+00  2.4696033352e+00 -1.7030087987e-01
ENERGY -1.233605338799e+03
GRADIENT -5.4535397053e-05  4.3930624952e-05 -4.5574910648e-05  8.3546823651e-05  2.4552727699e-05  4.7249520858e-05 -3.8680126452e-05  4.5726154960e-05 -3.6124567186e-06  1.8618973817e-04 -2.3524610373e-04 -1.2203917723e-04 -3.0472901512e-04  2.6467069970e-04  1.9626244075e-04 -1.4249433638e-05 -1.1784889282e-04 -7.6444276323e-06  1.5834407443e-04  5.6145035692e-05 -8.1679267931e-06 -1.8290912392e-05 -5.1087885603e-05 -8.1759165103e-06  1.5082099638e-05  1.1764760173e-04 -8.0025045116e-06  3.7148941562e-05 -4.0276934645e-06 -5.7750356354e-06  1.6567261341e-04  1.8684439632e-05  6.0748523780e-05 -1.4455475455e-04 -2.6474216946e-04 -1.5942583914e-04 -3.4092961846e-05  1.5417877169e-04  3.7340993787e-05 -2.2680097637e-05 -3.7620830454e-05  1.1059350795e-05  6.0788037684e-06  9.3550332615e-06 -2.3836557585e-06  1.1872455865e-05 -2.1550508275e-06  7.2333127717e-07 -1.3260574292e-06  8.6655339887e-06  4.8620483882e-06

JOB 20
COORDS  1.9234058862e-01 -2.9885488567e-01  1.0867822827e+00 -6.3936367430e-01 -1.2419272370e+00  1.6888492023e+00  1.4024671878e+00  2.9086737690e-02  1.7018265644e+00  1.7243382725e+00 -5.7966103614e-01  2.9339320487e+00  7.9572301568e-01 -1.4909059574e+00  3.4729012151e+00  2.3294003286e+00  9.6869350885e-01  9.8469607004e-01  9.3231454276e-01 -2.2499199805e+00  4.7988887213e+00 -3.4123847609e-01 -1.8171077844e+00  2.8514608610e+00  3.5360518700e+00  8.7812293910e-01  9.4131385383e-01  1.6342581705e+00  1.9348758030e+00  3.2734162660e-01  1.8898469096e+00 -1.7792862659e+00  5.6196630925e+00 -2.2874539971e-01 -2.2015545627e+00  5.4827642988e+00  1.2130694213e+00 -3.5523311749e+00  4.5537561228e+00  3.2138944265e+00 -1.7599080794e-01  3.7340196316e+00 -8.4132316617e-02  1.6870289762e-01  1.4832642923e-01 -1.5770403994e+00 -1.5399335926e+00  1.2252929231e+00  2.2976744582e+00  2.4733278629e+00 -1.4679612343e-01
ENERGY -1.233605493020e+03
GRADIENT -6.4459365984e-05  6.1568704011e-05 -1.7043241768e-04  2.1218202761e-04  6.1379320122e-05  1.4767397925e-04  1.1442272026e-04 -6.7027615188e-05  6.6048692025e-05 -5.1025894500e-04  7.0492545423e-04  5.1860035676e-04  7.6182352923e-04 -1.1322239027e-03 -6.8290689515e-04 -2.6567324741e-05  1.9212532658e-04 -1.0618094913e-04 -6.5348104319e-04 -4.1846877309e-04 -1.6324566546e-04 -7.5826076609e-05 -2.7568803168e-05  4.6702045898e-05 -5.1574884257e-06 -1.6860731119e-04  1.4803515117e-04 -8.2848855334e-05  8.6020193329e-05 -5.6945523112e-05  1.6170825282e-04  6.0877313442e-05  1.3529291093e-05  2.7999533714e-04  6.4083983687e-04  3.0548583641e-04 -5.7793550326e-05  5.9762275954e-05 -1.0161221746e-05 -5.3336397236e-05 -2.1709775968e-05  1.7899608135e-05  2.0331947140e-05  3.9151689954e-06 -9.4782165996e-06  2.6762792923e-05 -6.6140461808e-06  1.1354899949e-05  1.1443374455e-08 -2.3496784550e-06  1.7699701341e-05

JOB 21
COORDS  1.6115963824e-01 -2.8218315370e-01  1.0879901081e+00 -6.8463394114e-01 -1.2109505542e+00  1.6898466639e+00  1.3966476908e+00 -7.3370391050e-04  1.6792404962e+00  1.7231159742e+00 -6.4097215013e-01  2.8921522122e+00  7.7083152446e-01 -1.5217277554e+00  3.4442821429e+00  2.3354495096e+00  9.2461925083e-01  9.5940852687e-01  9.3584633885e-01 -2.2491904095e+00  4.7848179101e+00 -3.8577515014e-01 -1.8062740919e+00  2.8444259449e+00  3.5424813441e+00  8.3269634808e-01  9.2756036368e-01  1.6504405407e+00  1.8878796783e+00  2.8650031196e-01  1.6736520961e+00 -1.5575143713e+00  5.6795892921e+00 -2.5995038001e-01 -2.4628227839e+00  5.3592737972e+00  1.5359089264e+00 -3.4506994829e+00  4.6021758183e+00  3.2599589086e+00 -3.6157258916e-01  3.6522433433e+00 -1.2126103655e-01  2.0888573087e-01  1.6358096169e-01 -1.6373696148e+00 -1.4776649329e+00  1.2381957560e+00  2.3210625311e+00  2.4189917621e+00 -1.8557532526e-01
ENERGY -1.233606594452e+03
GRADIENT  1.8479479609e-05 -5.0946808585e-05  1.9024472147e-04 -8.4849717155e-05 -8.3211136962e-05 -1.0270346803e-04 -1.1573544036e-05  9.5789461505e-05 -7.4980392411e-05 -1.2589046621e-03  2.1932274835e-03  1.4703453945e-03  1.7905697462e-03 -2.5915949826e-03 -1.6936651334e-03  4.4177075190e-05 -4.0883354898e-05  5.7940354282e-05 -9.2641803337e-04 -1.8881925245e-03 -9.2123414412e-04  8.0585962403e-05 -1.5158233045e-05 -5.7313474997e-05 -9.9240018406e-06  9.1661246358e-05 -1.2128672231e-04  5.5566639265e-05 -4.4216395138e-05  4.1252417573e-05  1.3754571611e-04  4.8638588665e-05  1.1162420625e-05  2.2554240449e-04  2.3212583920e-03  1.1366838574e-03 -3.2320770250e-05  1.9836387369e-05  9.4459230971e-06  1.3102509496e-05 -7.5062841187e-06  4.7464279034e-05  1.1535198367e-05 -2.0318355393e-05 -5.8371568034e-06 -3.2126149563e-05  3.2804069557e-05  3.1461974091e-05 -6.3777847383e-06  1.0297273672e-05 -8.6936099129e-06

JOB 22
COORDS  1.5099802165e-01 -2.8952242064e-01  1.1200538633e+00 -7.2093845202e-01 -1.1897738009e+00  1.7255744088e+00  1.4088237995e+00 -6.1987730279e-02  1.6915857035e+00  1.7283639019e+00 -7.3597686859e-01  2.8862376326e+00  7.5465803909e-01 -1.5943060690e+00  3.4383702356e+00  2.3675343049e+00  8.4748579217e-01  9.7935906599e-01  9.6022495173e-01 -2.3254625214e+00  4.7697408001e+00 -4.2542264676e-01 -1.8198095082e+00  2.8650087712e+00  3.5759900436e+00  7.6913200902e-01  1.0020764494e+00  1.7043215440e+00  1.7844893565e+00  2.4878321070e-01  1.4558690160e+00 -1.5025367863e+00  5.7247959519e+00 -1.9593000679e-01 -2.8116498275e+00  5.2426072553e+00  1.8261288394e+00 -3.3581376730e+00  4.6298059592e+00  3.2731682778e+00 -5.3834812425e-01  3.6525087944e+00 -1.2906440231e-01  2.2530647418e-01  2.0821431109e-01 -1.6933254311e+00 -1.4072262724e+00  1.2898452251e+00  2.3913761841e+00  2.3075875997e+00 -2.0806114610e-01
ENERGY -1.233608421476e+03
GRADIENT -9.1175655400e-06 -4.8220118794e-05  3.2029066191e-05 -1.6445110255e-05  2.7150993356e-05 -1.7299647569e-05  8.1870645886e-05  1.3562659951e-05 -8.0946074483e-06 -1.1790474461e-03  2.2551131697e-03  1.4190350129e-03  1.5660502225e-03 -2.5983695486e-03 -1.6979408321e-03 -1.5377611982e-05  5.7956386218e-05 -5.6842499488e-05  1.4233707930e-05 -2.0954935348e-03 -1.1836690509e-03  8.0870020309e-06  4.4831545811e-07  4.7460374574e-06  6.7546072046e-06 -3.1607327020e-05  5.9620688225e-05 -2.7987551432e-05  4.6391708260e-05 -4.0563317227e-05  5.3127209053e-05  8.9459595083e-05  6.5427567655e-05 -3.9539451722e-04  2.3527543752e-03  1.3619951029e-03 -8.8203828282e-05  8.6160070224e-05  3.8599952958e-05 -1.6797563660e-05 -1.1029054973e-05  1.1315409914e-05  1.5592417900e-06  6.8147102186e-06  1.1506024271e-05  5.5018375384e-06 -9.6492887472e-06 -6.0461245677e-06 -3.9616368505e-06  5.9770646390e-06 -4.7536588143e-07

JOB 23
COORDS  1.2756338645e-01 -2.6681606000e-01  1.1368334891e+00 -7.6480910390e-01 -1.1296084186e+00  1.7666514824e+00  1.3969376321e+00 -6.5729440302e-02  1.6931165226e+00  1.7088246921e+00 -7.3426488045e-01  2.8918288215e+00  7.2610498699e-01 -1.5754788033e+00  3.4533533162e+00  2.3746124547e+00  8.0939513958e-01  9.6485099590e-01  9.6502152848e-01 -2.3340464920e+00  4.7621785327e+00 -4.6891643995e-01 -1.7695045085e+00  2.9013279509e+00  3.5803899969e+00  6.9562065580e-01  9.8037493766e-01  1.7335172339e+00  1.7569922718e+00  2.2879412633e-01  1.2177284914e+00 -1.4797614475e+00  5.7846074576e+00 -9.9423965553e-02 -3.0698461710e+00  5.1072120334e+00  2.0245145026e+00 -3.1721573845e+00  4.6581964905e+00  3.2340754751e+00 -5.0880132537e-01  3.6884761560e+00 -1.4776032626e-01  2.4355367721e-01  2.2097268389e-01 -1.7528921766e+00 -1.3133606286e+00  1.3512346784e+00  2.4316901845e+00  2.2551076455e+00 -2.3904422661e-01
ENERGY -1.233609409437e+03
GRADIENT -2.2387129366e-05 -1.1680438126e-05 -5.7517074277e-05  1.4329954561e-04  1.8109596501e-05  8.7121790742e-05  5.1917730366e-05  9.9086617190e-05 -5.5926166555e-05 -2.3741081851e-04  1.9849854166e-04  8.6882047209e-05  1.5591737487e-04 -3.0647446984e-04 -1.3879637296e-04 -1.3662533539e-05 -3.6362253231e-05 -1.3942954351e-06  3.9437196425e-05 -2.6329233892e-04 -1.8705956295e-04 -1.5056286248e-05 -2.5511739588e-05  4.7572456574e-05  8.0837104725e-06  5.1918388004e-05 -3.8483644777e-05  4.9376245463e-05  1.2703367898e-05  1.3757899578e-05  7.3940301875e-05  1.3142456524e-04  1.0389651560e-04 -4.4823823036e-05  1.1741571078e-04  1.0309928717e-04 -1.7415174492e-04  7.6716672638e-05  3.0707637781e-05 -6.2995730700e-05 -1.3477105545e-06 -1.8489141187e-05  1.2481946678e-05  1.5966620644e-05  6.5728525260e-08  1.1219895236e-05 -9.6315491541e-06  5.2810105681e-06 -4.9343066341e-07  1.5318724702e-05 -9.0083942383e-06

