JOB 0
COORDS  1.0314491649e+00 -4.7510418069e-01 -1.9055842791e+00  1.6368997744e-01 -8.3941421835e-01 -6.5399595282e-01  1.7914444991e+00  5.2715297206e-01 -1.7783167502e+00  8.8531353376e-01 -1.2466792253e+00 -2.8973526992e+00 -8.5184623182e-01 -1.1218718879e+00 -9.5897697774e-01  1.2196162457e-01 -1.3532188329e-02  6.5744378969e-02  6.0533752441e-01 -1.7130570391e+00 -1.5432613222e-01
ENERGY -2.285660827784e+02
GRADIENT -1.1668080008e-05  8.8284705270e-06  2.4251414631e-05  4.2912276176e-05 -1.6237539330e-05  3.1138825530e-05 -5.8521633347e-06  4.0608864727e-06  3.2932720917e-06 -3.0070342797e-06  1.8356559929e-05 -2.1571837658e-05 -7.7142548883e-06 -1.4801451468e-06 -7.6835428766e-06 -3.5722080938e-05  1.4361920686e-07 -4.6937636219e-08 -1.0587699644e-05 -3.3905370704e-06 -1.2039764178e-05

JOB 1
COORDS  1.0197851302e+00 -4.7115683778e-01 -1.9089401291e+00  1.5365573905e-01 -8.4267408625e-01 -6.5837446915e-01  1.8966411666e+00  4.1908806998e-01 -1.7137392171e+00  7.6398589499e-01 -1.1236506688e+00 -2.9615534900e+00 -8.2303542289e-01 -1.2437484790e+00 -9.5443416782e-01  2.1912812104e-02  2.2816794589e-02  2.3005811322e-03  6.7593689068e-01 -1.6210148070e+00 -8.3948872118e-02
ENERGY -2.285660757650e+02
GRADIENT -1.6542471339e-05 -1.1520071677e-06  1.5478053580e-05 -2.7242543247e-05 -2.1465623846e-06  4.0618657047e-06 -1.2222185489e-05  9.0755498180e-06 -4.7455093470e-06 -8.9869682765e-06  1.2823331628e-06 -2.0211348860e-05  1.2034802743e-05  9.5628920011e-06  6.6518250414e-07  2.7334465029e-06 -1.6361801267e-06  1.5970240957e-05  9.7577924942e-06  4.4883552061e-06  5.6883466202e-06

JOB 2
COORDS  1.0234290377e+00 -4.7547734044e-01 -1.9119557765e+00  1.5440395828e-01 -8.5139801890e-01 -6.6467214113e-01  1.9943583035e+00  2.9786814519e-01 -1.6676810321e+00  6.7302544879e-01 -9.9581116305e-01 -3.0094975506e+00 -7.7828918417e-01 -1.3500155181e+00 -9.5288792321e-01 -6.9755339542e-02  4.4766167532e-02 -7.2054454853e-02  7.2858455695e-01 -1.5286481258e+00 -1.7052876995e-02
ENERGY -2.285660849833e+02
GRADIENT -9.4371224966e-06 -1.2842000879e-05 -9.8235269298e-06 -2.8489951387e-05  1.5375943948e-05  2.3781885272e-07 -2.3438036120e-05  2.2964073022e-06  2.3328567535e-06 -2.2463806769e-05 -1.7986101088e-05 -1.9644081627e-05  2.1927660390e-05  1.5601857205e-05  6.1030416700e-06  1.4385368815e-05  1.2345572708e-06  1.8430514359e-05  1.5125936126e-05 -3.1699016154e-06  1.8490477666e-05

JOB 3
COORDS  1.0311751253e+00 -4.7632369026e-01 -1.9114992820e+00  1.5847978008e-01 -8.6105815562e-01 -6.6943551202e-01  2.0782879982e+00  1.7858328839e-01 -1.6369829611e+00  5.9798496454e-01 -8.5515357219e-01 -3.0369293560e+00 -7.2443127952e-01 -1.4452221970e+00 -9.5340014009e-01 -1.6303779854e-01  5.1017033802e-02 -1.4871735874e-01  7.6281385260e-01 -1.4374209532e+00  4.3798572679e-02
ENERGY -2.285660855684e+02
GRADIENT  1.0498147215e-05 -4.4771005171e-05  1.7618787629e-06 -3.8766368430e-05  1.9937550584e-05 -6.4493104385e-06 -2.2771227051e-05  2.2747469323e-07 -1.2414464170e-05 -3.0070971861e-05 -2.3784403694e-06 -1.3834119482e-05  1.9529870263e-05  6.2292793902e-06  1.5650203226e-05  1.5044693107e-05  1.9438586379e-06  1.7032003561e-05  1.7412429359e-05  1.5469646365e-06  2.2657723020e-05

JOB 4
COORDS  1.0389445814e+00 -4.7337365019e-01 -1.9094228179e+00  1.6430415085e-01 -8.6698475810e-01 -6.7156833346e-01  2.1517427877e+00  5.7625512597e-02 -1.6265180943e+00  5.3084668044e-01 -7.0795935949e-01 -3.0430285496e+00 -6.6168929209e-01 -1.5310168596e+00 -9.5183499328e-01 -2.5783220619e-01  4.4953967157e-02 -2.2650670054e-01  7.8279800504e-01 -1.3442421441e+00  9.9116751845e-02
ENERGY -2.285660837364e+02
GRADIENT  1.1026722268e-05 -4.2865087831e-05 -1.4031273326e-06 -1.7007106086e-05  1.4566612991e-05 -5.1490485093e-07 -8.8888410011e-06 -6.1293594300e-06 -6.4588363775e-06 -2.3625063868e-05  1.0515185038e-06 -5.5161368348e-06  1.1476862085e-05 -9.5888307899e-07  1.2252492371e-05  6.3724781919e-06  1.1521546924e-06  6.3236382394e-06  8.4987929639e-06  4.4955453535e-06  1.4249728977e-05

JOB 5
COORDS  1.0435019860e+00 -4.6607770168e-01 -1.9074992489e+00  1.7074076354e-01 -8.6638644942e-01 -6.7050868827e-01  2.2140062404e+00 -6.9520469622e-02 -1.6390825714e+00  4.6813967691e-01 -5.5660630241e-01 -3.0300181139e+00 -5.8839104374e-01 -1.6093572070e+00 -9.4311518821e-01 -3.5343728655e-01  2.7093581936e-02 -3.0243759388e-01  7.9385822239e-01 -1.2461496937e+00  1.4821202116e-01
ENERGY -2.285660754878e+02
GRADIENT  1.2182501096e-06 -2.4200791998e-05  8.8012606061e-06 -2.5892631938e-05  2.2630179973e-06 -1.2079215640e-05  2.1092440419e-06 -1.0165842528e-05  9.3791692827e-07 -1.8548881853e-07 -8.7180014197e-06 -4.9098071204e-06  8.5241344920e-06 -1.1467013583e-06  6.2111496897e-06  8.8648712089e-06 -4.5365917951e-07  6.7503351759e-06  5.9820877606e-07 -8.4353490437e-07  1.6433888569e-05

JOB 6
COORDS  1.0366391266e+00 -4.5090746712e-01 -1.9195510434e+00  1.8575658955e-01 -8.5612918937e-01 -6.6896860857e-01  2.2560919412e+00 -1.9947293677e-01 -1.7004081107e+00  3.9300711057e-01 -4.0075345750e-01 -3.0074435871e+00 -4.9409707349e-01 -1.6809447214e+00 -9.1714551472e-01 -4.3845491629e-01 -2.6528383858e-03 -3.6906980485e-01  8.1974928664e-01 -1.1364980597e+00  1.8030174837e-01
ENERGY -2.285660829479e+02
GRADIENT -5.2118781890e-06  1.7638471766e-05  1.8400209820e-05  9.4751785898e-06 -4.2342392292e-06  8.2535697417e-06  4.8617211938e-06 -1.4635066580e-05  1.7063006221e-05  1.1668839216e-05 -2.1820624862e-05 -1.1523509708e-05 -1.0196327455e-05  1.8354126196e-07 -8.6836934592e-06 -4.7633513219e-07  7.6394823552e-07 -5.2031724232e-06 -1.7073718305e-05 -7.0851651059e-06  3.7248515466e-06

JOB 7
COORDS  1.0327017533e+00 -4.4685566996e-01 -1.9255565726e+00  1.9161111812e-01 -8.4782630699e-01 -6.6696094278e-01  2.2823094706e+00 -3.5881774132e-01 -1.7568413082e+00  3.5197133397e-01 -2.5414187397e-01 -2.9744634508e+00 -3.9412669035e-01 -1.7508229252e+00 -8.8507321861e-01 -5.2803851802e-01 -5.0768616951e-02 -4.3624758673e-01  8.2465527602e-01 -1.0277075449e+00  2.0959033533e-01
ENERGY -2.285660855625e+02
GRADIENT -3.4686261235e-06  1.9371065001e-05  2.1690876067e-05  3.4730543945e-05  4.4918754717e-06  3.1514160127e-05  6.6527190132e-06 -1.3548604536e-05  2.3351831966e-05  1.4862232345e-05 -8.6556307227e-06 -4.7253426634e-06 -2.1834822000e-05  5.8106779286e-07 -1.2372734178e-05 -1.7317100384e-05 -4.3046276815e-06 -2.1552779932e-05 -2.4544565290e-05 -1.0759472459e-05  2.3733675850e-07

JOB 8
COORDS  1.0654837711e+00 -4.4056334796e-01 -1.9043045333e+00  1.8452505709e-01 -8.6380877004e-01 -6.8079101014e-01  4.7635547263e-01 -3.9409514611e-01 -3.0218511612e+00  2.2698140247e+00 -1.7357011421e-01 -1.6237402537e+00 -1.2833547686e-02  1.9677467912e-02 -5.7639112446e-02  7.2361569076e-01 -1.5847833807e+00 -5.3090470999e-02 -7.7507188855e-01 -1.2890419609e+00 -9.9707657872e-01
ENERGY -2.285660845965e+02
GRADIENT -1.1401441681e-05 -7.4142997460e-06  5.6312675668e-06 -3.2198380636e-05 -3.2229513043e-05 -2.3143319734e-05 -1.3805915344e-05 -4.0604584165e-06 -5.4617968600e-08  8.2144963085e-07 -1.1724374382e-05 -1.4143764013e-05  1.2876646868e-05  4.1907690228e-06  1.2747071507e-05  2.1423263002e-05  2.1413209092e-05  1.5190586923e-05  2.8836216075e-06  3.6453828247e-06  1.8963818937e-05

JOB 9
COORDS  1.0680569048e+00 -4.5162537509e-01 -1.9024467463e+00  1.9125099730e-01 -8.7115873694e-01 -6.7471081403e-01  4.3411269620e-01 -2.4341168314e-01 -2.9766998798e+00  2.3063182470e+00 -3.4007640869e-01 -1.6707683513e+00 -1.1843373380e-01  3.4675365404e-02 -1.3422115279e-01  7.6082144828e-01 -1.4957084715e+00  2.4073013161e-02 -7.1732605169e-01 -1.3950608847e+00 -9.9505078333e-01
ENERGY -2.285660754954e+02
GRADIENT -4.7624302995e-06 -2.3144700981e-05  6.6304044668e-06 -2.6769261416e-05 -1.0586512907e-05 -8.6558495077e-06  4.2329493910e-06 -7.8746899985e-06 -2.4185584012e-06  5.0342118126e-06 -9.7537213777e-06 -3.9168269611e-06  5.0468664993e-06  1.1056112115e-06  7.4596111324e-06  5.5036192455e-06  6.7507333541e-06  5.9858464457e-06 -6.7411080951e-07 -9.8757226989e-07  1.0688448255e-05

JOB 10
COORDS  1.0727367716e+00 -4.4592196889e-01 -1.9015029379e+00  2.0023193534e-01 -8.6663078102e-01 -6.7107983430e-01  4.1553577357e-01 -8.2727330515e-02 -2.9195877113e+00  2.3249531886e+00 -4.9496236255e-01 -1.7346001629e+00 -2.2679350389e-01  3.4728235478e-02 -2.0947172031e-01  7.9182566941e-01 -1.3965277105e+00  8.4548651913e-02 -6.4159027649e-01 -1.4925013785e+00 -9.9341020233e-01
ENERGY -2.285660836998e+02
GRADIENT  1.1576451134e-05 -2.2552015015e-05  1.9174680558e-05 -2.7288142225e-05  3.7684622244e-05 -3.1280802747e-06 -6.7827226691e-08 -1.7535421389e-05  8.8755470692e-06  4.2138339453e-05 -4.0933076405e-06  1.0727586627e-05 -3.1280660425e-06 -1.1708998524e-05 -6.6744801360e-07 -1.0760375298e-05 -1.0576972022e-06 -1.8734480578e-05 -2.3107248953e-05 -9.5714608135e-06  3.2438296659e-06

JOB 11
COORDS  1.0720381733e+00 -4.4970625649e-01 -1.8998640503e+00  2.0242957567e-01 -8.6175816683e-01 -6.6441301374e-01  4.1918857128e-01  5.6365822624e-02 -2.8581976388e+00  2.3139387344e+00 -6.6530491511e-01 -1.8051694349e+00 -3.3423671295e-01  1.6386838947e-02 -2.8096264399e-01  8.0988020967e-01 -1.2945729030e+00  1.3879264410e-01 -5.5972498589e-01 -1.5889120461e+00 -9.7528401679e-01
ENERGY -2.285660854743e+02
GRADIENT  1.2482382077e-05  7.4819148785e-06  3.0344716169e-05 -2.9188056187e-05  3.4521967182e-05  4.4696592362e-07  1.4689802618e-05 -1.4144641441e-05  3.3978886671e-06  2.6858457509e-05 -1.8534872514e-05  1.2986225831e-05 -6.9036703600e-06 -9.4424342239e-06 -1.6752465858e-06 -1.4416817246e-05 -3.3686448412e-06 -7.2988406225e-06 -1.5867394577e-05 -1.0697035676e-05 -1.0432451538e-06

JOB 12
COORDS  1.0820486093e+00 -4.5577830327e-01 -1.8798816865e+00  1.8750046590e-01 -8.5259663656e-01 -6.5737600741e-01  4.8451804902e-01  1.9192391994e-01 -2.7874936066e+00  2.2849454970e+00 -8.4208604890e-01 -1.8339233361e+00 -4.4897934722e-01 -1.0280977758e-02 -3.5792218334e-01  7.8971274503e-01 -1.1873519483e+00  1.9528329958e-01 -4.8168130575e-01 -1.6724175579e+00 -9.5397464639e-01
ENERGY -2.285660836992e+02
GRADIENT  1.4323523633e-05 -1.9739653434e-06  2.7996090561e-05 -3.4274666774e-05 -1.5493990611e-05 -2.6863439546e-05  2.5276959004e-06  5.2818398834e-06  1.8908589436e-05  4.0131187014e-05 -1.5030081468e-05  7.1624617006e-06 -2.0520478658e-05  9.3629456351e-06  1.0897809635e-05 -8.0153913110e-06  1.6522158228e-05 -1.1149867354e-05 -2.9836064623e-07  8.8258515881e-06  8.1293261843e-06

JOB 13
COORDS  1.0761068088e+00 -4.5464330328e-01 -1.8879393959e+00  1.8532859119e-01 -8.4705551306e-01 -6.6129402862e-01  5.3663696163e-01  3.2706388805e-01 -2.7229030452e+00  2.2221425167e+00 -9.8860421682e-01 -1.9178909993e+00 -5.3789034381e-01 -5.7067966418e-02 -4.2575788039e-01  7.9974470797e-01 -1.0712831171e+00  2.1903925105e-01 -3.8153609311e-01 -1.7552919837e+00 -9.1097400383e-01
ENERGY -2.285660754952e+02
GRADIENT -2.5916657383e-07  1.1576643897e-05  2.1438039040e-05 -2.2415117671e-05  1.9437248530e-05  4.0375822292e-06  6.1748672449e-06  6.0407634594e-06  3.5276979868e-06  7.4589458460e-06  8.0158093165e-06  4.0702743522e-06 -1.5343908613e-06 -6.8285484240e-06  8.1004611739e-06  3.1592157375e-06 -1.0027278588e-05 -1.1393864191e-06  3.7948561554e-06 -7.2710240135e-06  3.8949329350e-06

JOB 14
COORDS  1.0741614007e+00 -4.5553832679e-01 -1.8850563708e+00  1.7280858088e-01 -8.4374414036e-01 -6.6478240574e-01  6.2508899243e-01  4.5488834927e-01 -2.6384482481e+00  2.1466237940e+00 -1.1190923751e+00 -1.9847225142e+00 -6.2324981131e-01 -1.0924637440e-01 -4.9599306176e-01  7.8203023272e-01 -9.4903240309e-01  2.4196698760e-01 -2.8914527619e-01 -1.8223501504e+00 -8.5647396935e-01
ENERGY -2.285660845962e+02
GRADIENT -1.0173953945e-05  3.5052571630e-06  9.9362786936e-06 -2.1028237194e-05  4.5388223261e-05  1.0033915836e-05 -1.2469940114e-05  6.1501879751e-06  4.0106229756e-06  4.9070629261e-06  1.7618190169e-05 -1.0473924761e-06 -1.2390298995e-07 -1.6701406961e-05  1.0087826919e-05  1.4164462870e-05 -3.0056908938e-05 -6.7327649031e-06  1.0027257115e-05 -1.4979113480e-05  4.6485429641e-06

JOB 15
COORDS  1.0700899340e+00 -4.5369802382e-01 -1.8839186932e+00  1.6551320917e-01 -8.4795662741e-01 -6.6795202780e-01  7.1522142480e-01  5.7015955198e-01 -2.5347019701e+00  2.0625606832e+00 -1.2157490466e+00 -2.0710499681e+00 -6.9309771449e-01 -1.7524147214e-01 -5.5985077656e-01  7.6034870271e-01 -8.2680601010e-01  2.5516689511e-01 -1.9237517034e-01 -1.8788643067e+00 -7.9128036310e-01
ENERGY -2.285660855625e+02
GRADIENT  5.4853706077e-07  1.6534618438e-05  2.4094023300e-05 -2.5982526219e-05  3.9296302564e-05  5.1986483503e-07 -2.6598603758e-05  5.3033816795e-06  6.0339458684e-06 -6.8324042636e-06  4.1827698220e-06 -1.5971084963e-05 -1.8014048725e-06 -2.4092171668e-05  1.1623605350e-05  1.5297421098e-05 -2.2895497061e-05 -4.9524419424e-06  1.3893066425e-05 -2.0034812353e-05  5.9463015251e-06

JOB 16
COORDS  1.0622922728e+00 -4.5101989606e-01 -1.8840224330e+00  1.6233912086e-01 -8.5777857587e-01 -6.6878838676e-01  7.9846252268e-01  6.6396138233e-01 -2.4183620097e+00  1.9693971726e+00 -1.2828976761e+00 -2.1763029189e+00 -7.5038085486e-01 -2.5260378397e-01 -6.1859589010e-01  7.2865536612e-01 -7.0929023964e-01  2.6139347744e-01 -9.6880455135e-02 -1.9227360381e+00 -7.2155445638e-01
ENERGY -2.285660829479e+02
GRADIENT  1.7866808310e-06  1.3074601392e-05  2.2446678036e-05 -1.0767185986e-05  7.4210437052e-06 -2.2095467796e-06 -2.2830830052e-05  1.1922091488e-06  2.5118534401e-06 -1.0871304625e-05 -8.3354888346e-06 -2.3615789569e-05 -3.3013728700e-06 -1.5238657268e-05  1.0598027601e-05  4.0759582759e-06 -1.7745518754e-06 -2.8550472329e-06  8.3320647046e-06 -1.0458514382e-05  8.0613340575e-07

JOB 17
COORDS  1.0418726977e+00 -4.5049587854e-01 -1.8863133408e+00  1.5971476278e-01 -8.7525458279e-01 -6.6423218337e-01  8.6140814800e-01  7.3085410714e-01 -2.3001129534e+00  1.8544329031e+00 -1.3267916912e+00 -2.3000009055e+00 -8.0128478766e-01 -3.4678954811e-01 -6.6614997374e-01  6.8532450125e-01 -6.0598225250e-01  2.6300692224e-01 -5.5605284148e-03 -1.9592761386e+00 -6.5073036980e-01
ENERGY -2.285660754875e+02
GRADIENT -2.3314722566e-05 -9.9706265687e-06 -4.4383112754e-06  1.5902269135e-05 -2.1925364946e-05  9.3792990193e-06 -8.3827385881e-06 -4.1151753561e-06 -4.6533722255e-06 -3.0065863482e-06 -6.9286159545e-06 -6.5130030725e-06 -1.1516251463e-05  5.8500066284e-06  1.0208189435e-05 -6.9352746914e-06  8.6299860648e-06 -1.3553092572e-06 -6.9875243655e-06  7.7956661622e-06 -1.7552038568e-06

JOB 18
COORDS  1.0390437227e+00 -4.5875545307e-01 -1.8875286381e+00  1.6156418348e-01 -8.8068115534e-01 -6.6106314870e-01  9.5927103081e-01  7.6385051564e-01 -2.2024666151e+00  1.7394670884e+00 -1.3736978717e+00 -2.4076663742e+00 -8.3643293567e-01 -4.2954807361e-01 -7.2994998707e-01  6.2480832753e-01 -4.9851298147e-01  2.5940602622e-01  7.4114069947e-02 -1.9703627460e+00 -5.7921167491e-01
ENERGY -2.285660837362e+02
GRADIENT -3.2369155580e-05 -1.7367120306e-05 -2.4725642776e-05  1.4924638962e-05 -4.1230565454e-06  1.6185308535e-05  2.0469946626e-06 -1.2450660348e-05 -9.8838489516e-07  1.0129694170e-05 -1.8553746964e-05  1.1850428443e-05 -8.2029123050e-06  1.3931515247e-05  5.8000244588e-06 -4.9008393961e-06  7.5860804110e-06  5.6766780288e-07 -1.1538658925e-05  1.2244354644e-05  4.4412895193e-07

JOB 19
COORDS  1.0402078962e+00 -4.6688771821e-01 -1.8851016736e+00  1.6582992161e-01 -8.8071930371e-01 -6.5362005723e-01  1.0705608539e+00  7.7679825972e-01 -2.1153873277e+00  1.6138562116e+00 -1.4080786866e+00 -2.5038470404e+00 -8.6179981306e-01 -5.1820103821e-01 -7.9027330752e-01  5.5484867275e-01 -3.9782550528e-01  2.5295596714e-01  1.5182727905e-01 -1.9668381573e+00 -5.0676906873e-01
ENERGY -2.285660855689e+02
GRADIENT -3.5711173384e-05 -1.7720726417e-05 -2.2984465274e-05  2.7960235819e-05 -1.9009257059e-05  2.8237461481e-05  1.3914256486e-05 -2.1058106034e-05  6.3609899303e-06  1.4772310902e-05 -2.8236827553e-05  9.0414039724e-06 -1.7983388123e-05  2.1749899214e-05  4.5689836425e-06 -1.3504078161e-05  1.8244318452e-05  2.4739082929e-06 -1.0614286450e-05  2.3516013322e-05  3.5333060166e-07

JOB 20
COORDS  1.0430160057e+00 -4.7220831248e-01 -1.8801316168e+00  1.7060841638e-01 -8.7635774750e-01 -6.4409419388e-01  1.1964947510e+00  7.7385806764e-01 -2.0357047493e+00  1.4769733991e+00 -1.4252281013e+00 -2.5883450342e+00 -8.7864917916e-01 -6.1811646103e-01 -8.4442912823e-01  4.7720877583e-01 -3.0580633466e-01  2.4191802814e-01  2.3273211339e-01 -1.9506041975e+00 -4.3495499782e-01
ENERGY -2.285660849808e+02
GRADIENT  1.9152504084e-06 -1.7113627474e-05 -6.5979465631e-06  1.8623987493e-05 -9.0753442381e-06  2.2821786415e-05  3.7598732599e-06 -1.2197036250e-05  2.0105237461e-05  4.0446097649e-06 -3.8418346692e-05 -4.2707916477e-06 -1.9069475342e-05  1.5161606146e-05  8.2029164865e-07 -1.3836865342e-05  1.6652204270e-05  2.9451197320e-06  2.3302345023e-06  2.7474846698e-05 -4.2552261472e-06

JOB 21
COORDS  1.0382291711e+00 -4.7110017880e-01 -1.8869175075e+00  1.7381878507e-01 -8.6468480669e-01 -6.4192532491e-01  1.3304335825e+00  7.5619723506e-01 -1.9756487797e+00  1.3197269877e+00 -1.4186222049e+00 -2.6756749451e+00 -8.8843403232e-01 -7.2985238567e-01 -8.9091607883e-01  3.9689884756e-01 -2.1710898269e-01  2.1469788824e-01  3.2283340369e-01 -1.9162622295e+00 -3.6913273987e-01
ENERGY -2.285660757651e+02
GRADIENT -6.9106467266e-06 -7.0556634840e-06  2.0682705074e-05  2.6388737531e-06 -1.9762551368e-05  1.9498589967e-05  1.2600810631e-05 -5.5459948221e-06  8.1863622065e-06  1.6562180104e-05 -1.3325784263e-05 -7.6601883508e-06 -3.1017532782e-06  1.1895074540e-05 -6.9070686135e-07 -1.2330732409e-05  6.8585900528e-06  8.4033040887e-06  3.5890796213e-06  1.4955808814e-05 -3.8223611857e-06

JOB 22
COORDS  1.0370977801e+00 -4.6382614351e-01 -1.8809180003e+00  1.6990346265e-01 -8.5875991345e-01 -6.3826193837e-01  1.4825891048e+00  7.1928736686e-01 -1.8903778435e+00  1.1720670887e+00 -1.3757714570e+00 -2.7471888298e+00 -8.9005322398e-01 -8.6461299737e-01 -9.2883868068e-01  2.9818908046e-01 -1.5020288029e-01  1.8837879388e-01  4.1772314258e-01 -1.8738367600e+00 -3.0312551339e-01
ENERGY -2.285660827757e+02
GRADIENT -5.4807674135e-06  6.1421496549e-06  2.4872929501e-05 -4.0553932076e-05  3.4517006486e-05 -1.3592579277e-05  1.6122677175e-06 -7.6836025066e-09  9.0338822025e-06  2.6408672754e-05 -1.4974040255e-07 -2.9078568727e-06  7.4316225102e-06 -1.4856306707e-05 -2.8134140644e-06  9.1970443510e-06 -2.6425879058e-05  2.1796894369e-05  5.1372509206e-06 -1.0092877238e-05 -6.8841740056e-07

JOB 23
COORDS  1.0318002580e+00 -4.7444623376e-01 -1.9017174981e+00  1.7060368553e-01 -8.4085682364e-01 -6.4616531858e-01  1.6457689715e+00  6.2942870422e-01 -1.8546290002e+00  1.0100659532e+00 -1.3384359294e+00 -2.8257382232e+00 -8.7555445152e-01 -9.8809040183e-01 -9.4640143030e-01  2.1997705324e-01 -6.4673282387e-02  1.2623328419e-01  5.1748561737e-01 -1.7943327736e+00 -2.2579093043e-01
ENERGY -2.285660854525e+02
GRADIENT -2.2000872729e-05  2.3793210540e-05  2.0777544705e-05  3.9865129716e-05 -3.4253403760e-05  3.1787877256e-05 -1.8463713347e-06  3.4508709653e-06  1.7728631872e-05  1.6168834771e-05  9.4804784737e-06 -1.4657590469e-05 -9.0721947027e-06  2.3547118500e-06 -1.1047130521e-05 -3.1189120232e-05 -3.9871355958e-06  7.1793289013e-06 -1.0653567415e-05 -4.6575856344e-08 -1.4620880886e-05

