18
0 1 C6H8N2OS
C                     1.425815773099    -0.134746092250     4.401045349490
C                     1.450634146877    -0.826302268760     3.147178186433
C                     1.415932365583     1.227586798757     4.249516064196
C                     1.464245686629     0.015109196189     2.060854377317
C                     0.089039042789    -0.164652623947    -0.043718925378
C                     1.451839852786    -0.344459055958     0.600963345245
N                    -0.129779703971     0.329156103716    -1.213508998988
N                    -1.000562327068    -0.660334848276     0.671354909968
O                     1.088611555571     0.647572017034    -1.887379000823
S                     1.441158233072     1.682555225875     2.575335195493
H                     1.419505522297    -0.627242743370     5.368020511271
H                     1.459555841235    -1.907697244863     3.048617646382
H                     1.405475602435     1.989027737305     5.019106029028
H                     2.178785716903     0.241780364127     0.037909623798
H                     1.736572258200    -1.397487189223     0.499762107295
H                    -0.950228809455    -0.472733161971     1.668094606818
H                    -1.890718130434    -0.382530456406     0.268791815568
H                     0.758584021498     1.043740783512    -2.708770703682

25.043209927291258
      -0.0251        0.1735        0.0283
      -0.0586        0.0078        0.1180
       0.0322        0.1537       -0.1514
      -0.0249       -0.1326        0.0096
      -0.0080       -0.1192        0.0331
      -0.0459       -0.3148        0.0522
       0.0285        0.2198        0.1776
      -0.0393       -0.3001       -0.1216
       0.0409        0.4560        0.3183
       0.0722       -0.1068       -0.3443
      -0.0122        0.0871        0.0269
      -0.0274       -0.0017        0.0753
       0.0188        0.0738       -0.0727
       0.0227       -0.1497        0.0015
      -0.0754       -0.1119        0.0580
      -0.0154       -0.1401       -0.0206
      -0.0054       -0.0423       -0.0180
       0.0139        0.1692        0.1048

42.20733701927451
      -0.3704       -0.0212       -0.0356
      -0.3295        0.0423       -0.0686
      -0.0344       -0.0094        0.0378
       0.0259        0.1015       -0.0214
       0.0280       -0.0901       -0.0054
       0.0856        0.1840       -0.0426
      -0.1116       -0.1536       -0.0028
       0.1587       -0.3392        0.0223
      -0.2145        0.1253       -0.0389
       0.5347        0.1210        0.1105
      -0.1816       -0.0210       -0.0184
      -0.1610        0.0133       -0.0370
       0.0095       -0.0144        0.0228
      -0.0170        0.1096       -0.0072
       0.0920        0.0735       -0.0345
       0.0341       -0.0797        0.0043
       0.0239       -0.1502        0.0063
      -0.0835        0.0093       -0.0085

97.96746878055858
       0.2772        0.0162        0.0866
      -0.1075        0.0566        0.0577
       0.3970        0.0218        0.1341
      -0.2781        0.0850        0.0756
      -0.1222       -0.0673       -0.1496
      -0.2102        0.0866        0.0680
       0.0363       -0.1480       -0.2264
      -0.1988       -0.2370       -0.3765
       0.1378        0.0428        0.0278
       0.0211        0.1192        0.2332
       0.1348       -0.0046        0.0207
      -0.0506        0.0170        0.0069
       0.1843       -0.0003        0.0463
      -0.0536        0.0349        0.0397
      -0.0339        0.0311        0.0310
      -0.1121       -0.0571       -0.0988
      -0.0438       -0.1003       -0.1478
       0.0639       -0.0151       -0.0173

238.08956493814176
       0.0200        0.1239        0.2320
      -0.0505       -0.0298        0.2971
       0.0549        0.1076        0.0812
      -0.0532       -0.1587        0.1706
       0.1805        0.0751       -0.0929
       0.1039       -0.0911        0.0861
      -0.0050        0.1497       -0.0419
       0.1804        0.0225       -0.1490
      -0.3252        0.0633       -0.5931
      -0.0409       -0.1984        0.0547
       0.0134        0.0663        0.0829
      -0.0182       -0.0131        0.1330
       0.0252        0.0599       -0.0046
       0.0741       -0.0351        0.0667
       0.0022       -0.0333        0.0206
       0.0109        0.0374       -0.0437
       0.0553       -0.0232       -0.0762
      -0.1738        0.0726       -0.0846

261.687485261272
      -0.0119       -0.0363       -0.0509
       0.0545        0.0517       -0.0895
      -0.0457       -0.0288        0.0345
       0.0447        0.0974       -0.0458
      -0.0221        0.0518        0.0568
      -0.0116       -0.0609       -0.0148
      -0.0393        0.4646        0.2333
      -0.0347       -0.2401       -0.1630
       0.0221       -0.5199       -0.1203
       0.0456        0.1556        0.0984
      -0.0108       -0.0287       -0.0241
       0.0232        0.0170       -0.0474
      -0.0237       -0.0227        0.0242
       0.0005       -0.0515       -0.0348
      -0.0268       -0.0274        0.0378
      -0.0875       -0.0764       -0.0365
      -0.0047       -0.1267       -0.0996
       0.0334        0.4146        0.2211

270.18950439433036
      -0.0508       -0.0042        0.0439
       0.3932        0.0643        0.0195
      -0.3442       -0.0028        0.0963
       0.2858        0.0668        0.0130
      -0.0832       -0.0451       -0.0373
      -0.0935       -0.2162        0.0468
      -0.0185       -0.1140       -0.0856
      -0.2812        0.0089       -0.2455
      -0.1050        0.1335       -0.0681
       0.2864        0.1272        0.1947
      -0.0626       -0.0154        0.0052
       0.1501        0.0195       -0.0023
      -0.1884       -0.0085        0.0346
       0.0180       -0.1916       -0.0634
      -0.1435       -0.1030        0.0973
      -0.1372        0.0328       -0.0675
      -0.0383        0.0360       -0.1269
      -0.0487       -0.1539       -0.0985

300.21634571291685
      -0.0028       -0.1067       -0.1106
      -0.2003        0.0925       -0.1965
       0.1711       -0.0924        0.0648
      -0.0915        0.1847       -0.1034
       0.1368       -0.1615       -0.0494
       0.0356       -0.4257        0.0280
       0.0682        0.0003        0.0428
       0.1596        0.0485        0.1259
      -0.0590        0.1003       -0.1264
      -0.1591        0.3127        0.1764
       0.0146       -0.0705       -0.0524
      -0.0821        0.0311       -0.1065
       0.0945       -0.0564        0.0489
       0.1174       -0.3213       -0.0587
      -0.1501       -0.1862        0.2115
       0.1411       -0.0408        0.0386
       0.0372        0.1222        0.1231
      -0.0583       -0.0660       -0.0581

326.8599675696845
      -0.0018        0.0188        0.0352
       0.0513        0.0130        0.0358
      -0.0483        0.0170        0.0295
       0.0052       -0.0062        0.0100
      -0.0195       -0.1563       -0.1022
      -0.0211       -0.0285       -0.0058
       0.0093       -0.3784       -0.2124
      -0.0642        0.1878        0.0567
      -0.0085        0.0803       -0.0526
       0.0464       -0.0027        0.0471
      -0.0050        0.0056        0.0103
       0.0257        0.0030        0.0174
      -0.0264        0.0072        0.0063
      -0.0262        0.0094       -0.0106
       0.0322        0.0015        0.0012
       0.1240       -0.0646        0.0281
      -0.0187        0.2194        0.1381
      -0.0109        0.7154        0.3253

383.0489271225108
       0.0033        0.0506        0.0749
       0.0764        0.0225        0.0763
      -0.0873        0.0453        0.0454
      -0.0531       -0.0219        0.0078
      -0.1361        0.0529       -0.1353
      -0.1231        0.0247       -0.0646
      -0.0935        0.2054       -0.1190
       0.0640       -0.0927       -0.0519
       0.0988       -0.0988       -0.0473
       0.0890       -0.0376        0.0757
      -0.0001        0.0174        0.0231
       0.0605        0.0040        0.0435
      -0.0457        0.0211        0.0053
      -0.0435        0.0261       -0.0073
      -0.0106        0.0157       -0.0402
       0.3523       -0.6078        0.0754
      -0.0628        0.2805        0.3843
       0.0686       -0.1727       -0.1005

439.0087295728324
       0.0626        0.0079        0.0227
       0.0620       -0.0000        0.0241
      -0.1414        0.0051        0.0083
      -0.1228       -0.0157        0.0005
      -0.1406        0.3585       -0.0850
      -0.2639       -0.0319       -0.0070
      -0.1094       -0.0293       -0.2986
       0.3474       -0.1101        0.2774
       0.1446        0.0188        0.0002
       0.0949       -0.0471        0.0067
       0.0294        0.0038        0.0075
       0.0160       -0.0002        0.0109
      -0.0635        0.0058       -0.0022
       0.0631       -0.1874       -0.0028
      -0.3159       -0.0794        0.0499
       0.0655        0.1718        0.0381
      -0.0143       -0.4183        0.0466
       0.0997        0.0962        0.0180

496.0030501295173
      -0.3354        0.0262        0.0268
       0.0236        0.0145        0.0285
       0.4216        0.0309        0.0270
       0.5530       -0.0095       -0.0074
      -0.0739        0.3089        0.0999
       0.0123        0.0343       -0.0324
      -0.0469       -0.1368       -0.1065
      -0.0272       -0.0370       -0.0927
       0.0001       -0.0224        0.0358
      -0.2794       -0.0664        0.0256
      -0.2117        0.0061        0.0064
      -0.0468        0.0022        0.0213
       0.1790        0.0165        0.0012
       0.0427       -0.1068       -0.0783
      -0.1580       -0.0345       -0.0148
      -0.0207       -0.1657        0.0035
      -0.0282       -0.0401        0.0036
       0.0195        0.0352        0.0209

523.1993379774902
      -0.0923        0.1535        0.0847
       0.0397        0.1278        0.0558
       0.1007        0.1503        0.1467
       0.1178       -0.0876       -0.1667
      -0.0816       -0.3587       -0.3327
       0.0679       -0.1455       -0.3773
      -0.1963        0.2355       -0.1053
       0.0359        0.0279        0.1154
       0.0528       -0.0288        0.1486
      -0.0590       -0.1195        0.2760
      -0.0684        0.0223        0.0132
      -0.0069        0.0301        0.0828
       0.0297        0.0660        0.0216
      -0.0456        0.0415       -0.1041
       0.1364       -0.0090       -0.1254
       0.0422        0.3074       -0.0242
      -0.0002       -0.0647       -0.0020
       0.1077       -0.0337       -0.0135

571.2560975763828
      -0.4025       -0.0703       -0.0126
       0.4216       -0.0595        0.0131
       0.3299       -0.0636       -0.0433
      -0.3297        0.0096        0.0755
      -0.0459       -0.1618       -0.0280
      -0.1431        0.0241        0.1288
       0.1152        0.0913        0.0340
      -0.0444       -0.0456        0.1613
       0.0989        0.0720       -0.1841
       0.0045        0.1004       -0.1021
      -0.3211       -0.0097        0.0006
       0.3036       -0.0134       -0.0181
      -0.0166       -0.0304       -0.0027
      -0.0714        0.0739        0.0663
       0.0499        0.0326        0.0347
       0.0162        0.0866        0.0248
      -0.0277       -0.0551        0.0478
      -0.0302        0.0020       -0.0330

597.9289402410341
       0.1056        0.0076       -0.0031
      -0.1461       -0.0018       -0.0024
      -0.0981        0.0076        0.0001
       0.3219       -0.0061       -0.0053
      -0.1944       -0.1405        0.0877
      -0.1805        0.0214        0.0035
       0.2923        0.0883        0.0528
      -0.2685       -0.1972        0.3238
       0.2808        0.1731       -0.4443
      -0.0425        0.0007        0.0110
       0.1064        0.0030        0.0001
      -0.1718       -0.0017        0.0008
       0.0690        0.0021        0.0015
      -0.1480        0.0734       -0.0563
       0.0397        0.0362       -0.0515
      -0.0203        0.0530        0.0681
      -0.1047       -0.0898        0.1291
      -0.0765        0.0224       -0.0659

640.4547951128211
       0.0276       -0.1946        0.1867
      -0.0459       -0.2903        0.2093
      -0.0233       -0.2188       -0.0507
       0.2216       -0.2175        0.1971
      -0.0478       -0.0836       -0.1738
       0.0117       -0.0620        0.0553
      -0.1681        0.0958       -0.1320
       0.0574        0.0326       -0.0231
      -0.0133       -0.0281        0.0730
      -0.0303        0.6028       -0.2348
       0.0286        0.0112        0.0905
      -0.1008       -0.0863        0.0548
       0.0389       -0.1071        0.0301
      -0.0205        0.0572        0.0622
       0.0718        0.0090       -0.0771
       0.0590        0.0706       -0.0197
      -0.0086       -0.0354        0.0170
       0.0712       -0.0028       -0.0092

691.9779945962623
       0.2780        0.0166        0.0026
      -0.0884       -0.0249        0.0028
       0.2600        0.0093        0.0100
      -0.0071       -0.0636       -0.0271
      -0.0121        0.0584        0.0455
       0.0246       -0.0339       -0.0634
       0.0284       -0.0253        0.0084
      -0.0368       -0.0335        0.0137
       0.0158        0.0100       -0.0230
      -0.0328        0.0568        0.0278
      -0.3939        0.0018       -0.0038
      -0.2140       -0.0107        0.0174
      -0.7836       -0.0032       -0.0029
      -0.0007        0.0069       -0.0114
       0.0029       -0.0068       -0.0592
      -0.0112       -0.0126        0.0052
      -0.0066        0.0127        0.0096
      -0.0100        0.0026       -0.0004

714.8650711034414
      -0.0527        0.1314       -0.1266
      -0.0096       -0.1977       -0.0037
      -0.0179        0.1100       -0.0440
      -0.1967       -0.3807       -0.1549
      -0.0001        0.1821        0.2059
       0.0856       -0.2108       -0.3138
       0.1193       -0.1436        0.0824
      -0.0438        0.1045        0.0266
       0.0327        0.0501       -0.0540
       0.0247        0.2862        0.2637
       0.0754        0.0777       -0.0163
       0.1741       -0.0697        0.1243
       0.0692       -0.0001        0.0207
      -0.0274        0.0552       -0.0383
       0.0370       -0.0424       -0.2614
      -0.1126       -0.2363        0.0543
      -0.0421       -0.1930       -0.0634
      -0.0640        0.0033        0.0107

738.4058971446985
      -0.0271        0.0689       -0.1067
       0.0477       -0.1519        0.0033
      -0.0162        0.0640       -0.0772
      -0.0616       -0.1556       -0.0080
       0.0357        0.2307        0.0486
      -0.0315        0.0693       -0.0851
       0.0591       -0.0258       -0.0062
      -0.0409       -0.4517        0.0034
      -0.0249       -0.0387        0.0176
       0.0011        0.0916        0.1262
       0.0080        0.0586       -0.0119
      -0.0184       -0.0495        0.0533
       0.0624        0.0004       -0.0041
       0.0573       -0.0361        0.0037
      -0.1250       -0.0096       -0.0597
       0.0816        0.4412       -0.0881
       0.1365        0.5796        0.1097
       0.0052       -0.0003        0.0036

761.3286597090969
      -0.0265       -0.1691        0.4329
      -0.0419        0.3032        0.0820
      -0.0006       -0.1732        0.3989
      -0.1363        0.0486       -0.1566
      -0.0086        0.1701        0.1208
       0.1176       -0.0608       -0.3182
       0.0688       -0.0753        0.0347
      -0.0876       -0.1183        0.0456
       0.0337        0.0176       -0.0304
       0.0246        0.0421       -0.3640
       0.0499       -0.1657        0.0709
       0.1398        0.0915       -0.0072
      -0.0048       -0.0179        0.0889
       0.0245       -0.0083       -0.0953
      -0.0172       -0.0281       -0.1307
      -0.0526        0.0329        0.0055
       0.0150        0.0971        0.0055
      -0.0260        0.0025        0.0045

822.2535436392909
       0.0781        0.0103        0.0189
       0.3395        0.0402       -0.0206
      -0.1290        0.0200        0.1591
      -0.0778       -0.0687       -0.0738
       0.0817       -0.0304        0.0432
      -0.3231       -0.0284       -0.0915
       0.1862       -0.0480        0.1261
       0.1942        0.0934       -0.1012
      -0.1035       -0.0264        0.0571
      -0.0247        0.0274       -0.0603
      -0.2882       -0.0492       -0.0221
      -0.5971        0.0038        0.0084
       0.2618       -0.0044        0.0628
      -0.1382        0.0639       -0.0090
      -0.0245        0.0187       -0.1076
       0.0401       -0.0371       -0.0178
       0.0554       -0.0008       -0.0455
      -0.0700       -0.0163        0.0290

857.5467432047016
       0.1118       -0.0299        0.0497
       0.1986        0.0449        0.0318
      -0.1112       -0.0576       -0.1820
      -0.2039        0.0637        0.0216
      -0.0609        0.1306        0.0171
       0.5054       -0.0623        0.0115
      -0.2443        0.0093       -0.1342
      -0.2763       -0.0931        0.1391
       0.1518        0.0482       -0.0846
      -0.0077       -0.0159        0.0686
      -0.2696        0.0302        0.0314
      -0.3227        0.0136       -0.0306
       0.2362        0.0153       -0.0834
       0.2082       -0.0454        0.0528
       0.1144       -0.0329        0.0801
      -0.1020       -0.0639        0.0473
      -0.0830       -0.0358        0.0444
       0.0799        0.0207       -0.0364

863.6213914364604
       0.0150        0.1369       -0.3396
       0.0059       -0.1987       -0.1526
      -0.0182        0.2535        0.6206
       0.0061       -0.1137        0.0768
      -0.0338        0.0307       -0.0316
       0.1519       -0.0354        0.1826
      -0.1153        0.0315       -0.0884
      -0.0807       -0.0317        0.0392
       0.0388        0.0120       -0.0235
       0.0022       -0.0114       -0.2339
      -0.0188       -0.1085       -0.1726
      -0.0052       -0.0647        0.0318
       0.0151       -0.0635        0.3244
       0.0657        0.0136        0.1050
       0.0674       -0.0034        0.0561
      -0.0128       -0.0028        0.0098
      -0.0343       -0.0143        0.0324
       0.0483        0.0079       -0.0199

897.5742971869116
      -0.3812       -0.0049       -0.0051
       0.2778        0.0327       -0.0072
       0.1712       -0.0042       -0.0037
      -0.0778        0.0020       -0.0059
      -0.0016        0.0437        0.0115
       0.0668       -0.0518        0.0153
      -0.0377       -0.0050       -0.0226
      -0.0336       -0.0111        0.0152
       0.0192        0.0076       -0.0106
       0.0087       -0.0050        0.0066
       0.6514        0.0015        0.0048
      -0.4502        0.0066       -0.0192
      -0.3061        0.0019       -0.0092
       0.0208        0.0168        0.0381
       0.0506       -0.0044       -0.0088
      -0.0166       -0.0203        0.0078
      -0.0125       -0.0075        0.0081
       0.0128        0.0030       -0.0057

948.9207659455546
       0.0141       -0.0201       -0.0528
      -0.0417        0.2873       -0.0722
      -0.0015       -0.0489       -0.0697
       0.0767       -0.0021       -0.0265
      -0.0648        0.2798        0.0284
      -0.0512       -0.4791        0.3008
       0.0527        0.0060       -0.1681
       0.0489       -0.0671       -0.0415
      -0.1098       -0.0157        0.0556
      -0.0041       -0.0301        0.0584
      -0.0278       -0.0915       -0.0619
       0.0710        0.0952       -0.0931
       0.0180        0.0189       -0.0551
      -0.1971        0.2663        0.2665
       0.3634       -0.0018       -0.2237
       0.0663        0.1117       -0.0336
      -0.0215        0.0004        0.0701
       0.0452        0.0026       -0.0112

971.3177077716855
       0.0013       -0.0025       -0.0130
      -0.0114        0.0565       -0.0129
       0.0027       -0.0053       -0.0011
       0.0259       -0.0047       -0.0032
       0.0804       -0.0543        0.1988
      -0.1627       -0.0859        0.0530
      -0.6239       -0.1273        0.2007
       0.2063        0.0308       -0.0726
       0.4520        0.1188       -0.2344
      -0.0019       -0.0042        0.0082
      -0.0062       -0.0274       -0.0181
       0.0177        0.0179       -0.0090
      -0.0036        0.0053       -0.0073
      -0.1379        0.0604       -0.0090
       0.0058        0.0005       -0.0880
      -0.0962       -0.0139       -0.0081
       0.1782        0.1870       -0.1757
       0.0297        0.0126       -0.0400

1058.4189445913323
       0.0040       -0.0530       -0.2824
      -0.0055        0.3581        0.2718
       0.0033       -0.1644       -0.1335
       0.0063       -0.1425       -0.0717
       0.0099       -0.0512       -0.0246
       0.0113        0.1214        0.0567
      -0.0002        0.0092        0.0157
      -0.0221        0.0070        0.0081
       0.0017       -0.0026       -0.0029
      -0.0002        0.0354        0.0126
       0.0096       -0.3637       -0.2678
      -0.0121        0.0631        0.6102
      -0.0023       -0.1487        0.0532
       0.0712       -0.0269        0.0410
      -0.0773        0.0104        0.0426
       0.0013       -0.0118        0.0038
      -0.0077       -0.0079        0.0014
      -0.0057        0.0001        0.0022

1097.735530590575
      -0.0016       -0.1562        0.1374
       0.0015       -0.1151       -0.1143
      -0.0039        0.2071        0.0859
       0.0132       -0.1499       -0.0622
       0.0150       -0.0417       -0.0245
       0.0017        0.0739        0.0848
      -0.0067        0.0098        0.0057
      -0.0189        0.0035        0.0105
       0.0006       -0.0021       -0.0026
      -0.0007        0.0990        0.0314
       0.0079       -0.4825       -0.1759
       0.0025       -0.0377       -0.0371
       0.0027        0.5704       -0.4702
       0.0645       -0.0127        0.0734
      -0.0620        0.0052        0.0060
      -0.0034       -0.0125        0.0049
      -0.0054       -0.0030        0.0019
       0.0003        0.0011        0.0001

1152.2807919924683
      -0.0027        0.1125        0.1577
      -0.0050        0.2513       -0.2116
       0.0004       -0.0827       -0.0060
       0.0630       -0.4509       -0.2994
       0.0922       -0.1393       -0.0945
      -0.0573        0.1880        0.2344
      -0.0093        0.0501       -0.0299
      -0.0510       -0.0105        0.1193
      -0.0186       -0.0069       -0.0050
      -0.0015        0.0382        0.0412
      -0.0065        0.1320        0.0963
       0.0103        0.0883       -0.2141
      -0.0021       -0.1093        0.0827
       0.2533        0.0002        0.3665
      -0.2177        0.0125       -0.0935
      -0.1283       -0.1049        0.0551
       0.0502        0.0545       -0.0698
       0.0351        0.0096       -0.0118

1170.6312435457967
      -0.0010        0.0328        0.0548
       0.0054        0.0601       -0.0660
      -0.0017       -0.0213        0.0065
      -0.0205       -0.1431       -0.1141
      -0.1710        0.0129        0.0287
       0.1517        0.0656        0.0954
      -0.0907       -0.1274        0.3147
      -0.0328        0.0850       -0.3550
       0.1564        0.0122       -0.0412
      -0.0003        0.0115        0.0103
       0.0005        0.0382        0.0307
      -0.0049        0.0202       -0.0495
       0.0050       -0.0224        0.0185
       0.0624       -0.0076        0.0265
      -0.0737       -0.0096        0.0065
       0.4687        0.2716       -0.1629
      -0.2551       -0.2323        0.2895
      -0.2360       -0.0380        0.0786

1214.6183771062892
       0.0016       -0.0184       -0.1530
      -0.0009        0.0801        0.2100
      -0.0001        0.1093       -0.1006
      -0.0089        0.1106        0.4156
       0.0635       -0.0996       -0.0817
       0.0616       -0.0277       -0.1307
       0.0088       -0.0009        0.0612
      -0.0628        0.0101        0.0100
       0.0155       -0.0079        0.0041
      -0.0017       -0.0366        0.0015
       0.0045       -0.2102       -0.1540
       0.0033        0.0703       -0.3822
       0.0034       -0.0823        0.0816
       0.1264       -0.0028        0.1079
      -0.3225       -0.0566       -0.5414
       0.0193       -0.0127        0.0026
      -0.0335       -0.0272        0.0220
      -0.0547       -0.0068        0.0222

1276.459949749957
       0.0004       -0.0739       -0.1323
       0.0018       -0.0624       -0.1370
      -0.0021       -0.1978        0.2168
       0.0218        0.3256       -0.0127
       0.0795       -0.0462       -0.0731
      -0.0021       -0.0641        0.0354
      -0.0170       -0.0037        0.0434
      -0.0578       -0.0016        0.0154
       0.0204       -0.0059        0.0028
      -0.0001       -0.0145       -0.0348
      -0.0066        0.3700        0.1598
      -0.0036       -0.0597        0.4391
       0.0045        0.2287       -0.2219
       0.1325        0.0613        0.2674
      -0.1985       -0.0343       -0.3691
       0.0063       -0.0047        0.0036
      -0.0286       -0.0198        0.0216
      -0.0504       -0.0060        0.0204

1316.0218299941082
       0.0023        0.0277        0.0117
       0.0083        0.0507       -0.0688
      -0.0022       -0.0523        0.0323
      -0.0791       -0.0967       -0.0530
       0.2236       -0.0650        0.0882
       0.1738        0.0550        0.3163
      -0.0177        0.0235       -0.0380
      -0.0855       -0.0055       -0.0199
      -0.1390        0.0180       -0.0373
       0.0000        0.0094        0.0034
       0.0012        0.0460        0.0219
      -0.0161        0.0120        0.0268
       0.0065        0.0210       -0.0271
      -0.3601       -0.0043       -0.4661
      -0.2563       -0.0362       -0.2432
       0.0671        0.0390       -0.0161
      -0.0849       -0.0643        0.0914
       0.4526        0.0732       -0.1697

1353.6834863464946
      -0.0039       -0.0082        0.0486
      -0.0107       -0.0557        0.0166
       0.0016        0.0629       -0.0462
       0.0567        0.0664       -0.0028
       0.5438        0.0862        0.0121
      -0.3036       -0.0170       -0.2453
      -0.1126       -0.0822        0.1413
      -0.2459       -0.0255       -0.0200
      -0.0555        0.0255       -0.0448
       0.0001       -0.0082        0.0008
       0.0001       -0.0613       -0.0133
       0.0210       -0.0187        0.0084
      -0.0056       -0.0465        0.0520
       0.1477        0.0017        0.2437
       0.1513        0.0405        0.1367
       0.0862        0.0516       -0.0217
      -0.2025       -0.1505        0.2056
       0.3782        0.0654       -0.1405

1392.28741938881
       0.0066       -0.0600       -0.4296
      -0.0077        0.2640        0.2789
      -0.0010       -0.2723        0.2528
       0.0024       -0.2726        0.1734
      -0.0083        0.0090        0.0436
      -0.0487        0.0598       -0.1428
       0.0044       -0.0157        0.0209
       0.0053        0.0064       -0.0176
      -0.0182        0.0093       -0.0157
       0.0006        0.0478       -0.0218
      -0.0037        0.3019        0.0185
       0.0062        0.1238       -0.2802
       0.0003        0.2585       -0.2676
       0.0218       -0.0495       -0.0638
       0.1057        0.0241        0.1904
       0.0163        0.0027       -0.0062
      -0.0079       -0.0093        0.0096
       0.0897        0.0152       -0.0355

1427.3180901697363
       0.0000       -0.0249        0.0165
       0.0038       -0.0375        0.0044
      -0.0006        0.0432       -0.0235
       0.0060        0.0796       -0.0065
      -0.5052       -0.1469        0.2546
       0.0759       -0.0089       -0.1119
       0.1275       -0.0543        0.1248
       0.1666        0.0605       -0.0947
      -0.1446        0.0527       -0.1203
      -0.0001       -0.0085        0.0002
       0.0003       -0.0181        0.0013
      -0.0057       -0.0147        0.0230
       0.0004       -0.0168        0.0235
       0.1829        0.0503        0.2378
      -0.0504       -0.0263        0.0146
       0.1454        0.0230       -0.0341
       0.1071        0.0414       -0.1405
       0.5496        0.1047       -0.2208

1485.557825354011
      -0.0023        0.0259        0.0215
       0.0019        0.0038       -0.0497
       0.0002       -0.0173        0.0026
      -0.0327       -0.0012        0.0118
      -0.0732       -0.0049        0.0315
      -0.1667        0.1069        0.1654
       0.0086       -0.0077        0.0208
       0.0242        0.0051       -0.0149
      -0.0067        0.0076       -0.0137
       0.0003       -0.0022       -0.0004
       0.0004       -0.0039        0.0008
       0.0047       -0.0019        0.0335
       0.0031       -0.0030       -0.0017
       0.2934       -0.6080       -0.1953
       0.4738        0.2019       -0.3964
       0.0195        0.0097       -0.0068
       0.0100       -0.0025       -0.0135
       0.0399        0.0089       -0.0172

1492.4070324727336
       0.0080       -0.6221       -0.1468
      -0.0042        0.0162        0.3501
      -0.0028        0.4777       -0.0238
      -0.0021        0.0431       -0.3741
       0.0181        0.0047       -0.0153
       0.0031        0.0188        0.1327
      -0.0067        0.0015        0.0000
      -0.0055       -0.0030        0.0056
       0.0027       -0.0012        0.0021
      -0.0008        0.0035        0.0058
      -0.0041        0.1742        0.1477
      -0.0013        0.0180       -0.0548
      -0.0035        0.0189        0.1402
       0.0017       -0.0185        0.0131
      -0.0015        0.0133       -0.0518
      -0.0097       -0.0023        0.0030
      -0.0014        0.0020        0.0029
      -0.0110       -0.0020        0.0043

1587.3738115365436
      -0.0030        0.3640       -0.0528
      -0.0027       -0.2907        0.4844
       0.0009       -0.2809        0.0830
       0.0033        0.2511       -0.5236
       0.0117        0.0096       -0.0231
       0.0016       -0.0018        0.1376
      -0.0041       -0.0046        0.0142
      -0.0137       -0.0040        0.0120
       0.0006       -0.0001       -0.0009
       0.0001        0.0037        0.0009
       0.0028       -0.1113       -0.1394
       0.0011       -0.0681       -0.2284
       0.0011       -0.0011       -0.0759
       0.0075        0.0091        0.0579
      -0.0125        0.0068       -0.0593
       0.0125       -0.0027        0.0040
       0.0078        0.0008       -0.0208
       0.0027        0.0008       -0.0010

1653.4465325419096
       0.0001        0.0102        0.0014
      -0.0006       -0.0101        0.0111
       0.0010       -0.0080       -0.0018
       0.0009        0.0116       -0.0066
      -0.1336       -0.0241       -0.1182
       0.0268        0.0028        0.0087
       0.0295       -0.0600        0.1441
       0.2870        0.0297       -0.1593
      -0.0093        0.0122       -0.0259
       0.0003        0.0005        0.0005
      -0.0009       -0.0055       -0.0037
       0.0017       -0.0028       -0.0015
      -0.0010       -0.0016       -0.0021
       0.0112        0.0004        0.0073
      -0.0051       -0.0005       -0.0062
      -0.6764        0.0542       -0.0099
      -0.1900        0.0583        0.5687
       0.0797        0.0193       -0.0319

1730.6206594711584
      -0.0001       -0.0047        0.0019
      -0.0006        0.0116       -0.0196
       0.0003        0.0024       -0.0022
       0.0087       -0.0180        0.0297
      -0.1125        0.2888       -0.6754
       0.0416       -0.0301        0.0721
       0.0542       -0.2181        0.5162
      -0.0607       -0.0299        0.1408
       0.0046        0.0173       -0.0376
      -0.0003        0.0006       -0.0004
      -0.0003        0.0019        0.0024
       0.0009        0.0034        0.0058
      -0.0000        0.0008       -0.0005
      -0.0766        0.0118       -0.0735
       0.0313        0.0024        0.0205
       0.0287       -0.0867        0.0465
       0.0961        0.0286       -0.1919
       0.1436        0.0270       -0.0575

3072.619579083318
       0.0002        0.0004        0.0004
       0.0001       -0.0034       -0.0015
       0.0001       -0.0002       -0.0003
       0.0002        0.0028       -0.0026
      -0.0010        0.0022       -0.0033
      -0.1372        0.1872        0.0783
      -0.0014       -0.0009        0.0032
       0.0007        0.0002        0.0002
       0.0015       -0.0002        0.0008
      -0.0000       -0.0009       -0.0004
      -0.0003       -0.0006        0.0013
      -0.0007        0.0088        0.0027
      -0.0002        0.0003        0.0008
       0.2435        0.2104       -0.1872
       0.2285       -0.8622       -0.0749
       0.0000       -0.0000       -0.0011
       0.0011       -0.0009        0.0007
       0.0002        0.0005       -0.0011

3154.4636062071477
      -0.0002       -0.0001       -0.0002
      -0.0004        0.0025       -0.0005
       0.0002        0.0001        0.0000
       0.0009       -0.0016       -0.0004
      -0.0005       -0.0022        0.0016
      -0.1459       -0.2331        0.1187
      -0.0018       -0.0003       -0.0001
       0.0022       -0.0002       -0.0001
       0.0019       -0.0005        0.0028
       0.0001        0.0004        0.0005
      -0.0002        0.0006       -0.0011
       0.0006       -0.0060       -0.0015
       0.0001        0.0006        0.0003
       0.5935        0.4769       -0.4540
      -0.0976        0.3371        0.0348
       0.0006       -0.0003        0.0008
      -0.0024        0.0012       -0.0013
       0.0001        0.0008       -0.0029

3210.0051691519907
       0.0006        0.0657       -0.1092
       0.0023       -0.2576       -0.0160
      -0.0002        0.0111        0.0151
       0.0001        0.0050       -0.0113
      -0.0000       -0.0001        0.0004
       0.0003       -0.0033        0.0006
      -0.0001       -0.0000       -0.0001
       0.0001        0.0001       -0.0003
       0.0001        0.0000        0.0000
      -0.0000        0.0013        0.0011
      -0.0024       -0.1997        0.3848
      -0.0075        0.8474        0.0741
       0.0007       -0.0486       -0.0506
       0.0015        0.0018       -0.0005
      -0.0027        0.0100        0.0024
       0.0002       -0.0006        0.0011
      -0.0003        0.0002       -0.0003
      -0.0001        0.0000       -0.0001

3226.716176327146
      -0.0016       -0.1102        0.2277
       0.0014       -0.1372       -0.0182
       0.0006       -0.0361       -0.0471
       0.0001        0.0049       -0.0073
      -0.0002        0.0000        0.0002
       0.0002       -0.0013        0.0002
       0.0001       -0.0000       -0.0000
       0.0001        0.0000       -0.0002
      -0.0000        0.0000        0.0000
       0.0000        0.0011       -0.0009
       0.0048        0.3706       -0.7340
      -0.0039        0.4321        0.0421
      -0.0022        0.1533        0.1586
       0.0002        0.0006        0.0006
      -0.0009        0.0036        0.0010
      -0.0003       -0.0001        0.0008
      -0.0001        0.0001        0.0000
       0.0001       -0.0000        0.0000

3264.6741421854977
       0.0003        0.0487       -0.0644
      -0.0002        0.0134        0.0072
       0.0029       -0.2112       -0.1961
      -0.0001        0.0024        0.0027
      -0.0000        0.0001       -0.0000
       0.0003        0.0000       -0.0002
       0.0001       -0.0000        0.0000
       0.0000       -0.0000        0.0001
      -0.0000       -0.0000       -0.0000
      -0.0000       -0.0011        0.0028
      -0.0013       -0.1030        0.1969
       0.0004       -0.0381       -0.0048
      -0.0091        0.6532        0.6576
      -0.0006       -0.0003        0.0004
      -0.0002        0.0004       -0.0000
      -0.0001        0.0001       -0.0001
      -0.0000        0.0000       -0.0000
       0.0000        0.0000        0.0000

3522.7709844355013
      -0.0000       -0.0000       -0.0002
      -0.0002        0.0006       -0.0005
      -0.0000       -0.0000       -0.0000
      -0.0004       -0.0004        0.0007
      -0.0008       -0.0053        0.0002
      -0.0006        0.0014       -0.0010
       0.0002       -0.0023        0.0016
       0.1500       -0.0680       -0.1186
      -0.0011        0.0008        0.0003
      -0.0001       -0.0000        0.0000
       0.0000        0.0000        0.0001
       0.0000       -0.0010        0.0001
       0.0000        0.0000       -0.0001
      -0.0007       -0.0015        0.0012
       0.0004       -0.0024       -0.0003
       0.0405        0.1121        0.7050
      -0.5890        0.1658       -0.2703
       0.0008       -0.0007        0.0020

3633.8305360911627
      -0.0000       -0.0000       -0.0002
      -0.0001        0.0004       -0.0005
      -0.0000       -0.0000       -0.0000
      -0.0001       -0.0002        0.0010
      -0.0012        0.0009       -0.0025
       0.0004       -0.0007        0.0001
      -0.0004       -0.0008        0.0007
      -0.1710        0.0192       -0.2432
       0.0002       -0.0002        0.0004
      -0.0001       -0.0000        0.0000
       0.0000       -0.0001        0.0002
      -0.0001       -0.0005        0.0000
       0.0001        0.0000       -0.0000
       0.0008        0.0009       -0.0014
       0.0002        0.0008       -0.0001
       0.0268        0.1172        0.6396
       0.6149       -0.1878        0.2727
      -0.0005        0.0009       -0.0010

3791.0198523121376
       0.0000       -0.0000        0.0000
      -0.0000        0.0000        0.0000
      -0.0000       -0.0000       -0.0001
      -0.0001       -0.0001        0.0001
       0.0009       -0.0004       -0.0001
       0.0007        0.0008       -0.0004
       0.0033        0.0009       -0.0021
       0.0012        0.0008       -0.0009
       0.0784       -0.1006        0.2092
       0.0000        0.0000        0.0000
       0.0000        0.0000       -0.0001
       0.0000       -0.0001        0.0000
       0.0000        0.0000       -0.0000
      -0.0028       -0.0018        0.0012
      -0.0005       -0.0001       -0.0000
       0.0006       -0.0005        0.0006
      -0.0025        0.0001       -0.0008
      -0.3290        0.3958       -0.8216

