JOB 0
COORDS  2.1034231384e+00 -9.3558529055e-01 -5.5594266682e-02  2.5438159220e+00 -1.7474874961e+00  2.1834121949e+00  8.7990890089e-01 -4.0947299269e-01  3.7052230575e-01  1.3305516260e+00 -1.2175891167e+00  2.6217977255e+00  2.9573003992e+00 -1.5946225116e+00  8.4798702333e-01  5.1988159853e-01 -5.5179002969e-01  1.7054305085e+00  4.9661859501e+00 -1.4758033305e+00 -2.7553872791e-01  7.0577981384e+00 -1.0869901646e+00 -1.2843194901e+00  4.1933333400e+00 -2.1551980225e+00  4.6733936019e-01  6.1094095003e+00 -2.0190355098e+00 -7.4759057863e-01 -6.7028498398e-01 -4.3281085199e-02  2.1262048697e+00  2.3787765750e+00 -8.6648755926e-01 -1.1045159724e+00  3.1929181148e+00 -2.2816969853e+00  2.8706673138e+00  2.0758974464e-01  9.1789698310e-02 -3.1922114624e-01  1.0064935163e+00 -1.3205587957e+00  3.6529450585e+00  4.7843544834e+00 -4.3466368059e-01 -5.8300354033e-01  7.8422667870e+00 -1.6855814231e+00 -1.7472405504e+00  7.4894403718e+00 -4.6981578155e-01 -4.8876341913e-01  6.5972704292e+00 -4.4329681175e-01 -2.0432268945e+00
ENERGY -5.395578650983e+02
GRADIENT  2.7975740733e-06  4.1250788567e-06  5.1385019915e-06 -1.3737786396e-05  3.9795019667e-06 -9.1766180778e-06  6.5615836483e-08 -4.6805454079e-06  7.1842754432e-06  8.2105751143e-06 -5.8679378265e-06  7.7674710596e-06  9.0181051403e-06 -1.3658405598e-05 -2.1992064388e-05 -3.7284963286e-06  2.7411608321e-07 -8.5229654924e-06 -4.5271417581e-04 -3.5805674372e-04 -6.6571458980e-04  2.7270553770e-04  7.6900075179e-05  5.8147315039e-04  4.0110041320e-04  2.7326460037e-04  6.4486402810e-04 -2.0541872614e-04  2.2074128455e-05 -5.6386169440e-04  8.3377654986e-07 -4.9541063037e-06  9.9191948350e-07  1.5982284689e-06 -4.2278662531e-06 -5.9025679144e-07  2.8891025558e-06  1.3475465814e-06 -4.2165939622e-06  3.8598327187e-07 -6.2504321973e-06 -1.1248575236e-06 -6.1234446682e-07 -7.3248979298e-07 -7.7488070173e-07  1.3394541106e-05  8.7470706447e-06  1.1073491562e-05 -2.6783100654e-06  1.5088361425e-06  4.1316896066e-06 -2.0624141987e-07  7.9109915262e-06  1.0686876911e-06  1.6760598271e-06  3.4602356719e-07 -1.8314448814e-06

JOB 1
COORDS  2.0547916187e+00 -9.7870754327e-01 -7.0334835983e-02  2.5823969206e+00 -1.6963209963e+00  2.1819405590e+00  8.3844856558e-01 -4.5279961886e-01  3.7601911068e-01  1.3771466028e+00 -1.1655966510e+00  2.6406906356e+00  2.9482512767e+00 -1.5900579207e+00  8.2826986186e-01  5.2639466142e-01 -5.4746595509e-01  1.7271484670e+00  4.9107674972e+00 -1.4913217318e+00 -3.7591758807e-01  7.0832475145e+00 -1.1117373070e+00 -1.1938230157e+00  4.1810588413e+00 -2.1463625182e+00  4.2992347178e-01  6.0360502960e+00 -2.0411850492e+00 -8.8496009644e-01 -6.5614036853e-01 -3.9210941471e-02  2.1685704681e+00  2.2938997963e+00 -9.4749377863e-01 -1.1298232327e+00  3.2617657464e+00 -2.1949213396e+00  2.8667197327e+00  1.3587304230e-01  1.1841065639e-02 -3.0919750196e-01  1.0892940108e+00 -1.2323676227e+00  3.6854588946e+00  4.7064150617e+00 -4.6237257366e-01 -7.1138459521e-01  7.8236128215e+00 -1.6642022596e+00 -1.7726089888e+00  7.5417633932e+00 -7.3251412481e-01 -2.7423064999e-01  6.7072420301e+00 -2.7165491799e-01 -1.7913539993e+00
ENERGY -5.395570276577e+02
GRADIENT -5.6672240282e-05 -2.0594557566e-05  2.6638256870e-04 -6.2422208639e-05  3.7637585847e-05 -3.1896345728e-05 -1.5630354848e-04  1.0584631023e-04 -1.5789965028e-04 -1.7484250025e-05 -3.4546368282e-06  5.0015549169e-05  1.6212284218e-04 -5.1951819611e-05 -5.1938136494e-05  1.0683578857e-04 -4.9597789238e-05 -3.5592651123e-05 -1.4655635923e-03 -1.2870221595e-03 -1.7878226280e-03  7.3663500187e-04 -2.0938947608e-04  1.8433059991e-03  1.2668157892e-03  8.0949195347e-04  1.7434560611e-03 -4.7511343074e-04  6.8078492455e-04 -1.8143421641e-03  3.9381457006e-05 -1.4847961807e-05 -3.1136201568e-05 -3.2782484688e-06  4.9461817974e-06  3.1031833542e-05 -2.1507292761e-06 -6.7534276109e-07 -1.8665141312e-05 -2.1657657485e-05  1.6606452491e-05 -1.1898895388e-05  3.6420905830e-06 -8.2130158386e-06  7.6534905034e-06 -3.8504831509e-05 -2.8995655429e-06 -3.2011980417e-05  5.3968709987e-06  4.2648010436e-06 -4.2531253343e-07 -4.7521297840e-06  2.7667038562e-06 -1.6405149615e-07 -2.9001619128e-06  3.3952842171e-06 -3.6395953900e-06

JOB 2
COORDS  2.0116072458e+00 -1.0113649504e+00 -9.6447567182e-02  2.6388515974e+00 -1.6509864609e+00  2.1548662232e+00  8.0222327249e-01 -4.9769334450e-01  3.8161835368e-01  1.4411485713e+00 -1.1304868683e+00  2.6440406859e+00  2.9499630108e+00 -1.5773660496e+00  7.8562906495e-01  5.4343205469e-01 -5.5768580761e-01  1.7460216123e+00  4.8618060568e+00 -1.4790972933e+00 -4.9893279346e-01  7.1017264070e+00 -1.1287343187e+00 -1.1055079994e+00  4.1797024972e+00 -2.1203527489e+00  3.5782190429e-01  5.9797559599e+00 -2.0198664023e+00 -1.0398750968e+00 -6.3210032309e-01 -6.0877532808e-02  2.2173336048e+00  2.2103958615e+00 -1.0068053973e+00 -1.1646315803e+00  3.3537054135e+00 -2.1159026244e+00  2.8271505067e+00  6.4333132703e-02 -6.8086013653e-02 -2.8913445981e-01  1.1943630514e+00 -1.1716423024e+00  3.7005484720e+00  4.6282996145e+00 -4.6077879308e-01 -8.4920424156e-01  7.8550498776e+00 -1.6246564920e+00 -1.7180344886e+00  7.5004394162e+00 -9.4670361153e-01 -1.0173172762e-01  6.8251577896e+00 -1.7294871753e-01 -1.5700792241e+00
ENERGY -5.395553595205e+02
GRADIENT  1.3804770228e-05  7.0280013819e-06 -8.4303595266e-05  3.8337747512e-05 -2.5246320544e-05  2.6904078112e-05  2.3597997676e-05 -1.0429132585e-05  2.7553799245e-05 -2.5527461007e-07 -1.5543547442e-06 -1.7556493180e-05 -7.3246837912e-05  3.5852369388e-05  4.1926444800e-05 -8.1195611257e-06  4.8006364893e-06  1.2633275387e-06 -2.5858055077e-03 -2.6086826399e-03 -2.7538386012e-03  9.2357610257e-04 -9.3582731909e-04  2.8658510571e-03  2.0089722850e-03  1.4856475639e-03  2.7454978771e-03 -3.5993329126e-04  2.0763328760e-03 -2.8596856552e-03  1.7961695440e-06 -3.1470173287e-07  1.9557257981e-06 -6.0630407066e-07  9.6891789330e-06 -1.1556516694e-05 -1.3239783541e-06 -6.4940314679e-06  7.6978406498e-06  6.1024560666e-06  4.8514413767e-06 -4.3358550788e-07  1.8920249787e-06 -6.0426960611e-06 -2.8261110117e-06 -1.2498912279e-05 -1.4759456622e-06 -4.6288200381e-06  6.4912065667e-06 -8.2676042954e-06  1.7558873209e-05 -9.0002796847e-06  1.4448207113e-05 -2.5414724655e-07  4.0949059055e-06 -4.2224854721e-06 -1.9626744134e-05

JOB 3
COORDS  1.9616032367e+00 -1.0365532147e+00 -1.2434556166e-01  2.6915688927e+00 -1.6031682862e+00  2.1158033190e+00  7.5897541431e-01 -5.4081288255e-01  3.8794112452e-01  1.5013479532e+00 -1.0986969305e+00  2.6390347614e+00  2.9466672012e+00 -1.5568737444e+00  7.3418330253e-01  5.5542542806e-01 -5.7167755442e-01  1.7627955125e+00  4.8061411132e+00 -1.4479868505e+00 -6.2661467322e-01  7.0992880176e+00 -1.1649226541e+00 -1.0138884791e+00  4.1728063948e+00 -2.0815365470e+00  2.7163617454e-01  5.9251347651e+00 -1.9704082922e+00 -1.1922987636e+00 -6.1289644214e-01 -9.1746485717e-02  2.2673638452e+00  2.1195514691e+00 -1.0539501467e+00 -1.1991262794e+00  3.4431199537e+00 -2.0338204082e+00  2.7706803674e+00 -1.5120063294e-02 -1.4680003934e-01 -2.6355384255e-01  1.2968228789e+00 -1.1183151887e+00  3.7051297319e+00  4.5343735017e+00 -4.4451789297e-01 -9.9204663491e-01  7.8796495171e+00 -1.6151219078e+00 -1.6281565321e+00  7.4036183348e+00 -1.1697291000e+00  3.8400575688e-02  6.9273152083e+00 -1.3072362621e-01 -1.3421947001e+00
ENERGY -5.395531671017e+02
GRADIENT -1.8321492581e-06 -4.7082347481e-07  1.6872095234e-05  1.1409414348e-05  4.1209739890e-09 -8.9784563827e-06 -5.8974811994e-05  3.2709814501e-05 -4.2339900393e-05 -2.1113586727e-05  5.8360790127e-06  6.0832715002e-05 -3.7039891681e-05  1.5893944594e-06 -1.5334753608e-05  7.4026537286e-05 -3.1671308540e-05 -3.0938301683e-05 -3.1382451226e-03 -3.4475866717e-03 -3.0325172787e-03  6.9859488186e-04 -1.6863959225e-03  2.9876402823e-03  2.3539407140e-03  1.8418507810e-03  2.9749678352e-03  7.9906663650e-05  3.3142811124e-03 -2.8901522114e-03  3.7860036022e-05 -1.3006216692e-05 -1.7289848707e-05 -6.6072884425e-06  4.9313362453e-06 -6.9159019365e-07 -4.4932020570e-06  2.0421195638e-06  5.4767292085e-06 -3.5608183718e-06  4.3528942982e-06 -1.2016725925e-05  5.4913070148e-06 -2.7331559360e-06  9.7575199377e-06  1.5378790660e-06  3.5135728037e-06 -4.5930643839e-06 -3.1650728132e-06 -1.5640291027e-05  1.5309822598e-05 -7.3251692253e-06  1.3845425853e-05  1.8866365473e-06  3.1215943576e-06 -4.2689468248e-06 -1.9362874049e-05

JOB 4
COORDS  1.9143618808e+00 -1.0549372946e+00 -1.5247743120e-01  2.7445485964e+00 -1.5443063886e+00  2.0712681954e+00  7.1595024440e-01 -5.8612303345e-01  3.9333448063e-01  1.5587652029e+00 -1.0647931845e+00  2.6273713987e+00  2.9461099725e+00 -1.5228297665e+00  6.8060501500e-01  5.6448718730e-01 -5.8982415560e-01  1.7754046151e+00  4.7559928452e+00 -1.3871389622e+00 -7.4628874500e-01  7.0869956487e+00 -1.2158015780e+00 -9.2369420181e-01  4.1702728858e+00 -2.0213269203e+00  1.8255425906e-01  5.8819669238e+00 -1.8812849157e+00 -1.3327671261e+00 -5.9921249114e-01 -1.3491148007e-01  2.3120357928e+00  2.0340133409e+00 -1.0919953059e+00 -1.2316457618e+00  3.5331783543e+00 -1.9353668316e+00  2.7071367562e+00 -9.4154674992e-02 -2.3281871850e-01 -2.3734495459e-01  1.3945123557e+00 -1.0648682059e+00  3.7005659031e+00  4.4330873146e+00 -4.0737040313e-01 -1.1321736200e+00  7.8923130138e+00 -1.6395154911e+00 -1.5247453396e+00  7.2773109605e+00 -1.3997327345e+00  1.3937017201e-01  7.0261076011e+00 -1.3407447551e-01 -1.1056202166e+00
ENERGY -5.395511233664e+02
GRADIENT  1.7574036869e-05  9.6749880358e-06 -2.1358104335e-05  2.0696696350e-05 -1.0397515605e-05  3.4335067620e-05 -1.7167942639e-05  5.9087928319e-06 -6.5707476671e-06 -4.7889231174e-06  3.8533018078e-06  1.9833997535e-05 -3.7531502677e-05  1.6335964555e-05  5.1753311157e-06  3.5240638445e-05 -1.3111775157e-05 -1.3623020954e-05 -2.4556006939e-03 -2.8485873309e-03 -2.2964452504e-03  2.9204341504e-04 -1.6679088541e-03  1.9369578311e-03  1.7453456175e-03  1.4275192479e-03  2.1214108685e-03  4.0191451643e-04  3.0920252826e-03 -1.7227063324e-03  1.7744300502e-05 -6.0176730057e-06 -8.7411301856e-06 -3.6323528134e-06 -4.8322046487e-06 -3.6804870433e-06  2.5297530896e-06  4.4354729220e-06  7.9308750840e-06  2.5058839340e-06 -5.2618527796e-06 -7.6181283817e-06  5.0840415445e-06  2.3845581918e-06  4.6405381373e-06  9.6665011992e-06  4.8901919341e-07 -3.0005581165e-05  1.0913978400e-05  1.4489665419e-06  9.7210824666e-06  1.5564946912e-06  1.2714360443e-05  1.6476607664e-06 -1.1575172063e-07  2.1268857676e-06 -8.3997848977e-06

JOB 5
COORDS  1.8512769285e+00 -1.0820503767e+00 -2.1326215166e-01  2.7486777169e+00 -1.4924228856e+00  2.0000810458e+00  6.4977694102e-01 -6.4379636778e-01  3.5042621121e-01  1.5595676786e+00 -1.0422757136e+00  2.5738026999e+00  2.9173924205e+00 -1.4951827501e+00  6.0522614323e-01  5.2987113205e-01 -6.2185251944e-01  1.7355638312e+00  4.6978024679e+00 -1.3274059387e+00 -8.5883509363e-01  7.0517516773e+00 -1.3436071899e+00 -8.5217634831e-01  4.1441706059e+00 -1.9663648772e+00  8.5963676503e-02  5.8301452393e+00 -1.7939610850e+00 -1.4612002414e+00 -6.3667158686e-01 -1.9597383323e-01  2.2892409961e+00  1.9482170695e+00 -1.1373114471e+00 -1.2939039915e+00  3.5647541236e+00 -1.8415077654e+00  2.6256898700e+00 -1.8638610380e-01 -3.3292805294e-01 -2.6845371464e-01  1.4200568302e+00 -1.0240250921e+00  3.6503301409e+00  4.3237422752e+00 -3.7959981330e-01 -1.2740598699e+00  7.8632403946e+00 -1.7731971479e+00 -1.4407817405e+00  7.1130489427e+00 -1.6970003273e+00  1.8269170220e-01  7.1237019055e+00 -2.4823960834e-01 -8.7525846166e-01
ENERGY -5.395501558380e+02
GRADIENT -9.0788627970e-06  1.9867670567e-05  2.0532543922e-05 -2.8140289787e-05  2.0903731084e-06 -4.2147302250e-06  1.5138886989e-05 -4.1503211977e-06  2.6692018691e-06  5.2005453869e-06  1.3916426938e-06  1.4854040490e-05  1.6297549068e-05 -2.8523406104e-05 -3.1271742987e-05 -6.6573301307e-06  5.0721112522e-06  9.6030989452e-06 -2.1522361187e-04 -2.3554600484e-04 -2.1157292786e-04  3.2308981349e-05 -1.4635975434e-04  1.4132155308e-04  1.6306072610e-04  1.3364355356e-04  2.0075613585e-04  4.8722454932e-05  2.6509523852e-04 -1.1630761972e-04 -4.3390774646e-07 -1.5785521507e-06  4.8101904918e-06 -5.9984120180e-06 -9.1139881864e-06  4.8650985310e-06  2.1947409183e-06  3.2488675819e-06 -3.2864037933e-06  1.5108194265e-06 -4.6265821237e-06  3.6742490536e-06 -2.3878498979e-06  3.7849465060e-06  2.3620843546e-06  1.2430708292e-05  6.0217873686e-06  1.2423854069e-06  8.2386263565e-06  6.9464824433e-06  5.0995963543e-06  5.1320182272e-06  9.3693179012e-06 -4.9767523200e-08 -6.0173948563e-07  2.4753662840e-06 -3.0216616898e-06

JOB 6
COORDS  1.8405991738e+00 -1.0954654793e+00 -2.1625426659e-01  2.8018244765e+00 -1.4078248033e+00  1.9859481358e+00  6.2776968140e-01 -7.1198174499e-01  3.6273154500e-01  1.6005360592e+00 -1.0120557645e+00  2.5746018047e+00  2.9434905358e+00 -1.4321744067e+00  5.8846554128e-01  5.3310313879e-01 -6.6730220374e-01  1.7493319796e+00  4.6925978745e+00 -1.1941255356e+00 -9.0617654336e-01  7.0480732621e+00 -1.4098269709e+00 -7.9580285262e-01  4.1804366244e+00 -1.8520138075e+00  4.9706225331e-02  5.8295908523e+00 -1.6080349736e+00 -1.5350692230e+00 -6.4457358591e-01 -2.9451599411e-01  2.3178042296e+00  1.9201251581e+00 -1.1669531010e+00 -1.2973881458e+00  3.6479018799e+00 -1.6972193483e+00  2.6021290419e+00 -2.3583152954e-01 -4.6032520373e-01 -2.4528993870e-01  1.4811368103e+00 -9.7808182851e-01  3.6531746525e+00  4.2510215600e+00 -2.9144099948e-01 -1.3511146293e+00  7.8462958454e+00 -1.8317504877e+00 -1.4075689409e+00  7.0018325164e+00 -1.9278973236e+00  1.6716776044e-01  7.2332081428e+00 -3.4042792510e-01 -6.3701661026e-01
ENERGY -5.395510609555e+02
GRADIENT -4.0639463030e-06  2.5534913910e-05 -1.8086456946e-05 -3.9750230084e-07 -7.0802236996e-06 -2.8787498192e-06  5.2416130987e-05 -1.8990050753e-05  2.5572877858e-05  1.2165178224e-05  1.1684841883e-06 -1.9318087984e-05  2.4544230979e-05 -2.7014393666e-05 -4.7334176972e-05 -3.2736762297e-05  1.2832051816e-05  2.4584733756e-05  3.2490676450e-03  4.0086021055e-03  2.9126483373e-03  3.1787200024e-04  2.7109019960e-03 -1.2637293271e-03 -2.0223834005e-03 -1.8969502087e-03 -2.2779532845e-03 -1.5464513802e-03 -4.7997816287e-03  7.1335386683e-04 -1.7539416856e-05  9.1362575514e-06  1.6868835545e-05  7.2694536456e-07 -1.2147608526e-05  1.7610638424e-06  6.2490295870e-06  4.3343497186e-06 -4.0574410807e-06  5.4246144272e-06 -4.2181449933e-06  7.7680635190e-06 -2.1711329831e-06  4.8161137472e-06 -1.0034342985e-06  1.4086325035e-05 -1.3997499893e-06 -3.4531009873e-05 -4.1125721443e-06 -2.0824594185e-06  5.5761503274e-07  3.6821911336e-06  6.7082607361e-06  2.8882450819e-06 -3.3233327469e-06 -2.4206241345e-06 -2.2872976484e-06

JOB 7
COORDS  1.8402653531e+00 -1.1139217814e+00 -2.2413108740e-01  2.8352961282e+00 -1.3211689421e+00  1.9750280709e+00  6.1260717811e-01 -7.8368689011e-01  3.5648154658e-01  1.6182572762e+00 -9.7934316422e-01  2.5653782285e+00  2.9669323625e+00 -1.3711755019e+00  5.7720965544e-01  5.2686294602e-01 -7.1297625908e-01  1.7425454539e+00  4.6927462134e+00 -1.0692329636e+00 -9.3493110607e-01  7.0253699707e+00 -1.4887093014e+00 -7.7093189875e-01  4.2180538329e+00 -1.7386381962e+00  3.3587806125e-02  5.8352347790e+00 -1.4259954820e+00 -1.5808185326e+00 -6.6512367199e-01 -3.9235305309e-01  2.3134760909e+00  1.9149840342e+00 -1.2048760415e+00 -1.3041927852e+00  3.7011193270e+00 -1.5479776440e+00  2.5900341883e+00 -2.6812475705e-01 -5.9319594973e-01 -2.4924922513e-01  1.5058018137e+00 -9.2669755116e-01  3.6439722909e+00  4.1949079855e+00 -2.1486070012e-01 -1.4116687027e+00  7.8220522944e+00 -1.8288669176e+00 -1.4332770581e+00  6.8971030329e+00 -2.1930721993e+00  5.5434656316e-02  7.2672830881e+00 -4.9373358181e-01 -3.8117991995e-01
ENERGY -5.395539024980e+02
GRADIENT -4.9117201600e-06  1.8198583741e-05  1.1981666843e-04  1.1011785109e-04 -3.3408392891e-05  8.2151914649e-05 -1.1719279047e-04  2.8615880150e-05 -9.6673625320e-05 -5.0555098766e-06  5.2819189971e-06 -6.7540426791e-05 -3.4800871560e-05 -1.0841330799e-05 -3.2637790264e-05  5.5856047340e-05 -1.1834451401e-05 -4.4383201832e-07  5.9792247379e-03  8.2143872898e-03  6.2456832837e-03  1.0620381466e-03  5.4694076742e-03 -1.1372193067e-03 -3.6637547802e-03 -3.7650281685e-03 -4.3735459437e-03 -3.4196583456e-03 -9.9011386346e-03 -5.9473513938e-04  2.5630576739e-05 -2.4862837194e-06 -2.8850654459e-05 -1.9403374082e-05  6.7376509441e-07  1.1356317500e-05  1.5198518238e-05  3.4738242517e-07  7.0511832705e-06 -1.4132266783e-05  2.1765179705e-06 -3.3477895879e-06  1.7530868260e-05  2.6552827045e-08  7.7020403799e-07  4.3479470456e-05 -2.2033752632e-06 -6.8401741853e-05  5.6477936677e-07 -2.3222113365e-06  2.4189012950e-06  4.7450481480e-07  3.1046128572e-07  3.4795038787e-06  1.3161551548e-06 -7.2522370543e-08  1.1065710264e-06

JOB 8
COORDS  1.8460861466e+00 -1.1418734979e+00 -2.4004867864e-01  2.8571384381e+00 -1.2253467140e+00  1.9600264586e+00  6.0421947395e-01 -8.6021766908e-01  3.3626349790e-01  1.6248312474e+00 -9.3308280722e-01  2.5453939967e+00  2.9873916842e+00 -1.3125412191e+00  5.6377363445e-01  5.1821487090e-01 -7.5196760797e-01  1.7197764546e+00  4.6919264071e+00 -9.5684105532e-01 -9.6087764394e-01  6.9790357565e+00 -1.5670956765e+00 -7.7676375209e-01  4.2537626810e+00 -1.6297376548e+00  2.4212260797e-02  5.8426490779e+00 -1.2556388957e+00 -1.6087298095e+00 -6.8806124594e-01 -4.7870948476e-01  2.2860135667e+00  1.9225394012e+00 -1.2614078087e+00 -1.3172889476e+00  3.7360977362e+00 -1.3841852655e+00  2.5777477885e+00 -2.8713719235e-01 -7.3573310850e-01 -2.7109465184e-01  1.5129493228e+00 -8.5287099366e-01  3.6223739052e+00  4.1498016577e+00 -1.4727286957e-01 -1.4642248213e+00  7.8224632109e+00 -1.6782324829e+00 -1.4586402313e+00  6.8158222500e+00 -2.4931047896e+00 -2.1977276446e-01  7.1647095034e+00 -7.4573225188e-01 -7.7956995655e-02
ENERGY -5.395581010184e+02
GRADIENT  3.6893691812e-05 -2.8471570958e-05 -2.3008605799e-04  1.6306517121e-04 -1.4157419875e-05  9.7797399392e-05  4.7935475613e-05 -5.2164704187e-06  6.5005687533e-05 -4.8393104706e-06 -7.1247895219e-07 -3.3854055301e-05 -2.1556449261e-04  7.5374184888e-05  1.4373152985e-04  1.7140187125e-05 -3.9686852003e-06 -1.0208059244e-05  7.6469331060e-03  1.1142409541e-02  8.3643955508e-03  1.8851120929e-03  6.9183175999e-03  1.0607490943e-04 -4.5315288264e-03 -5.2277967858e-03 -5.4602201216e-03 -5.0575251775e-03 -1.2840992281e-02 -2.9599440241e-03  1.9120074872e-05 -5.8890745469e-07  2.5634983222e-07 -4.6445196940e-06  1.5822551604e-06 -2.7577178551e-05  1.2539753955e-05  4.6113679521e-06  3.8711062045e-05  1.8008028450e-05 -3.3881349400e-06 -6.2385217577e-06  1.8818436471e-05  4.7675697978e-07  2.4325415573e-06 -8.6191633096e-06 -2.1799070049e-05 -2.5148097060e-05 -2.2590354504e-06  8.3692923925e-06  3.7260442687e-06 -1.4375135565e-06  4.6899640102e-06  2.0937723860e-06 -1.3268470159e-06 -4.8107826680e-06  7.6956119729e-06

JOB 9
COORDS  1.8646031559e+00 -1.1609038141e+00 -2.4587842585e-01  2.8713810201e+00 -1.1391000971e+00  1.9561470091e+00  6.0845247190e-01 -9.2623305547e-01  3.2071497057e-01  1.6244060378e+00 -8.9491305854e-01  2.5324572753e+00  3.0115390890e+00 -1.2546947434e+00  5.6273953263e-01  5.1258054875e-01 -7.8873011096e-01  1.7008972713e+00  4.6962295104e+00 -8.5802070081e-01 -9.7429043935e-01  6.9269371802e+00 -1.6339722032e+00 -7.9196715017e-01  4.2943501971e+00 -1.5199912293e+00  3.4995776785e-02  5.8617609350e+00 -1.1025545197e+00 -1.6064632438e+00 -7.0760311753e-01 -5.6132175632e-01  2.2580822817e+00  1.9491470610e+00 -1.3033867163e+00 -1.3197711317e+00  3.7553924556e+00 -1.2377501096e+00  2.5791595639e+00 -2.8591411614e-01 -8.6061291138e-01 -2.9144410575e-01  1.5057363069e+00 -7.9398148888e-01  3.6069859566e+00  4.1221063486e+00 -8.8448284229e-02 -1.5020365395e+00  7.8152363623e+00 -1.6140230823e+00 -1.4235616806e+00  6.7040164423e+00 -2.6561754500e+00 -4.7608428529e-01  7.0688060572e+00 -1.0061243359e+00  9.1912901300e-02
ENERGY -5.395626069340e+02
GRADIENT -8.2249004242e-06  3.0221695642e-06 -3.4505839217e-06 -5.8804221754e-05  5.6123945897e-09 -3.6880338333e-05  1.8885338197e-05  1.0256357057e-06  1.5937670633e-05  1.3163522473e-06  6.0059009907e-06  6.1930020245e-05  1.6685719919e-05 -1.4740476884e-05 -1.6532773110e-05  1.4989865777e-05 -1.8199603025e-06 -6.2380416245e-06  6.6291838888e-03  1.0640445582e-02  7.8339973349e-03  2.0211703582e-03  6.0290459526e-03  1.3483713257e-03 -3.6794916542e-03 -5.0984519841e-03 -4.7648191521e-03 -4.8717770693e-03 -1.1556716227e-02 -4.4475585113e-03  6.6813880799e-06 -5.6634815968e-07  9.8054065695e-06 -7.9201399712e-07 -4.4084536328e-06  4.9652899934e-06 -2.9074822158e-06 -6.5049357961e-08 -1.4374069630e-06  5.0350741032e-06 -3.9006170315e-07  3.5218020048e-06 -2.1224693377e-06  7.6419434272e-07  9.3059406868e-06 -3.9008881333e-05 -4.9057712203e-06  4.5745124863e-05 -2.4339992813e-07  3.1848317120e-06  5.0660476775e-06  1.4955492125e-06 -1.9641041473e-06 -4.5891829451e-07 -3.1757373600e-06 -3.9252829100e-06  5.2730511218e-06

JOB 10
COORDS  1.8948981793e+00 -1.1774640114e+00 -2.4589839170e-01  2.8775362852e+00 -1.0623124345e+00  1.9641806092e+00  6.2415201047e-01 -9.8790481416e-01  3.0503899097e-01  1.6155760845e+00 -8.6381410414e-01  2.5250282970e+00  3.0369715579e+00 -1.2011424385e+00  5.7476697970e-01  5.0874178767e-01 -8.2602381771e-01  1.6810090217e+00  4.7117350262e+00 -7.6554649088e-01 -9.6230835333e-01  6.8815168334e+00 -1.6928652218e+00 -8.1739806327e-01  4.3368686112e+00 -1.4145003447e+00  6.6703184192e-02  5.8969911901e+00 -9.5496558853e-01 -1.5687935939e+00 -7.2609587985e-01 -6.4273433070e-01  2.2222894109e+00  1.9957315972e+00 -1.3391444075e+00 -1.3157236790e+00  3.7592576279e+00 -1.1060529988e+00  2.5966288397e+00 -2.6632559230e-01 -9.7589660796e-01 -3.1614749572e-01  1.4821332876e+00 -7.4561345164e-01  3.5960844289e+00  4.1187060689e+00 -2.1200190605e-02 -1.5036881220e+00  7.7883226423e+00 -1.6649775409e+00 -1.4215295668e+00  6.5536090192e+00 -2.7233045582e+00 -6.5905599621e-01  7.0460675490e+00 -1.2171166516e+00  1.5292106145e-01
ENERGY -5.395660106812e+02
GRADIENT -2.1281096347e-05 -1.9347521734e-05 -2.2939114150e-04 -2.0237256315e-04 -9.8661616170e-06 -1.9323645404e-04  4.7248500326e-05  1.0204861768e-05  6.3462226473e-05 -4.6388036064e-05  4.8773442587e-05  4.1756667089e-04 -1.1812575144e-04 -5.0221554621e-05  2.4430185217e-05  1.8957127007e-04 -3.2657463328e-05 -1.0053747167e-04  3.6422551938e-03  6.6665690484e-03  4.7446645147e-03  1.3479622621e-03  3.2836617001e-03  1.5224192213e-03 -1.8841269473e-03 -3.2551787270e-03 -2.6731412260e-03 -3.0048574646e-03 -6.6629387624e-03 -3.6479136812e-03  1.2331927679e-04 -1.7086442553e-05 -3.0273518154e-06 -1.9215499748e-05 -1.7198609663e-05 -1.8973007744e-05 -3.3697696907e-05  3.7812583609e-06  1.5136823733e-05  2.4442301405e-05 -7.3972006946e-06 -2.5108955307e-05 -2.5357251690e-06  2.6900445124e-06  5.0251896682e-05 -3.0194100576e-05  4.0859801729e-05  8.0705938473e-05  1.8307333880e-06 -9.4538580006e-06  9.6981841945e-06  9.0766054124e-06  1.5043030803e-06  1.2097328875e-05  1.0415258243e-06  1.2728056012e-05  1.7648686174e-06

JOB 11
COORDS  1.9306318722e+00 -1.1932771537e+00 -2.3637308399e-01  2.8742995106e+00 -9.9162821466e-01  1.9838669673e+00  6.4462875261e-01 -1.0422685485e+00  2.9086175175e-01  1.5965880760e+00 -8.3170248489e-01  2.5207441118e+00  3.0607547091e+00 -1.1538376131e+00  6.0018821415e-01  5.0148724196e-01 -8.5565519495e-01  1.6609777195e+00  4.7329766620e+00 -6.9413776426e-01 -9.3175824015e-01  6.8473616226e+00 -1.7441614599e+00 -8.5625632414e-01  4.3765065456e+00 -1.3208575373e+00  1.1782448174e-01  5.9412757325e+00 -8.2907689912e-01 -1.5033524651e+00 -7.4774937935e-01 -7.1002533000e-01  2.1805606241e+00  2.0539639435e+00 -1.3741653413e+00 -1.3007700790e+00  3.7470644797e+00 -9.8580918857e-01  2.6300527756e+00 -2.3569635128e-01 -1.0789386255e+00 -3.4370737784e-01  1.4422067348e+00 -6.9586851172e-01  3.5868665413e+00  4.1264611790e+00  2.7389561216e-02 -1.4883209701e+00  7.7561582641e+00 -1.7255507652e+00 -1.4576847757e+00  6.4186909085e+00 -2.7492304370e+00 -8.2915507973e-01  7.0509468256e+00 -1.4162606943e+00  1.6628701941e-01
ENERGY -5.395673812205e+02
GRADIENT -1.6744636943e-05  1.0801358515e-05  6.7154586673e-05 -7.2155995958e-05 -7.1341582124e-06 -5.3484328642e-05 -2.1992038638e-05 -1.2187402315e-06 -1.7661908880e-05 -5.2510333267e-06  6.7289511385e-06  6.2391524011e-05  5.8209764869e-05 -2.8728353782e-05 -4.4681183072e-05  2.6555098759e-05 -5.5581711979e-06 -9.7703909658e-06  2.5599803907e-04  5.3181977473e-04  3.8735375732e-04  1.0172949078e-04  2.1411613157e-04  1.6244092617e-04 -8.3639496034e-05 -2.4587810872e-04 -1.9300970497e-04 -2.2387148786e-04 -4.7908549753e-04 -3.5442721128e-04  9.2000144788e-06 -4.0741331103e-06  2.2091140723e-06 -9.7073920220e-07 -2.0376492677e-06  1.1949225732e-05 -6.3375544423e-06 -3.7998485303e-06 -8.1117536041e-06 -3.8113166104e-06 -1.2000443443e-06  1.5760938739e-06 -4.4688799351e-06 -2.7867907345e-06  8.6523813657e-06 -3.5054098755e-06  4.4164030821e-06  9.0601645175e-06 -1.4325831135e-06  4.4951995550e-06  2.2580275485e-06  9.8028068832e-06 -5.0786854805e-06  1.5829430257e-06 -1.0575491677e-05  4.8764234477e-06  2.7082614104e-06

JOB 12
COORDS  1.9694260021e+00 -1.2101747596e+00 -2.1974522609e-01  2.8617494907e+00 -9.2282132435e-01  2.0126540109e+00  6.6883345676e-01 -1.0920374072e+00  2.7949265379e-01  1.5689119178e+00 -7.9517356591e-01  2.5208449941e+00  3.0808342457e+00 -1.1107649019e+00  6.3683659483e-01  4.9219895263e-01 -8.7799361882e-01  1.6416189485e+00  4.7605279344e+00 -6.3889532091e-01 -8.8294118564e-01  6.8245805104e+00 -1.7897158313e+00 -9.0969634830e-01  4.4116494124e+00 -1.2363735085e+00  1.8610747624e-01  5.9927022752e+00 -7.2548936893e-01 -1.4132043479e+00 -7.7128729402e-01 -7.6463718487e-01  2.1340914909e+00  2.1196534362e+00 -1.4125299753e+00 -1.2768067589e+00  3.7209744978e+00 -8.7044596727e-01  2.6746661380e+00 -1.9702350873e-01 -1.1750897054e+00 -3.7042366187e-01  1.3889681471e+00 -6.3958734154e-01  3.5802251106e+00  4.1453125751e+00  6.1215814497e-02 -1.4574739781e+00  7.7243637119e+00 -1.7707154983e+00 -1.5247107843e+00  6.3079433013e+00 -2.7483600573e+00 -1.0045513256e+00  7.0713660938e+00 -1.6198089872e+00  1.4130059383e-01
ENERGY -5.395663876180e+02
GRADIENT -3.1105439579e-06  2.1593047653e-06 -7.3072438103e-07  3.2138945618e-06 -3.2652708754e-06  1.2621201501e-05  3.4693379658e-05  5.6937052831e-07  2.2138833772e-05  1.2624807801e-05 -8.4739100664e-06 -4.4757784793e-05  1.3391762858e-05 -8.2868114004e-06 -1.1131538368e-05 -5.0132632775e-05  3.6049093381e-06  2.0421950851e-05 -2.4032613956e-03 -5.9368249265e-03 -4.4005244396e-03 -1.1693827417e-03 -2.0432172370e-03 -2.3857191918e-03  1.2066510770e-03  3.2481817961e-03  2.1971808223e-03  2.3277393622e-03  4.7252465809e-03  4.6386934700e-03 -2.5429962933e-05 -1.2127095716e-06  1.0678941716e-05  1.0243208975e-06 -2.5048729414e-06  1.6902800616e-06  3.6142608940e-06 -1.9664664446e-06 -3.7280439945e-06  9.0920373910e-07 -1.2742685642e-06  8.5021012562e-06 -3.8386552794e-06 -3.1642961801e-06 -5.8252619308e-06  4.3914802516e-05  1.5787003715e-05 -4.9081775044e-05 -1.4198190719e-07  1.2913145972e-06 -3.8091746181e-07 -1.0825672611e-06  1.9735172213e-06 -1.6142326452e-06  6.4441386769e-07 -1.7446704901e-07 -3.2580990200e-07

JOB 13
COORDS  2.0145650754e+00 -1.2240163577e+00 -1.8855385622e-01  2.8548107208e+00 -8.4720032235e-01  2.0515273004e+00  7.0165681379e-01 -1.1308828567e+00  2.8294479286e-01  1.5493129269e+00 -7.4328778223e-01  2.5314974964e+00  3.1054474215e+00 -1.0668666429e+00  6.8568800880e-01  4.9297281578e-01 -8.8330701099e-01  1.6348112928e+00  4.7961441500e+00 -5.9482587840e-01 -8.2136000618e-01  6.8111546125e+00 -1.8254016126e+00 -9.9551494564e-01  4.4483339624e+00 -1.1595184181e+00  2.6535703963e-01  6.0493050316e+00 -6.4258332476e-01 -1.3130681418e+00 -7.8242069126e-01 -7.9430513883e-01  2.1004637002e+00  2.1912346534e+00 -1.4524039226e+00 -1.2361550378e+00  3.6993201304e+00 -7.5043684179e-01  2.7272899754e+00 -1.4877631435e-01 -1.2586958983e+00 -3.7995276907e-01  1.3442045990e+00 -5.6309946295e-01  3.5823632662e+00  4.1711951038e+00  8.1403927631e-02 -1.4148801456e+00  7.7127447048e+00 -1.7649914753e+00 -1.6054895476e+00  6.2347558732e+00 -2.7199635463e+00 -1.2466345469e+00  7.0678599046e+00 -1.8490615237e+00  6.6464959290e-02
ENERGY -5.395632682232e+02
GRADIENT  8.7899595889e-06 -8.7493582917e-06 -3.6274839004e-05  3.7009805055e-05  4.5138195973e-06  1.1853461870e-05 -4.0438559233e-05 -6.0451543593e-06 -2.4006442876e-05 -2.1698323580e-05  6.6468263227e-06  4.1402281743e-05 -6.7991554394e-05  6.7087985244e-06  2.3700132751e-05  7.1086355592e-05 -7.7902213975e-06 -2.3505045133e-05 -3.5581634709e-03 -1.0774027418e-02 -8.2788853371e-03 -2.0914195303e-03 -2.7475017559e-03 -5.0996659843e-03  1.6837672619e-03  6.2457734958e-03  3.8377968905e-03  3.9702017594e-03  7.2593408432e-03  9.5121182337e-03  3.5234209391e-05 -3.1012909635e-06 -1.4998282229e-05 -6.6165396433e-06 -3.1988857189e-06 -7.3290832129e-06 -3.8509415962e-06  3.3786354846e-06  1.1299884291e-05  7.1850854565e-07 -4.9361109101e-06 -1.1882093347e-05  7.5493085504e-06  1.4846381661e-06  7.2180772860e-06 -2.9784351964e-05  2.3613938574e-07  4.9774743824e-05 -2.8519123318e-06  2.3190161934e-06  1.5172634288e-06 -8.0712958232e-07  1.2590470739e-06  2.5142733027e-06 -3.7281354492e-06  2.0013295133e-06  3.8623117073e-07

JOB 14
COORDS  2.0628433272e+00 -1.2490204684e+00 -1.4648235322e-01  2.8499979830e+00 -7.6382301960e-01  2.0924101977e+00  7.3925044218e-01 -1.1721726224e+00  2.9714486607e-01  1.5333856094e+00 -6.7429906670e-01  2.5436391240e+00  3.1321102587e+00 -1.0294304870e+00  7.4089388073e-01  4.9831796387e-01 -8.7687417134e-01  1.6340188079e+00  4.8389154949e+00 -5.7756928413e-01 -7.5412889384e-01  6.8032477768e+00 -1.8624219200e+00 -1.1013435245e+00  4.4851500551e+00 -1.1000197142e+00  3.5048521974e-01  6.1126193768e+00 -6.0065507527e-01 -1.2083203805e+00 -7.8738347192e-01 -8.0337640209e-01  2.0724956797e+00  2.2653960370e+00 -1.5141386799e+00 -1.1805858012e+00  3.6788230732e+00 -6.1937136195e-01  2.7789374918e+00 -9.4842864388e-02 -1.3486129556e+00 -3.7526348296e-01  1.3034730992e+00 -4.5855118017e-01  3.5825793132e+00  4.2041883319e+00  6.0167202646e-02 -1.3808358873e+00  7.7683277794e+00 -1.7130479267e+00 -1.5862416708e+00  6.2369957048e+00 -2.6418066540e+00 -1.6203928176e+00  6.9428868819e+00 -2.1453742325e+00 -5.5094093874e-02
ENERGY -5.395588973400e+02
GRADIENT -2.8283834185e-06  4.1061462059e-06 -2.1789310552e-06  4.7312298915e-07 -2.2581584574e-06  5.7077416801e-06  2.8774139550e-06 -2.5544050754e-06 -1.9468005794e-06 -2.7326562012e-06 -1.9992030832e-07 -5.3515954452e-06  1.7337031245e-06 -1.0792094310e-05 -1.0188596675e-05 -4.0834685330e-06 -7.6482205725e-07  2.3732187062e-06 -3.5128271621e-03 -1.2240685822e-02 -9.1688920332e-03 -2.3304865056e-03 -1.8330686529e-03 -6.4441212461e-03  1.5774607571e-03  7.4983337898e-03  4.0597144682e-03  4.2344065890e-03  6.5477624572e-03  1.1561899410e-02 -1.7469582945e-06 -2.3017073495e-06 -2.6366227694e-06 -2.9129421140e-06 -5.1267943776e-06 -1.6196065445e-07 -2.1292162200e-06  1.5071766562e-06 -1.7424958320e-06 -5.5730221391e-07 -4.5014893563e-06 -5.4949439145e-07 -3.3094938178e-06  1.7940093294e-07 -2.0325730371e-06  2.1154217286e-05  2.9575902080e-05  4.1846440603e-06 -2.7147271004e-06  3.5331988495e-06  1.4166645732e-06 -8.5781312643e-08 -4.1788086601e-08  3.6393663880e-06 -3.4151563218e-07  2.6438600492e-06  2.6621158279e-06

JOB 15
COORDS  2.1012567830e+00 -1.2921464042e+00 -9.8053799297e-02  2.8151465974e+00 -6.7817656883e-01  2.1347380976e+00  7.6480515094e-01 -1.2323918485e+00  3.0784636491e-01  1.4850198635e+00 -6.0347864732e-01  2.5470761339e+00  3.1392244508e+00 -1.0001181929e+00  8.0521957321e-01  4.8079450035e-01 -8.7933883967e-01  1.6221201519e+00  4.8749916924e+00 -5.6781591701e-01 -6.6161143957e-01  6.7819939859e+00 -1.8782998071e+00 -1.1950932680e+00  4.5041503352e+00 -1.0522799318e+00  4.5309578864e-01  6.1710249598e+00 -5.7940172883e-01 -1.0685941465e+00 -8.1735769236e-01 -8.2136906039e-01  2.0236259668e+00  2.3390406476e+00 -1.6003646429e+00 -1.1124498914e+00  3.6214186508e+00 -4.7849843839e-01  2.8341260703e+00 -4.6142345238e-02 -1.4648865096e+00 -3.7570921404e-01  1.2213760132e+00 -3.4442395759e-01  3.5679257989e+00  4.2341723209e+00  1.7626155606e-02 -1.3334645073e+00  7.8238636937e+00 -1.6962437629e+00 -1.4607782333e+00  6.2909205768e+00 -2.4472900578e+00 -1.9922832417e+00  6.7250419092e+00 -2.4292065240e+00 -2.5239180096e-01
ENERGY -5.395546299227e+02
GRADIENT  2.9440493739e-05 -3.3167892091e-05 -7.8440629087e-05  6.2591209371e-05  2.1915406553e-05  4.0123698231e-05 -2.0696736206e-05 -5.0470821036e-06  4.5522431232e-06 -1.1970093367e-05 -4.2865247411e-06  4.3249347189e-06 -1.1793403977e-04  3.5969401098e-05  5.8732310816e-05  3.6669600689e-05 -8.6550140043e-06 -1.9189624276e-05 -2.5003824327e-03 -9.9557739117e-03 -7.3910112209e-03 -1.8108551359e-03 -2.8695699703e-04 -5.7450344514e-03  1.0429597638e-03  6.4472843392e-03  3.1702942528e-03  3.1724208884e-03  3.7321034096e-03  1.0000542470e-02  2.0979684464e-05 -4.9520885086e-06 -9.3700193687e-06 -1.4251671552e-06 -1.3670352859e-07 -1.4218287585e-05 -5.2983712949e-06  5.4499762322e-06  1.8489148657e-05  3.1746577320e-06 -5.4335338584e-06 -1.0605825038e-05  4.8502831825e-06 -3.6905047077e-07  2.5218132029e-06  4.8610561724e-05  3.4323027399e-05 -3.3189507618e-05 -2.4558641712e-06  3.4610137835e-06  3.2218730832e-07 -2.1356548871e-06 -7.6473679761e-07  4.1696501669e-06  9.8045722170e-07  2.1967679347e-06  3.5918293767e-06

JOB 16
COORDS  2.1426235069e+00 -1.3398497104e+00 -5.2030418341e-02  2.7764192338e+00 -6.1418192420e-01  2.1714518052e+00  7.9381182415e-01 -1.2909886390e+00  3.1187245995e-01  1.4332756452e+00 -5.4792799540e-01  2.5408958387e+00  3.1462624361e+00 -9.8734464326e-01  8.6788131623e-01  4.6328213368e-01 -8.8556015670e-01  1.6000384529e+00  4.9217171272e+00 -5.7635896637e-01 -5.5657313359e-01  6.7565036250e+00 -1.8794774376e+00 -1.2930169109e+00  4.5231172613e+00 -1.0314194252e+00  5.5921131378e-01  6.2379709146e+00 -5.9306252305e-01 -9.0997308671e-01 -8.4709551884e-01 -8.3679310942e-01  1.9597536044e+00  2.4169672738e+00 -1.6866221238e+00 -1.0444754653e+00  3.5576091493e+00 -3.6873787858e-01  2.8845530717e+00  8.4701922739e-03 -1.5704717464e+00 -3.8383159944e-01  1.1338822796e+00 -2.4959199954e-01  3.5409245160e+00  4.2833454639e+00 -4.8751468312e-02 -1.2787430440e+00  7.8219747435e+00 -1.7352798590e+00 -1.4761898044e+00  6.2712421511e+00 -2.2316657024e+00 -2.2115039528e+00  6.6112787498e+00 -2.6088616868e+00 -4.8997244040e-01
ENERGY -5.395514308370e+02
GRADIENT  1.4847234756e-05 -5.4867933418e-06 -7.0378979960e-05 -3.3065326663e-05 -2.4779282377e-05 -2.9655406160e-05  5.3446338662e-05  1.3302414807e-05  3.7045055989e-05 -1.1615208485e-05  1.3984372436e-05  4.9932096524e-05  1.6030405866e-05 -3.6088030699e-05 -2.4160270325e-05 -7.0611398858e-06 -2.5147403972e-06  3.0127260605e-06 -1.1894905826e-03 -5.7347576418e-03 -4.3813041797e-03 -9.3957354247e-04  6.7639642533e-04 -3.5563862715e-03  5.0057839173e-04  4.1105165868e-03  1.8718407562e-03  1.6306763151e-03  9.8614348812e-04  6.0576454807e-03  3.1397818891e-06  1.3470477298e-07  6.6950384213e-06  2.3805669717e-06 -8.5295909800e-06 -8.9794465401e-06 -3.2187896718e-06 -6.2961692584e-06 -5.1246323839e-06  9.0268311851e-06 -3.0019787535e-06 -1.0536682566e-06 -5.4389954147e-06 -4.6724060203e-06  2.9925061868e-06 -2.7076325288e-05 -2.8032490314e-05  1.6620582890e-05  3.5565128962e-06 -8.1118005156e-06  3.9679300023e-06  5.1297232550e-06  6.2179458322e-07 -5.9468631328e-06 -2.7360776484e-06 -5.8224448623e-06 -5.0187793156e-06

JOB 17
COORDS  1.8809590697e+00 -8.3525506705e-01 -2.4076627440e-02  2.9005377997e+00 -1.5944300287e+00  2.0386414753e+00  7.3240329398e-01 -4.5876106235e-01  6.7225842789e-01  1.7490331692e+00 -1.2357618910e+00  2.7448602023e+00  2.9844922017e+00 -1.3834523448e+00  6.5099307972e-01  6.8949886109e-01 -6.6403067277e-01  2.0490940281e+00  5.2708945177e+00 -1.4581789159e+00  3.2330125437e-01  6.8804552144e+00 -9.5444204727e-01 -1.3185211574e+00  4.1161369092e+00 -1.7470993342e+00 -1.1293238854e-01  6.3981028223e+00 -1.8736308573e+00 -3.2439149658e-01 -4.3290288645e-01 -3.1267971417e-01  2.7313030368e+00  1.9405069500e+00 -7.0311298190e-01 -1.1002621408e+00  3.7232657125e+00 -2.0734430018e+00  2.5619876221e+00 -1.2284350333e-01 -2.3536729314e-02  1.6443551375e-01  1.6646854776e+00 -1.4033298310e+00  3.8142798755e+00  5.4646608097e+00 -8.7864852828e-01  1.2383473228e+00  7.7849282576e+00 -1.4004975169e+00 -1.7338013279e+00  7.1246328548e+00  1.8125830988e-02 -8.7129462959e-01  6.1326183833e+00 -8.2190467748e-01 -2.1076914907e+00
ENERGY -5.395501551070e+02
GRADIENT  1.6328603349e-05 -7.1327451598e-05  3.1989028816e-04 -1.4252064754e-04  1.0760484670e-04 -6.6996854861e-05 -2.9438090238e-04  1.5777126518e-04 -1.6126344359e-04 -6.2920391686e-07 -3.5682532855e-05  1.6397267993e-04  2.1986015117e-04 -1.1701504600e-04 -5.6320870773e-05  1.7849309093e-04 -5.7908345271e-05 -1.2282542993e-04 -1.3111091851e-04 -3.6968671967e-04 -7.2173882545e-05 -1.0720683489e-04 -4.6075920471e-05 -1.2484508641e-04 -1.2418487023e-05  3.2726291974e-04 -9.6045336212e-05  2.6540384447e-04  2.0488480853e-04  1.7776452589e-04  8.3187147870e-05 -1.9605062418e-05 -7.2286278616e-05  3.4700586332e-07 -8.1544534164e-08  3.8222014856e-05 -2.3710565792e-05 -2.7474621121e-06 -1.0019202482e-05 -3.6703500113e-05  1.9016266936e-05 -1.7415399566e-05  8.3662161348e-06 -1.3099347862e-05  2.0808569188e-05  9.5441884065e-06 -1.0201442932e-05  1.2610992102e-06 -3.1759506498e-06 -7.6842254744e-06  2.1877343023e-05 -5.5583147771e-06 -1.2097482448e-06  6.2119388732e-06 -1.9833383185e-05 -1.1501705745e-05  1.0607160245e-05

JOB 18
COORDS  1.8184438611e+00 -8.5042267160e-01 -8.7695106605e-02  2.9064671644e+00 -1.5308182119e+00  1.9682539068e+00  6.9055762785e-01 -4.5539755513e-01  6.3139824280e-01  1.7754369425e+00 -1.1522898815e+00  2.6972089723e+00  2.9459720161e+00 -1.3686390189e+00  5.7197466613e-01  6.9128691842e-01 -6.1099299247e-01  2.0155289872e+00  5.2208792900e+00 -1.4485517469e+00  1.8648738828e-01  6.9733814209e+00 -8.6029806165e-01 -1.2547273936e+00  4.0558795878e+00 -1.7476881548e+00 -2.1514520685e-01  6.3268576537e+00 -1.8823395337e+00 -4.8029708985e-01 -4.1173282190e-01 -2.4094866584e-01  2.7194705862e+00  1.8437331664e+00 -7.5630076325e-01 -1.1692196401e+00  3.7473166854e+00 -1.9884035329e+00  2.4819480292e+00 -1.8280004590e-01 -4.2851075969e-02  1.3564088706e-01  1.7254940904e+00 -1.2822477092e+00  3.7739937627e+00  5.4351989278e+00 -8.1707634482e-01  1.0630868744e+00  7.8816914683e+00 -1.3083027283e+00 -1.6591993620e+00  7.2392871694e+00  3.9844858474e-03 -6.3083092272e-01  6.3200878500e+00 -5.3646677302e-01 -2.0723444462e+00
ENERGY -5.395511233747e+02
GRADIENT -1.2404152372e-05  9.1364746663e-06 -4.0462996406e-05  2.7162604152e-05  4.2308481754e-06  5.9978804934e-06 -7.2343773714e-06  6.3984382202e-06 -1.5862340220e-06 -4.2450166360e-06 -4.8566136060e-07  8.4686266102e-06 -2.5143626094e-05  4.7898450992e-06  3.1411348157e-05  2.1666437184e-05 -5.7222314220e-06 -1.6352132932e-05 -5.2568719426e-04 -4.0126332100e-03  1.7493222579e-03 -1.4482100696e-03 -5.9649475675e-04 -2.0402993201e-03 -7.2140219835e-05  2.5340852727e-03 -1.7886179370e-03  2.0108197588e-03  2.0923191608e-03  2.0663345295e-03  1.2607889549e-05 -3.6737157489e-06 -6.7298379213e-06 -2.0220084662e-06  7.2032906988e-06 -4.4254181484e-06 -1.1006473544e-06 -7.2059063541e-06  2.2058353221e-06  1.3836497269e-06  4.6064051081e-06 -3.4600241604e-06  5.1455139682e-06 -6.6685368950e-06 -1.2712336383e-06  2.8416155079e-05 -9.4756345834e-06  9.4819693264e-06  1.4866438480e-06  8.2867141648e-06 -1.1675178156e-05  5.4296440054e-06 -1.1817489010e-06  5.2694400559e-06  2.1118790638e-06  1.1661622897e-05  3.2009767628e-06

JOB 19
COORDS  1.7408690582e+00 -8.9529632557e-01 -1.0230033889e-01  2.9219934557e+00 -1.4924830213e+00  1.9275961848e+00  6.3735198677e-01 -4.9297825043e-01  6.4954931553e-01  1.8162862636e+00 -1.1051612508e+00  2.6904218593e+00  2.9027801554e+00 -1.3761207033e+00  5.2608015036e-01  6.9707432619e-01 -6.0225501017e-01  2.0369231794e+00  5.1603961740e+00 -1.4410525521e+00  5.6798419530e-02  7.0541403135e+00 -8.5034252246e-01 -1.1895629556e+00  3.9845670285e+00 -1.7629865454e+00 -2.9410982959e-01  6.2421925087e+00 -1.8925823102e+00 -6.2942850842e-01 -3.8225569975e-01 -2.2456888082e-01  2.7733318776e+00  1.7207337569e+00 -8.3626070973e-01 -1.1863958577e+00  3.7892527985e+00 -1.9224891347e+00  2.4209112247e+00 -2.6181360165e-01 -1.0945073726e-01  1.7712768122e-01  1.8125017167e+00 -1.2000268751e+00  3.7720420257e+00  5.3991493215e+00 -7.6884716892e-01  8.9672998248e-01  7.9500966022e+00 -1.3328144769e+00 -1.5812918497e+00  7.3401514278e+00 -1.1366844200e-01 -4.2638785503e-01  6.5161017948e+00 -3.4786556075e-01 -2.0007248584e+00
ENERGY -5.395531670916e+02
GRADIENT  1.4645982370e-05 -1.4860095319e-06 -9.0156756154e-07 -1.4273022299e-05  6.4901392327e-06 -8.6947460361e-06 -5.9634244920e-05  2.7279089482e-05 -1.8857408104e-05 -4.9874380676e-06 -1.9292396306e-06  8.2044228408e-05 -1.3876190269e-05 -1.3853687266e-05  3.5043631692e-05  6.9698193543e-05 -2.5462075298e-05 -4.9377608559e-05 -5.7303167865e-04 -4.9945334862e-03  2.3757421158e-03 -1.9181253182e-03 -8.4294744954e-05 -2.9278736887e-03 -1.8935042952e-04  3.3840442239e-03 -2.5101566311e-03  2.6523395780e-03  1.7302373598e-03  3.0526944864e-03  3.7026052484e-05 -1.0707727431e-05 -2.2875216437e-05 -6.8204495870e-06  3.1636375734e-06  1.1138990348e-06 -3.3875215684e-06  2.6213093818e-06  7.2420411628e-06 -3.9851458070e-06  3.0543600417e-06 -1.0927391361e-05  6.9798318887e-06 -2.0678130742e-06  1.1574427983e-05  4.9301713725e-06  1.5987785773e-06  3.0649634942e-06 -1.5736727497e-05 -8.1740083291e-06 -1.3534451495e-05  1.5300254704e-05 -1.1257543616e-05  6.9898806478e-06 -4.1051138999e-06  1.1502819769e-05  1.0188931398e-05

JOB 20
COORDS  1.6691211821e+00 -9.3268454332e-01 -1.0899671927e-01  2.9406089289e+00 -1.4476414514e+00  1.8881724137e+00  5.8722404970e-01 -5.3211187914e-01  6.7442280416e-01  1.8575144860e+00 -1.0603198396e+00  2.6830970124e+00  2.8652126419e+00 -1.3719640655e+00  4.8549143836e-01  7.0303283275e-01 -5.9958170851e-01  2.0609547580e+00  5.1029527195e+00 -1.4028817874e+00 -6.8139719826e-02  7.1267752649e+00 -8.5621131235e-01 -1.1232302165e+00  3.9218237604e+00 -1.7596598954e+00 -3.6503301515e-01  6.1634474204e+00 -1.8604774856e+00 -7.7582530960e-01 -3.5488277057e-01 -2.2251144594e-01  2.8287147486e+00  1.6058205636e+00 -9.0462066773e-01 -1.1926618849e+00  3.8348183937e+00 -1.8465783818e+00  2.3591170674e+00 -3.3768188806e-01 -1.8085074305e-01  2.2723854174e-01  1.8980911592e+00 -1.1239273066e+00  3.7662703503e+00  5.3596544819e+00 -7.0282552237e-01  7.4316393894e-01  7.9953957991e+00 -1.3841873134e+00 -1.5173915679e+00  7.4246686995e+00 -2.6856930807e-01 -2.4472075591e-01  6.7187672829e+00 -1.8861893970e-01 -1.8897313162e+00
ENERGY -5.395553595502e+02
GRADIENT  3.8603156010e-06 -3.7416037715e-06 -1.6018214254e-05  3.9155759476e-05 -1.5042638142e-05  2.8119606233e-05 -1.1651742515e-05  6.4585761396e-07 -2.4555313228e-06 -3.7480131432e-06  6.6214153055e-06 -1.0053469431e-05 -4.9210576906e-05  2.2546407962e-05  2.4393600011e-05  1.0922566685e-05 -3.0998459189e-06 -4.6259658331e-06 -2.5276039048e-04 -4.0190630561e-03  2.2075692504e-03 -1.5537036807e-03  5.7579723863e-04 -2.6829407328e-03 -3.1060185887e-04  2.8978216314e-03 -2.3045402507e-03  2.1235410135e-03  5.5457235138e-04  2.7913780851e-03  6.4131754633e-06 -1.5505963194e-06 -7.4286975549e-06 -6.2613817232e-06 -3.5011064710e-06 -1.8021750220e-06  5.2512237843e-06  4.7060551218e-06  8.8712677381e-06 -7.2725488390e-07 -4.8898997123e-06 -3.1940677543e-06  4.9790909430e-06  5.4980387909e-06  1.3138593037e-06 -5.4649714208e-06 -4.2378329728e-06  9.4760628860e-06 -9.6307281695e-06  1.3917315318e-06 -1.8156369018e-05  1.5988582917e-05 -1.1224285218e-05  6.3616114635e-06 -3.4188916489e-06  1.0709728792e-05  1.2901577526e-05

JOB 21
COORDS  1.6036760421e+00 -9.7376725793e-01 -1.0551943371e-01  2.9571522984e+00 -1.3984242173e+00  1.8577166898e+00  5.4008293580e-01 -5.7859440582e-01  7.0525719652e-01  1.8938460166e+00 -1.0150824664e+00  2.6809603650e+00  2.8315991707e+00 -1.3656935615e+00  4.5675676213e-01  7.0646727615e-01 -6.0216763247e-01  2.0880786670e+00  5.0471867772e+00 -1.3515274244e+00 -1.7743200562e-01  7.1794354462e+00 -8.8215840056e-01 -1.0525741013e+00  3.8672279978e+00 -1.7521790894e+00 -4.1848902574e-01  6.0886510984e+00 -1.8021623971e+00 -9.1229014112e-01 -3.3317660737e-01 -2.2900172247e-01  2.8827278080e+00  1.5015351284e+00 -9.7798150714e-01 -1.1865492344e+00  3.8773019192e+00 -1.7613586382e+00  2.3074584594e+00 -4.0893114719e-01 -2.6384437659e-01  2.8199203613e-01  1.9747631967e+00 -1.0460719976e+00  3.7633262582e+00  5.3151042080e+00 -6.2956823761e-01  6.0998804301e-01  8.0058402132e+00 -1.4485941552e+00 -1.4821739284e+00  7.4843693532e+00 -4.7417574494e-01 -8.0602658401e-02  6.9046566112e+00 -6.2632860543e-02 -1.7253084180e+00
ENERGY -5.395570276332e+02
GRADIENT -2.2373198880e-05  7.1434837965e-06 -1.4675852562e-05 -2.3120227672e-04  8.1032669855e-05 -1.2468931158e-04  2.7233219378e-05 -1.1635215112e-05  1.9400766962e-05  2.6526176467e-05 -8.8360985847e-06  2.4652266258e-04  1.1532069373e-04 -2.0795398052e-05 -7.9283236660e-05  5.9827046264e-05 -2.3784335241e-05 -5.8056450084e-05  4.6378314781e-05 -2.2030053612e-03  1.4587898500e-03 -8.3611835027e-04  7.4801559616e-04 -1.6515696404e-03 -2.4896434777e-04  1.7232999429e-03 -1.5076160684e-03  1.0754501934e-03 -2.6243749311e-04  1.6655452798e-03  3.8319556461e-05 -1.4152835062e-05 -5.9502226898e-07  1.3137140008e-05 -9.5727341326e-06  1.8661333749e-06 -2.2820170485e-05  1.7337488503e-05 -1.0202797969e-05  5.2664722764e-06 -6.6754843633e-06 -9.6144440560e-06 -7.2640883024e-06  6.2014509759e-06  2.8679189608e-05 -4.4110841149e-06 -2.5953879891e-05  4.4925527422e-05  4.6366223615e-06  4.9349365716e-06 -2.1349264040e-06  1.6370855437e-06  5.5434579279e-07  5.8530458616e-06 -2.9248510698e-06  1.5808831793e-06  4.9275051974e-06

JOB 22
COORDS  1.5677678742e+00 -1.0252794321e+00 -1.0186227029e-01  2.9863057547e+00 -1.3453186066e+00  1.8350502820e+00  5.1301788179e-01 -6.4101840549e-01  7.2570800370e-01  1.9324632109e+00 -9.7167076978e-01  2.6748498100e+00  2.8226484804e+00 -1.3597891316e+00  4.3764491034e-01  7.1620863624e-01 -6.1658137676e-01  2.1035158396e+00  5.0160578185e+00 -1.2837120742e+00 -2.6618643462e-01  7.2299143070e+00 -9.0366495819e-01 -9.7433313335e-01  3.8473367477e+00 -1.7422901578e+00 -4.5167069381e-01  6.0447681167e+00 -1.7090917148e+00 -1.0317689466e+00 -3.1401855844e-01 -2.5354803154e-01  2.9153276459e+00  1.4375120405e+00 -1.0650940587e+00 -1.1791238227e+00  3.9298507088e+00 -1.6631461969e+00  2.2704119047e+00 -4.5673617185e-01 -3.7045359741e-01  3.1920897517e-01  2.0432009966e+00 -9.6662569151e-01  3.7550011134e+00  5.2816647460e+00 -5.3409446194e-01  4.9475745993e-01  7.9996147315e+00 -1.4571875875e+00 -1.5121745336e+00  7.5536968426e+00 -7.4565082212e-01  6.1277548286e-02  7.0660541621e+00  6.3508648478e-02 -1.4619611080e+00
ENERGY -5.395578643729e+02
GRADIENT -8.7379992137e-06 -4.1418777479e-06 -6.0794245312e-05  9.3342573135e-06 -4.3621217375e-05 -3.7002462566e-05  8.4593106232e-05 -2.5471779145e-05  2.3487231799e-05 -1.9912334449e-05  1.1018742471e-05 -4.4155075827e-05 -3.7954075384e-05  2.3596797492e-05  4.4298794663e-05 -4.3781155216e-05  1.4762851772e-05  5.5179289484e-05 -6.6235877700e-05 -6.7399490514e-04  5.9480764831e-04 -8.0053434525e-05  3.6860949940e-04 -5.1138492856e-04 -6.3194568858e-05  5.5435531542e-04 -4.9591426933e-04  2.4657162497e-04 -2.3612549701e-04  4.2436015753e-04 -3.5039381041e-05  2.9979482494e-06  2.6499959589e-05  5.7027507803e-06  7.2333449898e-06 -7.7937140343e-06  5.2282549194e-06  1.6294004588e-05  3.4402508976e-06  1.0796050302e-05 -7.2067844250e-07  7.0856250126e-06 -1.1511176944e-06 -3.7553131782e-06 -8.5325173875e-06  8.3295428084e-06 -5.9285548428e-06 -1.9188177633e-05  5.5071223428e-05  2.2945905313e-05  1.2090814831e-07 -2.0160506814e-05 -3.3238643730e-06 -1.1104924486e-05 -1.5490681444e-05 -1.9734588073e-05  9.8637122970e-08

JOB 23
COORDS  2.1296119759e+00 -8.7932005918e-01 -3.1642932480e-02  2.4922776436e+00 -1.7933297768e+00  2.1814916475e+00  9.0519966674e-01 -3.4658861431e-01  3.8342154547e-01  1.2775976351e+00 -1.2574811302e+00  2.6091958674e+00  2.9450120837e+00 -1.5936152126e+00  8.6533495884e-01  5.0531460458e-01 -5.3750584381e-01  1.7008478039e+00  4.9952391803e+00 -1.4642024319e+00 -1.8044216019e-01  7.0048604567e+00 -1.1149982914e+00 -1.3556882109e+00  4.1774421441e+00 -2.1659700130e+00  4.8944680360e-01  6.1592714254e+00 -2.0000495598e+00 -6.0844183544e-01 -6.8609021507e-01 -2.2726093651e-02  2.1106911040e+00  2.4362377305e+00 -7.7052097164e-01 -1.0685013976e+00  3.1116326487e+00 -2.3688263435e+00  2.8628214181e+00  2.6241875788e-01  1.9736941586e-01 -3.0212033639e-01  9.2357550211e-01 -1.3967276441e+00  3.6261327658e+00  4.8412822073e+00 -4.0825563687e-01 -4.4888170877e-01  7.8965992046e+00 -1.6901168722e+00 -1.6044570015e+00  7.2908042014e+00 -2.4203249442e-01 -7.5808988952e-01  6.5143533623e+00 -7.8788520580e-01 -2.2795458067e+00
ENERGY -5.395579388295e+02
GRADIENT -7.4927474919e-06 -1.9090886036e-05 -5.0904911361e-06  2.6617277713e-06  2.0638422276e-05 -1.0700280730e-05  4.0378954257e-05 -4.0466937269e-05  3.9098628808e-05  2.4596368553e-05  3.8390049732e-06 -5.4532340763e-05  3.1393623031e-05 -2.2235063801e-06  2.9616620663e-05 -6.5301224837e-05  2.6675356986e-05  1.9164021069e-05  2.1697829914e-04  1.5726642097e-04  4.3888191045e-04 -1.4001791729e-04 -8.7769182845e-05 -3.0944048982e-04 -1.6445565720e-04 -1.5287775940e-04 -4.2493128734e-04  1.4221228442e-04  8.4259963933e-05  2.6449389538e-04 -4.0547330404e-05  1.0791725423e-05  1.2540112364e-05  1.8415050725e-05 -9.6356917551e-06  6.3856516970e-06  7.3998286090e-06  3.6579731162e-06 -1.3123738729e-06  7.8977377158e-07 -1.0753577599e-05  9.9262474217e-06  5.1819048568e-07  6.6625499928e-06 -8.8974000763e-06 -5.8065783475e-06 -2.1072445545e-06 -4.5303431797e-06  8.7631114901e-06  6.5303705351e-06  3.3597361915e-06 -1.5678590633e-06  4.5630748463e-06 -1.2132417898e-06  2.1127683074e-06 -1.8418807916e-06  9.8726767314e-07

