JOB 0
COORDS  1.8589869369e+00 -1.1357862320e+00 -2.5737655834e-02  3.0286538268e+00 -1.6121147748e+00  2.0722319643e+00  8.0288148930e-01 -5.7607342775e-01  6.8940378386e-01  1.9698900216e+00 -1.0523390567e+00  2.7885557760e+00  2.9510545919e+00 -1.6447934601e+00  6.8067571305e-01  8.7573821882e-01 -5.4936539889e-01  2.0845050395e+00 -1.6711226988e+00 -1.0869629332e+00  2.7733749737e+00  4.0713415788e+00 -2.2431427683e+00 -7.8981704581e-02  3.9710620928e+00 -2.2764860894e+00 -1.3080567616e+00  5.0331283117e+00 -2.6693847134e+00  5.6525147235e-01 -1.0805705174e+00  1.2735409536e+00  2.2486943642e+00 -7.5506593931e-02  3.1459009076e-01  4.3962031539e+00 -4.8409568640e-01  1.7103044562e-01  3.0022592242e+00 -1.4244124543e+00 -2.4991861234e+00  3.7973392052e+00  1.8493287475e+00 -1.1815318426e+00 -1.1082037963e+00  3.9003320198e+00 -2.0163027286e+00  2.5729435122e+00 -6.0824996116e-02 -1.6416874504e-01  1.7801284617e-01  1.9888803796e+00 -1.0013564300e+00  3.8719274865e+00 -2.5753223216e+00 -6.7821261108e-01  3.0381629311e+00
ENERGY -1.500293948421e+03
GRADIENT  6.6374794039e-06  8.5053181659e-05  3.6574007747e-04 -2.9126327174e-04  8.5717774392e-05 -1.2492807418e-04 -1.6000701282e-04  5.9892052029e-05 -1.2604109072e-04  3.2161930486e-05  3.3706246354e-05  1.6100382193e-04  2.9548575474e-04 -7.5309784614e-05 -2.6871178047e-04  7.9946016283e-05 -7.9305180088e-05  1.6416891812e-06  1.0066009680e-04  1.5614770535e-04  4.0839892855e-08  1.2203429310e-06 -2.7740876663e-04  2.6394524550e-06 -3.1442478058e-05  4.5857998034e-05  2.6176578584e-06  1.3630093378e-04  9.7832858630e-05 -5.7187132349e-05  1.6823501297e-05 -2.1862186176e-05  6.6109758802e-06 -2.9223444362e-06  1.7090121567e-05  5.8504852581e-06 -1.4155277220e-04 -1.5919694240e-04 -9.4171125829e-05 -7.8236992907e-06  1.9055363125e-05 -7.7390162561e-05  1.5667628026e-05 -8.4081405670e-07  2.8673887673e-05 -2.6208114512e-05  2.3690993644e-05 -5.0353167334e-05 -2.7088079005e-05  2.0134171455e-05 -5.7032986357e-06 -1.8077871796e-05 -4.0788457861e-08 -2.1650024211e-06  1.6596705249e-05 -6.4015135547e-05  8.3881560632e-05

JOB 1
COORDS  1.9108210676e+00 -1.1102775034e+00  7.2866138287e-03  3.0288192423e+00 -1.6880268559e+00  2.1083973123e+00  8.4476608698e-01 -5.6879238087e-01  7.2232006437e-01  1.9627039143e+00 -1.1416063006e+00  2.8237579635e+00  2.9805227974e+00 -1.6626254180e+00  7.1511934655e-01  8.8841483907e-01 -5.9794411737e-01  2.1182788725e+00 -1.5994411973e+00 -1.2395459934e+00  2.9519371850e+00  4.1108699471e+00 -2.2409569234e+00 -4.4594872937e-02  4.0483890609e+00 -2.2034612509e+00 -1.2761858967e+00  5.0429687338e+00 -2.7256307621e+00  6.0219813423e-01 -1.1657209176e+00  1.0968658987e+00  2.2191337856e+00 -4.2866385060e-02  3.5513618814e-01  4.4035351182e+00 -4.8568758840e-01  9.3266694819e-02  3.0392356364e+00 -1.4651581732e+00 -2.4202267131e+00  4.2404335591e+00  1.9253203745e+00 -1.1089854119e+00 -1.0761250760e+00  3.8850494674e+00 -2.1222139438e+00  2.6107153515e+00 -1.8994861333e-03 -1.2306739283e-01  2.1091612480e-01  1.9663011802e+00 -1.1266854936e+00  3.9084297244e+00 -2.5426316768e+00 -8.3722715627e-01  2.9721239964e+00
ENERGY -1.500293496470e+03
GRADIENT -9.8212720767e-06 -7.7391675131e-06  1.0852709790e-04  1.5912920317e-05 -2.6682651822e-05  1.6772155492e-05 -8.7590230072e-05  1.1290035797e-04 -1.0491494842e-04 -4.1682354906e-05 -8.0610681195e-06  1.6798351014e-05 -1.2662374832e-05 -3.5310221425e-05  5.0436545462e-05 -3.1998238156e-04  3.3004310497e-04 -9.4100496694e-04  3.8990568031e-05  1.6021555109e-04  2.2633075573e-03 -6.1037507814e-06  1.8857450772e-04 -1.6896681199e-05  5.6294830891e-05 -1.1024220306e-04 -6.7094829779e-06 -5.6535660300e-05 -3.4480999023e-05 -2.7106148529e-05 -5.7545657082e-05  2.2614589980e-05 -4.4215852051e-05 -4.4426952696e-05  3.7503389523e-05 -8.1914082914e-05  3.9933888352e-04 -7.1579636534e-04  7.5576785828e-04  6.7916309413e-06  6.7064467005e-05 -1.3409483034e-04 -1.7820029683e-05  9.3286848357e-06  1.2367863968e-05 -2.5386016080e-07  2.0202045394e-06  4.2757396475e-07 -2.9111835346e-05  5.5203570381e-06 -9.2066254572e-06  1.5660883956e-05  1.0443469895e-06 -6.8296715750e-06  1.9132520798e-05  9.3297027047e-05 -1.9193245208e-03

JOB 2
COORDS  1.9155275096e+00 -1.0624416912e+00 -8.3953465374e-02  3.0080989887e+00 -1.7171126834e+00  2.0077836404e+00  8.5323344287e-01 -5.2350384155e-01  6.3934361849e-01  1.9464033788e+00 -1.1732628276e+00  2.7307606674e+00  2.9699766014e+00 -1.6530446684e+00  6.1496496857e-01  8.8540590690e-01 -5.9262680929e-01  2.0337304376e+00 -1.5646662937e+00 -1.2756682399e+00  2.9726533374e+00  4.0951370121e+00 -2.2293889977e+00 -1.5294411240e-01  4.0404683872e+00 -2.1585090300e+00 -1.3835474961e+00  5.0159685675e+00 -2.7451356442e+00  4.8604494163e-01 -1.1971203758e+00  1.0449984880e+00  2.1153995887e+00 -2.2817165013e-02  4.0105377074e-01  4.3126530378e+00 -4.8660828759e-01  8.9292718426e-02  2.9673305470e+00 -1.6294534603e+00 -2.2145709146e+00  4.4437440292e+00  1.9382487242e+00 -1.0299658924e+00 -1.1667689050e+00  3.8539248638e+00 -2.1783667409e+00  2.5036117153e+00  1.9567319720e-02 -4.6355270188e-02  1.3518134446e-01  1.9457660169e+00 -1.1869570552e+00  3.8156018231e+00 -2.4994487169e+00 -9.2008752188e-01  2.7512699910e+00
ENERGY -1.500292214667e+03
GRADIENT  3.4954165334e-06  1.8286248725e-05 -1.1588274483e-04  5.8517562859e-05 -3.5138342741e-05 -1.2312249914e-06  3.1892339110e-05  1.1994806776e-05 -1.5406497644e-05 -4.6297448356e-05 -1.4848500744e-06  2.7393463726e-05 -8.8301950465e-05  5.8865982950e-05  1.0905945806e-04 -6.8762861978e-04  5.8190410239e-04 -1.4991293538e-03 -8.4324991610e-04  5.3328010504e-04  3.4602907867e-03 -3.9390655447e-05 -2.7285821631e-05 -1.9504104788e-05  1.1242902741e-05  4.2893318731e-06  1.7331078541e-05 -2.1663161756e-05  4.3773894798e-05  1.9979334228e-05 -4.5320194161e-05  9.6721168677e-05 -9.8357250477e-05  1.8456862720e-05  6.5958880519e-06 -1.1687819076e-04  9.9825011739e-04 -8.2827889395e-04  1.3899368825e-03  8.6611836577e-06  4.2080292202e-05 -6.6418584762e-05 -4.2999894752e-06  6.2880022954e-06 -1.5657979952e-05 -2.0197390527e-07  2.5754722359e-06  1.9115654205e-05  5.6782878476e-06  1.2903058821e-06 -4.8398304445e-06  5.8972119030e-06 -1.4973540896e-06  8.7566785437e-06  5.8645438231e-04 -4.1735664263e-04 -3.1575845327e-03

JOB 3
COORDS  1.8247332779e+00 -9.7365094482e-01 -1.3434373135e-01  2.8782029795e+00 -1.7091599469e+00  1.9505011192e+00  7.6827792263e-01 -4.2730685026e-01  5.9363220325e-01  1.8227416991e+00 -1.1599049396e+00  2.6766067412e+00  2.8564294044e+00 -1.6076472456e+00  5.5859265295e-01  7.8274927843e-01 -5.3458280764e-01  1.9851522165e+00 -1.6131721710e+00 -1.2391187200e+00  3.0428297854e+00  3.9753306461e+00 -2.1901098189e+00 -2.1303747369e-01  3.9359865002e+00 -2.0834652808e+00 -1.4417192516e+00  4.8760384415e+00 -2.7460409391e+00  4.2089766482e-01 -1.3107025619e+00  1.0733904692e+00  2.0434758776e+00 -9.6515301838e-02  5.2839455889e-01  4.2493703849e+00 -5.7944079268e-01  1.6193322622e-01  2.9253942858e+00 -1.9324192099e+00 -1.8426312823e+00  4.6497853861e+00  1.8597674835e+00 -9.1232823128e-01 -1.2155977284e+00  3.7077508302e+00 -2.2033393444e+00  2.4421361490e+00 -4.6694255682e-02  8.6024119100e-02  9.4567046753e-02  1.8118354405e+00 -1.2031353402e+00  3.7607569398e+00 -2.5010362109e+00 -9.9501259262e-01  2.5954747153e+00
ENERGY -1.500290571230e+03
GRADIENT  4.6167210261e-05 -1.2121761953e-05 -3.1097042627e-04  8.8871080943e-05 -3.6003523430e-05  7.4537559115e-05  2.0666840021e-04 -4.4590195219e-05  1.6980496552e-04  1.2656646373e-05 -7.0956832862e-05 -7.8142652586e-05 -1.4544269737e-04  1.0874942400e-04  5.8146889194e-05 -8.8725412315e-04  5.2863362990e-04 -1.4729971312e-03 -1.3716019009e-03  1.6206012826e-03  2.8554053209e-03 -2.6945484103e-05 -7.3062563059e-05  1.5600461586e-05 -3.6840859259e-05  5.7746782451e-05  1.3537761760e-05  7.1001278379e-06  3.2986663951e-05  6.4069221963e-05  9.5383059487e-05 -1.2630197379e-04  1.2066192187e-04  1.1891913023e-04  1.6826292595e-04  1.5772727555e-04  8.2062241153e-04 -9.2322391703e-04  1.0036672159e-03 -9.2228886568e-06 -9.7667592887e-05  1.6726042020e-04  1.5010571872e-05 -8.7023661786e-06 -3.7787406455e-05  9.3216363565e-06 -3.7862161715e-06  2.3905647239e-05  2.8899343882e-05 -3.4719641834e-05 -6.8720521846e-07 -2.4201596931e-06  1.3966761959e-05  4.5292817421e-06  1.1199229698e-03 -1.1112231454e-03 -2.8500508936e-03

JOB 4
COORDS  1.9750016809e+00 -9.5419161954e-01 -1.2628318558e-01  2.8978460932e+00 -1.6789448821e+00  2.0234125973e+00  8.7524638055e-01 -4.0356375779e-01  5.3288144009e-01  1.7990143973e+00 -1.1298445850e+00  2.6800295003e+00  2.9622277091e+00 -1.5829721719e+00  6.3153447942e-01  8.0422623919e-01 -5.0604242404e-01  1.9226130044e+00 -1.5457478297e+00 -1.2634814894e+00  2.9936985374e+00  4.1278070507e+00 -2.1674020030e+00 -6.6692029140e-02  4.1535211317e+00 -2.0871525332e+00 -1.2976534751e+00  4.9989559979e+00 -2.6986798039e+00  6.2672964751e-01 -1.3298957535e+00  1.0490850203e+00  1.8216627283e+00 -1.8448917359e-01  6.6863003054e-01  4.0919692951e+00 -6.0524726798e-01  2.0864479658e-01  2.7764797557e+00 -2.2900851498e+00 -1.4269127257e+00  4.5738061207e+00  2.0763296623e+00 -8.9807603943e-01 -1.2036175104e+00  3.6956396885e+00 -2.1707338125e+00  2.5672134461e+00  9.3359359003e-02  1.0985976992e-01 -1.6846392129e-02  1.7177852885e+00 -1.1744499409e+00  3.7611292423e+00 -2.3097877960e+00 -1.2182738559e+00  2.3121778662e+00
ENERGY -1.500289432463e+03
GRADIENT  1.8588693310e-05  7.3142349553e-06 -9.6540937887e-06  6.1468873959e-05 -4.8743533917e-05  3.7346222800e-05 -7.0108142608e-05  7.7670442510e-06 -2.6529205601e-05 -1.4065842744e-05  3.1463154181e-05  4.9070515032e-06 -7.3721908023e-05  2.6289895090e-05  4.8845544645e-05 -2.3133524232e-04  6.7910825529e-05 -6.0705475393e-04 -7.8004394997e-04  6.1191918000e-04  7.2116030299e-04  6.2097542764e-06  1.9630415335e-05  1.6900046744e-05 -8.4540298836e-06 -8.3632052435e-06  1.4032527284e-05 -1.4285030997e-05 -2.7226764133e-07  7.1644439465e-06  7.4811969318e-05  1.9358668480e-05 -4.7452158182e-05  3.7232990201e-05  1.4386126734e-05 -6.4515665916e-06  3.6708005586e-04 -2.1707511651e-04  6.0838827263e-04 -2.6512472872e-05  5.5189378340e-06  3.6013617427e-05 -4.9204797300e-06  6.4516460540e-06 -1.9643863784e-06  3.1108382542e-06 -7.7285414702e-06  1.6622035256e-05 -8.9200292706e-06  1.6027675000e-05 -2.3341030048e-05 -5.1715470939e-06 -6.5730612456e-06 -8.3265723448e-06  6.5505722861e-04 -5.5352005004e-04 -7.8739592128e-04

JOB 5
COORDS  1.9786197169e+00 -9.4386016888e-01 -1.5670269259e-01  2.8278443371e+00 -1.7333579622e+00  2.0010647594e+00  8.7195709040e-01 -3.8544436689e-01  4.8552170729e-01  1.7240721494e+00 -1.1752547398e+00  2.6404214591e+00  2.9321431606e+00 -1.6077962301e+00  6.1343856281e-01  7.6249973843e-01 -5.1415550651e-01  1.8705445171e+00 -1.4857365173e+00 -1.2773448102e+00  3.0697705728e+00  4.1046306116e+00 -2.2020085436e+00 -6.6098091459e-02  4.1770028425e+00 -2.0761799370e+00 -1.2912179102e+00  4.9334002017e+00 -2.7861760829e+00  6.3652356018e-01 -1.4106500581e+00  9.9386806215e-01  1.7174402916e+00 -2.2228212708e-01  7.8961961517e-01  3.9776249618e+00 -6.4574222040e-01  2.2846390401e-01  2.7029072455e+00 -2.5595078087e+00 -1.1355696451e+00  4.4590818595e+00  2.1095593585e+00 -8.6766153844e-01 -1.2296168602e+00  3.5993280193e+00 -2.2556525444e+00  2.5542518852e+00  1.1189127513e-01  1.5130285406e-01 -7.2692959822e-02  1.6099429319e+00 -1.2454070415e+00  3.7171361653e+00 -2.0998631954e+00 -1.4641747771e+00  2.2694816539e+00
ENERGY -1.500289270814e+03
GRADIENT -1.3118514731e-05 -1.9059330079e-05 -2.2442331852e-05  1.5899088951e-05 -8.4351217634e-07 -3.8308628942e-06  4.4146587123e-06  1.1592202355e-05 -6.1421836487e-06 -1.3937380010e-05 -7.0398907645e-06 -1.1688019733e-05 -2.9814761982e-05 -1.7636603279e-05  1.4668582272e-05  6.8592240291e-05 -8.9575808837e-06  1.0864439908e-04  1.3527320039e-05 -1.1969570873e-04  3.3543911958e-05  4.3513121338e-05  7.5168594931e-05  7.1766591178e-06 -2.3066727738e-05 -2.5363694708e-05 -3.7686833625e-06 -3.7817084357e-05 -4.2747357458e-05  8.3729304427e-06 -8.8535933341e-05  4.2333086048e-05 -1.3200452392e-05 -6.6039707124e-06 -4.0596087040e-05 -5.8543208319e-05 -4.3598428099e-06  9.0561737657e-05 -1.1682711807e-04  4.0084057600e-05  1.7930175611e-05 -3.6304011036e-05 -5.6752794709e-06 -4.5325139306e-06 -6.6568789874e-06 -5.9315618893e-06 -3.3000247271e-08  7.7006913355e-07  3.9507455016e-06 -6.9350334517e-06  8.7522424669e-07 -4.8980177246e-07  4.5241741508e-06  6.3838596666e-06 -5.4406035650e-05  1.0237800030e-04  3.9007507633e-05

JOB 6
COORDS  1.9660848103e+00 -9.4499951342e-01 -1.4444781582e-01  2.8463129584e+00 -1.7340651914e+00  2.0012983752e+00  8.6799352292e-01 -3.8770819139e-01  5.1296614416e-01  1.7512992427e+00 -1.1765618176e+00  2.6568339632e+00  2.9307551822e+00 -1.6084361321e+00  6.1258315877e-01  7.7822777318e-01 -5.1693361167e-01  1.8998943616e+00 -1.4125359815e+00 -1.2980199037e+00  3.1407445329e+00  4.0939977258e+00 -2.2025953533e+00 -8.3951592088e-02  4.1465899396e+00 -2.0793827331e+00 -1.3102200689e+00  4.9341785205e+00 -2.7839536294e+00  6.0708770325e-01 -1.4019332429e+00  9.8816117396e-01  1.7790674301e+00 -1.9372852993e-01  7.9195826529e-01  4.0212370525e+00 -6.2031322822e-01  2.2302747289e-01  2.7509758003e+00 -2.7558779479e+00 -1.0692331383e+00  4.2608150176e+00  2.0823862730e+00 -8.6848170458e-01 -1.2190249115e+00  3.6261930814e+00 -2.2555909958e+00  2.5433317621e+00  9.9644923409e-02  1.4906434010e-01 -3.3951768774e-02  1.6514652073e+00 -1.2454571651e+00  3.7350451449e+00 -1.8354177055e+00 -1.6403091719e+00  2.2703802547e+00
ENERGY -1.500289197787e+03
GRADIENT -2.2140257694e-05  1.2294307984e-06  6.6118117969e-05 -1.4187552144e-04  9.1835166140e-05 -1.0272807376e-04 -6.8190054023e-05  4.3485425029e-05 -5.5950538876e-05  3.8947090143e-06 -1.2018455076e-05  1.9945188829e-04  6.2798086788e-05 -6.3172488926e-05 -4.7969008593e-05 -6.5093678605e-05 -5.7114672018e-05 -3.4770122979e-04 -6.9259868565e-04  4.7989037776e-04  8.9297259204e-05  6.3993763976e-05  7.3980274696e-05 -1.5909371440e-06 -3.7852445337e-05 -3.3420291984e-05 -1.1545237059e-05 -1.0168991852e-05 -2.8993702362e-05  1.2655151371e-05 -8.1758440670e-05  2.7244761874e-06  3.7566914552e-05 -1.5098059399e-05 -4.8294137253e-05  1.0150572890e-05  3.6969710298e-04 -7.2284906142e-05  2.0489862335e-04 -6.1875279146e-05  2.1699198932e-05  7.8847092915e-05 -5.0875242202e-06 -5.3672069053e-06  6.0753195257e-06 -2.1591756658e-05  1.7574466874e-05 -4.0518647430e-06  5.5366843770e-06 -3.0954364930e-06 -3.8243483459e-06 -3.0869856992e-06  5.9639395916e-06  3.1085081508e-05  6.2495785250e-04 -3.2656475992e-04 -1.5416444133e-04

JOB 7
COORDS  1.9028012790e+00 -9.4781638610e-01 -1.3221738175e-01  2.8190791763e+00 -1.7022180231e+00  2.0115688011e+00  8.2171324770e-01 -3.6933107541e-01  5.3437216345e-01  1.7415704770e+00 -1.1206648669e+00  2.6765780651e+00  2.8764030209e+00 -1.6049572907e+00  6.1966469005e-01  7.5808907459e-01 -4.6993940788e-01  1.9255920910e+00 -1.4190109277e+00 -1.2256151919e+00  3.1857111527e+00  4.0206330499e+00 -2.2236075062e+00 -8.8013776994e-02  4.0546273962e+00 -2.1169101139e+00 -1.3163387679e+00  4.8637341396e+00 -2.8075926910e+00  5.9691356104e-01 -1.4020102011e+00  1.0654448130e+00  1.8225078293e+00 -1.8708058511e-01  8.5934221982e-01  4.0542459972e+00 -6.2355770766e-01  2.8937480671e-01  2.7878857056e+00 -2.9609989231e+00 -9.6368962701e-01  3.9950329483e+00  1.9996701293e+00 -8.9287258907e-01 -1.2100485297e+00  3.6054623820e+00 -2.2190344908e+00  2.5487775756e+00  4.6918330391e-02  1.6294044056e-01 -7.9752159835e-03  1.6636218318e+00 -1.1631193141e+00  3.7580199094e+00 -1.6328368857e+00 -1.6975460622e+00  2.2999146338e+00
ENERGY -1.500288437251e+03
GRADIENT  1.1423445762e-05  1.2611242142e-05 -1.1415823369e-05  2.7201158777e-05 -2.4797104738e-05  1.5902779996e-05 -1.2503565151e-05  5.6192080233e-06  2.0113054979e-05  1.3706995470e-06  1.6109358727e-05 -1.9889243532e-05 -6.4336966379e-05 -1.2509282076e-05  4.2984978903e-05 -6.8394597583e-04  8.5476739209e-05 -1.1431387277e-03 -2.7050068951e-03  1.3889120806e-03 -2.8830811290e-04  7.1683595463e-05  1.1240516549e-04 -2.9034154603e-06 -1.7227353925e-05 -7.1843195399e-05  1.6446789482e-05 -2.9958683571e-05 -4.4225780054e-06 -1.8496817219e-05 -4.9595547381e-05 -2.7705150423e-05 -2.5716342488e-05  3.5052144226e-05  3.0719549585e-05  1.0958797782e-05  1.1779256618e-03 -3.4908023938e-04  1.4140768766e-03  4.0883530626e-05  7.9408045710e-06 -1.9720828923e-06 -1.3659050217e-05 -7.9003828555e-07  5.2482222469e-06  3.9385779031e-06  3.8067653793e-06  8.0989457972e-06 -1.0129537720e-06  1.5609428999e-06  5.8552987365e-06  7.2738011389e-06  3.5992967297e-06  3.3674568237e-06  2.1968723014e-03 -1.1433128423e-03  1.4566710106e-04

JOB 8
COORDS  1.8770333225e+00 -9.5615322047e-01 -1.2323079210e-01  2.8359676486e+00 -1.6803063328e+00  2.0124212629e+00  8.0770820797e-01 -3.7088826869e-01  5.5545902551e-01  1.7700251657e+00 -1.0903265198e+00  2.6900492657e+00  2.8664240604e+00 -1.6016669846e+00  6.1905569729e-01  7.7064719094e-01 -4.5249836897e-01  1.9494088502e+00 -1.4251507092e+00 -1.1975164224e+00  3.2027699988e+00  3.9994495178e+00 -2.2257730307e+00 -1.0202397620e-01  4.0054063839e+00 -2.1414841201e+00 -1.3324719618e+00  4.8628142183e+00 -2.7887936622e+00  5.7509989554e-01 -1.3690945398e+00  1.1146568982e+00  1.8780093101e+00 -1.5238317420e-01  8.5763711098e-01  4.1005248013e+00 -5.9952400176e-01  3.1137800754e-01  2.8273379941e+00 -3.1018752651e+00 -9.4732888708e-01  3.6640183147e+00  1.9542060514e+00 -9.1466569605e-01 -1.2032796891e+00  3.6341486226e+00 -2.1874045126e+00  2.5414961847e+00  2.1991146175e-02  1.5321012968e-01  2.0818172437e-02  1.7151526224e+00 -1.1138595713e+00  3.7735885772e+00 -1.4263600056e+00 -1.7699219180e+00  2.3517493730e+00
ENERGY -1.500286838602e+03
GRADIENT  1.0760035662e-05 -2.5575369072e-06 -6.7990851095e-05  6.6692763443e-05 -3.1037670029e-05  4.3944266126e-05  1.2077665820e-04 -1.1705611322e-06  6.2426224694e-05 -1.2679984805e-05 -4.3686940298e-05 -1.4355494766e-04 -2.3793112298e-06  4.7945657581e-05  3.1921531748e-05 -1.2663694853e-03  1.8033096822e-04 -1.8588544286e-03 -4.1527867832e-03  1.7496208773e-03 -1.3301806354e-03 -1.2392033287e-04 -1.5443573265e-04 -1.6249629199e-05  6.8283053276e-05  4.5680345983e-05 -1.1180724903e-05  2.0898322246e-05  5.7963166860e-05  1.1287932836e-06 -3.8081851024e-05 -6.9659700227e-05 -2.1409391394e-08 -3.7138591116e-05  2.3820705589e-05  2.7930983622e-05  1.9811372908e-03 -2.6078207372e-04  2.1684994338e-03 -1.1565404160e-04  2.5374838171e-05 -3.1209802155e-06  5.3022149896e-06 -3.2805014472e-06 -5.3761633537e-06  1.0904925843e-05 -1.4643105829e-05 -3.1833422649e-06 -2.2803516968e-06 -1.6793552080e-05  6.8990357069e-06  8.7603504349e-07 -1.4645462036e-06 -2.3209085787e-05  3.4669648924e-03 -1.6241511192e-03  1.0397152509e-03

JOB 9
COORDS  1.7961496552e+00 -9.9104932677e-01 -1.0716267646e-01  2.8189411934e+00 -1.6417221168e+00  2.0220101989e+00  7.3823502031e-01 -3.9879574602e-01  5.8203326784e-01  1.7641801835e+00 -1.0432893468e+00  2.7111475845e+00  2.8119459180e+00 -1.6052142009e+00  6.2711260232e-01  7.3771796676e-01 -4.4092904631e-01  1.9789221257e+00 -1.5291311903e+00 -1.1702467515e+00  3.1648848679e+00  3.9310989897e+00 -2.2407826230e+00 -1.0540208871e-01  3.9088239242e+00 -2.1843407471e+00 -1.3372798258e+00  4.8107397883e+00 -2.7870161355e+00  5.6437382171e-01 -1.3611350245e+00  1.1899988281e+00  1.9544199871e+00 -1.7238093707e-01  7.8769852274e-01  4.1708337764e+00 -6.2729239021e-01  3.1832486857e-01  2.8698879631e+00 -3.2639802146e+00 -9.2980464038e-01  3.2257818639e+00  1.8453906864e+00 -9.7932491291e-01 -1.1895835035e+00  3.6369736711e+00 -2.1233929872e+00  2.5444968882e+00 -6.5691874027e-02  1.0279696621e-01  5.2670135124e-02  1.7387509426e+00 -1.0320568030e+00  3.7960867490e+00 -1.3348872526e+00 -1.8154009240e+00  2.3932877408e+00
ENERGY -1.500284853559e+03
GRADIENT -4.0507675388e-05  2.7042449095e-05 -1.2871830095e-05 -1.3141956946e-04  7.1896216294e-05 -8.3598650940e-05  1.0425936361e-04 -1.0386935622e-04  1.8332934342e-05  7.6985066100e-06  3.2132678445e-05  8.6250437329e-05  1.2132402816e-04 -5.4165732642e-05 -2.6302560349e-05 -1.1016080079e-03  2.8727089443e-04 -1.7762785185e-03 -3.5426371213e-03  2.1960133592e-03 -2.8670461677e-03 -5.3055047893e-05  4.5216818467e-05 -7.7155159523e-06  7.6367565533e-05 -5.0743650549e-05 -2.6741947817e-05  2.8955423133e-05  7.9518201671e-06 -6.4249519450e-06 -9.0591141627e-05  8.2334877953e-05 -4.0758267341e-05  4.4974939597e-05  7.1525017782e-05  3.7332618051e-05  1.5194346319e-03 -1.1716277155e-03  2.6488668216e-03  3.4471533001e-05 -1.4547853573e-05  1.1444033199e-05  1.2560226130e-05 -2.5387782769e-05  8.9038535030e-06 -1.2940490774e-05  1.2169614280e-05 -5.5087657036e-06  8.5405536957e-06 -7.9674984843e-06  3.3958499318e-06 -1.7807907873e-05  2.4348487670e-05  3.9759475303e-06  3.0803085570e-03 -1.4662198527e-03  2.0717082648e-03

JOB 10
COORDS  1.8135181546e+00 -1.0508409566e+00 -7.8068927174e-02  2.8493765439e+00 -1.6143636024e+00  2.0697051600e+00  7.6360159078e-01 -4.2444543676e-01  5.9213328823e-01  1.8010085002e+00 -9.8336085593e-01  2.7398952255e+00  2.8322655951e+00 -1.6376157298e+00  6.7490435523e-01  7.7188740720e-01 -4.0826180708e-01  1.9899486821e+00 -1.6000509944e+00 -1.0465946022e+00  3.1333533484e+00  3.9440486494e+00 -2.3074991531e+00 -3.7168434670e-02  3.9011985577e+00 -2.3235975906e+00 -1.2696823166e+00  4.8389021226e+00 -2.8069869897e+00  6.4884517145e-01 -1.2705465050e+00  1.2997120477e+00  1.9390214338e+00 -1.3012855079e-01  8.1386979679e-01  4.1699067747e+00 -5.8876324038e-01  3.8975534966e-01  2.8545627326e+00 -3.2866966666e+00 -8.1529805080e-01  2.7139829307e+00  1.8554392178e+00 -1.0849517113e+00 -1.1603432886e+00  3.6702214810e+00 -2.0749998299e+00  2.6066198602e+00 -4.0652684207e-02  5.8842180480e-02  4.6361054092e-02  1.7838040193e+00 -9.2448483987e-01  3.8234682668e+00 -1.2509734914e+00 -1.7927231971e+00  2.5248348511e+00
ENERGY -1.500283388315e+03
GRADIENT  1.0941331280e-05  1.4751829787e-06 -1.7229585031e-05  3.9270027255e-05 -1.4608651621e-05  2.7618902915e-05  3.0275807512e-07  1.9318471077e-07  1.4818017427e-05  4.4257063081e-06 -2.7549253270e-05 -4.5399154045e-05 -1.6035408309e-05  1.9458726195e-05 -5.1507157086e-06 -4.4832280387e-04  1.3363523795e-04 -8.2445108481e-04 -1.1489601246e-03  7.5983838417e-04 -1.6219134151e-03 -3.3149905043e-05 -3.4131248589e-05  2.4429445054e-06  1.6808474143e-06  2.2645812765e-05 -1.3172257497e-05  7.0856065144e-06  9.6392075268e-06 -8.9123171544e-06 -1.7198173955e-05 -2.9819166521e-05  3.5431458845e-05  8.5192579386e-06  1.2445296906e-05  6.8921483427e-05  5.9934055391e-04 -3.8639401522e-04  1.1223500233e-03 -6.8696026237e-05  4.5987922465e-06 -5.2033831164e-06 -3.7858724706e-06  6.0046646453e-06 -5.3825259354e-06  6.3314229447e-06 -1.1052541958e-05 -6.4197767974e-06 -2.5437256570e-06  5.8718481543e-07  2.5140480143e-06  3.6906376834e-06 -9.3472040326e-06 -8.0274465946e-06  1.0672891613e-03 -5.2277548380e-04  1.2556841643e-03

JOB 11
COORDS  1.7785303472e+00 -1.0884667854e+00 -7.5079976725e-02  2.8453266836e+00 -1.5996895189e+00  2.0698954627e+00  7.3551305554e-01 -4.5178623432e-01  5.9603071388e-01  1.8025547396e+00 -9.6061580716e-01  2.7411561538e+00  2.8103392625e+00 -1.6541188024e+00  6.7625857738e-01  7.6067098738e-01 -4.0604803214e-01  1.9933130625e+00 -1.7016684304e+00 -9.8870242678e-01  3.0996850756e+00  3.9158469391e+00 -2.3341010343e+00 -3.5367989304e-02  3.8578810175e+00 -2.3758687897e+00 -1.2666967529e+00  4.8209769079e+00 -2.8165309139e+00  6.4959774052e-01 -1.2410159201e+00  1.3578985197e+00  1.9696216812e+00 -1.4088148035e-01  7.3715812924e-01  4.1957580766e+00 -6.0022457919e-01  3.9499920268e-01  2.8563953783e+00 -3.2224176423e+00 -8.4654158165e-01  2.2252214748e+00  1.8056228708e+00 -1.1458769495e+00 -1.1568456192e+00  3.6762678997e+00 -2.0432960738e+00  2.6056505032e+00 -7.7122245396e-02  1.6370238665e-02  4.9456363827e-02  1.7992310264e+00 -8.7908947559e-01  3.8233424496e+00 -1.2460623425e+00 -1.8087131956e+00  2.6871085180e+00
ENERGY -1.500283474256e+03
GRADIENT -3.1760311397e-06 -4.5675451050e-07 -2.3148953515e-05 -4.7967361605e-05  3.1384022649e-05 -3.0157521478e-05  2.7689818679e-05 -5.9179797087e-05  3.3323632249e-05  2.0382830703e-05 -4.3422360540e-06  9.4435301002e-06  3.0923508718e-05 -1.7458862119e-05 -6.2291484461e-05  5.0808707417e-04 -1.2849833400e-04  1.0518083502e-03  1.5086747275e-03 -4.3432875650e-04  2.5751733035e-03  4.4226867359e-05  1.0208620384e-05 -1.8843614115e-05 -4.8089739537e-05  3.4788352477e-05 -1.5891817000e-07  8.6169790627e-06 -7.3865945918e-06  4.3688328149e-06  1.2024137160e-04 -1.7329324687e-06 -4.2210701864e-05 -5.9707806876e-06 -1.7439584938e-06  7.6478728805e-05 -9.7851015042e-04  2.0005186770e-04 -1.5227663076e-03 -1.4698761129e-04 -3.1940303580e-05 -6.2741144352e-05  1.5720875683e-06  2.1626993740e-06 -4.5326002298e-06  1.0202810850e-06  2.0940916971e-06 -1.5074405056e-05  4.4117691204e-06  7.0940682655e-06  1.5064013843e-05 -2.4703231320e-06 -2.5383026944e-06 -5.7849572265e-07 -1.0153172920e-03  3.8001974079e-04 -1.9691709156e-03

JOB 12
COORDS  1.7441466271e+00 -1.1000032198e+00 -6.8719898906e-02  2.8083203993e+00 -1.5968207075e+00  2.0812389855e+00  7.1443776129e-01 -4.3403393879e-01  5.9485063330e-01  1.7781717133e+00 -9.3036568971e-01  2.7446056417e+00  2.7676051505e+00 -1.6721243991e+00  6.8846016602e-01  7.4344957810e-01 -3.6865268108e-01  1.9913814924e+00 -1.7781243890e+00 -8.6377015599e-01  3.0842020498e+00  3.8585678998e+00 -2.3828107347e+00 -1.5188078414e-02  3.7995637859e+00 -2.4400998495e+00 -1.2458604297e+00  4.7545922565e+00 -2.8740707051e+00  6.7562536947e-01 -1.2174559017e+00  1.4493041255e+00  1.9733755835e+00 -1.5345133385e-01  7.4554227204e-01  4.1991279657e+00 -6.0933023896e-01  4.5578260548e-01  2.8454746468e+00 -3.0520818790e+00 -9.0362710087e-01  1.8601641810e+00  1.7667000609e+00 -1.1753131927e+00 -1.1494839945e+00  3.6335175896e+00 -2.0455812295e+00  2.6216280925e+00 -9.1282122316e-02  3.8901928562e-02  4.2441646432e-02  1.7796076193e+00 -8.3281708511e-01  3.8253728647e+00 -1.2692559005e+00 -1.7377225453e+00  2.9137390407e+00
ENERGY -1.500285440314e+03
GRADIENT  2.3365834913e-05  1.0845287530e-05  2.0415919029e-05  2.5294288132e-04 -1.4372566049e-04  1.5714765959e-04 -8.4345745304e-05 -5.1007512953e-06 -1.5000712225e-04  3.3230340899e-05 -1.6021140936e-05 -2.0316293923e-04 -1.3617162146e-04  9.4285880707e-05  1.5986015798e-04  1.3363270475e-03 -6.9788966701e-04  2.8221876449e-03  1.5698407769e-03 -3.7317991556e-04  6.7897774215e-03 -1.1438612665e-04  9.3081407596e-05  2.5119679245e-05  9.8291229615e-05 -5.0745830785e-05 -2.0318818831e-05 -5.4562020214e-05  2.5287550064e-05 -5.3148273436e-05 -1.7770073683e-04  8.3739017299e-06  7.6995209913e-05 -1.3205493210e-04 -6.1491174147e-05 -3.4090959394e-05 -1.4098414371e-03  8.4230112834e-04 -4.2651380497e-03  1.0641863249e-04 -1.3852209456e-05  1.1821010143e-04 -2.2864473673e-05  2.6844046068e-05  4.0384518286e-06  4.1751247009e-05 -1.8771009982e-05  1.1234582929e-05 -1.2825620327e-05  2.3339609204e-05 -1.9528117852e-05  3.1614041597e-05 -3.2540598180e-05 -5.6527544030e-05 -1.2785852581e-03  3.0351385968e-04 -5.4014834655e-03

JOB 13
COORDS  1.7358252553e+00 -1.0744013666e+00 -8.7867290217e-02  2.7853811003e+00 -1.6108482108e+00  2.0590171499e+00  7.1664231267e-01 -3.9675855216e-01  5.8073913374e-01  1.7656963709e+00 -9.3406998692e-01  2.7272610665e+00  2.7471566982e+00 -1.6718579268e+00  6.6511958145e-01  7.4234507986e-01 -3.4636820151e-01  1.9775640617e+00 -1.7981243480e+00 -7.8008764512e-01  3.0864652657e+00  3.8277822711e+00 -2.3935268441e+00 -4.3154426684e-02  3.7750619012e+00 -2.4301333299e+00 -1.2749156390e+00  4.7097409814e+00 -2.9135919189e+00  6.4485192243e-01 -1.1926252553e+00  1.4932328175e+00  1.9716348610e+00 -1.4017594982e-01  7.5598792439e-01  4.1968965903e+00 -5.9850389138e-01  4.8882978322e-01  2.8384427152e+00 -2.8275584228e+00 -1.0514501399e+00  1.6715962646e+00  1.7587810382e+00 -1.1395769491e+00 -1.1692801462e+00  3.6020014427e+00 -2.0783164044e+00  2.5965160668e+00 -7.9168318851e-02  9.5367987893e-02  3.1546034880e-02  1.7689449779e+00 -8.4587926372e-01  3.8089681925e+00 -1.2838911213e+00 -1.6637781136e+00  3.1696214731e+00
ENERGY -1.500288388664e+03
GRADIENT  9.3258335354e-06 -1.0964809863e-05 -5.1196225682e-05  5.5906016565e-05 -2.4451369360e-05  2.7420305753e-05  2.3432860936e-06  3.6872041475e-05 -2.2173510846e-06 -1.6535594066e-05 -2.8668610906e-05  6.3093606966e-06 -5.5004266508e-05  4.6609658748e-05  6.1033845746e-05  1.4656607398e-03 -7.9904891075e-04  2.9703138120e-03  7.4020180712e-04  6.5833616519e-04  7.8293713806e-03 -3.1307102796e-05  2.2880987953e-05 -4.3566084921e-06  3.0632279004e-05  2.8546914028e-06 -4.5297220390e-06 -1.7204281184e-05  2.1279447244e-05 -8.3384361373e-06 -2.6771565682e-06  4.7756061284e-06 -3.3115584592e-05 -2.1974943206e-05 -2.0883483979e-05 -5.9045812670e-05 -1.7918655804e-03  8.5085939713e-04 -4.7134933672e-03  5.1002647876e-05  5.2207035061e-06  3.2638446276e-05 -6.7170566708e-06  9.8512014245e-06 -5.3797587418e-06  1.3457606297e-05 -1.2585232760e-06  7.1166838545e-06 -2.0314468372e-06 -5.6633129555e-06  2.3417539940e-06  1.8291266906e-05 -7.6591507947e-06  8.1044759227e-06 -3.7496273442e-04 -8.0514465527e-04 -6.0356218253e-03

JOB 14
COORDS  1.7466239375e+00 -1.0403443075e+00 -1.0669515387e-01  2.7784126911e+00 -1.6371558961e+00  2.0331490520e+00  7.3351443868e-01 -3.6340722994e-01  5.7200424184e-01  1.7646838383e+00 -9.6105787633e-01  2.7104063398e+00  2.7457073459e+00 -1.6674131575e+00  6.3793993946e-01  7.5270867273e-01 -3.4310191469e-01  1.9693517480e+00 -1.7900517476e+00 -7.3947306166e-01  3.1064295793e+00  3.8200378980e+00 -2.3876926042e+00 -8.0887974764e-02  3.7723443498e+00 -2.3949161719e+00 -1.3133928713e+00  4.6916288614e+00 -2.9355172407e+00  5.9890669562e-01 -1.1691029196e+00  1.4955661018e+00  1.9746387713e+00 -1.1605377083e-01  7.5932057001e-01  4.2031377250e+00 -5.7725134930e-01  4.9328351148e-01  2.8445219641e+00 -2.6125249411e+00 -1.2494153191e+00  1.6278680195e+00  1.7734446916e+00 -1.0830543472e+00 -1.1891437575e+00  3.5863880012e+00 -2.1265359811e+00  2.5641346996e+00 -5.2711887189e-02  1.5132711153e-01  3.0287265675e-02  1.7665275650e+00 -8.9454958803e-01  3.7937433628e+00 -1.3087720607e+00 -1.5827655336e+00  3.4358754254e+00
ENERGY -1.500290964712e+03
GRADIENT  7.0302627957e-05 -3.7550076322e-05 -3.0407753956e-04  1.4164023512e-04 -9.8390647506e-05  8.9082328988e-05  1.0550696310e-04 -5.6333147392e-05  5.9773741561e-05 -1.2681707867e-05 -3.2882480788e-05  1.7774550659e-05 -2.6865559917e-04  1.7046105354e-04  6.9869861030e-06  9.9988213915e-04 -5.6283440203e-04  2.0191194094e-03 -4.0775485139e-04  1.3101576246e-03  5.2104131112e-03  1.5687661095e-04 -7.2546955664e-05  2.8175389985e-05 -2.6152110357e-04  1.6463829112e-04  7.5054631157e-05  2.5154689629e-05 -2.6198161544e-06  1.3080129726e-04 -3.2513523612e-05 -6.6598128170e-05 -3.4428469045e-05 -4.8801446762e-05  3.5761982514e-05 -4.3967153773e-05 -1.0182298840e-03  4.7149076764e-04 -3.1524816410e-03 -1.2234349631e-06  7.8090816546e-06  7.2007529103e-06 -3.2288437114e-06 -3.2596151855e-06 -4.8262888594e-05  1.0939609900e-05  4.6986111911e-06  3.5420353854e-05 -5.5265937964e-06 -1.1981281797e-05 -2.0631782052e-05  1.8200811424e-05 -8.9887466143e-06 -1.1426919908e-05  5.3466175408e-04 -1.2636163583e-03 -3.9884204833e-03

JOB 15
COORDS  1.7575382448e+00 -1.0198958022e+00 -1.1101329111e-01  2.7551062755e+00 -1.6562051886e+00  2.0322513984e+00  7.3925791945e-01 -3.4527014336e-01  5.6209304238e-01  1.7358698543e+00 -9.8346215628e-01  2.7044048958e+00  2.7425643520e+00 -1.6655333514e+00  6.3653690073e-01  7.3889976188e-01 -3.4663789128e-01  1.9593906472e+00 -1.8191417080e+00 -7.1265409612e-01  3.0863144556e+00  3.8219275150e+00 -2.3822893631e+00 -7.8223161103e-02  3.7919849288e+00 -2.3730662260e+00 -1.3113341241e+00  4.6817271501e+00 -2.9437840068e+00  6.0553480689e-01 -1.1651938414e+00  1.4923677930e+00  1.9482293200e+00 -1.4864798363e-01  7.5902536333e-01  4.1960344763e+00 -5.9252381557e-01  4.9020738970e-01  2.8311324260e+00 -2.4515440906e+00 -1.4446680217e+00  1.6170960819e+00  1.7989266174e+00 -1.0468818871e+00 -1.1934775583e+00  3.5517619657e+00 -2.1592164286e+00  2.5674758385e+00 -3.5398628652e-02  1.8314153440e-01  1.7217884967e-02  1.7231542020e+00 -9.3403767008e-01  3.7886917968e+00 -1.4203283933e+00 -1.4728637364e+00  3.6451172606e+00
ENERGY -1.500292305543e+03
GRADIENT -3.4841940327e-05 -1.0636512790e-05  3.0070247979e-04  1.6321187333e-06  1.5306862744e-05  3.7298512150e-06 -2.7412449034e-04  1.5795911267e-04 -1.7930853152e-04  1.7358747557e-05  4.4857990794e-05 -5.4521490720e-07  1.0826965331e-04 -3.9467079916e-05 -1.7464334589e-05  4.6620229137e-04 -2.8818908476e-04  6.1068612092e-04 -2.6976352328e-04  6.4497515915e-04  1.3699054714e-03 -5.9945284118e-05 -8.2611724054e-05  3.2343938469e-05  6.3744093074e-05  9.1027720127e-06 -3.2901984586e-06  2.8075992890e-05  1.9218188860e-05 -1.8505028469e-05 -3.6470547282e-05  1.2520357672e-04  1.8977587554e-05  3.4457023871e-07 -1.3853467465e-04 -9.0284083502e-05 -4.5219374707e-04  9.4127834154e-05 -1.2213081445e-03  1.1170922713e-04  6.7763947558e-05  1.3179750869e-04 -1.0358244373e-05  4.7865987204e-06  2.5916672219e-05 -1.0665316491e-05  1.6032498946e-06 -2.5360597137e-06  8.5412629126e-06 -1.4720241273e-06 -5.2193350194e-07 -2.1206053350e-06 -4.8504879626e-06  4.4081437351e-05  2.5594295353e-04 -6.1786254584e-04 -1.0347060684e-03

JOB 16
COORDS  1.7277857972e+00 -9.4915545791e-01 -1.0960279627e-01  2.7275934584e+00 -1.6906246387e+00  1.9988280023e+00  7.2059773082e-01 -2.9387996569e-01  5.9830794243e-01  1.7195984659e+00 -1.0353955553e+00  2.7041797416e+00  2.7083583983e+00 -1.6383098459e+00  6.0416730239e-01  7.2682014325e-01 -3.5471052875e-01  1.9937856758e+00 -1.8008562296e+00 -7.4415426194e-01  3.1755562037e+00  3.7745826627e+00 -2.3370962132e+00 -1.4667157104e-01  3.7438102740e+00 -2.2672095055e+00 -1.3778195678e+00  4.6242590148e+00 -2.9475147258e+00  5.0728644508e-01 -1.1785646308e+00  1.4617060182e+00  2.0360100104e+00 -1.3108793282e-01  7.3230297789e-01  4.2692807172e+00 -5.8914558135e-01  4.5972587902e-01  2.9089079087e+00 -2.2969643344e+00 -1.6722194764e+00  1.7771505499e+00  1.7629011415e+00 -9.3018467942e-01 -1.1924608664e+00  3.5201285266e+00 -2.2267595066e+00  2.5073142028e+00 -5.3735786475e-02  2.6299250746e-01  8.1985445528e-02  1.7133251572e+00 -1.0342822886e+00  3.7896685305e+00 -1.4897491712e+00 -1.3862435629e+00  3.9087612167e+00
ENERGY -1.500292097238e+03
GRADIENT  2.2192793008e-06  2.4475359763e-06 -3.3663439527e-05  5.5098187330e-05 -5.3822157973e-05  5.6859911549e-05  1.0268640850e-04 -4.4190357042e-05  4.2774721303e-05 -3.5680041304e-06 -1.3522199960e-05 -1.9597524233e-04 -1.4425343987e-05 -5.0957895505e-05  6.2441589344e-05 -6.3402997813e-04  3.7844984363e-04 -8.9065390359e-04  9.7478653331e-04 -1.3817261430e-03 -1.9843068314e-03  2.3306554664e-05  1.8408301548e-04  7.5213701673e-06  6.8705294814e-05 -1.4286698066e-04 -1.6695415768e-05 -4.3480074395e-05 -2.2005981858e-05 -3.4985964885e-05 -5.7515254360e-05  5.2594309577e-05 -3.8780319821e-05 -6.4893612086e-05  5.9236842181e-07 -1.3425920497e-04  5.2144583844e-04 -1.0622194195e-04  1.6377446259e-03  1.2622178535e-05  4.0126140019e-05  3.3125498010e-05  4.9273057600e-06 -1.6919364323e-05  2.2397546152e-07  1.5824940160e-05 -1.9689411184e-06 -2.2218940029e-06  1.2765113272e-05 -1.1643588470e-05  1.2764474288e-05 -3.1967885860e-06  1.6551168728e-05 -1.6212356185e-05 -9.2411092816e-04  1.1971741831e-03  1.4157720190e-03

JOB 17
COORDS  1.7596696005e+00 -9.3517914720e-01 -1.2439328813e-01  2.7192027644e+00 -1.7097120214e+00  1.9905324596e+00  7.4592692551e-01 -2.8096186081e-01  5.7464236910e-01  1.7033886155e+00 -1.0573644020e+00  2.6873925591e+00  2.7241699796e+00 -1.6394931704e+00  5.9665532795e-01  7.2898601708e-01 -3.5967677022e-01  1.9689011908e+00 -1.8060436882e+00 -7.3143756183e-01  3.1274801981e+00  3.7982679478e+00 -2.3355363634e+00 -1.4523468086e-01  3.7819935907e+00 -2.2583905908e+00 -1.3762926858e+00  4.6387394671e+00 -2.9517622073e+00  5.1509392254e-01 -1.1521047965e+00  1.4660013902e+00  1.9837286034e+00 -1.5585861294e-01  7.5064913702e-01  4.2397698759e+00 -5.8926675230e-01  4.6240721359e-01  2.8732948998e+00 -2.1501502666e+00 -1.8485792053e+00  1.8372354549e+00  1.8125981380e+00 -9.0343297229e-01 -1.2062132347e+00  3.4989559538e+00 -2.2584438842e+00  2.5052172913e+00 -1.6827167129e-02  2.8693225798e-01  5.3157718812e-02  1.6766338233e+00 -1.0732350288e+00  3.7724991235e+00 -1.6433370169e+00 -1.2243359912e+00  4.0075726070e+00
ENERGY -1.500290411868e+03
GRADIENT -4.2459012513e-05 -3.2490910654e-05  1.1661492043e-04 -9.0233588110e-05  9.8917137555e-05 -6.7452153878e-05 -1.9705572490e-05  2.3529372928e-05 -2.9606981112e-05  3.7829480507e-05  3.1239098141e-06  4.3584137779e-05  7.3862495650e-05 -1.5591944954e-04 -8.1892965492e-05 -1.1430624403e-03  6.7988572528e-04 -2.2883699707e-03  3.0012684485e-03 -3.7580685960e-03 -3.4667013426e-03  2.1064927457e-04  2.4978487837e-04  1.8832851621e-05 -3.1461508275e-05 -7.4862769159e-05 -8.7755008821e-06 -5.1654535798e-05 -1.2616216292e-04 -7.5273447841e-06 -3.4261239709e-05  7.7677956880e-05  6.2192450714e-05 -6.8550051012e-05 -9.8133684196e-05  8.1126279735e-06  8.7656276391e-04 -2.6710961100e-04  3.1731327635e-03  7.3641891025e-05  9.6794470488e-05  1.0048456636e-04  1.9778546357e-05 -9.9639131697e-06  1.0950496236e-05 -1.4106751336e-05  8.0473782891e-06 -1.2596577456e-05  2.5244864557e-05 -1.6781034800e-05  1.0753874742e-05 -8.2691368399e-06  8.8831361012e-06  2.8172411953e-05 -2.7776656179e-03  3.2629319670e-03  2.3437250936e-03

JOB 18
COORDS  1.8000398576e+00 -9.1370821377e-01 -1.3772244712e-01  2.7060445560e+00 -1.7429162694e+00  1.9811435737e+00  7.8389862441e-01 -2.5515201994e-01  5.5379867446e-01  1.6879434470e+00 -1.0858746754e+00  2.6698869076e+00  2.7386825741e+00 -1.6466477651e+00  5.8913639484e-01  7.4048292187e-01 -3.5837728085e-01  1.9454720538e+00 -1.7772663762e+00 -7.2860370257e-01  3.1058251693e+00  3.8152927837e+00 -2.3474474921e+00 -1.4481271512e-01  3.8224967877e+00 -2.2509409693e+00 -1.3745936201e+00  4.6351839745e+00 -2.9859298803e+00  5.2034501470e-01 -1.1346521739e+00  1.4646156186e+00  1.9307546254e+00 -1.5221909228e-01  8.0749911426e-01  4.2016111658e+00 -5.7558777556e-01  4.7611380278e-01  2.8409717050e+00 -1.9655182522e+00 -2.0330329399e+00  1.9788826650e+00  1.8737458845e+00 -8.6433203084e-01 -1.2176673079e+00  3.4655187673e+00 -2.3155385741e+00  2.5000981229e+00  3.7932709135e-02  3.3220925065e-01  2.9442297008e-02  1.6376377118e+00 -1.1240532349e+00  3.7535916610e+00 -1.7743525741e+00 -1.0448671674e+00  4.0761986457e+00
ENERGY -1.500287608439e+03
GRADIENT -9.5148099924e-08 -5.8076944199e-06 -6.0587448771e-05  2.5052748699e-05 -1.0526258320e-05 -2.0722297800e-06 -4.4452319898e-05  5.2854157815e-05 -2.6355252242e-05 -3.6918062889e-05 -2.6193351858e-05  7.5399497067e-05 -8.9384258649e-05 -6.6990406946e-07  8.4666158507e-05 -1.5060418739e-03  8.5283377368e-04 -3.2973404270e-03  5.0098644946e-03 -5.6497036984e-03 -2.8407480858e-03  5.8519278875e-05  1.7021806938e-04  2.7506696176e-05  1.0033174482e-05 -4.0846807660e-05 -2.0126251380e-05 -7.0578462730e-05 -2.0687653096e-05  3.5498175652e-06 -4.0362183467e-05 -3.2704339026e-06 -7.0645050713e-05 -6.6302644122e-06 -3.5016781303e-05 -1.2247646908e-04  1.0937126651e-03 -1.7209784255e-04  4.6423242386e-03  2.0597337205e-05  2.4897636148e-05 -7.5754239532e-06 -1.2038435120e-05  6.3933166421e-06 -4.1177624886e-06 -6.8949460602e-06 -6.7130760986e-06  1.8068835186e-05 -6.6172621848e-06 -4.6837484276e-06 -1.4259073735e-05  8.8587363043e-07 -1.3580615523e-05  1.2378637832e-05 -4.5084840933e-03  4.8594730072e-03  1.5871882308e-03

JOB 19
COORDS  1.8767394546e+00 -1.0964863412e+00 -3.1394494463e-02  2.9307327663e+00 -1.6103729675e+00  2.1186178739e+00  8.0976219791e-01 -4.9617558020e-01  6.3518706545e-01  1.8618229922e+00 -1.0125894501e+00  2.7845199652e+00  2.9139349156e+00 -1.6455026579e+00  7.2371552000e-01  8.1691784043e-01 -4.7356902763e-01  2.0313651540e+00 -1.7501033768e+00 -9.6569741980e-01  3.1432196525e+00  4.0439958705e+00 -2.2887265884e+00  1.6507687099e-02  4.0053195459e+00 -2.3088000395e+00 -1.2161810085e+00  4.9486637672e+00 -2.7665265185e+00  7.0580074067e-01 -1.1650214144e+00  1.2616955381e+00  1.9668536886e+00 -1.3153535726e-01  7.1249019413e-01  4.2366784556e+00 -5.4725101398e-01  3.1764128830e-01  2.8877460411e+00 -1.3333092309e+00 -2.5830550104e+00  2.5993543023e+00  1.9158375015e+00 -1.1407575589e+00 -1.1133093119e+00  3.7656381743e+00 -2.0412162759e+00  2.6583057208e+00 -1.2322590250e-02 -4.8558281665e-02  8.6738841431e-02  1.8408659425e+00 -9.5565135430e-01  3.8679693113e+00 -1.8618931187e+00 -1.0191899330e+00  4.1607727405e+00
ENERGY -1.500284841937e+03
GRADIENT  5.9256138026e-06  3.1486344182e-05  1.6068236046e-04 -2.2362451906e-04  1.1617037119e-04 -1.2492678854e-04 -2.7013203735e-05 -3.7596235347e-05  9.3008124153e-06 -8.1979645401e-06 -4.2834757818e-05  1.5313297956e-04  1.8393629679e-04 -1.3841763956e-04 -2.4926553035e-04 -6.8223104887e-04  3.1602443306e-04 -1.2840586504e-03  2.2597815817e-03 -1.7761531022e-03 -1.7745687146e-04  2.6362469511e-04  1.1330606827e-04 -3.3698923997e-05 -1.7768084295e-04 -6.8893702015e-06  9.1391090306e-06  5.9787800858e-05 -1.1984700617e-04  5.1814341725e-05 -1.8169355054e-06 -6.9325262961e-05  2.5859379775e-05  1.2546401554e-05  3.3548812412e-06  1.3508123186e-04  2.7696722945e-04 -3.2817549813e-04  1.6024850331e-03  7.8250444082e-05  1.7867520897e-05 -7.9767009937e-05  3.7722193207e-05  6.3396344043e-06  1.7593071581e-05 -1.0379688086e-05  2.9685136224e-05 -3.2183829717e-05 -3.2878770733e-06  1.5573208298e-05  1.5726561760e-05 -1.0071628401e-05  1.9185717200e-05  3.0143598326e-06 -1.8923093429e-03  1.8252324082e-03 -1.4637097476e-04

JOB 20
COORDS  1.8622144032e+00 -1.1260990332e+00 -2.9348574470e-02  2.9692171530e+00 -1.5929735114e+00  2.1060121475e+00  8.0112115026e-01 -5.3213711559e-01  6.5168419547e-01  1.9045236919e+00 -1.0045613005e+00  2.7870012286e+00  2.9236161876e+00 -1.6465689760e+00  7.1241743759e-01  8.3750806459e-01 -4.9235516039e-01  2.0471818946e+00 -1.8054920159e+00 -9.4936574227e-01  2.9487112744e+00  4.0505919771e+00 -2.2785234473e+00 -1.0090394662e-02  3.9881445507e+00 -2.3139386233e+00 -1.2414002720e+00  4.9780032134e+00 -2.7305522722e+00  6.6608246663e-01 -1.0743176561e+00  1.3628579877e+00  2.0895488954e+00 -1.0408306741e-01  5.3932536600e-01  4.3030604558e+00 -5.1477171196e-01  3.0118855095e-01  2.9159521647e+00 -1.2013055308e+00 -2.6181337622e+00  2.8526200180e+00  1.8798130522e+00 -1.1852672608e+00 -1.1110719410e+00  3.8212056594e+00 -2.0048222389e+00  2.6337697095e+00 -3.7459974154e-02 -1.0348318707e-01  1.1256595993e-01  1.8977775954e+00 -9.3868155809e-01  3.8697482509e+00 -2.1337636922e+00 -8.9752098568e-01  3.9220637052e+00
ENERGY -1.500285434334e+03
GRADIENT -5.2233553415e-06 -1.0070945608e-05  4.3035201006e-05 -1.9751764076e-05  1.9148669089e-05  7.2665672145e-06 -2.6420049665e-05  4.7211695170e-05  1.5597769122e-06  1.0295861557e-05 -1.2630849978e-05  2.4576310478e-05  6.0000082883e-06 -3.8056304067e-05 -3.2053440206e-06  8.6562621987e-04 -8.2412507475e-04  2.0130614870e-03 -2.7935822336e-03  3.0483727172e-03 -6.9942316949e-04  1.5308109367e-05  9.0434444795e-05 -1.4832348236e-07  1.7515077594e-05 -4.9886096737e-05  1.0999782211e-05 -1.0582872051e-05 -5.0044230263e-05 -2.6065505066e-05  1.7611376928e-05 -3.5171767336e-05  1.0056504601e-05  7.8849149032e-05  3.1839108619e-05  2.9388596030e-05 -8.4014570866e-04  6.7545801080e-04 -2.4470220998e-03 -6.3855902084e-06 -8.3009781432e-05 -1.9574593573e-06 -1.8883459377e-07 -1.0747862748e-07  7.3667819103e-06 -5.0930336040e-06 -1.0785929809e-06  2.5137025425e-06 -2.4953883154e-06  1.3155371723e-06  1.1474354572e-07  4.1324074603e-06  9.3468553045e-06  6.3541102037e-06  2.7086898431e-03 -2.8070856577e-03  1.0649078821e-03

JOB 21
COORDS  1.8552412633e+00 -1.1642341790e+00 -1.6420007761e-02  3.0082724424e+00 -1.5950831972e+00  2.1012226829e+00  8.0113022035e-01 -5.7458599058e-01  6.7887866500e-01  1.9503284699e+00 -1.0118332667e+00  2.7975675597e+00  2.9376974553e+00 -1.6637620372e+00  7.0958219189e-01  8.6472250526e-01 -5.1850103395e-01  2.0731274535e+00 -1.7781278446e+00 -9.5998582194e-01  2.8114854440e+00  4.0585348180e+00 -2.2903581893e+00 -2.7186383707e-02  3.9789703255e+00 -2.3296847983e+00 -1.2574420081e+00  5.0005112597e+00 -2.7300930524e+00  6.3688915798e-01 -1.0109245587e+00  1.3935235726e+00  2.2075659393e+00 -9.3434565638e-02  3.8893812045e-01  4.3659616461e+00 -4.8264236527e-01  2.6156330622e-01  2.9594494452e+00 -1.1753179711e+00 -2.6197564782e+00  3.0568741959e+00  1.8519265091e+00 -1.2360276543e+00 -1.0975247346e+00  3.8739957854e+00 -1.9933931164e+00  2.6167958916e+00 -5.3221431723e-02 -1.6326275169e-01  1.5089307527e-01  1.9595817277e+00 -9.3913852360e-01  3.8797501989e+00 -2.3207106548e+00 -8.1594565762e-01  3.6745785445e+00
ENERGY -1.500288189072e+03
GRADIENT -6.5458687218e-05  4.4070960353e-05  2.6100127905e-04 -2.2656045449e-04  1.3323726680e-04 -1.6172568462e-04 -1.3260059474e-04 -5.4092562224e-05 -8.7175354243e-05 -4.6273091203e-05  8.4532556527e-06  1.4926687369e-04  3.2614358574e-04 -1.0883841128e-05 -1.8646210064e-04  1.2281291735e-03 -1.4701634187e-03  3.0934112909e-03 -3.8890385047e-03  4.0835878697e-03 -2.6822208661e-03 -1.7564699041e-04 -5.0639364385e-04 -1.3205294244e-06  9.0293421220e-05  1.9083186667e-04 -2.3102774369e-05  1.3379457481e-04  1.0970922913e-04  5.8491349329e-06  5.7859813034e-05 -4.6519356504e-05  5.7630091626e-05  2.3147198853e-06 -5.2322450782e-05  1.0540852651e-04 -9.7486339411e-04  1.4943159180e-03 -3.5757454932e-03 -4.5104633365e-05  2.2720477515e-04 -5.7678094813e-05  1.2252520844e-05 -9.3361693247e-06  2.0878702840e-05 -3.2549617534e-05  2.0484982788e-05 -3.9010912802e-05 -1.9129811618e-05  2.1254383656e-05 -4.1212739617e-06 -1.7044910746e-05  2.2260733005e-05  2.0092995528e-06  3.6912189558e-03 -4.1250380701e-03  2.9986986559e-03

JOB 22
COORDS  1.8245013872e+00 -1.1682946123e+00 -3.3842816521e-02  3.0164474015e+00 -1.5930313874e+00  2.0639203135e+00  7.8158126837e-01 -5.8020697747e-01  6.7897076826e-01  1.9694614252e+00 -1.0097460392e+00  2.7773408114e+00  2.9211008029e+00 -1.6634509870e+00  6.7406922925e-01  8.7051771309e-01 -5.1917699406e-01  2.0717127094e+00 -1.7411797751e+00 -9.5215474319e-01  2.7379035621e+00  4.0295948846e+00 -2.2888083463e+00 -8.2070934072e-02  3.9266924640e+00 -2.3322765961e+00 -1.3105282933e+00  4.9840543683e+00 -2.7266884176e+00  5.6510451460e-01 -9.9234875265e-01  1.4107613864e+00  2.2653184756e+00 -7.7432570665e-02  3.3266622145e-01  4.3882574130e+00 -4.6671113184e-01  2.5176834049e-01  2.9802735021e+00 -1.2321573437e+00 -2.5748870999e+00  3.2643755839e+00  1.8017679063e+00 -1.2432907674e+00 -1.1144798038e+00  3.8913881241e+00 -1.9898001580e+00  2.5649672537e+00 -8.4684137101e-02 -1.7519244389e-01  1.6597323861e-01  1.9966201171e+00 -9.3613926478e-01  3.8592004039e+00 -2.4526332109e+00 -7.0484267100e-01  3.4394489947e+00
ENERGY -1.500291193414e+03
GRADIENT -8.9348018078e-06  1.5187999191e-05  9.6027903512e-05 -5.8403067736e-05  3.2784735940e-05 -1.9242406195e-05 -4.2881275085e-05 -3.9755436916e-05 -9.5262712841e-06  8.1306464898e-06  3.7099153137e-05 -7.8874498229e-06  8.2265330149e-05 -2.8960764726e-05 -7.2885784848e-05  8.6108129127e-04 -1.3907976170e-03  2.5377084752e-03 -2.5312962479e-03  3.3843719462e-03 -3.5531585507e-03  2.4892919324e-05 -3.3348250698e-05  2.3621768430e-07 -7.0056140239e-06  2.6413135737e-05  8.1286146784e-06  4.3583266303e-05  3.9375946224e-06 -3.2544429003e-07  3.4862804985e-05  5.3573789342e-05  5.1996768565e-06 -4.2831301883e-05 -3.2741477910e-05 -9.1458540056e-06 -7.2924130693e-04  1.1956320542e-03 -2.4946278112e-03 -1.5438372903e-05  2.1922613089e-05 -1.3454652686e-05  5.2194386120e-06 -8.1269184991e-07  9.5290630818e-06 -6.8167066884e-06  1.1353606385e-05 -1.3010708896e-05 -3.0464926914e-06 -7.1301294654e-07  1.0376764130e-05 -1.1113328131e-05 -2.0101213675e-06  6.9377835103e-06  2.3748277187e-03 -3.2481134680e-03  3.5479088898e-03

JOB 23
COORDS  1.8350080378e+00 -1.1483022364e+00 -2.5570171313e-02  3.0185470382e+00 -1.5774314135e+00  2.0770076545e+00  7.8010221336e-01 -5.7959593679e-01  6.8456125867e-01  1.9590686218e+00 -1.0110671402e+00  2.7865918996e+00  2.9330225628e+00 -1.6355377258e+00  6.8631705738e-01  8.5926493352e-01 -5.2644925661e-01  2.0783776038e+00 -1.7212662678e+00 -1.0103008337e+00  2.7133072722e+00  4.0547835511e+00 -2.2382182525e+00 -6.8290535271e-02  3.9590620835e+00 -2.2778801850e+00 -1.2975424485e+00  5.0151492745e+00 -2.6600321026e+00  5.8077119657e-01 -1.0496016664e+00  1.3572846109e+00  2.2585136139e+00 -1.0986003980e-01  3.1453038372e-01  4.3907796400e+00 -4.9544367020e-01  2.1675769912e-01  2.9846871505e+00 -1.3312599506e+00 -2.5486820221e+00  3.5011890066e+00  1.8206597263e+00 -1.2150445162e+00 -1.1068812401e+00  3.8945438553e+00 -1.9681391072e+00  2.5810588172e+00 -8.8459947290e-02 -1.8266020030e-01  1.6945838775e-01  1.9794811853e+00 -9.4338075569e-01  3.8690017198e+00 -2.5575911720e+00 -6.6935550046e-01  3.2050871537e+00
ENERGY -1.500293225935e+03
GRADIENT -1.6058271494e-05  2.9929258854e-06 -1.5756592829e-04  3.7920128314e-04 -1.5543541127e-04  1.8547030908e-04  1.3304093493e-04 -5.3212642036e-05  6.0964356625e-05 -4.0824038828e-05 -2.9979142389e-05 -3.7530938876e-04 -1.2271395921e-04  1.6030915154e-04  3.1249858062e-04  3.1277769239e-04 -6.8743111637e-04  1.4185511526e-03 -8.9406589679e-04  1.4306204770e-03 -2.4329257529e-03 -4.0575405323e-04 -1.9577998546e-04  5.2290857287e-05  3.1062219456e-04 -2.8020436490e-05 -4.1733779562e-05 -6.4007169303e-05  1.3350563941e-04 -8.5732919872e-05 -2.2136058729e-05 -2.4509611885e-05  2.1437628745e-05  1.0822468613e-05  2.4812591191e-06  2.3028457652e-05 -3.9655709650e-04  7.3868489342e-04 -1.1742532842e-03 -1.8553871588e-06 -1.9001830369e-05  4.9537800329e-06 -1.9400093856e-05  3.0625872892e-06  1.9402328941e-06  5.1646470222e-05 -3.3808600609e-05  2.8958474529e-05  1.1503988050e-05 -1.1695646187e-05  1.6176935375e-05  9.0925873249e-06 -9.4704964712e-06 -3.5151749188e-05  8.2490084035e-04 -1.3236635208e-03  2.3225304358e-03

