27
0 1 C11H12N2OS
C                     0.303848084903     0.140793487896     1.727431546750
C                    -0.337895842412    -0.505232250900     0.660667728888
C                     0.258532962083    -0.408177524568     3.016938873198
C                    -1.033345479415    -1.707566680451     0.847527624778
C                    -0.431258232266    -1.602194006695     3.210542757001
C                    -1.063139004303    -2.232063671133     2.138017125346
C                     1.197872042186    -2.017446633303     6.067754944935
C                     2.864235380768    -1.119693928088     7.327296430165
C                    -1.396679960182    -3.670711227304     3.876056749267
C                     1.640344048839    -0.543366984920     8.075575263857
C                    -0.651606497796    -2.435647939834     4.456923609892
N                     2.433175657575    -2.137877338085     6.376998651597
N                     0.554935734869    -2.846798197619     5.172576019141
O                    -1.704686184017    -3.393658155547     2.486649978688
S                     0.245675015638    -0.718794566606     6.895582728826
H                     0.837046361808     1.070932559203     1.552847245895
H                    -0.294971199041    -0.068688652159    -0.333885633451
H                     0.750095429103     0.087163797607     3.850234754981
H                    -1.529030248956    -2.215854218931     0.026074556500
H                     3.386993972354    -0.322435232328     6.780046244706
H                     3.576816129804    -1.546777640558     8.040163013578
H                    -0.759492161163    -4.560277313901     3.916970593045
H                    -2.335177628611    -3.882243577797     4.390943743772
H                     1.406891395816    -1.119012877069     8.974781602787
H                     1.763249630945     0.508110974994     8.342115549082
H                    -1.288627675628    -1.911962753358     5.175318154580
H                     1.228347494775    -3.351149444066     4.601047541334

-23.299864782436575
       0.1461       -0.1105       -0.1029
      -0.1557        0.0546       -0.0196
       0.2977       -0.1758       -0.1236
      -0.3114        0.1518        0.0406
       0.1535       -0.0803       -0.0681
      -0.1487        0.0824        0.0133
       0.0379        0.0003        0.0534
      -0.0637        0.0535        0.1478
       0.2730       -0.1246       -0.1019
      -0.1253        0.0476        0.0517
       0.1621       -0.0830       -0.0657
       0.0204        0.0279        0.1511
       0.1295       -0.0272        0.0196
      -0.3320        0.2001        0.1001
      -0.0690       -0.0052       -0.0654
       0.0765       -0.0541       -0.0434
      -0.0781        0.0301       -0.0008
       0.1512       -0.0854       -0.0536
      -0.1575        0.0802        0.0299
      -0.0118        0.0149        0.0484
      -0.0303        0.0236        0.0595
       0.1614        0.0146       -0.1647
       0.1509       -0.1567        0.0499
      -0.0511        0.0182        0.0140
      -0.0471        0.0161        0.0109
       0.0234       -0.0282       -0.0356
       0.0490       -0.0085        0.0234

37.892312520812496
      -0.2146        0.0509       -0.2297
      -0.1859       -0.0690       -0.1754
      -0.1309        0.1216       -0.1962
      -0.0777       -0.1167       -0.0850
      -0.0239        0.0738       -0.1054
      -0.0026       -0.0408       -0.0514
       0.0801        0.0316        0.0391
      -0.0144       -0.2501        0.3655
       0.0368        0.0968        0.0751
      -0.0676       -0.1831        0.2261
       0.0815        0.1328       -0.0466
       0.0197       -0.1456        0.2463
       0.1435        0.1903       -0.1294
       0.1117       -0.0796        0.0330
       0.1717        0.1465       -0.0291
      -0.0875        0.0256       -0.0865
      -0.0726       -0.0358       -0.0586
      -0.0425        0.0608       -0.0689
      -0.0170       -0.0601       -0.0117
       0.0434       -0.0750        0.1476
      -0.0485       -0.1102        0.1277
      -0.0057        0.0188        0.0616
       0.0018        0.0640        0.0210
      -0.0808       -0.0707        0.0383
       0.0024       -0.0645        0.1005
       0.0396        0.0468       -0.0060
       0.0379        0.0495       -0.0331

42.53823886800686
      -0.1145        0.1062        0.2008
      -0.0697        0.1449        0.1513
      -0.0843        0.0098        0.1604
       0.0060        0.0873        0.0618
      -0.0070       -0.0497        0.0720
       0.0346       -0.0080        0.0233
      -0.0225       -0.0928        0.0331
      -0.0196       -0.1518        0.0712
       0.0896       -0.1442       -0.0805
      -0.0102        0.1910       -0.1754
      -0.0105       -0.1310        0.0201
      -0.0866       -0.2677        0.2194
      -0.0475       -0.1296        0.0830
       0.1013       -0.0745       -0.0713
       0.1609        0.3486       -0.4986
      -0.0508        0.0448        0.0790
      -0.0280        0.0642        0.0533
      -0.0373       -0.0036        0.0575
       0.0105        0.0343        0.0071
       0.0525       -0.0978       -0.0022
      -0.0514       -0.0424        0.0673
       0.0454       -0.0290       -0.0406
       0.0291       -0.0744       -0.0311
      -0.0613        0.1147       -0.0280
       0.0397        0.0634       -0.1026
      -0.0225       -0.0580        0.0036
      -0.0196       -0.0725        0.0481

124.9868932240801
       0.0621       -0.0068        0.0604
      -0.0074        0.0148        0.0877
       0.0875       -0.0053        0.0586
      -0.0362        0.0351        0.1079
       0.0401        0.0237        0.0772
      -0.0005        0.0256        0.1063
       0.1617       -0.0857       -0.1128
      -0.1043        0.1366        0.0560
      -0.2644        0.1877        0.2231
      -0.2647       -0.0518       -0.0695
       0.1233        0.0183        0.0708
       0.1459        0.0458        0.0347
       0.2537       -0.0896       -0.1750
       0.0389        0.0170        0.1325
      -0.0918       -0.2170       -0.4566
       0.0250       -0.0072        0.0113
      -0.0111        0.0050        0.0253
       0.0387       -0.0082        0.0128
      -0.0229        0.0159        0.0352
      -0.0550        0.0621        0.0254
      -0.0284        0.0761        0.0360
      -0.1945       -0.0242        0.1483
      -0.1259        0.2098        0.0406
      -0.0934       -0.0416       -0.0413
      -0.1210       -0.0164        0.0060
       0.1010        0.0253        0.0611
       0.0614        0.0142       -0.0882

131.63093537227536
       0.0811       -0.0747        0.1197
       0.2168       -0.1138        0.0632
      -0.1333        0.0014        0.1420
       0.0992       -0.0537        0.0311
      -0.2073        0.0414        0.0929
      -0.1219        0.0254        0.0556
       0.0381        0.1235       -0.1356
      -0.0396        0.0477       -0.0132
       0.1265       -0.1420       -0.0523
      -0.0994       -0.3860        0.1662
      -0.0920       -0.0533        0.0374
       0.0410        0.1132       -0.1320
       0.0310        0.1054       -0.1001
      -0.1956        0.0493        0.0579
       0.1397        0.2846       -0.2246
       0.0491       -0.0353        0.0401
       0.1218       -0.0563        0.0106
      -0.0554       -0.0007        0.0516
       0.0630       -0.0241       -0.0063
      -0.0804        0.0768        0.0207
       0.0346        0.0207       -0.0459
       0.1125        0.0082       -0.0952
       0.0789       -0.1466        0.0172
      -0.0562       -0.2633       -0.0552
      -0.0505       -0.1527        0.2202
      -0.0411       -0.0639        0.0340
       0.0021        0.0362       -0.0410

152.23279338979827
       0.0029        0.0011       -0.0045
      -0.2299        0.1528        0.0435
       0.2191       -0.1447       -0.0600
      -0.1412        0.0976        0.0123
       0.2130       -0.1427       -0.0689
       0.1264       -0.0805       -0.0526
      -0.0783        0.0418        0.0251
      -0.0367        0.1199       -0.1257
      -0.1266        0.0359        0.0202
      -0.0125       -0.2969        0.1586
       0.0072       -0.0208       -0.0262
      -0.0604        0.0470       -0.0529
      -0.1630       -0.1015        0.2094
       0.2440       -0.1573       -0.1071
       0.0875        0.3009       -0.0003
      -0.0101        0.0075        0.0037
      -0.1365        0.0897        0.0296
       0.0926       -0.0612       -0.0231
      -0.0881        0.0597        0.0126
      -0.1198        0.0864       -0.0673
       0.0763        0.0804       -0.0964
      -0.1010       -0.0309        0.0883
      -0.0820        0.1001       -0.0390
      -0.0008       -0.2286       -0.0437
      -0.0223       -0.1229        0.2007
      -0.0014        0.0446       -0.0469
      -0.0452       -0.0752        0.0956

201.37154266082365
      -0.2123        0.1563       -0.1121
       0.0202       -0.0625       -0.1198
      -0.0872        0.1935       -0.0813
       0.1863       -0.1399       -0.0373
       0.1663        0.0451       -0.0042
       0.1126        0.0278        0.0264
      -0.0148       -0.1925        0.1466
      -0.0444        0.2174       -0.2086
       0.0951        0.0658        0.0127
      -0.0194       -0.0970       -0.0106
       0.0929        0.0414        0.0265
      -0.0335       -0.2316        0.2403
      -0.0501       -0.1814        0.1673
      -0.2008        0.2531        0.1445
       0.0249       -0.0923       -0.0878
      -0.1242        0.0801       -0.0390
       0.0051       -0.0417       -0.0452
      -0.0550        0.1020       -0.0330
       0.0717       -0.0789        0.0021
      -0.1761        0.0832       -0.1895
       0.1160        0.2111       -0.1016
       0.0650        0.0413       -0.0639
       0.0642       -0.0379        0.0461
       0.0265       -0.1032       -0.0419
      -0.0444       -0.0402        0.0633
       0.0214        0.0267       -0.0079
      -0.0192       -0.0724        0.0588

237.6467738153956
      -0.2041        0.1350        0.0402
      -0.0454        0.0151        0.0182
       0.0460        0.0110       -0.0022
       0.2005       -0.1329       -0.0139
       0.2700       -0.1249       -0.0339
       0.1755       -0.0854        0.0002
       0.0196        0.1049       -0.1248
       0.0158       -0.1946        0.1646
      -0.0154        0.0339        0.0415
      -0.0692       -0.0388       -0.0159
       0.0592       -0.0144       -0.0018
       0.0873        0.2910       -0.3784
      -0.1195       -0.1572        0.2115
      -0.2316        0.1746        0.1349
      -0.0625        0.0096       -0.0948
      -0.1384        0.0868        0.0235
      -0.0482        0.0201        0.0107
      -0.0081        0.0222        0.0005
       0.0621       -0.0461       -0.0017
       0.1601       -0.0567        0.1990
      -0.1239       -0.2117        0.0843
       0.0054        0.0131       -0.0328
       0.0183       -0.0101        0.0443
      -0.0570        0.0190        0.0046
       0.0009       -0.0097       -0.0207
       0.0119        0.0422       -0.0379
      -0.0494       -0.1120        0.0962

265.7421211839581
       0.1360       -0.0540       -0.1897
      -0.0466       -0.0765       -0.0671
       0.0515        0.1966       -0.0695
      -0.1575        0.0384        0.1581
      -0.0419        0.2591        0.1589
       0.0220        0.1378        0.1882
      -0.0631       -0.0194       -0.0447
      -0.0390       -0.1415       -0.0778
       0.2904        0.0160        0.0908
      -0.0639       -0.1032       -0.1197
      -0.0617        0.1514        0.1347
      -0.0395       -0.0226       -0.2063
      -0.2075       -0.0519        0.1663
       0.3834       -0.0440        0.1431
      -0.1426       -0.1118       -0.1676
       0.0872       -0.0521       -0.1034
      -0.0180       -0.0617       -0.0369
       0.0380        0.0901       -0.0535
      -0.0705       -0.0208        0.0808
       0.0297       -0.0427        0.0148
      -0.0452       -0.0792       -0.0111
       0.1622        0.0602        0.0330
       0.0983       -0.0852        0.0156
      -0.0266       -0.0291       -0.0364
      -0.0095       -0.0326       -0.0290
      -0.0490        0.0076        0.0381
      -0.0893       -0.0680        0.0527

326.6901187633672
       0.0380       -0.0628       -0.1250
       0.1223       -0.0720       -0.1687
      -0.2299        0.1142       -0.0420
      -0.1627        0.1256       -0.0452
      -0.1148        0.0421        0.0428
      -0.1310        0.1374       -0.0296
       0.1475       -0.0639        0.0750
       0.0503        0.1549        0.2057
      -0.1512       -0.0365       -0.1687
      -0.0393        0.0730        0.1242
       0.0003       -0.1503        0.0342
       0.2130        0.2024        0.0264
      -0.0742       -0.3068        0.3313
       0.0310        0.0190       -0.2387
       0.2227       -0.0816       -0.0353
       0.0556       -0.0439       -0.0380
       0.1016       -0.0615       -0.0640
      -0.0889        0.0666       -0.0188
      -0.0628        0.0270        0.0020
       0.0322        0.0588        0.0987
      -0.0085        0.0224        0.0688
      -0.1061       -0.0540       -0.0359
      -0.0747        0.0470       -0.0806
      -0.0230        0.0215        0.0335
      -0.0413        0.0256        0.0331
      -0.0125       -0.0644        0.0145
      -0.0442       -0.1751        0.1397

395.0697240897885
      -0.0064       -0.0002       -0.0663
       0.1209       -0.1347       -0.0643
      -0.1192        0.1753        0.0194
      -0.1392        0.0624        0.1085
       0.1576       -0.0063        0.0669
       0.0119        0.0883        0.1062
      -0.1529       -0.0458       -0.0003
      -0.0128       -0.1409       -0.1103
      -0.0469       -0.0486       -0.0184
       0.0754       -0.0470       -0.0367
       0.2968       -0.2514       -0.0435
      -0.1712        0.0141       -0.0999
       0.2826       -0.2841       -0.1275
       0.0379        0.0829        0.0120
      -0.2418        0.3600        0.1858
      -0.0028       -0.0028       -0.0373
       0.0795       -0.0874       -0.0379
      -0.0752        0.1050       -0.0023
      -0.0852        0.0138        0.0614
       0.0301       -0.0545       -0.0198
      -0.0189       -0.0811       -0.0398
      -0.1146       -0.0853        0.0012
      -0.0366        0.0986        0.0014
       0.0253       -0.0238       -0.0168
       0.0654       -0.0238        0.0093
       0.1210       -0.0871        0.0285
       0.1700        0.0788       -0.0620

419.8463130676395
      -0.1408       -0.0138       -0.0941
      -0.2587        0.0316       -0.0545
       0.3242       -0.1034       -0.0839
       0.2726       -0.2127        0.0321
      -0.1915        0.2067        0.2610
      -0.0304        0.2117        0.1640
      -0.0193       -0.0503        0.0062
      -0.0122        0.0147        0.0281
      -0.1170       -0.0878       -0.1754
       0.0037        0.0291        0.0426
      -0.0946       -0.1592        0.1239
      -0.0099        0.0502       -0.0104
       0.0677       -0.1126       -0.0738
       0.0698        0.1544       -0.1509
       0.0424        0.0774        0.0501
      -0.0432       -0.0064       -0.0480
      -0.1226        0.0147       -0.0152
       0.2592       -0.0694       -0.0984
       0.1877       -0.1974        0.0281
       0.0027        0.0063        0.0174
      -0.0068       -0.0089        0.0034
      -0.0608       -0.0456       -0.0646
      -0.0568       -0.0178       -0.0880
      -0.0002        0.0151        0.0163
       0.0054        0.0099        0.0049
      -0.0294       -0.1325        0.0967
       0.0433        0.0744       -0.0836

486.81575892510244
       0.0860       -0.2338       -0.0265
      -0.1410       -0.1361        0.0348
      -0.0833        0.1425        0.1365
      -0.1266       -0.0631        0.1276
       0.2293       -0.0510        0.1343
       0.4831       -0.1138        0.0429
      -0.0153        0.0166       -0.0677
      -0.0787        0.0384        0.0332
      -0.1094       -0.0296       -0.1951
      -0.0428        0.0596        0.0741
      -0.2046        0.0017        0.0476
      -0.0318        0.0072        0.0041
      -0.0550        0.1085       -0.1543
      -0.0241        0.2376       -0.1158
       0.1989       -0.0801       -0.0044
       0.0010       -0.0609       -0.0432
      -0.1353        0.0142        0.0302
      -0.1496        0.1653        0.0399
      -0.2189        0.0267        0.1201
      -0.0450        0.0225        0.0051
      -0.0049        0.0192       -0.0046
       0.0075        0.0168       -0.0834
      -0.0353       -0.0723       -0.0899
      -0.0150        0.0486        0.0412
      -0.0152        0.0280       -0.0190
      -0.0709       -0.0124        0.0119
      -0.0092        0.1503       -0.1424

520.7033408979297
       0.0999        0.1317       -0.0577
       0.0340        0.1221       -0.0013
      -0.0077        0.0309       -0.1003
       0.0644        0.0610        0.0059
      -0.0540        0.0288       -0.0746
      -0.0480       -0.0876       -0.0147
      -0.1766       -0.2611        0.0018
      -0.3121        0.0253        0.0084
       0.0713       -0.0165        0.1548
      -0.1508        0.1376        0.1889
      -0.0181        0.0266       -0.0318
      -0.1396        0.1112       -0.2176
      -0.0610       -0.3044       -0.1549
      -0.0266       -0.1394        0.1662
       0.4568        0.0202        0.0923
       0.0410        0.0340       -0.0037
      -0.0125        0.0249       -0.0064
      -0.0062       -0.0101       -0.0149
       0.0353        0.0462       -0.0265
      -0.1298        0.0414        0.0159
      -0.0522       -0.0065       -0.0474
       0.0663        0.0290        0.0509
       0.0418       -0.0423        0.0684
      -0.0479        0.1378        0.1174
      -0.0115        0.0662       -0.0630
       0.0306        0.0168        0.0143
       0.0406        0.1377       -0.1733

538.2372926682001
      -0.3030        0.0117        0.1962
       0.1264       -0.3475        0.1290
       0.2031       -0.0202        0.1676
      -0.2152       -0.1139        0.0411
       0.1934       -0.0004       -0.0510
      -0.2271        0.2052        0.0760
      -0.0251        0.0784       -0.1616
      -0.1714       -0.0016       -0.0159
       0.0558        0.1208       -0.1225
      -0.0759        0.0629        0.0849
       0.0901        0.0789       -0.1790
      -0.0852       -0.0472       -0.0401
      -0.0868        0.0686       -0.0617
       0.1617        0.0454       -0.1072
       0.2140       -0.0772        0.0474
      -0.1457        0.0261        0.0042
       0.1801       -0.1595        0.0186
       0.1139       -0.0429        0.0377
       0.0045       -0.0950        0.0110
      -0.0955        0.0176       -0.0227
      -0.0100        0.0246       -0.0315
      -0.0059        0.0202       -0.0135
       0.0118        0.0673       -0.0302
      -0.0213        0.0767        0.0629
      -0.0039        0.0346       -0.0475
       0.0163        0.0579       -0.0845
      -0.0501       -0.1091        0.0661

558.221488428341
      -0.0609       -0.2535        0.1648
      -0.1072       -0.0893        0.0741
      -0.0446       -0.0990        0.1905
      -0.0839       -0.1293       -0.2282
      -0.0878        0.0158       -0.0389
      -0.0170        0.0376       -0.1674
      -0.1176       -0.3096        0.3890
       0.0960        0.0121        0.0124
       0.1427        0.3061       -0.0515
       0.0293       -0.0372       -0.0547
       0.0584        0.2112        0.0159
       0.0504        0.1615       -0.1009
       0.0409       -0.1530        0.0582
       0.0821        0.1321       -0.0973
      -0.0549        0.0699       -0.0879
      -0.0039       -0.0854        0.0311
      -0.0000        0.0447        0.0542
      -0.0129       -0.0494        0.0664
      -0.0120       -0.0411       -0.0713
       0.0817       -0.0057        0.0426
      -0.0158       -0.0463        0.0194
       0.0894        0.1260       -0.0160
       0.0530        0.0373       -0.0180
       0.0028       -0.0551       -0.0462
      -0.0100       -0.0229        0.0397
       0.0445        0.0762        0.0167
       0.0907        0.2266       -0.1319

572.4721362571644
      -0.1583        0.2259       -0.0519
       0.2242       -0.0557       -0.0998
       0.1113       -0.0396       -0.1326
      -0.0611        0.1482        0.1567
       0.1765       -0.1205        0.0217
      -0.0702        0.0272        0.1136
      -0.2067       -0.0154        0.3618
       0.1391        0.0201        0.0204
      -0.1011       -0.1564       -0.0004
       0.1005       -0.0415       -0.0298
      -0.1367       -0.0396        0.0703
      -0.0899        0.1755        0.0078
      -0.0387        0.2003        0.0482
      -0.0050       -0.0999       -0.0409
       0.0656       -0.1786       -0.2387
      -0.1035        0.1043        0.0136
       0.1189       -0.0985       -0.0630
       0.0365        0.0001       -0.0475
      -0.0214        0.0350        0.0525
       0.0925       -0.0075        0.0351
       0.0045       -0.0524        0.0092
      -0.0155       -0.0343        0.0092
      -0.0412       -0.0560       -0.0244
       0.0147       -0.0678       -0.0487
      -0.0279       -0.0207        0.0499
      -0.0761        0.0014       -0.0219
       0.0880        0.3649       -0.1475

617.2560997023137
       0.2759        0.1067       -0.0236
      -0.1863       -0.0670        0.3448
       0.0385        0.3274        0.0409
       0.0589       -0.2285        0.1515
      -0.0171        0.2211       -0.1373
      -0.0947       -0.1203        0.0657
      -0.1617        0.0052        0.1482
       0.0949        0.0353        0.0294
      -0.0378       -0.0417       -0.1279
       0.1251       -0.0035        0.0355
       0.1606        0.0141       -0.2870
      -0.1319        0.1517        0.0523
      -0.0193        0.0321        0.0067
      -0.1736       -0.1725       -0.0979
       0.0380       -0.1156       -0.1308
       0.1196       -0.0130       -0.1226
      -0.1200       -0.0425        0.0877
       0.0147        0.0511        0.0369
       0.0667       -0.0547        0.0079
       0.0587       -0.0051        0.0147
       0.0153       -0.0332       -0.0036
      -0.0690       -0.0526       -0.0159
      -0.0022        0.0799        0.0181
       0.0292       -0.0441       -0.0195
      -0.0090       -0.0060        0.0504
       0.0228       -0.0113       -0.0910
       0.0291       -0.0733        0.1158

625.6949329394836
       0.0033        0.2057       -0.0198
       0.0785       -0.1155        0.1309
       0.1383        0.0872       -0.0714
      -0.0547       -0.0161        0.1933
       0.0765        0.0347       -0.0562
      -0.0258       -0.1189        0.0753
       0.2553       -0.3717        0.0372
       0.0534        0.0535        0.0521
      -0.0665       -0.0172       -0.1048
      -0.1276       -0.0007       -0.0961
      -0.1835        0.1711       -0.0248
       0.3830       -0.1153       -0.0819
      -0.0699       -0.0615       -0.1271
      -0.1033       -0.1875       -0.1446
      -0.1999        0.2885        0.1868
      -0.0466        0.0806       -0.0412
       0.0067       -0.0891        0.0132
       0.0203        0.0156       -0.0026
      -0.0307        0.0226        0.0489
       0.0208        0.0188        0.0288
      -0.0148        0.0551        0.0692
       0.0691        0.0586       -0.0283
       0.0027       -0.0975       -0.0292
      -0.0198       -0.0096       -0.0293
      -0.0056       -0.0108        0.0017
      -0.0438        0.0598       -0.0080
      -0.0949       -0.0210       -0.1213

655.2544680148816
      -0.0054        0.0610        0.0149
       0.0294       -0.0441        0.0566
       0.0591        0.0062       -0.0149
      -0.0399       -0.0166        0.0038
       0.0016        0.0193       -0.0359
      -0.0427       -0.0494       -0.0200
       0.0729        0.2387       -0.4135
       0.1884        0.0890        0.1117
       0.0332        0.1125        0.0064
       0.2219        0.0364        0.1216
      -0.1099        0.1164        0.0054
      -0.1494        0.0379        0.2931
      -0.1237       -0.4871        0.0174
      -0.0016       -0.0690       -0.0295
      -0.1289       -0.0519       -0.0579
      -0.0257        0.0294       -0.0069
       0.0093       -0.0191        0.0138
       0.0010        0.0007        0.0062
      -0.0076        0.0129       -0.0122
       0.0824       -0.0101        0.0085
       0.0530       -0.0177        0.0085
       0.0981        0.0981        0.0052
       0.0317       -0.0611        0.0016
       0.0619       -0.0517       -0.0059
       0.0147        0.0024        0.0914
       0.0018        0.0462        0.0204
       0.0209        0.2466       -0.2785

699.8803909194478
      -0.0849        0.0076        0.0414
       0.0771       -0.0400       -0.0663
       0.1311        0.0229        0.0705
      -0.1003        0.0242       -0.1498
      -0.0500        0.0977       -0.0288
       0.1443        0.0269       -0.0781
      -0.0810       -0.3066        0.0138
       0.1540        0.0816        0.1108
      -0.0353       -0.1434        0.1040
       0.2724        0.0833        0.2918
      -0.1550       -0.1024       -0.1040
      -0.0347        0.1636        0.0308
      -0.0752        0.0142       -0.3392
       0.1164        0.1041        0.2656
      -0.1715        0.0190       -0.1557
      -0.0622        0.0223        0.0020
       0.0321        0.0316       -0.0004
       0.0438        0.0101        0.0150
      -0.0840        0.0432       -0.0335
       0.0303        0.0265        0.0231
       0.0836       -0.0174       -0.0285
      -0.0098       -0.0454        0.0314
      -0.0142       -0.0547        0.0218
       0.0628        0.0047        0.0672
       0.0547        0.0273        0.0885
      -0.0313       -0.0396       -0.0106
      -0.1322       -0.3364        0.0856

712.5612131017675
      -0.0120        0.0093        0.0274
       0.0087       -0.0214       -0.0067
       0.0930        0.0845        0.0762
      -0.0713       -0.0243       -0.1597
      -0.0008        0.0801       -0.0515
       0.0374        0.0380       -0.0742
      -0.0522       -0.0205       -0.0642
       0.0721        0.1636        0.0208
      -0.0314       -0.1317        0.0767
      -0.2067       -0.0667       -0.5032
      -0.0833       -0.0954       -0.0823
      -0.1105        0.0900        0.1916
      -0.0685       -0.0517       -0.0979
       0.0718        0.0591        0.1797
       0.2547        0.0025        0.2635
      -0.0141        0.0033       -0.0242
       0.0247        0.0237        0.0116
       0.0316        0.0238        0.0205
      -0.0231        0.0100       -0.0563
       0.2360       -0.0585        0.0596
      -0.1801       -0.0289        0.1616
      -0.0264       -0.0526        0.0268
      -0.0175       -0.0243        0.0163
       0.0090       -0.2093       -0.2492
      -0.1874       -0.0629        0.0807
      -0.0280       -0.0313       -0.0252
      -0.0294       -0.0386       -0.0169

731.6095789713614
      -0.0753        0.0006       -0.0266
       0.1152       -0.0228       -0.0472
      -0.0855       -0.2603       -0.1658
       0.0875        0.0972        0.3223
      -0.1710       -0.0523        0.1228
       0.1114       -0.1322        0.1154
      -0.1395       -0.0869       -0.0393
       0.0162        0.0605        0.0003
       0.0862        0.2864       -0.1091
       0.0442       -0.0054       -0.0938
       0.0957        0.1527        0.0726
      -0.2167        0.1766        0.1030
       0.0972       -0.0226       -0.1864
      -0.0743       -0.0492       -0.1980
       0.0970       -0.0360        0.0335
      -0.0837        0.0525        0.0880
      -0.0820       -0.0151       -0.0215
      -0.0420       -0.0712       -0.0426
      -0.0958        0.0628        0.1472
       0.0978       -0.0308        0.0183
      -0.0603       -0.0502        0.0257
       0.0837        0.1264       -0.0436
       0.0546        0.0202       -0.0104
       0.0373       -0.0827       -0.0730
      -0.0496       -0.0156        0.0560
       0.0901        0.0322        0.0864
      -0.0505       -0.3338        0.1570

745.8585719928369
      -0.0226        0.1311        0.0277
       0.2327       -0.2030        0.0417
       0.2871        0.0212        0.0017
      -0.1237       -0.0534       -0.1559
      -0.3357        0.2935        0.0237
       0.1710       -0.1794       -0.1585
       0.0134        0.1408        0.0518
      -0.0727       -0.0779       -0.0531
       0.0148       -0.0174        0.0012
      -0.0452       -0.0310       -0.0073
       0.0642       -0.0388        0.0822
       0.0118       -0.0472       -0.0439
       0.1004       -0.0206        0.1871
      -0.1006       -0.0419       -0.0322
       0.0187       -0.0194       -0.0088
      -0.2794        0.1947        0.0053
      -0.1735        0.1166        0.0783
       0.0177        0.0359        0.0231
      -0.3127        0.2047       -0.0155
      -0.0646        0.0016       -0.0234
       0.0117        0.0084       -0.0305
      -0.0406       -0.0367       -0.0009
      -0.0030        0.0446        0.0068
      -0.0248        0.0449        0.0295
       0.0250        0.0005       -0.0587
       0.0074       -0.1033        0.0817
       0.0801        0.0662        0.0474

755.3381982427102
       0.2437       -0.1883       -0.0589
       0.0457       -0.0121       -0.0447
       0.0078       -0.0355       -0.0009
       0.2019       -0.0962       -0.0221
       0.1495       -0.1020       -0.0249
      -0.3820        0.2653        0.1136
       0.0028       -0.0505       -0.0094
       0.0229        0.0231        0.0169
       0.0048       -0.0231        0.0159
       0.0111        0.0124        0.0084
      -0.0257       -0.0050       -0.0307
       0.0098        0.0070        0.0046
      -0.0456        0.0188       -0.0529
       0.1017       -0.0251        0.0068
      -0.0098        0.0078        0.0014
      -0.4063        0.2417        0.1057
      -0.3499        0.2208        0.0698
      -0.3027        0.1795        0.0669
      -0.1072        0.0597        0.0395
       0.0167        0.0005        0.0065
      -0.0019       -0.0005        0.0094
       0.0018       -0.0062        0.0074
       0.0003       -0.0064        0.0042
       0.0048       -0.0116       -0.0069
      -0.0064        0.0007        0.0189
      -0.0132        0.0216       -0.0302
      -0.0279       -0.0090       -0.0197

828.8448244161898
      -0.0072        0.0710       -0.0020
       0.0691       -0.0788        0.1348
      -0.2159       -0.2363       -0.2041
       0.0859       -0.0324        0.2364
      -0.2250        0.0000       -0.1251
       0.0669       -0.0160        0.0513
       0.0405        0.0090        0.0212
       0.0644        0.0456        0.0416
       0.0987       -0.0056       -0.1081
      -0.0367        0.0478        0.0211
       0.0513       -0.0866       -0.3459
       0.1153       -0.1166       -0.0542
      -0.2015       -0.0149        0.0497
       0.2202        0.3312        0.2426
      -0.0232        0.0125        0.0073
       0.0346        0.0083        0.0576
      -0.1121       -0.0322        0.0312
       0.0080       -0.1928       -0.0311
      -0.1123        0.0665        0.1085
       0.0190        0.0066        0.0059
       0.0086        0.0262        0.0293
      -0.1275       -0.1132        0.0025
      -0.0084        0.1855       -0.0204
      -0.0131       -0.0161       -0.0134
      -0.0294        0.0071        0.0440
      -0.0722       -0.0483       -0.1620
       0.0068        0.1768       -0.0808

855.0053767220008
      -0.2411       -0.1211        0.0631
       0.0905        0.0376       -0.2525
      -0.0690        0.1675        0.2029
       0.3034       -0.0466       -0.0197
       0.0869        0.0424        0.0817
      -0.0663        0.0852        0.0869
       0.0075       -0.0121       -0.0142
       0.0138        0.0331       -0.0001
       0.0256       -0.0365        0.0484
      -0.0041        0.0697        0.0394
       0.0662        0.0527       -0.1384
       0.0283       -0.0674       -0.0346
      -0.0797        0.0032       -0.0064
      -0.1241       -0.2149       -0.0761
      -0.0090       -0.0035       -0.0007
       0.1984       -0.1966       -0.0227
      -0.1262        0.1569       -0.0163
       0.3310       -0.0933       -0.0640
      -0.4188        0.2358        0.1447
       0.0386       -0.0125        0.0028
      -0.0238       -0.0064        0.0180
      -0.0023       -0.0152        0.0433
       0.0299        0.0421        0.0770
       0.0043       -0.0381       -0.0243
      -0.0254        0.0077        0.0746
       0.0032        0.0439       -0.0749
      -0.0088        0.0528       -0.0349

865.0519418291752
       0.0327        0.2505       -0.0137
       0.0187       -0.1070        0.2104
      -0.1636        0.0247       -0.1206
       0.0995       -0.2075       -0.1198
       0.0957       -0.1461       -0.0943
      -0.1609        0.0701       -0.0361
      -0.0159        0.0023        0.0047
       0.0105       -0.0666        0.0570
      -0.1025        0.0140       -0.0001
       0.0133       -0.2455       -0.1418
      -0.1229       -0.0313        0.2055
      -0.0653        0.2047        0.1232
       0.1113       -0.0129       -0.0301
       0.1836        0.1548        0.0231
       0.0140        0.0292        0.0083
       0.2053       -0.0535       -0.0799
      -0.0918       -0.0097        0.0665
       0.1156       -0.1513       -0.0367
      -0.2699        0.1857       -0.0061
      -0.1230        0.0582        0.0024
       0.1029        0.0417       -0.0462
       0.0658        0.0688       -0.0567
      -0.0402       -0.1623       -0.0865
      -0.0091        0.1348        0.0867
       0.0707       -0.0245       -0.2642
       0.0199        0.0324        0.0778
      -0.0085       -0.0892        0.0258

873.7417189213988
       0.0666        0.1914       -0.0236
      -0.0095       -0.0715        0.1734
      -0.0636        0.0107       -0.0961
      -0.0070       -0.1281       -0.1187
       0.0573       -0.0994       -0.0333
      -0.0925        0.0163       -0.0550
       0.0032        0.0077       -0.0108
      -0.1274        0.0462       -0.1761
      -0.0441        0.0315        0.0083
       0.0201        0.3784        0.2273
      -0.0270       -0.0476        0.2520
       0.0052       -0.2275       -0.1481
       0.1170        0.0535        0.0166
       0.0861        0.0940       -0.0369
      -0.0040       -0.0656       -0.0268
       0.0970        0.0017       -0.0598
      -0.0224       -0.0312        0.0448
       0.0142       -0.0562       -0.0110
      -0.0962        0.0794       -0.0500
       0.1928       -0.1137       -0.0091
      -0.2082       -0.1106        0.0458
       0.0331        0.0400       -0.0436
      -0.0255       -0.0871       -0.0611
       0.0362       -0.2200       -0.1362
      -0.0737        0.0330        0.4160
       0.0294       -0.0079        0.1016
       0.0198       -0.0411        0.0430

941.5406145615962
       0.1187       -0.0913       -0.0180
       0.1899       -0.1192       -0.0440
      -0.2826        0.1649        0.0592
      -0.1862        0.1237        0.0547
       0.0289       -0.0152       -0.0344
       0.0805       -0.0246       -0.0057
       0.0200        0.0167        0.0125
      -0.1202       -0.0016       -0.0046
      -0.1400       -0.0615        0.0231
       0.0730        0.0013       -0.0267
       0.0072        0.0481       -0.0336
       0.0166        0.0147        0.0128
       0.0503       -0.0165        0.0235
       0.0300        0.0297        0.0128
      -0.0060       -0.0121       -0.0080
      -0.2007        0.1190        0.0536
      -0.3150        0.1958        0.0726
       0.4663       -0.2891       -0.1069
       0.2876       -0.1827       -0.0547
      -0.0138       -0.0052        0.0119
      -0.0528        0.0047        0.0196
       0.0654        0.0545       -0.0311
      -0.0264       -0.1598       -0.0224
       0.0232       -0.0250       -0.0242
       0.0793       -0.0152        0.0245
       0.0550        0.1137       -0.0363
       0.0251        0.0027        0.0126

944.1787582528692
       0.0387        0.0072       -0.0120
       0.0332       -0.0275        0.0050
      -0.0546        0.0431        0.0099
      -0.0473        0.0118       -0.0145
       0.0234       -0.0237        0.0162
       0.0071       -0.0083       -0.0090
      -0.1038        0.0465       -0.0010
       0.5840       -0.0561       -0.0868
      -0.0138        0.0454        0.0206
      -0.4236        0.0609        0.1859
       0.0095       -0.0382        0.0480
      -0.0867       -0.1117       -0.0793
       0.0044       -0.0140       -0.0522
      -0.0018       -0.0086       -0.0218
       0.0380        0.0400        0.0282
      -0.0361        0.0302        0.0001
      -0.0584        0.0339        0.0167
       0.0964       -0.0509       -0.0252
       0.0547       -0.0315       -0.0242
       0.0985       -0.0079       -0.0838
       0.2418       -0.0608       -0.1243
       0.0314        0.0383       -0.0093
       0.0047       -0.0349        0.0012
      -0.1244        0.1023        0.1127
      -0.4324        0.0884       -0.0680
       0.0293       -0.0028        0.0314
       0.0113       -0.0383        0.0303

968.2539347766434
      -0.0839       -0.1059        0.0509
      -0.0568        0.0503       -0.0355
       0.0903       -0.0852       -0.0117
       0.1003        0.0260        0.0970
      -0.1396        0.1333       -0.1284
       0.0402        0.0381        0.0423
       0.0076        0.1028        0.0751
       0.0034       -0.0747       -0.0674
      -0.4092       -0.2003        0.0357
      -0.0571        0.0497        0.0207
       0.0675        0.1890       -0.2477
       0.0160       -0.0115       -0.0120
       0.1616       -0.1044        0.0872
       0.1424        0.0482        0.0826
       0.0091       -0.0166       -0.0009
       0.0030       -0.0442        0.0361
       0.1051       -0.0536       -0.0339
      -0.1547        0.0630        0.0490
      -0.0801        0.0323        0.0806
      -0.0079       -0.0245       -0.0343
       0.0131       -0.0095       -0.0243
       0.1707        0.1388       -0.0866
      -0.0731       -0.4382       -0.0505
      -0.0403       -0.0120       -0.0166
      -0.0116        0.0052        0.0418
       0.1776        0.2635       -0.0838
       0.1272       -0.0113        0.1022

975.3097199410613
      -0.2414        0.1456        0.0548
       0.2558       -0.1540       -0.0640
       0.1436       -0.0915       -0.0289
      -0.1115        0.0690        0.0317
       0.0073       -0.0030       -0.0090
      -0.0309        0.0198        0.0090
       0.0013        0.0013        0.0029
       0.0035       -0.0070       -0.0043
      -0.0116       -0.0082       -0.0017
      -0.0053        0.0033        0.0015
       0.0048        0.0073       -0.0114
      -0.0007        0.0032        0.0006
       0.0074       -0.0016        0.0035
       0.0048        0.0030        0.0051
       0.0010       -0.0007        0.0008
       0.4249       -0.2623       -0.0956
      -0.4734        0.2920        0.1056
      -0.2896        0.1703        0.0704
       0.2307       -0.1465       -0.0465
      -0.0017       -0.0018       -0.0036
       0.0036       -0.0010       -0.0031
       0.0021        0.0012       -0.0034
      -0.0024       -0.0099       -0.0011
      -0.0055       -0.0002       -0.0013
      -0.0018        0.0005        0.0026
       0.0046        0.0061       -0.0028
       0.0051       -0.0025        0.0062

1017.2196395117204
       0.0585        0.0939       -0.0061
       0.0218        0.1083       -0.2018
       0.0410        0.0372        0.1410
      -0.0482       -0.0757       -0.0247
       0.0423       -0.0348        0.0515
      -0.0704       -0.1001        0.0317
      -0.0186        0.0796        0.0562
      -0.0041       -0.0413        0.0287
      -0.1312        0.3542       -0.5282
      -0.0009        0.0406       -0.0318
      -0.1126       -0.1367       -0.0542
       0.0352       -0.0241       -0.0329
       0.0800       -0.0122        0.0066
       0.0594       -0.2367        0.4902
       0.0058       -0.0165        0.0065
       0.0308        0.0326        0.0442
      -0.0079        0.0214       -0.0680
       0.0155       -0.0285        0.0657
      -0.0296       -0.0494        0.0142
      -0.0492        0.0085       -0.0095
       0.0319        0.0374        0.0051
       0.0595        0.1694       -0.0788
       0.0190       -0.0019       -0.0869
      -0.0568       -0.0168       -0.0429
       0.0384       -0.0061        0.0449
      -0.0466       -0.1140        0.0250
       0.0637       -0.0045        0.0515

1031.3755377981347
       0.0150        0.0275       -0.0173
      -0.0147       -0.0309        0.0244
       0.0051        0.0086        0.0029
       0.0019        0.0064        0.0082
      -0.0087       -0.0257        0.0087
       0.0211        0.0310       -0.0125
      -0.1227        0.0830        0.0248
       0.1025       -0.1305        0.3841
       0.0160        0.0927        0.2121
       0.0559        0.2196       -0.2255
      -0.0352       -0.1624       -0.0357
       0.0001       -0.0577       -0.1986
      -0.0342       -0.0324       -0.0767
      -0.0073        0.0366       -0.1596
       0.0141       -0.0597        0.0574
      -0.0028        0.0079       -0.0292
      -0.0157       -0.0278       -0.0014
       0.0002        0.0024        0.0020
       0.0007       -0.0090        0.0098
      -0.3079        0.0670       -0.0607
       0.2921        0.2232        0.0056
       0.0747        0.0799        0.0238
       0.0266       -0.0511        0.0645
      -0.3214       -0.0939       -0.2592
       0.1517       -0.0276        0.2418
       0.0167       -0.0400        0.0084
       0.0367       -0.0169        0.0405

1039.9239771973905
       0.1114        0.1835       -0.0024
      -0.0337        0.0117       -0.1538
       0.0344       -0.0211        0.1295
      -0.0580       -0.0962        0.0126
      -0.0549       -0.0306       -0.0034
       0.0302        0.0263        0.0002
      -0.1481        0.0923        0.0303
      -0.0090        0.3371        0.1502
      -0.0462        0.1506        0.2243
       0.1369       -0.1889        0.0209
      -0.0046       -0.2262       -0.0907
       0.0238       -0.3145       -0.1912
      -0.0253        0.0107       -0.0299
       0.0152        0.0351       -0.1620
      -0.0159        0.0315       -0.0340
       0.0444        0.0572        0.0279
      -0.0487       -0.0639       -0.0802
      -0.0535       -0.0862        0.1274
      -0.0751       -0.1601        0.1171
       0.1042        0.0859        0.1417
      -0.1514        0.0583        0.1664
       0.1248        0.1446        0.0003
       0.0310       -0.1172        0.0752
       0.2016        0.0596        0.1211
      -0.1268        0.0141       -0.1941
       0.0505       -0.0215       -0.0122
       0.0773        0.0210        0.0738

1042.4225973363095
       0.2031        0.3102        0.0406
      -0.0344        0.0671       -0.3218
       0.0014       -0.0713        0.2147
      -0.1351       -0.2166       -0.0157
      -0.0389       -0.0246       -0.0278
       0.0236        0.0198        0.0248
       0.1061       -0.0687       -0.0254
      -0.0073       -0.1819       -0.1276
       0.0701       -0.1350        0.0756
      -0.0845        0.0846        0.0112
       0.0166        0.1269        0.0086
      -0.0117        0.1937        0.1367
      -0.0002       -0.0042        0.0282
      -0.0201        0.0754       -0.1147
       0.0072       -0.0109        0.0132
       0.0883        0.1055        0.1325
      -0.0643       -0.0610       -0.1402
      -0.0760       -0.2354        0.2421
      -0.1526       -0.3188        0.2134
      -0.0285       -0.0587       -0.0780
       0.0572       -0.0582       -0.0985
      -0.0577       -0.0938        0.0269
      -0.0117        0.0556        0.0013
      -0.0854       -0.0244       -0.0434
       0.0609       -0.0060        0.0859
      -0.0128        0.0631       -0.0328
      -0.0498       -0.0041       -0.0486

1059.9147926236092
      -0.0441       -0.0560       -0.0478
      -0.0264       -0.0517        0.0214
       0.0483        0.0632        0.0603
       0.0877        0.1007        0.1358
      -0.0226       -0.0282       -0.1151
       0.0014        0.0197       -0.0424
       0.1378        0.0211        0.0808
      -0.0688       -0.1659       -0.2808
       0.0526        0.2835        0.2555
      -0.1149        0.0205        0.0733
      -0.3527       -0.3599       -0.2500
       0.0918        0.1798        0.1981
       0.1291       -0.0200        0.0514
       0.0093        0.0403       -0.1258
       0.0075       -0.0031       -0.0048
      -0.0379       -0.0201       -0.1061
      -0.0511       -0.0749       -0.0194
       0.0209        0.0201        0.0130
       0.0404        0.0489        0.0233
       0.0603       -0.0736       -0.0508
      -0.0579       -0.1005       -0.0731
       0.1277        0.1709        0.0783
       0.0568       -0.0156        0.0997
       0.0010        0.0028        0.0304
       0.0722       -0.0072        0.0229
      -0.1509       -0.1461       -0.0907
       0.0583       -0.0157        0.0466

1118.4260753729657
      -0.0651       -0.0612       -0.1248
      -0.0704       -0.0671       -0.1454
       0.1027        0.0638        0.3377
       0.1722        0.2032        0.2114
      -0.0440       -0.0356       -0.2568
      -0.1308       -0.1577       -0.0975
      -0.0410        0.0023       -0.0225
       0.0093        0.0340        0.0690
       0.0891       -0.0705       -0.0378
       0.0403       -0.0017       -0.0154
      -0.0298        0.0959        0.1797
      -0.0451       -0.0522       -0.0627
       0.0624       -0.0232        0.0172
       0.0516        0.1260        0.0481
      -0.0005        0.0017        0.0006
      -0.0886       -0.0266       -0.3092
      -0.1909       -0.2470       -0.1485
      -0.0370       -0.1949        0.2728
       0.1290        0.2372       -0.0880
      -0.0199        0.0176        0.0123
       0.0153        0.0197        0.0127
      -0.0814       -0.0982       -0.0126
      -0.0704        0.0374       -0.1643
       0.0037       -0.0036       -0.0092
      -0.0549        0.0083       -0.0083
       0.0131        0.0243        0.0756
       0.0025       -0.0233        0.0045

1153.1932661593228
       0.0410        0.0915       -0.0806
      -0.0496       -0.0711       -0.0054
       0.0076       -0.0545        0.0975
       0.0078        0.0476       -0.0905
      -0.0822       -0.0447        0.2390
       0.0414        0.0064        0.0155
       0.0894       -0.1165       -0.0613
       0.0164       -0.0070       -0.0704
      -0.1893        0.1173        0.0212
      -0.0684        0.0012        0.0153
       0.4278       -0.2214        0.0228
       0.0265        0.1019        0.1138
      -0.3567        0.1789       -0.0408
       0.0644       -0.0564       -0.0116
      -0.0044       -0.0038        0.0013
      -0.0088        0.0253       -0.1091
      -0.1141       -0.1702       -0.0725
      -0.0336       -0.0313        0.0639
       0.0765        0.2017       -0.1854
       0.0381       -0.0136       -0.0078
      -0.0015       -0.0610       -0.0491
       0.0439        0.0937       -0.2367
       0.0721       -0.1368        0.1718
      -0.0410        0.0126        0.0069
       0.1380       -0.0223        0.0203
       0.1428        0.0585       -0.0678
      -0.1480        0.1101       -0.1232

1173.0928125737175
       0.0730        0.0532        0.1818
      -0.1137       -0.1441       -0.1135
       0.0218        0.0426       -0.0286
      -0.0077        0.0174       -0.0819
       0.0143       -0.0176        0.0835
      -0.0049       -0.0178        0.0498
      -0.0058        0.0241        0.0183
      -0.0318       -0.0408        0.0321
       0.0380       -0.0335        0.0076
       0.0322        0.0088       -0.0095
      -0.0919        0.0742       -0.0900
       0.0097        0.0047       -0.0217
       0.0766       -0.0407        0.0120
      -0.0055        0.0349       -0.0174
      -0.0011        0.0081       -0.0030
       0.1481        0.0370        0.5456
      -0.3051       -0.4145       -0.2108
       0.0798        0.1931       -0.1604
       0.0991        0.2424       -0.2302
      -0.0284       -0.0311       -0.0363
       0.0130        0.0303        0.0122
      -0.0022       -0.0163        0.0517
      -0.0110        0.0312       -0.0231
       0.0700       -0.0204       -0.0009
      -0.1056        0.0169       -0.0069
      -0.0253        0.0179       -0.0213
       0.0382       -0.0213        0.0310

1175.7942247925607
       0.0034       -0.0091        0.0426
      -0.0133       -0.0134       -0.0261
       0.0076        0.0204       -0.0103
       0.0017        0.0000        0.0059
       0.0137        0.0062       -0.0355
      -0.0176       -0.0208        0.0037
      -0.0919        0.0430        0.0185
       0.2024        0.2550       -0.1939
       0.0426       -0.0343       -0.0031
      -0.1753       -0.0634        0.0625
      -0.0424        0.0558        0.0184
      -0.0491       -0.1528        0.0236
       0.0298       -0.0450       -0.0458
      -0.0089        0.0231       -0.0023
       0.0164       -0.0546        0.0167
       0.0249        0.0009        0.1043
      -0.0381       -0.0487       -0.0291
       0.0169        0.0319       -0.0280
       0.0089        0.0182       -0.0146
       0.1645        0.2221        0.2537
      -0.1123       -0.0972        0.0142
      -0.0124       -0.0260        0.0409
      -0.0229        0.0216       -0.0533
      -0.4203        0.1303        0.0129
       0.6005       -0.0950        0.0274
       0.0085        0.0036        0.0335
       0.0354       -0.0340        0.0401

1194.8079888635364
      -0.0514       -0.1409        0.1531
       0.0270        0.0833       -0.1041
       0.0970        0.1802       -0.0364
       0.0154       -0.0365        0.1838
      -0.0300        0.0803       -0.4124
      -0.1793       -0.2828       -0.0600
       0.0356       -0.0758       -0.0507
      -0.0075       -0.0047        0.0163
      -0.0300        0.1203        0.1028
       0.0017        0.0105       -0.0110
       0.1692       -0.1768        0.2216
      -0.0079        0.0364        0.0280
      -0.1522        0.1040        0.0068
       0.1125        0.1134       -0.0312
      -0.0040        0.0032        0.0021
       0.0509       -0.0328        0.2990
       0.0464        0.0767       -0.0061
       0.0923        0.1943       -0.1355
      -0.0449       -0.1369        0.1589
      -0.0080       -0.0038       -0.0044
       0.0219       -0.0348       -0.0398
      -0.0557       -0.0086       -0.2616
      -0.0385       -0.1042       -0.0839
       0.0146       -0.0073       -0.0061
      -0.0080        0.0009        0.0087
       0.0248       -0.1465        0.1114
      -0.0893        0.0484       -0.0682

1223.5034814860637
      -0.0010       -0.0000       -0.0033
       0.0057        0.0124       -0.0106
       0.0044        0.0051        0.0144
      -0.0035       -0.0088        0.0088
       0.0079       -0.0108       -0.0034
      -0.0257       -0.0364       -0.0008
      -0.0653        0.1011        0.0566
       0.1350       -0.0880        0.0017
       0.0247       -0.0127        0.0073
      -0.2750       -0.0272        0.0976
       0.0303        0.0159        0.0255
       0.0071        0.0951       -0.0748
      -0.0704       -0.0567       -0.0912
      -0.0022        0.0240       -0.0042
       0.0198       -0.0230       -0.0479
      -0.0008       -0.0003       -0.0060
       0.0074        0.0130        0.0008
       0.0082        0.0130       -0.0061
       0.0005       -0.0007       -0.0000
       0.1110       -0.3048       -0.3367
      -0.0667        0.4573        0.4043
       0.0018       -0.0069        0.0302
      -0.0281       -0.0064       -0.0647
       0.2848       -0.0051        0.1337
       0.3453       -0.0572        0.0344
       0.0387       -0.0170        0.0512
      -0.0081       -0.0234       -0.0041

1234.9414875244802
      -0.0223       -0.0394        0.0203
      -0.0189       -0.0298       -0.0046
      -0.0393       -0.0206       -0.0504
       0.0046        0.0278       -0.0106
       0.1169        0.0685       -0.0845
       0.0451        0.0564        0.0269
      -0.0345        0.0508        0.0305
       0.0163        0.0020       -0.0039
      -0.1657       -0.0226        0.0410
      -0.0068       -0.0062        0.0103
      -0.1049        0.2512       -0.0180
      -0.0174       -0.0258       -0.0348
       0.1113       -0.0747        0.0102
       0.1183       -0.0669       -0.0238
       0.0055       -0.0042       -0.0022
       0.0041       -0.0129        0.0426
      -0.0131       -0.0207       -0.0061
      -0.0532       -0.1625        0.1003
       0.0234        0.0306       -0.0288
       0.0065       -0.0030       -0.0046
      -0.0166        0.0500        0.0505
      -0.1522       -0.0960       -0.4954
       0.2192        0.0486        0.5367
      -0.0018        0.0052        0.0079
       0.0161       -0.0024       -0.0013
      -0.1855       -0.3006        0.1328
       0.0239       -0.0386        0.0120

1263.0404602913934
       0.0358        0.1012       -0.1162
       0.0677        0.1403       -0.0754
       0.0411       -0.0152        0.1755
      -0.0850       -0.1455        0.0273
      -0.0955       -0.1794        0.2869
      -0.2078       -0.3759        0.0587
      -0.0242        0.0341        0.0285
       0.0016       -0.0059       -0.0159
       0.0731        0.0261        0.0976
       0.0203       -0.0043        0.0060
      -0.1360        0.0692       -0.1309
       0.0001       -0.0166       -0.0144
       0.1202       -0.0576       -0.0075
       0.1487        0.1967       -0.0708
       0.0014        0.0005        0.0019
      -0.0150        0.0312       -0.1364
       0.1007        0.1480        0.0226
       0.1109        0.2585       -0.1571
       0.0214        0.0729       -0.0977
      -0.0027        0.0135        0.0142
      -0.0150        0.0224        0.0257
      -0.1305       -0.1069       -0.3203
       0.0186        0.0528        0.0353
      -0.0327        0.0050       -0.0047
      -0.0209        0.0040       -0.0062
      -0.0388        0.2616       -0.2129
       0.0208       -0.0459        0.0100

1270.3833186717452
       0.0171       -0.0082        0.0941
      -0.0283       -0.0709        0.0773
       0.0367        0.0500       -0.0228
       0.0811        0.1309       -0.0029
      -0.1528       -0.0544       -0.1686
       0.1146        0.2197       -0.1412
      -0.0200       -0.0011       -0.0090
       0.0208        0.0016        0.0062
       0.0562        0.0111       -0.1445
      -0.0001       -0.0062        0.0113
      -0.1683       -0.2199        0.2403
      -0.0372       -0.0076       -0.0306
       0.0920       -0.0033        0.0249
      -0.0186       -0.1386        0.0781
       0.0006       -0.0023       -0.0026
      -0.0104       -0.0056       -0.0313
      -0.0909       -0.1407       -0.0297
       0.0381        0.1183       -0.0850
      -0.0665       -0.1725        0.1871
       0.0068       -0.0143       -0.0181
      -0.0110        0.0557        0.0528
      -0.1000       -0.0840       -0.1538
       0.1415        0.1490        0.2495
      -0.0141        0.0051        0.0039
       0.0123       -0.0017       -0.0020
       0.1527        0.5302       -0.1849
      -0.0434       -0.0154       -0.0566

1292.4239715433603
       0.0035        0.0085       -0.0071
       0.0041        0.0046        0.0060
      -0.0005       -0.0082        0.0104
       0.0007        0.0009       -0.0016
      -0.0166       -0.0116        0.0195
      -0.0016        0.0013       -0.0125
       0.0480       -0.2364       -0.2027
       0.0828        0.1185        0.2485
      -0.0236        0.0069       -0.0029
      -0.2954        0.0914       -0.1088
      -0.0459        0.0174       -0.0311
      -0.2030       -0.0600       -0.0754
       0.1469        0.1188        0.1901
       0.0068        0.0005        0.0033
       0.0043       -0.0011       -0.0241
      -0.0027        0.0023       -0.0149
      -0.0047       -0.0072       -0.0022
       0.0074        0.0196       -0.0142
      -0.0037       -0.0074        0.0068
      -0.0494        0.0589        0.0397
       0.1794       -0.2259       -0.2410
       0.0054        0.0119       -0.0099
       0.0062        0.0017        0.0231
       0.5215       -0.0813        0.0640
       0.3025       -0.0496        0.0968
      -0.0849        0.0041       -0.0737
       0.1239        0.0809        0.1048

1315.3132856221703
      -0.0432       -0.0655       -0.0206
      -0.0665       -0.0633       -0.1167
       0.0299        0.0983       -0.1621
      -0.0609       -0.1107        0.0282
       0.0642        0.2312       -0.0676
       0.0442       -0.0563        0.2941
       0.0100       -0.1111       -0.1037
       0.0182        0.0401        0.0285
       0.0549        0.0738        0.0045
       0.0344       -0.0277        0.0243
      -0.0855       -0.2193        0.1051
      -0.0890        0.0088       -0.0410
       0.1167        0.0646        0.0930
      -0.0253       -0.0083       -0.0662
      -0.0013        0.0044        0.0073
       0.0475       -0.0096        0.2376
       0.1692        0.2411        0.0863
      -0.1471       -0.3207        0.2525
       0.0954        0.2446       -0.2312
       0.0366       -0.0650       -0.0700
      -0.0125        0.0581        0.0548
      -0.0216       -0.0044       -0.0402
      -0.0040        0.0193       -0.0417
      -0.0935        0.0225       -0.0015
      -0.0050       -0.0010       -0.0129
      -0.0528        0.2588       -0.2335
      -0.0071        0.0182       -0.0196

1322.7396539610102
      -0.0067       -0.0148        0.0105
      -0.0303       -0.0291       -0.0531
       0.0153        0.0411       -0.0469
      -0.0185       -0.0314        0.0085
       0.0260        0.0432       -0.0420
       0.0123       -0.0244        0.1136
      -0.0574        0.3595        0.3176
      -0.0112       -0.1428       -0.0681
       0.0653       -0.0107       -0.0144
      -0.1534        0.1050       -0.0774
      -0.0424       -0.0654        0.0588
       0.2034       -0.0513        0.0800
      -0.1502       -0.1812       -0.2697
      -0.0028        0.0085       -0.0255
       0.0109       -0.0135       -0.0305
       0.0131       -0.0024        0.0592
       0.0608        0.0879        0.0288
      -0.0446       -0.0935        0.0787
       0.0328        0.0791       -0.0754
      -0.1451        0.2427        0.2493
       0.0399       -0.1297       -0.1185
      -0.0289       -0.0374       -0.0244
       0.0200        0.0501        0.0165
       0.3876       -0.0883        0.0186
       0.0564       -0.0007        0.0513
       0.1691        0.1269        0.0759
      -0.1154       -0.1205       -0.0941

1348.9469697419868
      -0.0225       -0.0203       -0.0496
       0.0411        0.0383        0.0797
      -0.0323       -0.0706        0.0238
       0.0078        0.0103       -0.0039
       0.0228        0.1081        0.0350
       0.0242        0.0763       -0.1235
      -0.0150        0.1425        0.1452
       0.0051        0.0238        0.0219
      -0.0344        0.0946        0.0914
      -0.0218        0.0023       -0.0104
       0.2133        0.0292        0.1306
      -0.0557       -0.0507       -0.0602
       0.1797       -0.1011       -0.0480
      -0.0453       -0.0893        0.0337
       0.0114       -0.0023       -0.0019
       0.0003       -0.0055        0.0179
      -0.0677       -0.1003       -0.0272
      -0.0108        0.0041       -0.0082
      -0.0256       -0.0529        0.0508
      -0.0118        0.0172        0.0109
      -0.0009       -0.0188       -0.0083
      -0.0506       -0.0109       -0.0428
      -0.0817       -0.1710       -0.1774
       0.0373       -0.0052        0.0050
       0.0219       -0.0042        0.0033
      -0.5258       -0.0538       -0.4459
      -0.2808       -0.1630       -0.2724

1356.6046804007544
      -0.0076       -0.0051       -0.0217
       0.0135        0.0138        0.0221
      -0.0084       -0.0179        0.0062
       0.0015        0.0001        0.0011
       0.0037        0.0283        0.0169
       0.0000        0.0117       -0.0371
      -0.0613       -0.2004       -0.2086
       0.1706       -0.3116       -0.2489
      -0.0181        0.0170        0.0148
       0.0233        0.1014        0.0270
       0.0410       -0.0015        0.0003
      -0.0892        0.0556        0.0591
       0.0417        0.0905        0.1244
      -0.0084       -0.0146        0.0054
       0.0001        0.0097       -0.0028
       0.0003       -0.0011        0.0071
      -0.0154       -0.0230       -0.0056
      -0.0021       -0.0021       -0.0007
      -0.0062       -0.0127        0.0126
      -0.2007        0.4124        0.4111
      -0.1189        0.3154        0.3428
       0.0042        0.0110       -0.0018
      -0.0176       -0.0311       -0.0324
       0.1338       -0.0306        0.0074
      -0.1001        0.0319        0.0625
      -0.0664       -0.0226       -0.0579
       0.0532        0.0683        0.0417

1370.3939287046303
       0.1278        0.0638        0.3856
      -0.1911       -0.2548       -0.1483
       0.0696        0.1828       -0.1969
       0.1032        0.2591       -0.2481
      -0.1976       -0.3024       -0.0365
       0.0812       -0.0061        0.3624
      -0.0007       -0.0047       -0.0022
       0.0058       -0.0065       -0.0069
       0.0603        0.0944        0.0832
       0.0022        0.0014        0.0017
       0.0453        0.0874       -0.0826
      -0.0099       -0.0007       -0.0033
       0.0149       -0.0124        0.0115
      -0.0208       -0.0457        0.0325
       0.0008        0.0010        0.0006
      -0.0499        0.0053       -0.2338
       0.0489        0.0730        0.0238
      -0.0105       -0.0154        0.0012
      -0.0307       -0.0713        0.0507
      -0.0056        0.0118        0.0113
      -0.0055        0.0098        0.0122
      -0.0679       -0.0398       -0.1672
      -0.0904       -0.0534       -0.2109
       0.0013        0.0004        0.0008
      -0.0044        0.0009        0.0014
      -0.0876       -0.0871       -0.0310
      -0.0044       -0.0040       -0.0073

1399.7985666295103
      -0.0499       -0.0334       -0.1264
       0.0555        0.0413        0.1320
      -0.0541       -0.0818       -0.0120
       0.0030        0.0206       -0.0410
       0.1425        0.1594        0.1330
       0.0600        0.1426       -0.1169
      -0.0080       -0.0155       -0.0261
      -0.0196        0.0027        0.0033
       0.1904        0.1635        0.2338
      -0.0026       -0.0025       -0.0004
      -0.1358       -0.0192       -0.1260
       0.0661        0.0131        0.0327
      -0.0791       -0.0002       -0.0317
      -0.0977       -0.2178        0.0796
      -0.0033        0.0005       -0.0002
       0.0119       -0.0083        0.0742
      -0.0662       -0.1038       -0.0120
      -0.0414       -0.0889        0.0479
      -0.0261       -0.0601        0.0462
       0.0152       -0.0259       -0.0197
       0.0139       -0.0215       -0.0313
      -0.2366       -0.1789       -0.4355
      -0.1649       -0.1214       -0.4042
      -0.0009       -0.0037       -0.0025
       0.0015        0.0003       -0.0073
       0.1649        0.0575        0.1014
       0.1590        0.0676        0.1397

1487.5116621047603
       0.0023        0.0421       -0.1035
      -0.0490       -0.0790       -0.0030
       0.0135        0.0031        0.0548
       0.0148        0.0044        0.0542
      -0.0275       -0.0748        0.0264
       0.0283        0.0703       -0.0526
       0.1018       -0.0054        0.0722
       0.0897        0.0420        0.0243
       0.0316        0.0331        0.0208
       0.0190       -0.0307       -0.0643
      -0.0952       -0.0207       -0.2658
      -0.2200       -0.0288       -0.0990
       0.2097        0.0932        0.2514
      -0.0131       -0.0263        0.0232
       0.0019       -0.0076       -0.0078
       0.0296        0.0191        0.0794
       0.0568        0.0755        0.0471
       0.0135        0.0183        0.0033
       0.0187        0.0299       -0.0049
      -0.1373        0.0521       -0.0745
      -0.1212       -0.0719        0.0940
      -0.0492       -0.0385       -0.0133
      -0.0036       -0.0541       -0.0436
       0.0033        0.1512        0.0895
      -0.0226       -0.0459        0.1657
       0.2935       -0.0659        0.2505
      -0.4480       -0.1080       -0.3933

1494.7757866173945
       0.0011        0.0378       -0.0973
      -0.0552       -0.0892       -0.0016
       0.0215        0.0158        0.0519
       0.0241        0.0227        0.0448
      -0.0412       -0.0752        0.0097
       0.0177        0.0521       -0.0573
      -0.0091       -0.0151       -0.0018
      -0.0543       -0.0233        0.0084
       0.0068        0.0144        0.0042
      -0.0568        0.1071        0.2179
      -0.0137        0.0128       -0.0821
      -0.0523       -0.0175       -0.0302
       0.0730        0.0342        0.0904
      -0.0052       -0.0144        0.0167
       0.0053        0.0006        0.0109
       0.0304        0.0180        0.0852
       0.0554        0.0725        0.0479
       0.0125        0.0174        0.0078
       0.0138        0.0195        0.0063
       0.1741       -0.0232        0.1434
       0.1630        0.1527       -0.0659
      -0.0261       -0.0187        0.0041
       0.0032       -0.0343       -0.0105
      -0.0206       -0.5076       -0.3050
       0.1215        0.1508       -0.5489
       0.0745       -0.0330        0.0718
      -0.1386       -0.0298       -0.1228

1497.508675736703
       0.0049        0.1363       -0.3460
      -0.2116       -0.3411       -0.0084
       0.0829        0.0621        0.1982
       0.0970        0.1007        0.1532
      -0.1648       -0.2649       -0.0148
       0.0614        0.1801       -0.2070
      -0.0260        0.0061       -0.0169
      -0.0152       -0.0066       -0.0114
      -0.0048        0.0138       -0.0025
       0.0113       -0.0223       -0.0448
       0.0839        0.1032        0.0730
       0.0710        0.0109        0.0337
      -0.0810       -0.0460       -0.0893
      -0.0129       -0.0487        0.0522
      -0.0019        0.0018       -0.0010
       0.1122        0.0650        0.3150
       0.2016        0.2628        0.1757
       0.0494        0.0677        0.0298
       0.0461        0.0643        0.0315
       0.0025       -0.0082       -0.0071
      -0.0016       -0.0105       -0.0120
      -0.0486       -0.0322        0.0057
       0.0099       -0.0587        0.0025
       0.0038        0.1042        0.0627
      -0.0292       -0.0305        0.1118
      -0.1264       -0.0347       -0.0645
       0.1590        0.0385        0.1382

1510.6167166474113
      -0.1084       -0.1143       -0.1688
       0.0102       -0.0519        0.1850
       0.1304        0.2634       -0.1449
       0.1281        0.2835       -0.2034
       0.0267       -0.0565        0.3121
      -0.2036       -0.2869       -0.1178
       0.0016        0.0129        0.0125
       0.0167        0.0057        0.0042
      -0.0525       -0.1178        0.0065
      -0.0024        0.0020        0.0045
       0.0026       -0.0045       -0.0557
      -0.0038       -0.0016       -0.0041
       0.0103        0.0059       -0.0050
       0.0674        0.1004        0.0226
       0.0008       -0.0006       -0.0002
       0.0335       -0.0282        0.2256
      -0.0460       -0.0874        0.0319
      -0.0829       -0.2124        0.2114
      -0.0901       -0.2190        0.1993
      -0.0339        0.0068       -0.0255
      -0.0278       -0.0286        0.0138
       0.2064        0.1305       -0.0678
      -0.0627        0.2360        0.0084
       0.0021       -0.0110       -0.0058
       0.0046        0.0030       -0.0118
       0.0072        0.0414       -0.0394
      -0.0324       -0.0213       -0.0224

1515.585252048109
       0.0080        0.0121        0.0029
      -0.0079       -0.0079       -0.0135
      -0.0073       -0.0178        0.0188
      -0.0059       -0.0166        0.0195
      -0.0070       -0.0022       -0.0303
       0.0177        0.0277        0.0016
       0.0446        0.0030        0.0107
       0.2452        0.0583        0.0344
      -0.0018       -0.0044        0.0028
      -0.0080        0.0466        0.1023
       0.0136        0.0089        0.0454
       0.0051        0.0252        0.0038
      -0.0498       -0.0208       -0.0534
      -0.0050       -0.0107        0.0013
      -0.0046       -0.0003        0.0039
       0.0013        0.0040       -0.0061
       0.0091        0.0136        0.0029
       0.0101        0.0195       -0.0165
       0.0076        0.0174       -0.0128
      -0.4890        0.1042       -0.3576
      -0.4130       -0.3940        0.2209
       0.0075        0.0050       -0.0117
      -0.0058        0.0125       -0.0028
      -0.0203       -0.2207       -0.1343
       0.0561        0.0698       -0.2446
      -0.0460        0.0025       -0.0309
       0.0899        0.0221        0.0798

1527.8415590853915
      -0.0343       -0.0539       -0.0053
       0.0207        0.0150        0.0509
       0.0492        0.1112       -0.0865
       0.0354        0.0879       -0.0829
       0.0170       -0.0226        0.1328
      -0.1006       -0.1595       -0.0142
      -0.0128       -0.0043       -0.0106
       0.0091        0.0022        0.0014
       0.0644        0.2088       -0.1226
      -0.0011        0.0007        0.0019
      -0.0157        0.0021       -0.0262
       0.0233        0.0038        0.0099
      -0.0172        0.0060       -0.0107
       0.0348        0.0854       -0.0394
      -0.0004       -0.0001       -0.0001
      -0.0015       -0.0171        0.0409
      -0.0303       -0.0472       -0.0062
      -0.0345       -0.0843        0.0755
      -0.0340       -0.0790        0.0633
      -0.0222        0.0012       -0.0211
      -0.0183       -0.0234        0.0058
      -0.4414       -0.2722        0.3617
       0.2482       -0.5458        0.1701
       0.0008       -0.0042       -0.0022
       0.0020        0.0012       -0.0049
       0.0261        0.0296        0.0005
       0.0379        0.0168        0.0335

1650.5621561224268
       0.1509        0.1543        0.2437
      -0.2585       -0.3475       -0.1961
      -0.1654       -0.2683       -0.0028
       0.1445        0.2139        0.0583
       0.2908        0.4137        0.1641
      -0.1769       -0.1832       -0.2769
      -0.0214       -0.0024       -0.0098
      -0.0003        0.0000        0.0015
      -0.0166       -0.0251       -0.0048
      -0.0005        0.0004       -0.0004
      -0.0366       -0.0658        0.0060
       0.0173        0.0010        0.0056
       0.0091        0.0136        0.0013
       0.0189        0.0216        0.0200
       0.0004        0.0001        0.0001
       0.0035        0.0434       -0.1032
       0.0940        0.1337        0.0517
      -0.0059        0.0321       -0.1033
       0.0140       -0.0093        0.0882
      -0.0007       -0.0026       -0.0046
      -0.0000       -0.0038       -0.0015
       0.0105        0.0049        0.0204
       0.0070        0.0022        0.0243
      -0.0002        0.0003        0.0000
       0.0012       -0.0003        0.0010
       0.0204        0.0413       -0.0144
      -0.0087       -0.0035       -0.0055

1660.7821202447144
      -0.0339        0.0706       -0.3399
      -0.0078       -0.0710        0.1587
      -0.1067       -0.2887        0.3145
       0.0728        0.2517       -0.3594
       0.0558        0.1869       -0.2687
       0.0234       -0.1548        0.5020
       0.0181       -0.0015        0.0057
       0.0005        0.0006        0.0006
       0.0028        0.0188       -0.0372
       0.0010        0.0002        0.0003
      -0.0187       -0.0318        0.0303
      -0.0167       -0.0003       -0.0059
       0.0052        0.0020        0.0065
      -0.0059        0.0129       -0.0437
      -0.0004       -0.0001       -0.0002
       0.0399        0.0316        0.0881
      -0.0090       -0.0327        0.0475
       0.0577        0.1268       -0.0872
      -0.0613       -0.1189        0.0505
       0.0009        0.0009        0.0022
       0.0004        0.0032        0.0016
      -0.0047        0.0056        0.0273
       0.0176       -0.0028        0.0119
      -0.0017       -0.0008       -0.0011
      -0.0005        0.0004       -0.0010
       0.0096       -0.0037        0.0146
      -0.0056       -0.0006       -0.0049

1702.6388719992506
       0.0033        0.0006        0.0152
      -0.0069       -0.0090       -0.0067
      -0.0008        0.0043       -0.0097
       0.0036        0.0042        0.0070
       0.0173        0.0070        0.0166
      -0.0098       -0.0088       -0.0202
       0.6947        0.0535        0.2878
       0.0035        0.0068       -0.0104
       0.0081        0.0041       -0.0003
       0.0246       -0.0080        0.0021
      -0.0130       -0.0131        0.0262
      -0.5287       -0.0139       -0.1752
      -0.1525       -0.0680       -0.1647
       0.0021        0.0006        0.0020
      -0.0136        0.0000       -0.0061
       0.0001       -0.0001       -0.0017
       0.0019        0.0028        0.0003
       0.0006       -0.0038        0.0004
       0.0003       -0.0008        0.0037
       0.0264        0.0421        0.0993
       0.0112        0.0971        0.0365
      -0.0112       -0.0063       -0.0003
       0.0051       -0.0037        0.0044
      -0.0202       -0.0062       -0.0104
      -0.0325        0.0045       -0.0179
      -0.0155        0.0126       -0.0109
       0.1400        0.0206        0.1275

3026.401820987188
      -0.0002       -0.0002        0.0000
       0.0000       -0.0000        0.0000
       0.0001        0.0002        0.0003
      -0.0000       -0.0000       -0.0001
       0.0001        0.0000       -0.0000
      -0.0000        0.0000       -0.0000
      -0.0095        0.0002       -0.0022
       0.1801        0.1491       -0.0796
       0.0001       -0.0005       -0.0001
      -0.0066       -0.0180        0.0022
      -0.0008        0.0005        0.0001
       0.0064        0.0043        0.0074
       0.0021        0.0009        0.0007
      -0.0000       -0.0001        0.0002
       0.0003       -0.0004       -0.0006
       0.0004        0.0006       -0.0000
      -0.0000        0.0000       -0.0001
      -0.0001       -0.0003       -0.0008
       0.0001        0.0000        0.0002
      -0.4236       -0.6641        0.4665
      -0.1874        0.1334       -0.2102
      -0.0012        0.0017       -0.0001
       0.0004        0.0001       -0.0002
       0.0038        0.0109       -0.0200
       0.0100        0.0488        0.0113
       0.0012       -0.0011       -0.0011
      -0.0015        0.0001        0.0008

3073.9263670920595
       0.0002        0.0003       -0.0003
      -0.0001        0.0002       -0.0003
       0.0001        0.0002        0.0009
       0.0002        0.0010       -0.0004
      -0.0003       -0.0008        0.0005
      -0.0022       -0.0047        0.0036
       0.0007       -0.0005       -0.0001
       0.0007        0.0000        0.0001
      -0.0353        0.2295       -0.0573
      -0.0005        0.0001        0.0025
       0.0023       -0.0089       -0.0078
      -0.0000        0.0000        0.0001
       0.0001       -0.0011       -0.0003
       0.0000        0.0001       -0.0088
      -0.0001        0.0000       -0.0000
       0.0002        0.0001       -0.0000
       0.0001       -0.0006        0.0016
      -0.0010       -0.0008       -0.0020
      -0.0009       -0.0010       -0.0012
      -0.0008       -0.0011        0.0009
      -0.0013        0.0009       -0.0015
       0.5156       -0.6988        0.0188
      -0.3758       -0.0641        0.2022
       0.0022        0.0052       -0.0076
      -0.0007       -0.0057       -0.0012
      -0.0237        0.0201        0.0268
       0.0035        0.0020        0.0013

3081.6952933966872
      -0.0001       -0.0001        0.0001
      -0.0000       -0.0001        0.0000
       0.0000        0.0001       -0.0002
       0.0000        0.0000        0.0000
       0.0000       -0.0002        0.0001
      -0.0001       -0.0000       -0.0001
      -0.0003        0.0001       -0.0008
      -0.0387        0.0530       -0.0733
       0.0040       -0.0022       -0.0013
      -0.0366        0.0181        0.2138
      -0.0176        0.0149        0.0198
       0.0001       -0.0007        0.0002
       0.0001       -0.0003       -0.0002
      -0.0001        0.0001        0.0000
       0.0015        0.0003       -0.0006
       0.0002        0.0003       -0.0000
      -0.0000        0.0001       -0.0002
       0.0003        0.0003        0.0003
       0.0000       -0.0000       -0.0000
      -0.0520       -0.0720        0.0481
       0.1916       -0.1166        0.1948
      -0.0060        0.0082       -0.0004
      -0.0075       -0.0017        0.0042
       0.1721        0.4202       -0.6215
      -0.0595       -0.4756       -0.1007
       0.0611       -0.0504       -0.0686
      -0.0009        0.0003        0.0015

3084.934821175242
       0.0001        0.0004       -0.0011
       0.0002        0.0005        0.0001
      -0.0001       -0.0001        0.0023
      -0.0001       -0.0002        0.0000
      -0.0005        0.0012       -0.0013
       0.0012        0.0008        0.0007
      -0.0003       -0.0027       -0.0019
      -0.0025        0.0042       -0.0073
      -0.0345       -0.0016        0.0175
      -0.0048        0.0023        0.0245
       0.1601       -0.1332       -0.1797
       0.0004        0.0005        0.0010
       0.0002        0.0022        0.0034
       0.0008       -0.0004        0.0009
      -0.0001        0.0001       -0.0000
       0.0000       -0.0001       -0.0001
       0.0001       -0.0004        0.0008
      -0.0027       -0.0028       -0.0058
      -0.0001        0.0001       -0.0002
      -0.0056       -0.0070        0.0055
       0.0154       -0.0091        0.0164
       0.0070       -0.0087        0.0023
       0.1049        0.0215       -0.0581
       0.0192        0.0477       -0.0710
      -0.0066       -0.0533       -0.0112
      -0.5551        0.4531        0.6181
       0.0077       -0.0056       -0.0115

3101.1390420100115
      -0.0001       -0.0002        0.0001
      -0.0000       -0.0001        0.0002
      -0.0001       -0.0001       -0.0002
       0.0000        0.0000        0.0000
       0.0001       -0.0001        0.0000
      -0.0001       -0.0000       -0.0000
      -0.0031       -0.0018       -0.0014
       0.1256       -0.1536        0.1987
       0.0011       -0.0014       -0.0001
      -0.0055        0.0418        0.0687
      -0.0016        0.0013        0.0015
       0.0009        0.0009       -0.0007
       0.0009        0.0004        0.0005
       0.0000        0.0001        0.0001
      -0.0014        0.0002       -0.0010
       0.0003        0.0005       -0.0001
       0.0000        0.0003       -0.0007
       0.0002        0.0004        0.0004
       0.0000       -0.0000       -0.0000
       0.1336        0.1871       -0.1283
      -0.5529        0.3414       -0.5555
      -0.0033        0.0045       -0.0002
      -0.0006       -0.0002        0.0003
       0.0476        0.1142       -0.1698
      -0.0295       -0.2568       -0.0583
       0.0048       -0.0041       -0.0055
      -0.0009        0.0004        0.0005

3150.9033585720595
       0.0001        0.0001       -0.0001
      -0.0000        0.0001       -0.0004
       0.0003        0.0001        0.0004
       0.0004        0.0003       -0.0000
      -0.0005       -0.0010        0.0003
       0.0001       -0.0024        0.0015
      -0.0004       -0.0003       -0.0007
      -0.0003        0.0001       -0.0005
       0.2851       -0.0493       -0.1119
      -0.0003       -0.0007        0.0001
       0.0188       -0.0187       -0.0219
       0.0002        0.0001        0.0002
      -0.0003        0.0015        0.0011
      -0.0031        0.0020       -0.0006
       0.0000        0.0001        0.0001
      -0.0002       -0.0001        0.0001
      -0.0001       -0.0006        0.0015
      -0.0004       -0.0005       -0.0010
      -0.0008       -0.0007       -0.0012
      -0.0001       -0.0000        0.0002
       0.0012       -0.0006        0.0013
      -0.2321        0.3382       -0.0128
      -0.7344       -0.1594        0.3948
       0.0002        0.0005       -0.0008
       0.0003        0.0022        0.0006
      -0.0666        0.0567        0.0768
      -0.0012       -0.0024       -0.0028

3156.9077292242346
      -0.0002       -0.0003        0.0000
       0.0000       -0.0001        0.0001
       0.0003        0.0003        0.0006
       0.0001        0.0001        0.0001
       0.0000       -0.0000       -0.0000
       0.0000        0.0000       -0.0000
      -0.0015       -0.0008       -0.0012
      -0.0023        0.0273       -0.0275
       0.0006        0.0000       -0.0003
       0.0600        0.2996       -0.0713
       0.0003       -0.0002       -0.0004
       0.0004       -0.0011       -0.0006
       0.0008        0.0000        0.0000
      -0.0000       -0.0000        0.0000
      -0.0007       -0.0004        0.0002
       0.0006        0.0011       -0.0002
       0.0000        0.0001       -0.0003
      -0.0010       -0.0010       -0.0018
      -0.0002       -0.0003       -0.0004
      -0.0419       -0.0600        0.0428
       0.0539       -0.0328        0.0535
      -0.0002        0.0003       -0.0000
      -0.0018       -0.0004        0.0009
      -0.1182       -0.2749        0.4346
      -0.0875       -0.7521       -0.1851
      -0.0011        0.0009        0.0013
      -0.0009        0.0003        0.0006

3189.764346840185
       0.0814        0.1424       -0.0277
      -0.0086       -0.0745        0.1639
      -0.0600       -0.0625       -0.0959
      -0.0230       -0.0215       -0.0437
       0.0018        0.0035       -0.0017
       0.0004       -0.0001        0.0017
      -0.0001       -0.0001        0.0000
       0.0001        0.0002       -0.0002
       0.0002        0.0005       -0.0007
       0.0002        0.0006       -0.0001
       0.0002       -0.0008       -0.0008
       0.0001        0.0000       -0.0001
       0.0002        0.0000        0.0001
      -0.0004       -0.0006        0.0002
      -0.0000       -0.0000       -0.0001
      -0.2788       -0.4867        0.0921
       0.0249        0.2456       -0.5562
       0.1994        0.2023        0.3328
       0.0848        0.0858        0.1440
      -0.0004       -0.0006        0.0005
       0.0002       -0.0001        0.0002
       0.0010       -0.0012        0.0002
      -0.0018       -0.0004        0.0011
      -0.0004       -0.0004        0.0005
      -0.0001       -0.0013       -0.0003
      -0.0023        0.0016        0.0027
      -0.0001       -0.0001        0.0000

3198.7799368494
      -0.0229       -0.0351       -0.0057
      -0.0054       -0.0669        0.1575
       0.0995        0.1020        0.1634
      -0.0304       -0.0284       -0.0580
      -0.0038       -0.0068        0.0020
      -0.0012       -0.0021        0.0003
       0.0003        0.0003        0.0001
      -0.0002       -0.0002        0.0001
       0.0004        0.0000       -0.0005
      -0.0002       -0.0008        0.0002
      -0.0000        0.0008        0.0013
      -0.0002       -0.0001        0.0000
      -0.0004        0.0001       -0.0003
       0.0002        0.0003        0.0001
       0.0001        0.0000        0.0002
       0.0678        0.1166       -0.0178
       0.0221        0.2278       -0.5198
      -0.3268       -0.3309       -0.5472
       0.1105        0.1116        0.1877
       0.0004        0.0006       -0.0006
       0.0001       -0.0001        0.0001
      -0.0003        0.0005        0.0000
      -0.0006        0.0000        0.0005
       0.0005        0.0005       -0.0005
       0.0001        0.0017        0.0004
       0.0027       -0.0013       -0.0035
       0.0002        0.0000       -0.0000

3211.7425020018495
       0.1013        0.1783       -0.0374
      -0.0049        0.0118       -0.0535
       0.0591        0.0571        0.1065
       0.0660        0.0656        0.1149
      -0.0039       -0.0065        0.0008
       0.0002        0.0027       -0.0065
       0.0003        0.0002        0.0002
       0.0002       -0.0001        0.0001
      -0.0004       -0.0006        0.0003
      -0.0001       -0.0002        0.0002
       0.0000        0.0010        0.0011
      -0.0002       -0.0000        0.0000
      -0.0003       -0.0000       -0.0002
       0.0000       -0.0002        0.0006
       0.0001       -0.0000        0.0001
      -0.3321       -0.5800        0.1102
      -0.0044       -0.0656        0.1589
      -0.1947       -0.1957       -0.3294
      -0.2222       -0.2259       -0.3741
      -0.0000       -0.0000       -0.0001
      -0.0005        0.0003       -0.0005
      -0.0007        0.0011       -0.0000
       0.0019        0.0005       -0.0008
       0.0002        0.0002       -0.0003
      -0.0000        0.0000       -0.0000
       0.0022       -0.0014       -0.0027
       0.0002       -0.0001       -0.0001

3219.7601332265967
      -0.0534       -0.0916        0.0131
      -0.0081       -0.0596        0.1257
      -0.0211       -0.0198       -0.0398
       0.1075        0.1110        0.1762
       0.0006        0.0013       -0.0011
       0.0016        0.0064       -0.0104
      -0.0004       -0.0002       -0.0003
      -0.0001       -0.0000       -0.0001
      -0.0003       -0.0003        0.0004
      -0.0000       -0.0002       -0.0001
      -0.0001       -0.0001       -0.0007
       0.0002        0.0000        0.0000
       0.0002        0.0000        0.0004
      -0.0001       -0.0007        0.0011
      -0.0000        0.0000       -0.0000
       0.1670        0.2908       -0.0530
       0.0181        0.1777       -0.4017
       0.0695        0.0695        0.1183
      -0.3462       -0.3531       -0.5787
      -0.0001        0.0000        0.0001
       0.0004       -0.0001        0.0003
      -0.0001       -0.0001        0.0001
       0.0004       -0.0002       -0.0001
       0.0000        0.0001       -0.0001
       0.0001        0.0008        0.0003
      -0.0008        0.0003        0.0014
       0.0002       -0.0000       -0.0003

3544.563928617387
       0.0000        0.0000       -0.0000
      -0.0000        0.0000        0.0000
      -0.0001       -0.0001       -0.0001
      -0.0001       -0.0000        0.0000
       0.0005       -0.0000       -0.0002
      -0.0000        0.0000       -0.0001
      -0.0031       -0.0010        0.0019
       0.0007        0.0005        0.0000
      -0.0001       -0.0001       -0.0004
      -0.0002        0.0002       -0.0004
      -0.0004       -0.0004        0.0053
      -0.0012       -0.0005       -0.0004
      -0.1678        0.1360        0.1443
       0.0000       -0.0001       -0.0000
       0.0001       -0.0006       -0.0004
       0.0000        0.0000        0.0000
       0.0000       -0.0001        0.0002
       0.0002        0.0002        0.0001
       0.0002        0.0001        0.0003
      -0.0004       -0.0011        0.0003
      -0.0006        0.0002       -0.0010
      -0.0008       -0.0013       -0.0009
       0.0005       -0.0002        0.0000
      -0.0002       -0.0002        0.0003
       0.0002       -0.0011       -0.0005
       0.0105       -0.0072       -0.0074
       0.6291       -0.4883       -0.5459

