20
0 1 C6FH11N2
C                     0.866097134344     0.990226961348    -3.111029576791
C                    -0.708654529716    -0.392279181796    -3.422648863098
C                    -1.077232476579    -0.695969397239    -0.170318262636
C                     0.500431283737     0.679793561247     0.134822121457
C                    -0.311465496253     0.509289712996    -2.227851689438
C                    -0.298867070843    -0.238503894836     1.075116019188
N                     0.158502474185     0.441852222699    -4.303811170366
N                     0.037661932604    -0.164425419811    -0.998912877827
F                    -1.046277386339     0.399955638537     2.060963916674
H                     1.059136246536     2.067090392618    -3.159555893811
H                     1.790353271728     0.459562767098    -2.844859349074
H                    -0.349148514680    -1.418691748450    -3.268088325726
H                    -1.762991206485    -0.410454708022    -3.718125603793
H                    -1.285166905899    -1.762423286081    -0.299785901849
H                    -2.008824482007    -0.117125820447    -0.268545752277
H                     0.064793761844     1.691115106477     0.132669549420
H                     1.586222924641     0.741462561857     0.255519907731
H                    -1.049828000384     1.313543276356    -2.064953547022
H                     0.290073703831    -1.020991613715     1.558117384378
H                     0.752255451926    -0.092308487758    -4.934349516388

62.063403066764806
       0.1662       -0.1927       -0.2366
      -0.2213        0.1443        0.2248
       0.2057       -0.0276       -0.1248
      -0.0341        0.1843        0.1583
       0.2143        0.1898        0.0414
      -0.0078       -0.0071       -0.0020
      -0.2048       -0.1848       -0.0416
       0.2400        0.2131        0.0466
      -0.2928       -0.2616       -0.0537
       0.1193       -0.0708       -0.1189
       0.0251       -0.1104       -0.0985
      -0.1271        0.0216        0.0794
      -0.0820        0.1041        0.1251
       0.1096       -0.0140       -0.0671
       0.0379       -0.0459       -0.0527
      -0.0536        0.0347        0.0505
      -0.0167        0.0979        0.0846
       0.1234        0.1089        0.0240
       0.0158        0.0130        0.0018
      -0.1265       -0.1133       -0.0246

69.39148694541423
       0.0266       -0.0120       -0.0299
       0.0202       -0.0264       -0.0354
      -0.1786        0.2247       -0.0282
      -0.1916        0.2102       -0.0338
      -0.0965        0.1303       -0.1095
       0.0254       -0.0141       -0.0667
       0.2849       -0.3115       -0.0463
      -0.2079        0.2418       -0.0362
       0.2878       -0.4009        0.3442
      -0.0067       -0.0034       -0.0660
       0.0034        0.0289        0.0692
      -0.0404       -0.0130        0.0589
       0.0202        0.0156       -0.0630
      -0.0919        0.0774       -0.0451
      -0.0344        0.1033        0.0422
      -0.1047        0.0408        0.0275
      -0.0549        0.1080       -0.0396
      -0.0282        0.0449       -0.0694
       0.0523       -0.0332       -0.1213
       0.1105       -0.1386        0.0666

127.85196718128248
       0.1680       -0.2266       -0.0989
       0.2245       -0.1795       -0.0868
      -0.1241        0.1600        0.0274
      -0.1454        0.1380        0.0243
       0.1822       -0.1923       -0.0678
      -0.0673        0.0704        0.0247
      -0.3018        0.3646       -0.0990
      -0.0054       -0.0113        0.0813
       0.0500       -0.1148        0.2550
       0.1554       -0.0810        0.0630
       0.0079       -0.1914       -0.1305
       0.2142       -0.0113       -0.0892
       0.0486       -0.1761        0.0423
      -0.0865        0.0563        0.0084
      -0.0059        0.0944       -0.0041
      -0.0888        0.0208       -0.0198
      -0.0462        0.0896        0.0167
       0.0532       -0.0421       -0.0836
       0.0035        0.0051       -0.0457
      -0.1484        0.2111       -0.1876

171.61287069043678
      -0.1586        0.2643       -0.1933
       0.1956       -0.2284        0.2007
      -0.1239        0.3121       -0.1541
       0.2577       -0.1993        0.1806
       0.0774        0.0691        0.0153
      -0.1208       -0.1065       -0.0230
      -0.1574       -0.1393       -0.0314
       0.1109        0.0979        0.0216
      -0.0719       -0.0618       -0.0149
      -0.1504        0.0927       -0.1103
       0.0166        0.1771       -0.0726
       0.1562       -0.0239        0.1072
       0.0496       -0.1795        0.0900
      -0.1395        0.1167       -0.0958
       0.0236        0.1866       -0.0505
       0.1743       -0.0155        0.0896
       0.0776       -0.1729        0.0837
      -0.0272       -0.0236       -0.0052
      -0.1162       -0.1014       -0.0219
      -0.0193       -0.0177       -0.0035

302.27736521830036
      -0.0715        0.1605       -0.0184
      -0.1444        0.0959       -0.0341
      -0.0413        0.1430       -0.0800
      -0.1142        0.0767       -0.0937
       0.1877       -0.2353        0.0899
      -0.1264        0.1563       -0.0505
       0.0378       -0.0413       -0.0061
       0.3875       -0.4423       -0.0038
      -0.0030       -0.0446        0.2106
      -0.1695        0.0738        0.0003
       0.0648        0.1763       -0.0505
      -0.1668       -0.0273       -0.0968
      -0.0539        0.1751        0.0226
      -0.1420        0.0620        0.0323
       0.0773        0.1645       -0.1409
      -0.1364       -0.0229       -0.1822
      -0.0503        0.1402        0.0503
       0.0531       -0.0934        0.1440
      -0.0127        0.0296       -0.0694
       0.0345       -0.0520        0.0577

345.61387208721857
       0.0192       -0.0941        0.3328
       0.0184       -0.0960        0.3349
      -0.0552        0.1174       -0.2257
      -0.0604        0.1132       -0.2252
      -0.0567        0.0319        0.1548
       0.0454        0.0109       -0.2903
      -0.0983        0.0219        0.3981
       0.0474       -0.0346       -0.0867
       0.1354       -0.0735       -0.3568
       0.0755       -0.0396        0.1050
      -0.0376       -0.0932        0.1195
       0.0694        0.0001        0.1418
       0.0080       -0.0999        0.0926
      -0.0811        0.0496       -0.0833
       0.0250        0.1000       -0.0723
      -0.0850        0.0043       -0.0928
      -0.0216        0.1020       -0.0710
      -0.0168        0.0068        0.0590
       0.0316       -0.0091       -0.1252
      -0.0572        0.0571        0.0345

354.06017065343394
       0.0947        0.1192       -0.1439
       0.0936        0.0474        0.1785
      -0.1239       -0.3046       -0.1930
      -0.3508       -0.1102        0.1021
       0.1500        0.1302        0.0290
      -0.2183       -0.1897       -0.0413
      -0.0435       -0.0387       -0.0102
      -0.0292       -0.0274       -0.0057
       0.4021        0.3512        0.0795
      -0.0061        0.0387       -0.0812
       0.0537        0.0681       -0.0672
       0.0559        0.0289        0.0876
       0.0189       -0.0259        0.0832
       0.0712       -0.1077       -0.0684
      -0.0791       -0.1711       -0.1152
      -0.1995       -0.0722        0.0609
      -0.1112        0.0726        0.0613
       0.0586        0.0510        0.0116
      -0.0826       -0.0718       -0.0157
      -0.0303       -0.0271       -0.0061

466.72132620011325
       0.0006        0.0340       -0.0609
      -0.0214        0.0150       -0.0678
      -0.0436        0.1485        0.2148
      -0.1854        0.0255        0.1909
       0.0894       -0.1085        0.0213
       0.2611       -0.3280        0.1215
       0.0148        0.0005       -0.0747
      -0.0351        0.0073        0.1599
       0.0440        0.0564       -0.4737
      -0.0633        0.0219       -0.0064
       0.0406        0.0622       -0.0558
      -0.0535       -0.0202       -0.0759
      -0.0135        0.0664        0.0023
      -0.2086        0.0959       -0.0477
       0.0762        0.2213        0.2339
      -0.2740       -0.0837        0.1679
      -0.0594        0.2265       -0.0170
       0.0254       -0.0299       -0.0003
       0.0533       -0.0811        0.0858
       0.0140       -0.0163        0.0037

472.0425739721539
      -0.1868       -0.1654        0.2029
      -0.1359       -0.1180       -0.2651
       0.1594        0.0797       -0.3285
       0.0266        0.0811        0.3623
      -0.1686       -0.1469       -0.0333
      -0.1389       -0.1185       -0.0274
       0.0453        0.0400        0.0101
       0.2565        0.2257        0.0492
       0.1548        0.1347        0.0321
       0.0104       -0.0573        0.1124
      -0.1038       -0.1087        0.1112
      -0.0916       -0.0631       -0.1489
      -0.0298        0.0396       -0.1159
       0.0705        0.0260       -0.1656
       0.0452        0.0114       -0.1660
      -0.0161        0.0122        0.1700
      -0.0018        0.0306        0.1787
      -0.0990       -0.0866       -0.0196
      -0.0953       -0.0825       -0.0189
       0.0477        0.0423        0.0095

593.7462480657492
      -0.1339       -0.0904       -0.0295
       0.1080        0.1218        0.0180
       0.1434        0.0584        0.0237
      -0.0775       -0.1341       -0.0177
      -0.2852        0.3217        0.0126
       0.0474       -0.0888        0.1533
       0.0336        0.0105       -0.2164
       0.2513       -0.2405       -0.2118
      -0.0989        0.0822        0.1423
       0.1947       -0.0713       -0.0458
      -0.1782       -0.2107        0.1075
       0.1996        0.1210        0.1822
       0.0588       -0.1909       -0.0730
      -0.1204        0.0518       -0.0069
       0.1274        0.1538        0.0177
      -0.1671       -0.1030       -0.0388
      -0.0352        0.1260        0.0102
      -0.0803        0.0630        0.1261
      -0.0083       -0.0113        0.0926
       0.0591       -0.0792        0.0529

683.3587813384593
       0.1867        0.0960       -0.0376
      -0.1046       -0.1597       -0.0952
       0.1803        0.0506       -0.1002
      -0.0477       -0.1483       -0.1444
      -0.0126        0.0589       -0.1980
       0.0879       -0.1428        0.1897
      -0.0020       -0.1005        0.4560
       0.0013        0.0539       -0.2490
      -0.1513        0.1202        0.2400
      -0.0237        0.0424       -0.0784
       0.0894        0.1080        0.0457
      -0.1241       -0.0794        0.0036
      -0.0214        0.0442       -0.0781
      -0.0377        0.0424       -0.1151
       0.0849        0.0858        0.0579
      -0.1052       -0.0800        0.0211
      -0.0121        0.0647       -0.1102
      -0.0033        0.0246       -0.0918
      -0.0131       -0.0159        0.1393
      -0.1752        0.2620       -0.2767

761.8360457809954
      -0.0510       -0.0417        0.1946
       0.0034        0.0060        0.2055
       0.1451        0.0338       -0.2501
       0.0047       -0.0887       -0.2774
       0.1703       -0.1870       -0.0321
       0.1004       -0.1488        0.1520
      -0.0626        0.1260       -0.2420
      -0.1556        0.1879       -0.0432
      -0.1387        0.1108        0.2177
      -0.0786        0.0014        0.1881
       0.0218        0.0003       -0.0699
       0.0127       -0.0077       -0.0718
      -0.0342        0.0405        0.1970
       0.0111        0.0338       -0.2332
       0.0440        0.0390        0.0215
      -0.0474       -0.0407        0.0038
       0.0162        0.0382       -0.2324
       0.0464       -0.0332       -0.0880
      -0.0079       -0.0187        0.1255
       0.1437       -0.2322        0.3034

893.3460496768306
       0.1847        0.1372        0.2053
      -0.1986       -0.1976        0.1283
       0.0771        0.0803        0.2290
      -0.1331       -0.1058        0.1874
       0.0524        0.0308       -0.4007
      -0.0606        0.0861       -0.0771
      -0.0861        0.1099       -0.0536
       0.0978       -0.0293       -0.3733
       0.0457       -0.0408       -0.0539
       0.0376        0.0447        0.1381
       0.0432        0.0166        0.0317
      -0.0260       -0.0445        0.0187
      -0.0775       -0.0588        0.1138
       0.0283        0.0012        0.2607
       0.0127       -0.0022        0.0727
      -0.0175       -0.0278        0.0682
      -0.0596       -0.0726        0.2417
       0.0183        0.0314       -0.2234
      -0.0087        0.0175       -0.0477
       0.0768       -0.1355        0.2111

895.331445441631
       0.0216        0.0488       -0.0374
       0.0395        0.0043        0.0512
       0.0575       -0.2566       -0.1295
      -0.2718        0.0698        0.0902
      -0.0284       -0.0250       -0.0077
       0.0728        0.0642        0.0138
       0.0020        0.0027        0.0001
      -0.0254       -0.0228       -0.0069
       0.0370        0.0318        0.0068
       0.0742        0.0014       -0.0355
      -0.0299       -0.0376        0.0140
      -0.0370       -0.0213       -0.0270
       0.0006        0.0646        0.0517
      -0.3199        0.0208       -0.2952
       0.1683        0.2224        0.1725
       0.2716        0.1610       -0.0867
      -0.0800       -0.3698        0.2205
      -0.0651       -0.0570       -0.0140
       0.3175        0.2770        0.0612
       0.0019        0.0008        0.0012

902.2352687395232
       0.0661       -0.2366        0.1745
      -0.1836        0.1334       -0.1986
       0.0576       -0.0178       -0.0728
      -0.0255        0.0460        0.0782
       0.0307        0.0269        0.0072
       0.0277        0.0236        0.0055
      -0.0343       -0.0304       -0.0068
      -0.0476       -0.0410       -0.0083
       0.0063        0.0058        0.0014
      -0.4022        0.0083        0.1307
       0.2361        0.2591       -0.0733
       0.2601        0.1767        0.1711
      -0.0053       -0.3660       -0.2119
      -0.0295        0.0099       -0.0761
       0.0358        0.0346        0.0156
       0.0412        0.0326       -0.0008
      -0.0097       -0.0440        0.0672
       0.2744        0.2409        0.0546
       0.0616        0.0536        0.0121
      -0.0912       -0.0799       -0.0183

959.4865433662596
      -0.2569       -0.2560        0.0966
       0.2541        0.1935        0.1982
       0.1651        0.1337        0.0648
      -0.1619       -0.1514        0.0020
       0.0426       -0.0395       -0.0450
      -0.0555        0.0654       -0.0070
       0.1121       -0.0799       -0.2111
      -0.0309        0.0614       -0.1200
       0.0412       -0.0377       -0.0430
      -0.2794       -0.0342        0.1580
      -0.0223        0.0705        0.1296
      -0.0939        0.0076        0.1158
       0.0280        0.2353        0.2190
       0.0792        0.0237        0.1083
       0.0273        0.0029        0.0134
      -0.0090       -0.0286        0.0067
      -0.0551       -0.0932        0.0823
       0.0132       -0.0012       -0.0629
      -0.0095        0.0148       -0.0190
      -0.1170        0.2229       -0.3987

985.8265419260964
      -0.0170       -0.0183       -0.1473
       0.0511        0.0407       -0.1344
       0.3770        0.2984        0.0296
      -0.3386       -0.3260       -0.1094
      -0.0044       -0.0376        0.1977
      -0.1438        0.1419        0.1045
      -0.0470        0.0035        0.2231
      -0.1161        0.1163        0.0808
       0.1215       -0.1085       -0.1393
       0.0511       -0.0174       -0.1083
       0.0127       -0.0358       -0.1624
       0.0687        0.0131       -0.1515
       0.0351       -0.0316       -0.1120
       0.1924        0.0642        0.0865
       0.0723        0.0149       -0.0767
      -0.0062       -0.0536       -0.0921
      -0.1026       -0.1932        0.0295
      -0.0048       -0.0085        0.0668
      -0.0237        0.0300       -0.0109
       0.0473       -0.1000        0.2078

991.6530294703995
      -0.3582       -0.1052       -0.0757
      -0.1565       -0.3466       -0.0249
      -0.1548       -0.0761        0.0869
      -0.0715       -0.1215       -0.1306
       0.3291        0.2887        0.0646
       0.0173        0.0148        0.0029
       0.1601        0.1403        0.0305
       0.1648        0.1435        0.0317
      -0.0050       -0.0040       -0.0007
      -0.0396       -0.0338        0.1164
      -0.1199       -0.0912       -0.0868
      -0.1206       -0.1195        0.0406
      -0.0116       -0.0108       -0.1257
      -0.0339       -0.0177       -0.0184
      -0.0397       -0.0115        0.0686
      -0.0009       -0.0238       -0.0762
      -0.0247       -0.0330        0.0070
       0.2412        0.2116        0.0477
       0.0633        0.0551        0.0122
       0.2597        0.2286        0.0505

1025.8393649392249
       0.0235        0.0919        0.2838
       0.1537        0.0640       -0.2483
       0.0057       -0.1225        0.2689
      -0.0603        0.0749       -0.2795
       0.1443        0.1265        0.0281
      -0.2686       -0.2342       -0.0520
      -0.2806       -0.2466       -0.0558
       0.2753        0.2401        0.0532
       0.0329        0.0287        0.0064
       0.0262        0.0173        0.0442
      -0.0341       -0.0034        0.1542
       0.0268       -0.0028       -0.1550
       0.0291        0.0315       -0.0327
      -0.1028       -0.0097        0.0553
       0.0662        0.0712        0.1360
       0.1057        0.0788       -0.1026
      -0.0090       -0.0879       -0.0769
       0.0264        0.0231        0.0054
      -0.1119       -0.0975       -0.0217
      -0.1405       -0.1230       -0.0282

1028.4303348571677
       0.0353       -0.1303       -0.2615
      -0.1816        0.0015        0.2330
       0.1932       -0.0685        0.1875
      -0.0053        0.2328       -0.1515
      -0.2041       -0.1787       -0.0399
      -0.3169       -0.2759       -0.0604
       0.2843        0.2498        0.0551
       0.0995        0.0869        0.0201
       0.0449        0.0385        0.0081
      -0.0741       -0.0183       -0.0551
       0.0770        0.0487       -0.1266
       0.0271        0.0427        0.1481
      -0.0379       -0.0805        0.0325
      -0.0942        0.0071        0.0802
       0.1282        0.1016        0.0930
       0.1333        0.1263       -0.0431
       0.0134       -0.0781       -0.0964
      -0.0458       -0.0401       -0.0085
      -0.1861       -0.1622       -0.0358
       0.0883        0.0777        0.0170

1031.7351772462046
       0.2909        0.2069        0.1692
      -0.2671       -0.2836        0.0570
       0.1006        0.0839       -0.0529
      -0.0810       -0.0759       -0.0868
      -0.0774        0.0656        0.1042
      -0.0835        0.0566        0.1850
       0.0514        0.0412       -0.4515
      -0.0460       -0.0103        0.2786
       0.0887       -0.0767       -0.1143
       0.1112        0.0547        0.0006
       0.0478        0.0677        0.1971
      -0.1138       -0.0742        0.1644
      -0.0646       -0.0995       -0.0345
       0.0610        0.0239       -0.0692
       0.0250        0.0041       -0.1294
       0.0202       -0.0000       -0.1298
      -0.0151       -0.0418       -0.0834
      -0.0248       -0.0036        0.1402
      -0.0153        0.0101        0.0379
      -0.0316        0.0917       -0.2506

1101.9596691300208
      -0.1725        0.0982       -0.0341
      -0.0719        0.1896       -0.0131
      -0.1649        0.1101       -0.0229
      -0.0846        0.1765       -0.0097
       0.1629       -0.1143       -0.3250
      -0.0498       -0.0518        0.5023
       0.0468       -0.0861        0.1563
       0.1035       -0.1118       -0.0043
       0.1353       -0.1126       -0.1944
       0.0850        0.0088        0.0845
      -0.1531       -0.1096        0.0764
       0.1081        0.1187        0.1254
      -0.0372       -0.0994        0.0628
       0.1180        0.0084       -0.0984
      -0.1199       -0.1083       -0.1594
       0.1517        0.1279       -0.1054
      -0.0008       -0.0949       -0.1209
       0.0509       -0.0368       -0.1036
      -0.0238       -0.0110        0.1837
      -0.0124        0.0132       -0.0039

1106.3463428337923
      -0.0532        0.1492        0.0622
       0.1535       -0.0600       -0.0426
       0.2999        0.0714       -0.0774
       0.0859        0.2685        0.1523
       0.0768        0.0673        0.0130
      -0.1390       -0.1202       -0.0214
      -0.1600       -0.1406       -0.0303
      -0.3485       -0.3059       -0.0680
       0.0295        0.0228        0.0032
       0.1061        0.0334        0.2259
      -0.0402       -0.1235       -0.2463
      -0.1772       -0.0672        0.2031
       0.0928        0.1418       -0.1853
       0.0407        0.0270       -0.0100
       0.0629        0.0192        0.1463
       0.0594        0.0874       -0.1263
       0.0289        0.0330        0.0212
       0.1405        0.1236        0.0256
      -0.1247       -0.1083       -0.0220
       0.1150        0.1008        0.0233

1123.0555509686264
      -0.0076       -0.0457       -0.0265
      -0.0522       -0.0048        0.0147
      -0.0107        0.1392        0.0416
       0.1420       -0.0247       -0.0166
       0.0104        0.0078        0.0017
      -0.1084       -0.0953       -0.0226
       0.0616        0.0536        0.0122
      -0.0388       -0.0337       -0.0068
       0.0163        0.0152        0.0039
      -0.0254       -0.0156       -0.1272
      -0.0086        0.0447        0.1415
       0.0740        0.0129       -0.1276
      -0.0460       -0.0480        0.1130
       0.2400        0.0413       -0.3452
      -0.1634       -0.1349        0.4431
      -0.0542       -0.0547       -0.4837
      -0.0074        0.1608        0.3903
      -0.0344       -0.0308       -0.0063
      -0.0049       -0.0046       -0.0017
      -0.0340       -0.0296       -0.0070

1126.9427906347487
      -0.0549        0.1790       -0.0120
      -0.1629        0.0829       -0.0338
       0.0190        0.2092        0.0041
      -0.2062        0.0137       -0.0390
       0.1708       -0.2049        0.0382
       0.2202       -0.1800       -0.3267
       0.0812       -0.0886       -0.0279
       0.0331       -0.0395        0.0037
      -0.1675        0.1537        0.1731
       0.1701        0.0220        0.0348
      -0.1196       -0.0936        0.0807
       0.0827        0.0863        0.1272
      -0.0449       -0.1663       -0.0126
       0.2336        0.0197        0.0231
      -0.1114       -0.0961        0.2033
       0.0622        0.0554        0.2380
      -0.0502       -0.2283       -0.0328
       0.0524       -0.1107        0.2282
       0.0939       -0.0699       -0.1714
      -0.0195        0.0470       -0.1049

1142.2881119013184
       0.1308       -0.1884        0.0422
       0.1573       -0.1660        0.0467
      -0.1834        0.2072        0.0014
      -0.1806        0.2133        0.0049
      -0.1672        0.1553        0.1845
       0.1588       -0.2198        0.1675
      -0.0971        0.1293       -0.0715
       0.1705       -0.1424       -0.2656
      -0.0328        0.0404       -0.0116
      -0.1481       -0.0298       -0.1284
       0.1580        0.1271       -0.0472
      -0.1254       -0.1260       -0.1153
       0.0693        0.1614       -0.0764
       0.2115        0.0134       -0.0176
      -0.1718       -0.1471       -0.0359
       0.1710        0.1523        0.0311
      -0.0325       -0.2004       -0.0683
      -0.0485        0.0339        0.1067
       0.0563       -0.0738        0.0321
       0.0207       -0.0429        0.0826

1146.846685912053
       0.1292        0.0705       -0.0049
       0.0870        0.1084        0.0481
      -0.2019        0.0118        0.0925
       0.0059       -0.1752       -0.1294
      -0.2306       -0.1969       -0.0424
       0.0278        0.0214        0.0083
      -0.0818       -0.0676       -0.0168
       0.2659        0.2290        0.0474
      -0.0096       -0.0086       -0.0026
       0.0296        0.0394        0.3076
       0.0923       -0.0623       -0.3789
      -0.1384        0.0216        0.3673
       0.1114        0.0882       -0.2833
       0.0708        0.0034       -0.1568
      -0.0964       -0.0596        0.0364
      -0.0573       -0.0743       -0.0673
      -0.0229        0.0358        0.1651
      -0.1044       -0.0901       -0.0193
       0.0876        0.0756        0.0180
       0.0136        0.0106        0.0044

1206.686698287302
       0.0162       -0.0110        0.0116
       0.0064       -0.0197        0.0097
       0.0051       -0.0348        0.0368
       0.0253       -0.0173        0.0410
       0.0136       -0.0299        0.0640
      -0.2970        0.3400        0.0022
      -0.0034        0.0083       -0.0192
       0.1052       -0.0783       -0.1916
       0.1356       -0.1400       -0.0699
       0.0017       -0.0040       -0.0186
       0.0143        0.0067       -0.0048
      -0.0068       -0.0120       -0.0096
       0.0077        0.0013       -0.0169
       0.0472        0.0235       -0.3094
      -0.0719       -0.0420        0.4279
      -0.0432       -0.0171        0.4334
       0.0385        0.0160       -0.3113
       0.0068       -0.0437        0.1605
      -0.1676        0.1545        0.1715
       0.0002        0.0005       -0.0041

1215.2938787562139
       0.0551        0.1043       -0.0382
      -0.0986       -0.0305       -0.0680
      -0.0401        0.0033        0.0086
      -0.0004        0.0372        0.0157
      -0.1696        0.1468        0.2033
       0.0068       -0.0186        0.0482
       0.1873       -0.2116       -0.0082
       0.0238        0.0032       -0.1330
       0.0083       -0.0066       -0.0132
       0.0523        0.0532        0.4461
       0.0575       -0.0779       -0.3880
       0.1544        0.0071       -0.3689
      -0.1545       -0.1284        0.4044
      -0.0031       -0.0013        0.0072
      -0.0142       -0.0101       -0.0309
       0.0178        0.0177       -0.0248
      -0.0001        0.0016        0.0086
      -0.0553        0.0456        0.0772
      -0.0027       -0.0025        0.0278
      -0.0237        0.0632       -0.1608

1263.9479858584778
      -0.0039        0.0427        0.0148
      -0.0442        0.0073        0.0061
      -0.0760       -0.0554       -0.1243
       0.0889        0.0888       -0.0916
       0.1516       -0.2292        0.2534
       0.0046       -0.0404        0.1588
       0.0135       -0.0026       -0.0580
      -0.1440        0.2565       -0.4154
       0.0594       -0.0607       -0.0335
       0.0698       -0.0047       -0.0906
      -0.0250       -0.0139        0.0457
       0.0061        0.0136        0.0525
       0.0167       -0.0511       -0.0999
      -0.1443       -0.0387        0.3156
      -0.0185        0.0034        0.0005
      -0.0011        0.0185        0.0028
      -0.0141        0.0747        0.3401
       0.0364       -0.1162        0.3305
      -0.1100        0.0583        0.3040
      -0.0051        0.0156       -0.0406

1273.061605157071
      -0.0546        0.0026        0.2998
       0.0624        0.0040       -0.2986
      -0.0101       -0.0046        0.0989
       0.0156        0.0093       -0.0976
      -0.0932       -0.0814       -0.0184
       0.0099        0.0087        0.0018
      -0.0302       -0.0266       -0.0059
       0.0088        0.0075        0.0019
      -0.0030       -0.0026       -0.0006
       0.1030       -0.0473       -0.4625
       0.0894        0.0091       -0.2737
      -0.0416        0.0329        0.2831
      -0.1365        0.0183        0.4566
       0.0210        0.0129       -0.1236
       0.0171        0.0052       -0.1012
      -0.0148       -0.0033        0.1016
      -0.0117       -0.0049        0.1249
       0.1214        0.1068        0.0238
      -0.0184       -0.0161       -0.0038
       0.2054        0.1803        0.0407

1276.4142131372787
      -0.0110       -0.0568        0.1126
      -0.0313        0.0192       -0.1213
      -0.0195        0.0682       -0.2668
       0.0064       -0.0797        0.2649
       0.0690        0.0612        0.0133
      -0.1577       -0.1375       -0.0306
       0.0008        0.0008        0.0004
       0.0874        0.0760        0.0171
       0.0164        0.0145        0.0032
      -0.0078       -0.0231       -0.1020
       0.0659        0.0172       -0.1472
      -0.0087        0.0330        0.1585
      -0.0457       -0.0234        0.0924
      -0.0237       -0.0330        0.3915
      -0.0799       -0.0331        0.2639
       0.0157       -0.0229       -0.2768
       0.0496        0.0555       -0.3873
      -0.1889       -0.1657       -0.0372
       0.2793        0.2433        0.0535
       0.0414        0.0363        0.0084

1288.6642807416144
      -0.0091       -0.1073        0.0763
      -0.0880        0.0215       -0.0961
      -0.0058       -0.1240       -0.0606
      -0.1341        0.0021        0.0339
       0.2300        0.2023        0.0452
       0.2828        0.2468        0.0547
      -0.0011       -0.0009       -0.0000
      -0.0038       -0.0037       -0.0007
      -0.0195       -0.0170       -0.0038
      -0.0589       -0.0241       -0.0012
       0.0702        0.0261       -0.1273
       0.0048        0.0397        0.1422
      -0.0301       -0.0535       -0.0152
      -0.0769       -0.0217       -0.0421
       0.0111        0.0163        0.1213
       0.0433        0.0310       -0.1109
      -0.0387       -0.0791        0.0189
      -0.3858       -0.3388       -0.0758
      -0.4199       -0.3662       -0.0814
       0.0317        0.0277        0.0065

1303.7671106879482
      -0.0092       -0.0994        0.0189
      -0.0929        0.0094       -0.0398
       0.0669        0.0858        0.2137
       0.1366        0.0920       -0.1745
       0.2798        0.2454        0.0553
      -0.2221       -0.1938       -0.0430
      -0.0103       -0.0089       -0.0019
      -0.1537       -0.1343       -0.0300
       0.0145        0.0126        0.0028
      -0.0661       -0.0183        0.0434
       0.0405        0.0234       -0.0465
       0.0167        0.0269        0.0585
      -0.0154       -0.0529       -0.0588
       0.0744        0.0421       -0.1413
       0.0404       -0.0016       -0.2600
      -0.0529       -0.0093        0.2578
       0.0187        0.0391        0.1595
      -0.3666       -0.3220       -0.0722
       0.2682        0.2339        0.0520
       0.0422        0.0369        0.0085

1334.1097114072315
      -0.1048        0.0731        0.1820
      -0.0998        0.0778        0.1828
      -0.0110       -0.0536        0.2600
      -0.0025       -0.0464        0.2613
       0.1088       -0.1734        0.2219
      -0.0288        0.0271        0.0256
       0.0693       -0.0557       -0.1037
      -0.0283        0.1115       -0.3564
      -0.0267        0.0317       -0.0047
       0.1282       -0.0176       -0.2286
       0.0032       -0.0184       -0.1450
       0.0492        0.0221       -0.1356
       0.0536       -0.0832       -0.2432
      -0.0003        0.0235       -0.2399
       0.0542        0.0188       -0.1897
       0.0165       -0.0141       -0.1970
       0.0288        0.0491       -0.2339
       0.0282        0.0115       -0.1984
       0.1004       -0.0622       -0.2381
      -0.0222        0.0541       -0.1280

1343.369570564685
       0.1241       -0.0441       -0.2389
       0.0823       -0.0814       -0.2467
       0.0114       -0.0568        0.2038
       0.0101       -0.0579        0.2034
       0.0351       -0.0425        0.0079
      -0.0307        0.0262        0.0400
      -0.0776        0.0688        0.0884
      -0.0864        0.1450       -0.2094
      -0.0243        0.0299       -0.0093
      -0.1102        0.0250        0.2310
      -0.0452        0.0038        0.2611
      -0.0560       -0.0059        0.2582
      -0.0631        0.0666        0.2401
      -0.0332        0.0182       -0.1827
       0.0387        0.0046       -0.1652
       0.0266       -0.0059       -0.1674
       0.0253        0.0693       -0.1711
       0.0034       -0.0921        0.3987
       0.1036       -0.0652       -0.2417
       0.0250       -0.0599        0.1355

1377.328274997834
      -0.2048        0.0553        0.0819
       0.0500       -0.1911       -0.1129
       0.0146        0.0017        0.0184
       0.0071        0.0176       -0.0142
       0.0565        0.0496        0.0119
      -0.0100       -0.0090       -0.0023
       0.2807        0.2464        0.0555
      -0.0315       -0.0276       -0.0063
       0.0011        0.0009        0.0003
       0.0670       -0.0094       -0.0350
      -0.0378       -0.0497       -0.2130
      -0.0988       -0.0701        0.1863
      -0.0099        0.0596        0.0466
       0.0008        0.0035       -0.0154
       0.0070        0.0001       -0.0191
      -0.0032        0.0033        0.0197
       0.0002       -0.0029        0.0157
       0.0264        0.0234        0.0044
       0.0038        0.0038        0.0016
      -0.5910       -0.5188       -0.1170

1400.3765679182345
      -0.0383       -0.0346        0.1402
       0.0071        0.0045        0.1487
       0.0477       -0.0476       -0.1234
       0.0674       -0.0301       -0.1196
       0.0030        0.0666       -0.3098
      -0.1198        0.0605        0.3465
       0.0176       -0.0193        0.0003
      -0.0275        0.0193        0.0518
      -0.0208        0.0367       -0.0575
      -0.0101       -0.0199       -0.0943
       0.0409       -0.0187       -0.1712
       0.0509       -0.0098       -0.1685
       0.0409        0.0249       -0.0840
      -0.1099       -0.0106        0.0755
      -0.0409       -0.0546        0.1354
       0.0283        0.0059        0.1491
       0.0064        0.0906        0.0981
       0.0026       -0.0884        0.3806
       0.2429       -0.1646       -0.5140
      -0.0114        0.0196       -0.0367

1417.78758635343
       0.0341        0.0433       -0.1521
      -0.0124        0.0027       -0.1611
      -0.0021       -0.0178       -0.1601
       0.0518        0.0290       -0.1495
      -0.0088       -0.0850        0.4223
      -0.0969        0.0475        0.2876
      -0.0135        0.0176       -0.0110
       0.0598       -0.0453       -0.1012
      -0.0097        0.0206       -0.0428
       0.0348        0.0193        0.0958
      -0.0383        0.0329        0.1826
      -0.0676        0.0071        0.1766
      -0.0433       -0.0492        0.0803
      -0.0270       -0.0186        0.0936
      -0.0283       -0.0150        0.1886
      -0.0225       -0.0102        0.1894
       0.0009        0.0060        0.0989
       0.0001        0.1082       -0.4829
       0.1688       -0.1159       -0.3504
       0.0109       -0.0192        0.0314

1505.516946452384
       0.0213        0.0111        0.0050
       0.0140        0.0198        0.0020
      -0.1720       -0.0843       -0.0408
      -0.1100       -0.1616       -0.0137
       0.0070        0.0062        0.0013
       0.0011        0.0009        0.0002
       0.0059        0.0051        0.0012
      -0.0325       -0.0283       -0.0063
      -0.0000        0.0000        0.0000
      -0.0602        0.0118       -0.0176
      -0.0291       -0.0580       -0.0097
      -0.0610       -0.0214       -0.0082
       0.0013       -0.0630        0.0059
       0.4477       -0.1116        0.0495
       0.2385        0.4207        0.0469
       0.4452        0.1754        0.0853
      -0.0472        0.4610        0.0280
      -0.0100       -0.0088       -0.0018
       0.0006        0.0006        0.0002
      -0.0032       -0.0028       -0.0007

1510.5218971147774
      -0.1682       -0.0874       -0.0361
      -0.1104       -0.1572       -0.0189
      -0.0227       -0.0127       -0.0059
      -0.0159       -0.0208       -0.0016
      -0.0064       -0.0056       -0.0014
       0.0005        0.0005        0.0002
      -0.0341       -0.0300       -0.0068
      -0.0034       -0.0029       -0.0007
      -0.0000       -0.0000       -0.0000
       0.4451       -0.0880        0.1320
       0.2144        0.4252        0.0501
       0.4462        0.1546        0.0804
      -0.0097        0.4703       -0.0460
       0.0603       -0.0155        0.0071
       0.0331        0.0575        0.0048
       0.0598        0.0239        0.0132
      -0.0066        0.0615        0.0033
       0.0061        0.0054        0.0014
      -0.0001       -0.0001       -0.0001
       0.0066        0.0058        0.0013

1529.9376526982173
       0.0456        0.0224        0.0204
      -0.0308       -0.0446        0.0052
      -0.1857       -0.1168       -0.0468
       0.1443        0.1709        0.0170
       0.0046       -0.0004       -0.0218
      -0.0365        0.0210        0.0947
       0.0049       -0.0053       -0.0009
      -0.0225        0.0325       -0.0303
       0.0068       -0.0040       -0.0168
      -0.1107        0.0224       -0.0349
      -0.0480       -0.1074       -0.0239
       0.1137        0.0349        0.0081
      -0.0025        0.1166       -0.0134
       0.4138       -0.1193        0.0504
       0.2238        0.4078        0.0564
      -0.4331       -0.1649       -0.0706
       0.0584       -0.4293       -0.0184
      -0.0036       -0.0092        0.0587
       0.0270       -0.0191       -0.0537
      -0.0009        0.0025       -0.0065

1534.6655063248465
      -0.1788       -0.1193       -0.0421
       0.1437        0.1639        0.0217
      -0.0457       -0.0342       -0.0010
       0.0384        0.0391        0.0153
       0.0055        0.0127       -0.0841
      -0.0082        0.0053        0.0186
      -0.0230        0.0227        0.0159
      -0.0128        0.0144        0.0007
       0.0017       -0.0011       -0.0038
       0.4139       -0.0970        0.1263
       0.2062        0.4166        0.0479
      -0.4365       -0.1475       -0.0792
       0.0230       -0.4402        0.0490
       0.1015       -0.0306        0.0078
       0.0593        0.1052        0.0026
      -0.1088       -0.0416       -0.0299
       0.0165       -0.1041       -0.0087
       0.0006       -0.0170        0.0723
       0.0051       -0.0034       -0.0111
       0.0009       -0.0067        0.0247

2970.959921510927
       0.0112       -0.0184        0.0022
       0.0162       -0.0140        0.0031
       0.0086       -0.0015        0.0022
       0.0000       -0.0089        0.0006
      -0.1847        0.1981        0.0543
       0.0005       -0.0006       -0.0001
      -0.0006        0.0007       -0.0002
      -0.0052        0.0072       -0.0057
       0.0002       -0.0001       -0.0004
       0.0062        0.0453        0.0011
      -0.0345        0.0217       -0.0129
      -0.0146        0.0391       -0.0090
      -0.0449        0.0005       -0.0090
      -0.0014       -0.0177       -0.0015
      -0.0214        0.0206       -0.0090
      -0.0156        0.0256       -0.0078
       0.0176       -0.0011        0.0021
       0.6389       -0.6947       -0.1463
       0.0001       -0.0004        0.0014
       0.0020       -0.0022       -0.0004

3006.1444225629507
      -0.0060       -0.0023       -0.0007
      -0.0030       -0.0056       -0.0011
       0.1628       -0.0340        0.0319
      -0.0077        0.1680       -0.0019
       0.0010        0.0008        0.0002
      -0.0039       -0.0034       -0.0008
      -0.0002       -0.0002       -0.0001
       0.0035        0.0030        0.0006
       0.0002        0.0002        0.0000
       0.0025        0.0190       -0.0007
       0.0166       -0.0105        0.0050
      -0.0074        0.0186       -0.0031
       0.0187       -0.0005        0.0049
      -0.0282       -0.2307       -0.0238
      -0.5417        0.3490       -0.0639
       0.2621       -0.5871        0.0100
      -0.2309        0.0037       -0.0264
       0.0022        0.0022        0.0004
      -0.0007       -0.0007       -0.0001
      -0.0004       -0.0004       -0.0001

3015.3171081161554
       0.0074        0.0052        0.0011
      -0.0060       -0.0063       -0.0015
       0.1649       -0.0334        0.0314
       0.0071       -0.1722        0.0009
       0.0065       -0.0080        0.0024
      -0.0008        0.0036       -0.0121
       0.0000       -0.0000        0.0001
       0.0054       -0.0047       -0.0069
      -0.0022        0.0020        0.0021
      -0.0040       -0.0289        0.0005
      -0.0223        0.0127       -0.0052
      -0.0083        0.0232       -0.0024
       0.0277       -0.0004        0.0067
      -0.0300       -0.2217       -0.0228
      -0.5398        0.3438       -0.0617
      -0.2613        0.5921       -0.0075
       0.2252       -0.0008        0.0264
      -0.0324        0.0378       -0.0042
       0.0158       -0.0204        0.0105
       0.0001       -0.0001       -0.0004

3026.950373855324
      -0.1600       -0.0084       -0.0295
      -0.0310       -0.1556       -0.0083
      -0.0063        0.0050       -0.0006
       0.0041       -0.0076        0.0001
       0.0035        0.0033        0.0007
      -0.0000       -0.0000       -0.0000
      -0.0010       -0.0009       -0.0003
      -0.0003       -0.0003       -0.0001
       0.0000        0.0000        0.0000
       0.0418        0.3353       -0.0186
       0.5060       -0.3075        0.1391
      -0.2095        0.5491       -0.0795
       0.3191       -0.0125        0.0896
      -0.0011       -0.0031       -0.0010
       0.0241       -0.0149        0.0023
      -0.0122        0.0281        0.0001
      -0.0030       -0.0008        0.0002
      -0.0002       -0.0007       -0.0002
       0.0002        0.0001        0.0001
      -0.0062       -0.0053       -0.0010

3032.980098359955
       0.1598        0.0086        0.0304
      -0.0329       -0.1632       -0.0078
      -0.0096        0.0052       -0.0016
      -0.0036        0.0103       -0.0004
       0.0044       -0.0060        0.0044
       0.0001       -0.0002        0.0005
      -0.0029        0.0010        0.0102
      -0.0005        0.0006       -0.0001
       0.0001       -0.0001       -0.0002
      -0.0416       -0.3193        0.0169
      -0.4971        0.2986       -0.1385
      -0.2121        0.5659       -0.0830
       0.3194       -0.0106        0.0891
       0.0001        0.0026       -0.0008
       0.0314       -0.0205        0.0044
       0.0152       -0.0340        0.0013
      -0.0024        0.0004       -0.0012
      -0.0145        0.0157        0.0037
      -0.0010        0.0014       -0.0007
       0.0065       -0.0039       -0.0162

3097.507354046252
      -0.0503        0.2155       -0.0319
       0.1920       -0.0853        0.0594
       0.0011        0.0086        0.0008
       0.0093       -0.0002        0.0012
      -0.0022       -0.0015       -0.0003
       0.0000        0.0001       -0.0000
       0.0012        0.0010        0.0002
      -0.0000       -0.0000       -0.0000
      -0.0000       -0.0000       -0.0000
      -0.0998       -0.5891        0.0322
       0.2730       -0.1519        0.0718
      -0.1011        0.2954       -0.0375
      -0.5607       -0.0032       -0.1617
      -0.0051       -0.0294       -0.0037
       0.0028       -0.0008        0.0005
      -0.0006        0.0034       -0.0001
      -0.0320       -0.0012       -0.0033
       0.0027        0.0010        0.0002
       0.0001       -0.0003        0.0001
      -0.0010       -0.0007       -0.0001

3099.555138588806
       0.0447       -0.2129        0.0294
       0.2000       -0.0830        0.0607
       0.0026       -0.0001        0.0002
      -0.0007       -0.0024       -0.0004
       0.0186       -0.0194       -0.0083
      -0.0003        0.0005       -0.0006
      -0.0058        0.0061        0.0025
      -0.0002        0.0001        0.0007
      -0.0001        0.0001        0.0002
       0.0979        0.5761       -0.0316
      -0.2602        0.1434       -0.0683
      -0.0998        0.2951       -0.0371
      -0.5753       -0.0035       -0.1661
      -0.0004       -0.0039       -0.0007
      -0.0087        0.0049        0.0003
      -0.0036        0.0086        0.0013
       0.0053        0.0000        0.0003
      -0.0578        0.0620        0.0171
       0.0010       -0.0013        0.0006
       0.0100       -0.0095       -0.0084

3105.3112426361113
      -0.0025        0.0008       -0.0005
       0.0001        0.0025        0.0001
      -0.0150        0.2051        0.0162
      -0.1979        0.0425       -0.0194
       0.0020       -0.0025        0.0008
       0.0493       -0.0654        0.0401
       0.0002       -0.0002       -0.0002
       0.0019       -0.0021       -0.0004
       0.0009       -0.0007       -0.0014
       0.0002        0.0027       -0.0003
       0.0082       -0.0050        0.0020
       0.0033       -0.0083        0.0010
      -0.0041        0.0003       -0.0013
      -0.1079       -0.5964       -0.0729
       0.1656       -0.0952        0.0207
       0.0683       -0.1767        0.0020
       0.5974        0.0260        0.0643
      -0.0054        0.0054        0.0036
      -0.1712        0.2272       -0.1393
      -0.0001        0.0001        0.0002

3107.813650350458
       0.0057       -0.0099        0.0020
      -0.0079        0.0070       -0.0024
      -0.0202        0.2116        0.0169
       0.2094       -0.0497        0.0194
       0.0002        0.0001        0.0000
      -0.0033       -0.0021       -0.0009
      -0.0002       -0.0001       -0.0000
      -0.0000        0.0000        0.0000
      -0.0000       -0.0000        0.0000
       0.0037        0.0207       -0.0012
      -0.0221        0.0130       -0.0059
       0.0086       -0.0234        0.0032
       0.0184        0.0003        0.0054
      -0.1120       -0.6189       -0.0769
       0.1828       -0.1065        0.0242
      -0.0786        0.2010       -0.0038
      -0.6377       -0.0281       -0.0674
      -0.0015       -0.0011       -0.0003
       0.0043        0.0010        0.0016
       0.0001        0.0001        0.0000

3137.202369914184
      -0.0009        0.0006       -0.0002
      -0.0004        0.0010       -0.0001
      -0.0063        0.0721        0.0078
      -0.0710        0.0158       -0.0047
       0.0010       -0.0011       -0.0000
      -0.1417        0.1911       -0.1290
       0.0001       -0.0001       -0.0002
       0.0003       -0.0005        0.0006
      -0.0010        0.0003        0.0040
       0.0000        0.0001       -0.0001
       0.0030       -0.0017        0.0007
       0.0012       -0.0032        0.0004
      -0.0003        0.0000       -0.0002
      -0.0364       -0.1989       -0.0286
       0.0754       -0.0429        0.0135
       0.0303       -0.0824        0.0048
       0.2033        0.0100        0.0178
      -0.0012        0.0009        0.0020
       0.4845       -0.6458        0.4066
      -0.0002        0.0001        0.0001

3516.672806673404
       0.0079       -0.0035        0.0068
       0.0010       -0.0094        0.0055
      -0.0001       -0.0000       -0.0000
       0.0000        0.0001       -0.0000
      -0.0009        0.0007        0.0014
       0.0000       -0.0000        0.0000
       0.1488       -0.1306       -0.1724
       0.0002       -0.0002        0.0003
       0.0000        0.0000       -0.0000
       0.0016        0.0045       -0.0038
      -0.0131        0.0080        0.0001
      -0.0064        0.0138        0.0014
      -0.0037       -0.0002       -0.0049
       0.0001        0.0001       -0.0001
       0.0001       -0.0001        0.0001
       0.0000       -0.0001        0.0001
      -0.0001       -0.0000       -0.0001
       0.0002       -0.0004        0.0009
      -0.0001        0.0001       -0.0001
      -0.5614        0.5040        0.6010

