JOB 0
COORDS  5.6667161990e+00 -1.3215609564e+00  3.0773320041e-02  5.7324119731e+00 -1.0911429129e+00  1.4109086881e+00  4.4717363971e+00 -1.1004494906e+00 -6.4364363671e-01  4.5803181993e+00 -6.2516955963e-01  2.0425601315e+00  2.4586520701e-01 -1.7528125090e+00 -3.2119737044e+00  9.5708958330e-01 -2.9157223273e+00 -3.1720541315e+00  3.3508592138e+00 -6.7326970631e-01  9.9160430115e-02  1.6170940605e+00 -1.1737696786e+00 -1.5662193753e+00  1.1698970237e+00  4.7949301598e-01  1.7256184152e-01  3.4137797456e+00 -4.2381963733e-01  1.4146210341e+00  6.1741746584e-01 -7.7747871784e-01 -2.3125840519e+00  2.1112218950e+00 -4.2271441413e-01 -5.1154512399e-01  2.1660218459e+00 -2.8273197216e+00 -1.9200530048e+00  6.5449786609e+00 -1.6480561591e+00 -5.2020957185e-01  6.6476809256e+00 -1.2476932396e+00  1.9731950018e+00  4.4134815608e+00 -1.2220081522e+00 -1.7186809047e+00  4.5855996874e+00 -4.0315838175e-01  3.1087954398e+00 -5.6285507314e-01 -1.5458052454e+00 -3.9048187052e+00  8.7465912108e-01 -3.7868710204e+00 -3.8082991593e+00  1.7242823862e+00  1.3186757247e+00  5.9202302362e-01  6.5361797227e-01 -3.9504375409e-02  9.8663265678e-01  4.4872808339e-01  8.3316579158e-01 -5.6114441853e-01
ENERGY -9.108722895082e+02
GRADIENT  4.2849897592e-05 -1.9106891294e-05 -4.6034587244e-05 -4.8054748984e-05  1.0523072028e-05  7.0248797389e-06  1.2327945895e-05  9.6286462931e-06  5.8827611265e-05  2.4068238446e-05  5.4370813440e-07  1.9400760454e-06 -5.3622528134e-06 -1.2364378627e-05  1.2167687599e-05  8.4139899307e-07 -1.2279693454e-05  1.9943837061e-05  7.3271488262e-05  1.0089457906e-04 -7.3718698876e-05 -1.0031018602e-04  6.5648269471e-05  9.7273206068e-05  2.8867657688e-05  2.9500322991e-05 -3.3702695235e-05 -1.5791083012e-05 -3.3274003526e-06 -2.3715153824e-05  1.2343522167e-04  5.8436480430e-05 -8.7397451158e-05 -1.5003692012e-04 -1.9283281461e-04  1.4126327638e-04  7.1667942504e-06 -3.7352620752e-05 -2.0994757731e-05  6.4694095714e-06  8.4706365936e-07  3.9709998548e-06 -1.9605905813e-07  4.7182043376e-07 -5.0813513512e-06  7.7680383751e-06  1.1585003617e-07  1.0412238792e-05 -1.1762112457e-05 -1.3767203660e-06  2.8570242705e-06 -5.5705069266e-06 -3.9853330816e-06  1.0205594985e-05  6.7004490795e-06  1.2728223431e-05 -1.9528831253e-05 -2.9548209454e-06 -1.7250313236e-06  4.9153763910e-06 -3.2499974735e-06  1.9274191084e-07 -1.4146342474e-06 -1.0626115852e-05  9.0613298864e-07  6.2309134444e-06

JOB 1
COORDS  5.6395811878e+00 -1.3390436257e+00  3.7669380077e-02  5.7552013087e+00 -1.0180103552e+00  1.3970328311e+00  4.4203188081e+00 -1.1695777660e+00 -6.0588990053e-01  4.6236008138e+00 -5.1869304582e-01  2.0389640457e+00  3.7881282656e-01 -1.6561772057e+00 -3.3171316785e+00  9.2324699432e-01 -2.8986729958e+00 -3.1633238487e+00  3.3245521582e+00 -6.9499311009e-01  1.4828802156e-01  1.6042372131e+00 -1.1968032559e+00 -1.5259559378e+00  1.1157295347e+00  4.0072743258e-01  2.6433288634e-01  3.4334744329e+00 -3.6188843374e-01  1.4426687275e+00  7.6651467312e-01 -7.0325178502e-01 -2.4009827999e+00  2.0637921257e+00 -4.8829944203e-01 -4.2622547177e-01  1.9637679887e+00 -2.9208411411e+00 -1.7694768272e+00  6.4988843491e+00 -1.6993105341e+00 -5.2219927737e-01  6.6916618368e+00 -1.1333321631e+00  1.9337242397e+00  4.3228099394e+00 -1.3691343445e+00 -1.6662780040e+00  4.6655739428e+00 -2.2952783024e-01  3.0882093008e+00 -3.0239719121e-01 -1.3732234486e+00 -4.1125030349e+00  8.0934747661e-01 -3.7716127255e+00 -3.7924905997e+00  1.6301699660e+00  1.3111329680e+00  5.7483520120e-01  7.0625123434e-01 -8.6363951278e-02  1.1548704025e+00  3.1852641092e-01  6.4656463554e-01 -4.3413423900e-01
ENERGY -9.108720294016e+02
GRADIENT -2.8732430109e-05  9.5483252611e-06  1.8400265536e-06 -3.7762966754e-05  8.1484452968e-06  2.6638577605e-06 -1.4292783589e-05 -2.6518081496e-05 -7.5665008172e-05  2.2106272944e-05  1.2414365137e-05  3.2217560041e-05 -1.6409730082e-05 -2.1081182338e-05 -2.6347609469e-06 -9.5973693138e-06 -1.8093860746e-07  1.1747628899e-05  4.2618711670e-04  6.0748174930e-04 -4.6290458814e-04 -8.1665416959e-04 -1.8259261211e-05  4.5494183014e-04  4.1843994292e-05  8.3351154875e-05 -4.5205462033e-05 -3.4495997609e-05  1.3693871410e-05 -1.5843236338e-05  6.8212739284e-04  2.7344482451e-04 -4.8763048649e-04 -2.3822229174e-04 -9.2212457737e-04  6.1870229664e-04  1.4721757289e-05 -1.2781479856e-05 -2.0420185072e-05 -6.8097331988e-06 -1.2447799386e-06 -1.9895415655e-06 -2.1844790095e-06  1.0791664663e-07 -2.2746549403e-06  1.6169068287e-05 -2.7044569429e-06 -4.3407741268e-06 -7.9247425625e-06  4.2955278681e-06 -4.2915190131e-07 -5.9178195575e-06 -5.2554689511e-06  3.5448641660e-06  5.3953132509e-07  6.0016372963e-06 -9.3668502531e-06  4.2557700503e-06 -3.7164362609e-06  6.8410847348e-07  3.3041310078e-06  4.4295323877e-06 -5.8597268008e-06 -8.0178728900e-07  1.2886612055e-06  2.6502839816e-06

JOB 2
COORDS  5.6071014625e+00 -1.3623806595e+00  1.6922900540e-02  5.7732563305e+00 -9.4849196520e-01  1.3459882324e+00  4.3636767286e+00 -1.2422208085e+00 -5.8967101178e-01  4.6631652191e+00 -4.1311022200e-01  1.9959796383e+00  5.2625303778e-01 -1.5893543534e+00 -3.4156135555e+00  8.8320010666e-01 -2.8859695621e+00 -3.1715849102e+00  3.2949378999e+00 -7.1690289530e-01  1.7127900535e-01  1.5813717343e+00 -1.2291161476e+00 -1.4991582664e+00  1.0617027696e+00  3.2768897309e-01  3.2436132819e-01  3.4502656001e+00 -2.9924685765e-01  1.4366131169e+00  9.2667497118e-01 -6.6262340592e-01 -2.4784103539e+00  2.0138582484e+00 -5.5661020244e-01 -3.6433458088e-01  1.7345791440e+00 -2.9912394942e+00 -1.6619226921e+00  6.4459772908e+00 -1.7597818336e+00 -5.4888523426e-01  6.7301229715e+00 -1.0235372861e+00  1.8529338981e+00  4.2253255346e+00 -1.5204008335e+00 -1.6276914173e+00  4.7428434793e+00 -5.6051290399e-02  3.0219578486e+00 -1.3571548514e-02 -1.2506444756e+00 -4.2933581013e+00  7.2792929295e-01 -3.7581132774e+00 -3.7932751046e+00  1.5372032774e+00  1.2842923221e+00  5.4909176675e-01  7.2821086803e-01 -1.2175679602e-01  1.2646643005e+00  2.1427773757e-01  4.8845776649e-01 -3.3989458877e-01
ENERGY -9.108713914490e+02
GRADIENT  4.5824393539e-05  2.3654491919e-05  9.9398135201e-05  5.5805370210e-05 -4.9439360146e-05 -9.8955478056e-05 -6.3170755583e-05  3.1888084840e-05  2.4615342449e-05 -1.2045852138e-04  4.8446815625e-05  4.1315899219e-05  8.2332903664e-06  1.2275155123e-05  3.1263184820e-05 -4.9644565422e-05  2.7091774361e-05 -7.9262834982e-05  3.3358221076e-04  9.4701974802e-04 -8.7452633727e-04 -1.5936622619e-03  1.0564244455e-04  6.1331648847e-04  4.1316652418e-06  3.2834464702e-05  7.8428434151e-05  1.6405785927e-04  3.0278436306e-06  1.2536518638e-04  1.1884309176e-03  2.6312198546e-04 -6.5898322053e-04 -2.0742431209e-05 -1.4035415668e-03  6.6873403071e-04  8.7842294338e-06  2.5843908322e-06  1.1132923446e-05 -1.0411342168e-05 -3.5021408809e-06 -9.4290732521e-06 -1.0275160836e-05  9.7741825163e-06  1.6403250344e-05 -1.7756531176e-06 -4.0034097356e-06  2.4483892845e-06  2.4985601095e-05 -8.8019528045e-07  7.6859339415e-06  7.3991253142e-06 -8.4660299378e-06 -9.9867440973e-06  1.5365811538e-05 -2.9479487772e-05  3.3691940151e-05  3.3675873516e-06 -1.1784429117e-05 -1.3264914708e-05 -4.8714041540e-07  2.3165060723e-06 -1.2749446560e-05 -3.0001457275e-06 -6.0745441063e-06 -1.3370720353e-05

JOB 3
COORDS  5.5593470218e+00 -1.3973838818e+00  2.9403688254e-02  5.7657524736e+00 -8.6912296127e-01  1.3115489646e+00  4.2936638968e+00 -1.3472393868e+00 -5.3979018450e-01  4.6700342805e+00 -2.9682599459e-01  1.9540454038e+00  6.7959265178e-01 -1.5599905598e+00 -3.4845646730e+00  8.7070570851e-01 -2.8862014687e+00 -3.2090050691e+00  3.2444635106e+00 -7.7029850034e-01  2.1169071293e-01  1.5464781363e+00 -1.3030025127e+00 -1.4614143200e+00  9.9587493946e-01  2.4091840221e-01  3.6516399704e-01  3.4370064565e+00 -2.4467580233e-01  1.4305344660e+00  1.0681994598e+00 -6.7541817551e-01 -2.5025324165e+00  1.9391629410e+00 -6.8484392915e-01 -2.7933502783e-01  1.5322052536e+00 -3.0690532892e+00 -1.6165545116e+00  6.3839108084e+00 -1.8327073138e+00 -5.2958102135e-01  6.7410715907e+00 -8.8767684882e-01  1.7875643987e+00  4.1232622670e+00 -1.7210172529e+00 -1.5423675370e+00  4.7790224430e+00  1.4612737600e-01  2.9432212323e+00  2.7526758820e-01 -1.1723529395e+00 -4.4133909657e+00  6.8616862323e-01 -3.7403571982e+00 -3.8476496077e+00  1.4069367702e+00  1.2537172424e+00  3.9168934342e-01  7.9456627180e-01 -7.8341262825e-02  1.3906134325e+00  7.4848075488e-02  2.4012080017e-01 -2.1617577905e-01
ENERGY -9.108705934028e+02
GRADIENT  3.8752698154e-06 -3.7875559824e-07  7.5263142117e-06 -2.2771168336e-06  9.7608967652e-07  7.6647563595e-08 -5.0182464531e-06 -4.1741211602e-06  6.6506153236e-06 -1.4629859774e-05 -3.8630033674e-06 -1.0953681288e-05  1.4714428612e-05  1.4151048124e-06  1.8750760423e-05  3.6317976740e-06 -1.0294888750e-05  3.5043523392e-06  4.2553754304e-04  1.0730974855e-03 -6.7341281640e-04 -2.0113419010e-03  3.3228475912e-04  4.4411494922e-04 -6.8091991623e-05 -4.3130929837e-05 -6.4071554793e-05 -7.0608718687e-07  6.7541237257e-06  7.4966010320e-06  1.3561714536e-03  1.5799092274e-04 -5.4322091930e-04  2.8904644219e-04 -1.5150138807e-03  8.5983306960e-04 -2.4700068498e-05  3.8842981620e-06 -1.7192301781e-05 -2.0827222417e-06 -2.3013105884e-06  4.5659528400e-06 -1.8214393092e-06 -3.1091719570e-06  3.9475933616e-06  9.6258633702e-06  4.5620295197e-06  6.5328413984e-06 -4.7895792877e-06  5.3420819716e-06 -2.4849151843e-06  1.0048778877e-06 -3.7684328850e-06  2.0952386194e-06 -8.0047286471e-06 -4.8797201477e-06  8.4774454607e-06  3.3097912177e-06  5.0317037556e-07 -5.7316570895e-06  2.0186533424e-06  2.9028126674e-06 -1.2288220045e-06 -6.9065932987e-06 -3.5965552184e-06 -6.3799141844e-06

JOB 4
COORDS  5.5649324639e+00 -1.4847709862e+00 -5.1978003359e-02  5.8094638644e+00 -8.8267656539e-01  1.1901681595e+00  4.2800980211e+00 -1.4782672421e+00 -5.7923768925e-01  4.7295880294e+00 -2.8644423507e-01  1.8375691592e+00  9.0623591173e-01 -1.4950109316e+00 -3.6196708585e+00  9.0785417204e-01 -2.8391215064e+00 -3.3593417200e+00  3.2514696130e+00 -8.6615969707e-01  1.7279446773e-01  1.5712018678e+00 -1.3745189215e+00 -1.5107949321e+00  9.8939746372e-01  1.1689783989e-01  3.3935375929e-01  3.4796944296e+00 -2.7194398622e-01  1.3527152680e+00  1.2857299743e+00 -6.7801122748e-01 -2.5774986308e+00  1.9255239648e+00 -8.3812697942e-01 -2.7275460600e-01  1.3698895753e+00 -3.1193630939e+00 -1.7135059611e+00  6.3740986868e+00 -1.9467365910e+00 -6.1214423291e-01  6.8006254190e+00 -8.6522614417e-01  1.6322979454e+00  4.0787928354e+00 -1.9167304824e+00 -1.5494652558e+00  4.8665159226e+00  2.1066668135e-01  2.7971398842e+00  6.4877689703e-01 -1.0488885528e+00 -4.5741856994e+00  6.8159540151e-01 -3.6549925607e+00 -4.0337576343e+00  1.3038691776e+00  1.1503180145e+00  1.6027875433e-01  9.4268044814e-01 -5.4009683198e-02  1.4155475172e+00  6.9389074973e-03 -4.2550170051e-02 -1.0546023997e-01
ENERGY -9.108699128507e+02
GRADIENT -3.6096582721e-06  1.2871697512e-05  3.0364920217e-05 -7.5446152185e-06 -2.0380334619e-06 -1.2687511252e-05 -4.2427372397e-05  9.0501453977e-06 -5.7228139936e-06  3.6107416346e-05  3.5190356665e-05  7.3204482079e-05  9.4728897380e-06 -8.5911087628e-06  4.9049084120e-05 -9.6342550583e-07  1.0072549251e-05 -3.2202311021e-05  1.8027287984e-04  8.0473565275e-04 -4.7337200134e-04 -1.4751551176e-03  5.1568685830e-04  2.3315061602e-04 -5.6854334160e-05  2.4771592311e-05 -1.7748563474e-05  4.2156241839e-05 -2.1115239186e-05 -1.5960520625e-05  1.0266714980e-03 -6.7511230773e-06 -3.0337904636e-04  2.9981481803e-04 -1.3225857343e-03  4.8714186797e-04 -1.5334131070e-05 -2.1666126523e-05  5.2090484109e-06 -4.4985842187e-06 -3.0214706860e-07  4.7645475517e-06 -4.2955406292e-06  3.8929003613e-06  6.6661355102e-06  1.1541486202e-06 -4.4507414418e-06  5.7974906130e-06  9.4951281117e-06  4.3535283109e-06  1.0005127078e-05 -1.6117609801e-06 -1.4753115575e-06  6.4100352563e-06  7.6530748632e-06 -1.7233687029e-05  1.6258790059e-05  2.8447794097e-06 -3.4775590049e-06 -9.8192192732e-06  6.4957795181e-06  7.4379867866e-06 -2.1042206359e-06  3.2268828473e-06 -6.1488360991e-06  1.8047064277e-07

JOB 5
COORDS  5.5032588901e+00 -1.3611412476e+00 -6.5273289728e-02  5.7261323884e+00 -9.0186706875e-01  1.2415610889e+00  4.2449219431e+00 -1.2270136321e+00 -6.3547609135e-01  4.6516440251e+00 -3.2352144492e-01  1.9120843559e+00  1.1828500278e+00 -1.7165460407e+00 -3.6236932758e+00  6.4606229311e-01 -2.8468066488e+00 -3.0669967222e+00  3.2225170746e+00 -6.3180258165e-01  1.3857477135e-01  1.5327716952e+00 -1.1779296660e+00 -1.5041493845e+00  8.8079129824e-01  7.6176071629e-02  4.9673526955e-01  3.4230372791e+00 -1.9209350529e-01  1.3881538654e+00  1.6742221679e+00 -7.8246412082e-01 -2.7387624005e+00  1.9334906134e+00 -4.5633881284e-01 -3.7546371295e-01  7.6728755200e-01 -2.7695787638e+00 -1.3432511808e+00  6.3090255371e+00 -1.8143550321e+00 -6.3739692448e-01  6.6970417359e+00 -9.8719198099e-01  1.7193941454e+00  4.0524984642e+00 -1.5507332115e+00 -1.6517606733e+00  4.7713548323e+00  5.3011697711e-02  2.9271819621e+00  1.2324756225e+00 -1.5131212471e+00 -4.6878446320e+00  1.8986757516e-01 -3.6906246517e+00 -3.5688971614e+00  1.2254519620e+00  1.0032661610e+00  9.5568528513e-01  6.1698527111e-01 -6.2480566048e-01  1.2985325810e+00  2.4198629198e-03  2.7785124198e-01 -1.1836709983e-01
ENERGY -9.108695798791e+02
GRADIENT  4.5620086535e-05 -2.0325648274e-05 -2.0691576670e-05  4.3519124247e-06  1.0379539958e-05  4.6671538405e-06  2.2471365857e-05  9.8702019730e-06  4.4381664699e-05 -5.4768724192e-05 -2.6873975680e-05 -8.8605340948e-05 -5.2615678744e-05 -1.8240315445e-05  1.5678711827e-05  5.0089887612e-05  1.7131474301e-05 -4.3472022579e-05 -1.6292988851e-04 -2.5723527789e-04  1.9074066593e-04  5.3709033881e-04 -4.3226729753e-04 -6.6075125217e-05 -3.0848432003e-06  2.1612773952e-05 -5.9400429468e-05 -4.1599383354e-05  4.6418666382e-05  6.2916075387e-05 -3.8399853197e-04  2.0061533668e-04  9.0216652499e-05  1.0384423045e-04  5.3032834971e-04 -1.9713360802e-04 -9.3310736522e-05 -2.9838393184e-05  3.1727821460e-05  6.9717825575e-06  9.2383780583e-07  1.8364563546e-07  4.2873523961e-06 -3.8527946465e-06 -7.0263772825e-06  6.8464863020e-06 -7.2435751929e-07  5.8377038817e-06 -1.4436351687e-05  5.8814903178e-06 -5.1980997527e-06 -8.2113966604e-06  1.2865558340e-05  5.1665698075e-06  2.7309533350e-05 -2.4954364417e-05  1.6031408630e-05  5.4421308866e-06 -8.0362129890e-06  1.1280163403e-05 -6.5455703951e-06 -5.3448341809e-06  6.4090356287e-06 -4.5044631090e-06 -1.2698280490e-05  4.6808694989e-06

JOB 6
COORDS  5.5247956373e+00 -1.2506197101e+00 -8.3653940609e-02  5.7219461115e+00 -8.2917899853e-01  1.2395183280e+00  4.2680400352e+00 -1.1379250966e+00 -6.6307863043e-01  4.6240117251e+00 -3.0819171111e-01  1.9182119716e+00  1.3284039876e+00 -1.8788927341e+00 -3.6034445560e+00  5.0699957823e-01 -2.8193281594e+00 -3.0445810914e+00  3.2199594987e+00 -6.0748863950e-01  1.2154214067e-01  1.5177472807e+00 -1.1994833045e+00 -1.5028253624e+00  8.6470761951e-01 -6.4389569430e-03  5.2909814204e-01  3.3968838807e+00 -2.0161311906e-01  1.3851516538e+00  1.8813030982e+00 -9.6423341459e-01 -2.7339876046e+00  1.9174837235e+00 -4.5781637028e-01 -3.8949293078e-01  4.3599226412e-01 -2.5954223109e+00 -1.3281879776e+00  6.3500937152e+00 -1.6561142919e+00 -6.6368307757e-01  6.6913761977e+00 -8.9798721707e-01  1.7231075233e+00  4.0966012026e+00 -1.4260497227e+00 -1.6925144938e+00  4.7216054949e+00  3.9958356357e-02  2.9456735603e+00  1.5429072816e+00 -1.7946623556e+00 -4.6632672232e+00 -6.3854947199e-02 -3.5943659213e+00 -3.5395086077e+00  1.1903825661e+00  9.0762888022e-01  1.0248939901e+00  6.4331424519e-01 -7.5081904517e-01  1.3042629329e+00 -3.3762561538e-02  1.9602233760e-01 -5.5607861240e-02
ENERGY -9.108701918561e+02
GRADIENT  3.9288082895e-05 -1.7451663818e-05 -9.5090391656e-06 -5.0526923094e-05  4.8561307613e-06 -3.8714233067e-05  1.1940588556e-05  2.1153160231e-05 -6.1556779394e-06 -6.1223100892e-06  1.9848372621e-05  6.0775455257e-05 -1.0547502924e-06 -5.0824379285e-06 -2.7053311494e-05  1.8498028761e-05  4.2717623198e-05 -3.7433648813e-06 -5.0048297956e-04 -1.2070162726e-03  1.0492779260e-03  2.0136132496e-03 -2.3777912380e-03  8.6913332038e-04  4.2189549191e-05  8.8808718705e-06 -1.9881526855e-05  1.5611952490e-06 -3.3627167714e-06  7.2796849046e-06 -1.5093023118e-03  1.1386938011e-03 -2.5691581392e-04 -2.9347572406e-05  2.3454443037e-03 -1.6425789462e-03  1.0495971093e-05  2.9226262540e-05  3.1502765642e-05  2.3760434046e-06  1.8764042177e-06 -5.2384979839e-06 -5.7248343540e-06  1.7288148406e-06  1.4080770965e-06  2.2324004361e-06  9.4138195922e-06 -5.4685136719e-06  3.4535551542e-06  8.2604363870e-06  6.4047926944e-06  9.9304737726e-07  1.9376088196e-07  1.4615663938e-06  5.3686508497e-06  1.5680328618e-06  9.1375531796e-06  4.3171715851e-07  1.1507282967e-05 -7.5147795605e-06  6.4640796303e-06  1.3993600748e-05  1.0868752443e-05 -2.0431380720e-05  3.0233626854e-06  1.9698677054e-05

JOB 7
COORDS  5.5553805597e+00 -1.1171523699e+00 -8.6618019739e-02  5.7153183812e+00 -7.6374832627e-01  1.2603855446e+00  4.3043021485e+00 -1.0223050604e+00 -6.8322601810e-01  4.5865190160e+00 -3.2453988839e-01  1.9463906680e+00  1.4383430283e+00 -2.0015068444e+00 -3.5816067230e+00  3.8238082365e-01 -2.7134982363e+00 -3.0870671093e+00  3.2223970890e+00 -5.8604138673e-01  1.1169978185e-01  1.5117393649e+00 -1.2001475857e+00 -1.5155457033e+00  8.5897537845e-01 -3.7945255922e-02  5.2878085810e-01  3.3652954217e+00 -2.4096900211e-01  1.3973425002e+00  2.0571915581e+00 -1.1404534990e+00 -2.7013513276e+00  1.9110326590e+00 -4.6376206017e-01 -4.0306058984e-01  1.5171315145e-01 -2.3379646509e+00 -1.4084677904e+00  6.4058843224e+00 -1.4528917974e+00 -6.7477712520e-01  6.6795238500e+00 -8.1894423909e-01  1.7561750849e+00  4.1589678712e+00 -1.2522701285e+00 -1.7300614435e+00  4.6529401118e+00 -2.7493576247e-02  2.9921643844e+00  1.7893516940e+00 -2.0463567966e+00 -4.6069104866e+00 -2.7737288185e-01 -3.3941232648e+00 -3.6089667138e+00  1.2043611576e+00  8.3581579358e-01  1.0787265207e+00  6.1130396333e-01 -8.1823971400e-01  1.2593872945e+00 -2.8281007498e-02  2.2264145943e-01 -4.9957536780e-02
ENERGY -9.108713911214e+02
GRADIENT  1.5405899541e-05 -1.2271317211e-05 -2.0240243492e-05  1.5701155730e-05 -2.8366608048e-08  3.5156598798e-05  1.6559547134e-05  5.6714565204e-05  5.9042334291e-05  2.1189368145e-05 -1.0854206816e-05 -5.8708884967e-05 -5.1481026142e-07  8.3265737612e-06 -2.7857143619e-05  1.8972504668e-05 -7.2057170167e-05  6.5643469492e-05 -7.5341091791e-04 -1.6455021619e-03  1.3343503477e-03  2.1777384868e-03 -3.7038473520e-03  1.6655719606e-03  8.5198712961e-06 -2.6708093267e-06  4.7616046870e-06  1.3600215347e-05 -7.7847632284e-06  5.9686616524e-05 -1.6795817304e-03  1.8636766153e-03 -6.1641385793e-04  1.8149199870e-04  3.4997048708e-03 -2.3779775590e-03 -3.1421243620e-05  1.3007457485e-05 -3.4820793213e-05  7.7084215338e-06  9.3670200892e-07  3.6204664093e-06  1.3265355256e-05 -4.9720075678e-06 -9.8768006391e-06 -1.5725878149e-05 -1.0450480994e-05  3.0735150763e-07 -8.7905678529e-07 -5.7701158946e-07 -3.5864425266e-06  3.0953713757e-06 -1.4662262884e-05  5.7996676093e-06 -1.0394227897e-05  2.6437058877e-05 -2.0498566637e-05  4.4530011209e-06  8.1363550797e-06  6.9834268685e-06  1.6948098534e-05  1.1952546972e-05  1.3262488869e-05  1.8946518160e-05 -1.4759139555e-06 -5.0912401083e-06

JOB 8
COORDS  5.5985355209e+00 -1.0330172381e+00 -8.8144182082e-02  5.7515204275e+00 -6.9607190090e-01  1.2626764048e+00  4.3417329385e+00 -9.7822954298e-01 -6.8010550896e-01  4.6090480971e+00 -3.1280720349e-01  1.9605847615e+00  1.4799776322e+00 -2.1233879547e+00 -3.5208116412e+00  2.7057646055e-01 -2.6042387331e+00 -3.1102348276e+00  3.2468257462e+00 -5.9961083442e-01  1.2578966982e-01  1.5100089614e+00 -1.2306213175e+00 -1.4902414752e+00  8.7888175775e-01 -8.1911519501e-02  5.6547435641e-01  3.3847870744e+00 -2.6932703132e-01  1.4166517350e+00  2.1653722176e+00 -1.3406300243e+00 -2.6170991153e+00  1.9217949391e+00 -5.2014759993e-01 -3.7060926012e-01 -4.4277414363e-02 -2.0933492594e+00 -1.4788435053e+00  6.4584589993e+00 -1.3251999955e+00 -6.8580373981e-01  6.7194187897e+00 -7.2108552089e-01  1.7537702030e+00  4.1981008014e+00 -1.2006585749e+00 -1.7277796164e+00  4.6678307504e+00 -3.0304157005e-02  3.0108475288e+00  1.9108932050e+00 -2.2899165170e+00 -4.5022657295e+00 -4.5160216010e-01 -3.1875970442e+00 -3.6656901542e+00  1.2579974852e+00  7.5060493486e-01  1.1537082240e+00  5.8738161216e-01 -8.8003162762e-01  1.2594657662e+00  9.9952592209e-03  2.4387452781e-01 -8.6582194456e-03
ENERGY -9.108726331808e+02
GRADIENT  4.4124265096e-05 -6.2776425808e-06 -9.5853521505e-06 -6.0430055171e-05 -6.6520435217e-06 -5.3424773985e-05  2.4122904049e-06  6.0050062567e-06  5.2887224306e-05  2.4767156674e-05  2.9281492448e-05  1.2167108941e-04  2.0641721826e-06 -1.5194840506e-06 -5.1833184302e-05  3.5868515525e-05  2.7086848472e-05 -6.4914414663e-06 -5.2966723452e-04 -1.4279555989e-03  1.0734353483e-03  1.1850341636e-03 -3.4631209803e-03  1.7767450843e-03  2.2285431714e-05 -2.8227595529e-05  4.0284480687e-05  1.1795432775e-04 -1.3152175748e-05  5.0530047550e-07 -9.8773061566e-04  1.6834883821e-03 -7.5734865732e-04  1.6490546379e-04  3.1749367008e-03 -2.1884872955e-03 -6.9499901789e-06  5.8598428241e-05  1.9818797907e-05  3.2924786171e-07 -3.9920983856e-06 -7.4989424999e-06 -8.8788518200e-06  5.2371533554e-07  9.0388383817e-07  3.5999121931e-06  4.0428888401e-06  1.1428832301e-05  1.5299781949e-05 -1.7440802455e-06  1.3034156910e-05 -7.6613486732e-06  1.4167392240e-05 -8.9803592224e-06  7.2734229059e-06 -1.8068169924e-05  2.5594431224e-05 -9.4270956100e-06  6.0030230276e-07 -7.1732909913e-06  5.4910469423e-06  1.4905321040e-06  4.9984726314e-06  2.9765246790e-06 -4.0230149367e-06 -5.3190251463e-06

JOB 9
COORDS  5.6406170306e+00 -9.7395824320e-01 -9.4246010942e-02  5.8084310167e+00 -6.3728338426e-01  1.2538698570e+00  4.3711055958e+00 -9.6368717692e-01 -6.6303405785e-01  4.6656252624e+00 -2.9899519166e-01  1.9751635402e+00  1.4732100986e+00 -2.2145512345e+00 -3.4332280904e+00  1.7103272108e-01 -2.4605356333e+00 -3.1116791210e+00  3.2787158837e+00 -6.2457251039e-01  1.6362950839e-01  1.5067581477e+00 -1.2525614722e+00 -1.4338804522e+00  9.0895106071e-01 -1.1737256987e-01  6.3532823400e-01  3.4320238000e+00 -2.9582624694e-01  1.4540257972e+00  2.2175501123e+00 -1.5287460077e+00 -2.4981083804e+00  1.9393848884e+00 -5.8376289874e-01 -3.0070337501e-01 -1.7440887034e-01 -1.8273298859e+00 -1.5280690792e+00  6.4981282398e+00 -1.2343972176e+00 -7.0978029988e-01  6.7857196830e+00 -6.3031775862e-01  1.7266650585e+00  4.2140598589e+00 -1.1995215852e+00 -1.7049310977e+00  4.7334658914e+00 -2.0597537378e-02  3.0259777258e+00  1.9431314880e+00 -2.4994166012e+00 -4.3685740554e+00 -5.9651127010e-01 -2.9413569735e+00 -3.7030783773e+00  1.3357340945e+00  6.4712270031e-01  1.2785918740e+00  5.4039096973e-01 -9.3106906119e-01  1.2719155230e+00  7.9705941515e-02  3.0708971589e-01  6.5755539312e-02
ENERGY -9.108735213809e+02
GRADIENT -4.4360280195e-06  6.7705919746e-06  1.1707193999e-05 -1.6656650761e-07 -3.1938446044e-06 -8.6439463815e-06 -1.9631148184e-05 -1.7165481757e-05 -3.7176463751e-05 -2.3368262920e-05 -7.2588471418e-07 -7.7535153741e-06  3.1355340378e-06 -2.5146349417e-05  1.6770246246e-05 -6.4359319747e-06  3.3484802839e-05 -3.3692134558e-05 -1.9306794299e-04 -8.6531724711e-04  6.4545413030e-04  3.9426386605e-04 -2.1557552743e-03  1.1183618618e-03  1.6439625471e-05 -1.9640400393e-05  2.2591696744e-05 -1.4464088906e-05  1.0982400096e-05  1.4103174341e-05 -3.4058140512e-04  1.0620419080e-03 -5.0794643353e-04  1.7454001891e-04  1.9742978593e-03 -1.2469350796e-03  2.2635965679e-05 -1.2758936722e-05  1.0462225125e-05 -3.0370539708e-06  1.8507102802e-07 -3.6473665885e-06  3.2913371973e-07  1.6367007843e-06 -1.7033947036e-08  4.9251180913e-06 -8.8443816845e-08 -5.8444178051e-06 -3.0951956113e-06 -1.4754333309e-06 -1.3499568585e-06 -3.1103832594e-08  1.5631941925e-06 -2.1313125537e-06 -7.8544908906e-08 -8.5097264358e-06  4.7780767766e-06 -1.0101378620e-06 -6.4245629494e-07 -2.3530417023e-06  2.0541255980e-06 -4.2265290068e-06 -1.5809287362e-06 -1.4655720127e-06 -4.0283375281e-06 -3.2449856899e-06

JOB 10
COORDS  5.6659910254e+00 -9.1911382562e-01 -1.0086246443e-01  5.8507182863e+00 -5.5709765913e-01  1.2378015826e+00  4.3845526660e+00 -9.7184887488e-01 -6.4080896252e-01  4.7102941513e+00 -2.5762783274e-01  1.9802372629e+00  1.4716724320e+00 -2.3039683995e+00 -3.3638423757e+00  1.2664188292e-01 -2.3288209115e+00 -3.1437584181e+00  3.2966293824e+00 -6.6049731032e-01  2.0287524854e-01  1.5093467863e+00 -1.2948263682e+00 -1.3877085154e+00  9.1192618905e-01 -1.8031986739e-01  6.8526256637e-01  3.4678124268e+00 -3.0944090222e-01  1.4855280639e+00  2.2452463845e+00 -1.7211027150e+00 -2.3840050396e+00  1.9464377224e+00 -6.7222677252e-01 -2.3301375198e-01 -2.3200482840e-01 -1.5921260450e+00 -1.6075522054e+00  6.5189704316e+00 -1.1551835906e+00 -7.3230615296e-01  6.8369769367e+00 -5.0480065729e-01  1.6885852170e+00  4.2155012948e+00 -1.2440556927e+00 -1.6712596287e+00  4.7886506068e+00  3.5332412734e-02  3.0263488376e+00  1.9598356109e+00 -2.6964111533e+00 -4.2496398842e+00 -6.6072522156e-01 -2.7113232395e+00 -3.7790823605e+00  1.3804148952e+00  4.4781096144e-01  1.4362171814e+00  4.0564125378e-01 -1.0091439628e+00  1.1946075841e+00  1.7743110602e-01  4.0358110422e-01  1.2394626057e-01
ENERGY -9.108739397276e+02
GRADIENT -4.2859722474e-05 -4.2031242960e-06  9.7002204236e-06  2.4125969626e-05  7.5382788041e-06  2.2131623097e-05 -1.7683332190e-05  3.6325972064e-05 -6.7389547474e-05  1.4766296129e-05 -6.0232495391e-06 -2.2119987674e-05 -3.2275621666e-05  2.3992007932e-06  8.6630573604e-05 -7.4290764628e-05 -1.7486903755e-05 -6.9118333198e-05 -1.6492583318e-05 -3.4543843137e-04  2.3867748265e-04  8.7603290758e-05 -7.5648233687e-04  3.7083356011e-04  1.1267145392e-05 -9.1958397023e-06  2.1215422820e-05 -4.7749138882e-05 -3.1429030704e-05 -1.5439535176e-05  3.1617314716e-06  3.9397064384e-04 -1.3604311080e-04  6.6445635257e-05  7.8738968170e-04 -4.2211260873e-04  4.9894257777e-05 -7.2896951501e-05 -2.0739214735e-05 -1.8288666122e-06  5.6161395952e-06  2.2929471540e-06  2.6442097643e-06 -5.4193725497e-06  1.8687983771e-06 -1.0510093397e-05 -1.4779354203e-05 -1.3372603402e-05 -1.1272627521e-06  3.6661669296e-07 -3.9728915781e-06 -3.2248623159e-06 -2.0310607004e-05  1.4408699055e-05 -4.3721856424e-06  3.4661275415e-05 -3.2032725755e-05 -4.0858585766e-06  1.0371212174e-06 -3.0012730941e-06 -2.7724310715e-06  8.7348414834e-06  4.5177520902e-06  2.5002605625e-06  1.0236334434e-05 -6.6920657170e-06

JOB 11
COORDS  5.6716366931e+00 -9.3716882097e-01 -1.0521645871e-01  5.8757475435e+00 -3.5907365132e-01  1.1518428010e+00  4.3817129911e+00 -1.0979690951e+00 -6.0219876395e-01  4.7429349635e+00  3.6546889824e-02  1.8601663877e+00  1.4772694154e+00 -2.2570167838e+00 -3.4058066357e+00  1.2851820697e-01 -2.1159272628e+00 -3.2683332510e+00  3.3021129050e+00 -6.6258609894e-01  1.9711657509e-01  1.5143761533e+00 -1.3121928831e+00 -1.3973443734e+00  8.9530724249e-01 -2.8573905380e-01  7.0712916545e-01  3.4942747270e+00 -1.0787373689e-01  1.4030077950e+00  2.2528406565e+00 -1.8078894840e+00 -2.3597309021e+00  1.9433189120e+00 -7.7218389978e-01 -1.9975090815e-01 -2.3295188060e-01 -1.3727567939e+00 -1.7361905303e+00  6.5160336368e+00 -1.2661538755e+00 -7.0591441318e-01  6.8688786473e+00 -2.1974854932e-01  1.5675471386e+00  4.2010450787e+00 -1.5414363918e+00 -1.5688400344e+00  4.8336692553e+00  4.9317768137e-01  2.8448654106e+00  1.9680696527e+00 -2.6923880058e+00 -4.2698292726e+00 -6.5918178688e-01 -2.3940921427e+00 -3.9553405775e+00  1.3688101336e+00  1.0823527590e-01  1.6002473403e+00  2.2366989377e-01 -1.1053219513e+00  9.8488604988e-01  3.1489693405e-01  5.0818406686e-01  2.2465001953e-01
ENERGY -9.108740428936e+02
GRADIENT  5.3854902698e-06 -1.1525357408e-05 -1.7146287993e-05 -1.3476427051e-05  3.2349589464e-06  3.1897991696e-06  1.1952783913e-06  1.0961625242e-05  3.6770107301e-06  1.0321953896e-05  8.1515151883e-07  4.0313016650e-08  5.0504959233e-06  2.8612271865e-05 -2.4215503857e-05  2.9410087541e-06 -5.7151036732e-05  2.1735217606e-05 -3.7699263184e-06  1.6639722636e-06  1.2370251636e-05 -4.4093793893e-06  9.5886660909e-06  3.4984760777e-06  9.3740100638e-06 -9.6646319171e-06  3.4574734842e-06 -2.0592069646e-05 -9.1274632963e-06 -1.7277457551e-05 -7.5793611188e-07 -1.0410023870e-05 -8.5885488691e-06 -1.4696884057e-05  1.2546729079e-05  4.0095824508e-06  9.6234179493e-06  8.0090190520e-06  2.7467159762e-06  1.2556488973e-06  8.9910149196e-07 -7.9172577446e-07 -1.3932821353e-06 -1.4343189010e-07 -2.3623485623e-06  5.6218776575e-07 -5.4947541137e-06  1.5050221115e-06 -3.6975268411e-06 -1.5441859303e-06 -3.4446181324e-07 -2.0366379418e-06 -1.2479649087e-05  2.6432449331e-06  1.4035247162e-07  2.6036004481e-05 -1.1789472584e-05 -2.3013382007e-06  2.3505000334e-06  1.5490659227e-06 -2.3484046476e-06  1.6031715395e-06 -1.8076389945e-06 -4.5596296172e-07  3.4059313634e-06  1.1574892882e-06

JOB 12
COORDS  5.6611938666e+00 -1.0140071153e+00 -8.0926276595e-02  5.8645286736e+00 -2.5310254388e-01  1.0752152779e+00  4.3695341412e+00 -1.2764994129e+00 -5.2728321839e-01  4.7314152300e+00  2.1301764543e-01  1.7387945415e+00  1.4808451173e+00 -2.2676395729e+00 -3.4161825954e+00  1.5431743784e-01 -1.9600337189e+00 -3.3541528856e+00  3.2912975908e+00 -7.4638119222e-01  2.1359396680e-01  1.5071373030e+00 -1.3977549354e+00 -1.3746795532e+00  8.9282683114e-01 -4.6993878345e-01  7.8283913797e-01  3.4803935729e+00 -1.9335265021e-02  1.3243087927e+00  2.2371866484e+00 -1.9576757485e+00 -2.3071164046e+00  1.9315993295e+00 -9.4921188405e-01 -1.3746709276e-01 -2.0695682778e-01 -1.2186355960e+00 -1.8209192717e+00  6.5066684740e+00 -1.4121722146e+00 -6.3651630516e-01  6.8588568075e+00 -3.2140401195e-02  1.4508743789e+00  4.1858953445e+00 -1.8651332748e+00 -1.4128432058e+00  4.8237089218e+00  8.0692792590e-01  2.6471345351e+00  1.9659012123e+00 -2.7421766716e+00 -4.2626320527e+00 -6.1968703191e-01 -2.1300780326e+00 -4.0902835436e+00  1.3323173891e+00 -3.3323939422e-01  1.7657046472e+00  8.9030077298e-02 -1.2090342985e+00  8.3895339514e-01  4.8115096456e-01  4.9086809894e-01  4.5098934138e-01
ENERGY -9.108739403056e+02
GRADIENT  4.7104340213e-05 -6.1436029711e-06 -6.1787805829e-06 -1.1025325440e-05 -1.0207919483e-05 -2.2086392146e-05 -3.8594677986e-06  1.4785620952e-06  2.5376782552e-05 -3.8425640885e-05 -1.1229760279e-05 -1.7791060081e-05 -3.5617525884e-05  4.3620526880e-05  6.2575067406e-05 -4.8977669087e-05 -5.7646054087e-05 -3.2279692651e-05 -1.7855514507e-05  3.6002074099e-04 -1.5882239509e-04  1.4444057049e-04  7.9899805474e-04 -3.6576500563e-04 -1.7582898957e-05 -8.6878854799e-06 -1.3692170010e-05 -3.2333762484e-07  1.5206443915e-05  2.6051821648e-05 -5.6154618717e-05 -3.5552324341e-04  1.8227182975e-04  2.2275614635e-05 -7.9368666147e-04  3.4185014727e-04  2.1319609476e-05 -9.7670608947e-06 -2.9703652038e-05  3.0822804453e-06 -2.3378651525e-06 -4.7596761159e-06 -5.2333942437e-07 -2.5569846572e-06 -1.7711452688e-06  7.9344089294e-06  2.2977941577e-06  2.2141113178e-06 -3.9731046307e-06 -2.4143114211e-06 -1.6900916312e-06 -2.8240663729e-06 -8.5792404608e-06  1.1989290532e-05 -2.7083671417e-06  2.1208531563e-05 -1.1957544071e-05 -2.7272343387e-06 -6.2370203551e-06 -1.4182773744e-06 -3.4628581417e-06 -4.4970594147e-06  1.0751329043e-07  4.5716501062e-06 -1.5884663591e-06  2.4153961302e-06

JOB 13
COORDS  5.6403277348e+00 -9.7085378399e-01 -9.7566543699e-02  5.8332313678e+00 -1.7389554219e-01  1.0367045593e+00  4.3523789214e+00 -1.2972011082e+00 -5.0984867778e-01  4.6957138803e+00  2.6162505588e-01  1.7127903974e+00  1.4654106964e+00 -2.3482790726e+00 -3.3729816276e+00  2.0515000583e-01 -1.8285294720e+00 -3.4072102724e+00  3.2693214520e+00 -7.8641191882e-01  2.3699943906e-01  1.4957741900e+00 -1.4431719272e+00 -1.3471499188e+00  8.8539051843e-01 -5.3920339070e-01  8.2955277741e-01  3.4461450523e+00 -2.7089036306e-02  1.3273363043e+00  2.1835083887e+00 -2.1414163007e+00 -2.2152407892e+00  1.9135496682e+00 -1.0464879202e+00 -8.7523806718e-02 -1.2958385303e-01 -9.9606281317e-01 -1.9162206309e+00  6.4913401054e+00 -1.3500869147e+00 -6.5792370560e-01  6.8247904561e+00  9.4491131020e-02  1.3880678213e+00  4.1738413962e+00 -1.9262981613e+00 -1.3690263183e+00  4.7820327934e+00  8.7823170614e-01  2.6064684362e+00  1.9195891283e+00 -2.9211034488e+00 -4.1745078946e+00 -5.4010340436e-01 -1.9024090213e+00 -4.1877240320e+00  1.2683228398e+00 -5.7698135261e-01  1.8455874079e+00 -1.6554614515e-03 -1.1710084965e+00  7.5084139761e-01  6.1824871824e-01  5.0066583226e-01  6.0486370461e-01
ENERGY -9.108735213594e+02
GRADIENT  2.2448249471e-05 -7.0078505854e-06 -4.4863897070e-06 -7.2520447482e-06 -3.8207143526e-06 -7.0567090082e-06 -1.3042819052e-05  4.6766009161e-06 -8.8944243532e-06 -3.1070678939e-05 -1.5304201507e-05 -2.4365059859e-05  1.3532767758e-05 -7.4226228199e-06 -2.9960858083e-05  1.4360950890e-05 -2.3746255737e-05  2.0051952238e-05 -9.8212452480e-05  1.0690825008e-03 -2.4580454999e-04  6.2395739279e-04  2.2189654672e-03 -9.0314858418e-04  2.0267123202e-05  2.8687070409e-05  2.3932489350e-06 -2.5647391609e-05  2.7718452862e-06  1.7213094926e-05 -4.6694661129e-04 -1.0344303099e-03  4.5446323562e-04 -5.8162559623e-05 -2.2304123093e-03  7.0532586325e-04  3.5040369531e-06  3.3297409495e-06  1.3168939777e-05  8.3853947052e-07 -2.7449320834e-06 -2.7585236663e-06  1.4039809705e-06 -3.1822776874e-06 -1.7489778865e-06  7.5533587327e-06 -2.5736101856e-06 -6.2172130207e-07 -6.6524964746e-06 -9.9423127066e-07 -3.3080582742e-06 -5.7191606756e-07 -7.4431296769e-06 -1.4054354367e-06  5.2434277739e-06  1.3212653721e-05 -3.6051995592e-06  5.3171756090e-07 -1.1133102787e-06  4.4263257285e-07 -5.7158165225e-07  2.0880239902e-06 -3.6897978857e-06  3.6863733598e-06  6.3552867678e-07 -4.6921099048e-06

JOB 14
COORDS  5.6037317691e+00 -9.2472163070e-01 -1.4001623891e-01  5.7822216843e+00 -1.2434511186e-01  9.9541888943e-01  4.3236335187e+00 -1.2985324117e+00 -5.3315284968e-01  4.6400569326e+00  2.6477524656e-01  1.6905516970e+00  1.4604570335e+00 -2.4734052285e+00 -3.3599718429e+00  3.1717499341e-01 -1.7438383868e+00 -3.5119895780e+00  3.2337859623e+00 -8.2829121944e-01  2.3022072931e-01  1.4947839570e+00 -1.5000890146e+00 -1.3669497854e+00  8.4921188288e-01 -6.1273633434e-01  8.1003128442e-01  3.3952631385e+00 -6.8013304733e-02  1.3212817415e+00  2.1099611150e+00 -2.3474660186e+00 -2.1510763845e+00  1.8874599562e+00 -1.1388032394e+00 -8.5089555476e-02  2.5902071128e-02 -7.9922508790e-01 -2.0821696756e+00  6.4607749795e+00 -1.2703933189e+00 -7.1274068006e-01  6.7681141335e+00  1.7922833928e-01  1.3337790395e+00  4.1570429211e+00 -1.9419398079e+00 -1.3852168643e+00  4.7169215852e+00  8.7930578199e-01  2.5865214373e+00  1.8633877157e+00 -3.1535720956e+00 -4.1027281356e+00 -3.7233502803e-01 -1.7290026027e+00 -4.3455007581e+00  1.1764147910e+00 -7.3151779564e-01  1.8403964355e+00 -6.8344760039e-02 -1.1816859972e+00  6.5152511428e-01  6.5923313292e-01  4.5389405214e-01  6.3741682153e-01
ENERGY -9.108726331653e+02
GRADIENT -4.1995631447e-05  2.1853370509e-05  4.2318876832e-05 -2.1012909883e-05 -1.8209903864e-05 -2.9630726290e-05 -6.1968001005e-06 -1.9427833164e-05 -3.4264392480e-05  5.0695987865e-05  8.5595133852e-05  1.1888335667e-04 -9.0033822278e-06 -2.1492067870e-05  1.0836889716e-05  1.6173222501e-05 -4.3571015558e-06  4.8021226078e-06 -3.3785192891e-04  1.7783867987e-03 -4.1373331107e-04  1.5549966511e-03  3.4584982844e-03 -1.4832671656e-03  1.9454823463e-05  3.8096559822e-05  3.9437524001e-06  1.4117829696e-04  6.2591454350e-06  4.1388729557e-07 -1.1366807648e-03 -1.5671296847e-03  7.9296321154e-04 -1.8459218099e-04 -3.7373494716e-03  9.9042980550e-04 -2.2094550414e-05 -2.4868504732e-05  3.7415565550e-05 -9.9612811958e-06 -1.3768278052e-06 -3.7920530851e-06 -8.3525335046e-06  6.0491575015e-06  7.4752086616e-06 -4.7263539213e-06  1.1872048216e-06  1.2654153825e-06  2.3290684241e-05  1.0476590766e-05  8.1888564782e-06 -6.5484158657e-06 -1.1285379039e-05  8.4827021966e-06  5.4781814614e-06  2.3577862662e-05  2.3181755501e-06 -1.0378485833e-05 -2.6884324882e-06 -7.3823048504e-06  3.2018496051e-06 -5.0719756981e-06 -1.1557061811e-05  8.0091077805e-06 -6.7715063340e-07  3.4177255813e-06

JOB 15
COORDS  5.5674030008e+00 -8.6625099069e-01 -2.0506776644e-01  5.7497796257e+00 -7.9845321445e-02  9.4087279538e-01  4.2894247922e+00 -1.2700068874e+00 -5.7096761055e-01  4.6151572603e+00  2.6295390400e-01  1.6708233857e+00  1.4057815768e+00 -2.5970045395e+00 -3.3098843402e+00  4.3931334192e-01 -1.6693220841e+00 -3.5779968098e+00  3.2060385505e+00 -8.4661056516e-01  2.2895020179e-01  1.4924129900e+00 -1.5408265524e+00 -1.3623728224e+00  8.2150956218e-01 -6.6929970933e-01  8.1607297231e-01  3.3699339068e+00 -1.0008871770e-01  1.3281096065e+00  1.9810380188e+00 -2.5322412600e+00 -2.0592444420e+00  1.8689300033e+00 -1.1999956537e+00 -6.5803932548e-02  2.4600234323e-01 -6.0834109073e-01 -2.2182476575e+00  6.4198867956e+00 -1.1757567171e+00 -8.0464563842e-01  6.7345232423e+00  2.4735631667e-01  1.2598610614e+00  4.1226531366e+00 -1.9080647222e+00 -1.4282340119e+00  4.6974203121e+00  8.6415341244e-01  2.5753085630e+00  1.7165577567e+00 -3.3818282659e+00 -3.9910080757e+00 -1.7753916926e-01 -1.5721372517e+00 -4.4617088740e+00  1.1107897944e+00 -8.3796906771e-01  1.8519186667e+00 -1.0757228062e-01 -1.2009025361e+00  6.0551843415e-01  6.7225526871e-01  4.0931015963e-01  6.8049521607e-01
ENERGY -9.108713910068e+02
GRADIENT  6.8065881571e-05 -2.2742905677e-05 -6.1363257834e-05 -4.6330236241e-05 -9.6552702905e-06 -4.8326598396e-06  4.9068019923e-05  3.9381183819e-05  1.0316455666e-04  3.1330185715e-05  1.4271798603e-05  2.0152445987e-05 -1.9969784176e-05 -4.0475710608e-05  7.4130381510e-06  1.9713898033e-05  4.7915777380e-05  3.1922921082e-05 -5.5758653969e-04  2.0859092797e-03 -4.5788850995e-04  2.5549983629e-03  3.4508119905e-03 -1.6255543539e-03 -5.9380177557e-06 -3.0785884269e-05  7.1236733129e-06  3.2768149870e-05  1.4974933301e-05 -2.0163425563e-05 -1.7839566274e-03 -1.5030346728e-03  9.1941349445e-04 -3.0372160949e-04 -4.0369467595e-03  1.1128280430e-03 -1.2168267071e-05  3.8461242213e-05 -7.5811690480e-06  1.3077781453e-05 -1.4058160087e-06 -9.5028247631e-07  1.8276777971e-06 -5.9095151241e-06 -7.2402431846e-06 -5.5773197814e-06  1.0217790290e-05  7.7596561932e-06  5.7084730276e-06  1.7899358688e-06  3.8074949930e-06  4.6691241312e-06  1.1912120930e-05 -1.7122607026e-06 -9.2177749115e-06 -1.5768212160e-05  8.1533728687e-06  8.0817268631e-06  6.3715528654e-06  1.7823013718e-06  8.9461573807e-07 -7.5328861601e-07  9.3888689237e-06 -6.6706815497e-07  1.1922730996e-06  7.6254188961e-06

JOB 16
COORDS  5.5499344500e+00 -7.7791659593e-01 -3.0618237842e-01  5.7633146557e+00 -5.3152453501e-02  8.7552248394e-01  4.2651395896e+00 -1.1802156842e+00 -6.4580495433e-01  4.6521606712e+00  2.3123683382e-01  1.6641620421e+00  1.2834208099e+00 -2.6770626589e+00 -3.2347816512e+00  5.7202163059e-01 -1.5750146198e+00 -3.6231835989e+00  3.2071157590e+00 -8.2502481091e-01  2.2007150604e-01  1.4982755462e+00 -1.5305992967e+00 -1.3508849136e+00  8.2664570122e-01 -6.8897497057e-01  8.4407707736e-01  3.3992923663e+00 -1.3421422057e-01  1.3508169355e+00  1.7886467350e+00 -2.6513418468e+00 -1.9532225918e+00  1.8762639944e+00 -1.1946796897e+00 -4.9392926088e-02  5.5279061873e-01 -4.0526754369e-01 -2.3454780964e+00  6.3835138304e+00 -1.0365454569e+00 -9.5443599348e-01  6.7542722867e+00  2.7358002687e-01  1.1749280153e+00  4.0775419245e+00 -1.7680779214e+00 -1.5353848983e+00  4.7607000915e+00  7.8548663167e-01  2.5955214257e+00  1.4458617233e+00 -3.5572023392e+00 -3.8473958462e+00  5.1700275394e-02 -1.4039556516e+00 -4.5567387442e+00  1.0901559660e+00 -9.2467406827e-01  1.8748189655e+00 -1.0959798076e-01 -1.1850635329e+00  5.8436266266e-01  7.0448590516e-01  3.9874248436e-01  7.6694195709e-01
ENERGY -9.108701915623e+02
GRADIENT  2.1773840479e-05  7.2857016805e-06 -3.9985311683e-06 -2.7647538904e-05 -1.5000743623e-05 -1.7222679603e-05  7.3573812392e-06 -1.7282648776e-05  3.6539739151e-05  9.9727518989e-06  2.0817623064e-05  5.0539182821e-05 -3.4916748264e-06  4.5401503982e-05  3.1607115555e-05 -4.8381533438e-05 -1.8211176445e-05 -2.5573805742e-05 -3.6936181414e-04  1.6031481541e-03 -3.0929500854e-04  2.2267630512e-03  1.9957703051e-03 -1.2031515689e-03  3.9117207085e-05 -3.6135463805e-05 -2.3901031171e-05  2.6003975105e-05  2.7312320322e-05 -6.7766206284e-06 -1.5679801521e-03 -7.8895367335e-04  6.9812783325e-04 -3.4587881138e-04 -2.8016849582e-03  7.8198318816e-04  5.7797824287e-05 -4.9395383617e-06 -3.1449752611e-06  1.8237689103e-06 -6.1988380785e-06  8.6670328697e-07 -3.0044885277e-06  2.8448903285e-06  2.3266906681e-06 -8.6799794791e-06 -1.1518799075e-05  1.1214649754e-05  7.2140358439e-06 -2.5008874449e-07  7.5173577822e-06  1.0667259180e-05  7.8595436727e-06  1.5682274969e-06 -1.1761500213e-05 -3.1736864571e-06  5.7322319846e-06 -4.1719800903e-06 -8.6992623674e-06  1.3827872199e-05 -1.0410566519e-08  9.1350938267e-07 -9.9689192624e-07  1.3573726387e-05 -1.3542999972e-06  2.2570179106e-05

JOB 17
COORDS  5.5380659306e+00 -7.0999519337e-01 -3.2238228559e-01  5.7619780234e+00 -2.7289626139e-02  8.8270624693e-01  4.2523576579e+00 -1.1112889935e+00 -6.5766420249e-01  4.6595214756e+00  2.1729820051e-01  1.6971229270e+00  1.1521108979e+00 -2.7672717161e+00 -3.1384525562e+00  7.5270274595e-01 -1.5658901690e+00 -3.6607286224e+00  3.2042248228e+00 -8.0297351847e-01  2.3947715160e-01  1.5202214372e+00 -1.5388575588e+00 -1.3323182200e+00  8.1588353224e-01 -7.6202862802e-01  8.8058096626e-01  3.4051110590e+00 -1.4919205697e-01  1.3914587187e+00  1.5762844912e+00 -2.7438006471e+00 -1.8282599833e+00  1.8855825421e+00 -1.1853764511e+00 -2.9717506091e-02  9.2858987753e-01 -3.1875801582e-01 -2.4751886079e+00  6.3642812787e+00 -9.3395813477e-01 -9.9257915102e-01  6.7538798914e+00  2.9927154376e-01  1.1789787700e+00  4.0563362569e+00 -1.6620724439e+00 -1.5702945991e+00  4.7776588650e+00  7.4001207606e-01  2.6454482332e+00  1.1426257759e+00 -3.7102904248e+00 -3.6740951572e+00  3.6585843072e-01 -1.3602733761e+00 -4.6507259823e+00  1.0889829817e+00 -1.0206097414e+00  1.9038320946e+00 -9.5617838813e-02 -1.2924512948e+00  6.0033216617e-01  6.4133872162e-01  3.2042850590e-01  8.3624427349e-01
ENERGY -9.108695768754e+02
GRADIENT -2.1513864528e-04  5.4564338313e-05  1.7386532758e-04  1.4360952218e-04  4.5173029017e-05  3.4312160875e-05 -1.0013550391e-04 -1.4345007383e-04 -2.1835394954e-04 -4.1047171081e-05 -5.7196340373e-05 -4.8886753713e-05  1.3154912839e-04 -2.1783406369e-04 -2.1101236382e-04 -2.7000251444e-05 -2.3304152831e-05  2.5934872447e-04  5.3006116758e-05  3.3877598385e-04 -6.0182781759e-05  5.7528056564e-04  4.1814452015e-04 -2.4755144314e-04  1.8548804464e-05 -4.3542454198e-05  2.9289841145e-05 -2.0949200058e-05  5.4895249899e-05  6.2621581911e-05 -4.9696889527e-04 -3.4431753775e-05  8.5732632472e-05 -5.4394659982e-05 -5.1047053369e-04  2.0681940033e-04  7.9362029405e-05  1.5975011841e-04 -2.2100145756e-06 -2.9324142833e-05 -6.0952496445e-07  1.3146927609e-05  8.8678093450e-06  1.3050949470e-05  2.0517099987e-05 -2.9312922105e-05 -2.3211040746e-05 -3.6517240187e-05 -1.6346374031e-06 -5.9793952528e-06 -9.2238592945e-06  4.6526841140e-06 -1.4049569975e-05 -1.7421673774e-05 -1.5025396801e-05 -1.4263741002e-05  2.5005078880e-05  8.1906265578e-06  3.8406259277e-05 -6.9982585949e-06  1.8560343613e-05 -3.6216502429e-05 -4.5200753768e-06 -2.6726385797e-05 -4.1141975079e-06 -2.8501238268e-05

JOB 18
COORDS  5.4233827282e+00 -5.9483684823e-01 -5.6851896040e-01  5.6726307416e+00 -5.7449974003e-02  7.0215653680e-01  4.1220253104e+00 -9.0384902712e-01 -9.4205990344e-01  4.5793145516e+00  1.3045078254e-01  1.5447390913e+00  6.4136301084e-01 -2.9450702826e+00 -3.0270959879e+00  7.4478466521e-01 -1.8769392772e+00 -3.8773724585e+00  3.0825903936e+00 -6.5043951296e-01 -1.7826057509e-02  1.3777194528e+00 -1.4732458287e+00 -1.5452431906e+00  7.6223075776e-01 -9.7833683362e-01  7.7106576995e-01  3.3136308022e+00 -1.5404994945e-01  1.2059574253e+00  1.0040957835e+00 -2.7121004470e+00 -1.7187955404e+00  1.7424666912e+00 -9.0859512038e-01 -3.2287074242e-01  1.2889999759e+00 -4.8195844633e-01 -3.0066751851e+00  6.2408422925e+00 -7.8278892437e-01 -1.2601782236e+00  6.6763732201e+00  1.9341941119e-01  1.0304038710e+00  3.9145912814e+00 -1.3434134953e+00 -1.9105112027e+00  4.7178690925e+00  5.2883650635e-01  2.5490922242e+00  3.1725688884e-01 -3.9387664416e+00 -3.3168005143e+00  5.4856698192e-01 -1.8432540390e+00 -4.9413511126e+00  9.9353961786e-01 -1.7983866187e+00  1.4587095693e+00 -2.2157145825e-01 -1.1438501592e+00  3.3150610142e-01  7.6716079824e-01 -4.1177188574e-02  1.3293015089e+00
ENERGY -9.108699135703e+02
GRADIENT -2.0477859317e-05 -5.3341240431e-06 -1.3371945357e-05 -6.6384886526e-06  8.6367336128e-06  2.6199510243e-05  4.6933472076e-05  1.1814890454e-05 -1.9398549620e-05  3.7628588902e-05  1.2835312592e-06  8.3010929356e-06  2.7709720662e-05 -6.3862736851e-06  1.3402516904e-05 -1.9916805181e-05  2.4836553906e-05  2.6249110787e-06  9.0365366468e-06 -8.4993114814e-04  2.6635677032e-04 -1.5154261329e-03 -2.8875363487e-06  4.5065697608e-04 -1.0531967443e-04 -1.9656137042e-05 -9.0902889768e-05 -1.9586380861e-05 -1.9904431417e-05 -1.8312583418e-05  9.8827547488e-04 -2.7671528044e-04 -1.8494031062e-04  5.9642533252e-04  1.1473183306e-03 -4.3007186800e-04 -5.1808047582e-06 -1.7625907899e-05 -1.7686319794e-05  1.3557493786e-06  5.5889772072e-06  3.9039872082e-06 -1.2344381191e-06  2.9650211617e-06  3.2908434934e-06  6.8756557655e-06  5.6392540299e-06  8.9702449696e-06 -1.1902471351e-06  9.0245503019e-07  4.0614480395e-06  4.1529326109e-06  4.0319797958e-06 -2.2641524923e-06  3.8958448905e-07  3.8233264794e-06  1.4888286789e-06 -1.1813411440e-05 -6.8491569983e-08  2.9728265584e-07  5.0624315277e-06  1.5406226715e-05  8.0316394206e-06 -6.8199305422e-06  3.3814399283e-06  2.6114093131e-05

JOB 19
COORDS  5.5621603543e+00 -7.3730437789e-01 -6.4603131508e-01  5.8179476089e+00 -6.5774737853e-02  5.5765238479e-01  4.2612592194e+00 -1.1019227511e+00 -9.6765025227e-01  4.7322508163e+00  1.9227185911e-01  1.3917196241e+00  4.8236070552e-01 -3.0001711658e+00 -2.9496499497e+00  7.8052927508e-01 -2.0078920053e+00 -3.8426206747e+00  3.2286215917e+00 -7.6486513845e-01 -6.3108849963e-02  1.4639667311e+00 -1.6219871062e+00 -1.5184869114e+00  9.3926298603e-01 -1.0666635818e+00  8.1278864055e-01  3.4670519518e+00 -1.4106609433e-01  1.1000032250e+00  8.7537316078e-01 -2.7811006563e+00 -1.6474484258e+00  1.8901056296e+00 -1.0839478996e+00 -3.0922438945e-01  1.5578115095e+00 -6.9103579748e-01 -3.0243041930e+00  6.3744074457e+00 -9.8849619592e-01 -1.3235491591e+00  6.8215096063e+00  2.3243491171e-01  8.4420697444e-01  4.0505826530e+00 -1.6497631836e+00 -1.8782594415e+00  4.8770544455e+00  6.9314693854e-01  2.3481287017e+00 -8.6050318653e-03 -3.9337812874e+00 -3.2022240416e+00  6.1214984748e-01 -1.9904107066e+00 -4.9116468201e+00  1.2766897949e+00 -1.7268829895e+00  1.6167185406e+00 -2.4148098086e-02 -1.4135212032e+00  4.4179617162e-01  8.4753632858e-01 -5.3691314440e-02  1.2109258787e+00
ENERGY -9.108705922932e+02
GRADIENT  7.6530730217e-06 -8.8783814996e-07 -8.6674395113e-06 -9.1813402645e-06  2.9260692656e-06  9.9731699350e-06 -6.0816646302e-06  1.5543420274e-05  1.7976721710e-05  1.9484354861e-05  8.3530607903e-06  9.9047625640e-06 -1.1198258621e-05  4.6561883362e-06 -5.1904090579e-06 -5.3274076089e-06 -1.1693323066e-05 -4.8180149593e-06  2.0733221245e-04 -1.2269618274e-03  4.0290246699e-04 -1.8495474531e-03  3.0887113355e-04  5.4996201490e-04 -7.1617545239e-05 -3.9381856090e-05 -1.6033982208e-05 -7.7890537290e-06 -1.8841204263e-05 -2.3139823435e-05  1.2871973538e-03 -6.4375722174e-04 -2.0282237382e-04  4.0751425230e-04  1.6185661665e-03 -7.3430634175e-04 -3.9476936691e-06  1.0804060542e-06  1.3770982596e-05 -1.0891824579e-07  7.2978838774e-06  7.6322657802e-07 -2.4557590981e-06  2.2281685237e-06  3.7457456720e-08  5.2996455476e-06  6.2934557845e-06  5.7754474878e-06 -2.3978969821e-06 -1.2167610321e-06  5.1611539361e-06 -3.9534252691e-06  4.1236732600e-06 -5.4244735197e-06  8.6861881757e-07  9.1135107933e-06  2.3188511694e-08 -3.2194193633e-06 -8.2392409054e-06 -8.0740316313e-07  4.7614721070e-06  5.7511430709e-06  3.3154471082e-07  4.3973442635e-06 -4.0484323887e-06  6.7004977080e-06

JOB 20
COORDS  5.5257213107e+00 -7.0434732958e-01 -5.8398009944e-01  5.7344489447e+00  6.4567944413e-02  5.6963822268e-01  4.2461336738e+00 -1.1469369333e+00 -8.9221998154e-01  4.6269362270e+00  3.3612024440e-01  1.3701534441e+00  2.9505178053e-01 -2.8118506661e+00 -3.0005116806e+00  7.5261936882e-01 -1.8488662098e+00 -3.8558025849e+00  3.1864384747e+00 -7.8586742744e-01 -2.9584010609e-02  1.4245094049e+00 -1.6278604470e+00 -1.5045032504e+00  8.9785029782e-01 -1.1213541570e+00  8.3744624084e-01  3.3805238287e+00 -6.8271733613e-02  1.0869339290e+00  6.8091777449e-01 -2.6876934862e+00 -1.6839795938e+00  1.8704003428e+00 -1.1948000881e+00 -2.6315502301e-01  1.6891801231e+00 -6.7713389435e-01 -2.9813969184e+00  6.3583094263e+00 -9.7225180083e-01 -1.2295833527e+00  6.7202288486e+00  4.2572552651e-01  8.4536335848e-01  4.0712442896e+00 -1.7746166546e+00 -1.7579277297e+00  4.7369779756e+00  9.1058382047e-01  2.2890269440e+00 -3.1325011406e-01 -3.6610481924e+00 -3.2927329252e+00  6.2404685242e-01 -1.7816953125e+00 -4.9282780541e+00  1.3182031273e+00 -1.5750694108e+00  1.7369647797e+00  7.5511758698e-03 -1.6695729246e+00  5.3405973735e-01  6.4569789653e-01 -8.0273266885e-02  1.0612070525e+00
ENERGY -9.108713916522e+02
GRADIENT  3.5890691273e-06  1.7624746610e-05  2.7293032835e-05  2.1365326892e-05 -1.3382468769e-05 -2.9723825200e-05 -8.7853072456e-06  2.4090843611e-07  1.0963350806e-05 -3.3126221574e-05  3.5268863343e-06  2.1135911584e-05 -2.0529782441e-06 -3.9547760268e-06  1.1575129836e-06 -9.8142755732e-06 -3.9262583934e-06  1.0112865143e-05  2.7771576665e-04 -1.2277899484e-03  3.0279090095e-04 -1.5928838488e-03  5.3953249174e-04  3.6875135021e-04  4.2900652998e-05  2.7393096221e-05  2.0795203459e-05  4.7457407672e-05  1.9824681825e-05  2.1046750727e-05  1.1534319592e-03 -7.7889769152e-04 -1.4676524454e-04  8.3396880666e-05  1.3971413122e-03 -6.1669468906e-04  9.7440916412e-06  8.0198518628e-06 -9.8875508581e-06 -3.3949746745e-06  1.9120909648e-07 -2.0792698807e-06 -4.3274992641e-06  1.9436397165e-06  8.0778188720e-06 -4.0874838642e-06  3.4553295090e-06  7.5287369026e-07  8.8577601913e-06  6.0053433572e-07  2.2285409971e-06  2.2054888272e-06 -6.5461149626e-07 -3.6870465971e-06  2.2075714490e-06  9.9080011874e-06 -5.4415201930e-07 -1.3443743307e-06 -2.7421536298e-06 -1.5480971190e-06 -9.3735448782e-07 -3.1492529667e-06 -1.2325030991e-06 -5.9972942859e-06 -2.7419359601e-06  6.3191108693e-07

JOB 21
COORDS  5.5578514089e+00 -7.0472055283e-01 -5.5274163811e-01  5.7243100139e+00  1.4951380187e-01  5.4578023001e-01  4.2967548356e+00 -1.2089641402e+00 -8.4427558753e-01  4.5973264984e+00  4.3858523671e-01  1.3128564869e+00  1.5875427477e-01 -2.6820402618e+00 -2.9945915447e+00  7.9439515713e-01 -1.8386376364e+00 -3.8597774291e+00  3.2131705599e+00 -8.2007144431e-01 -2.6219519118e-02  1.4439609036e+00 -1.6712523895e+00 -1.4953765029e+00  9.4284646155e-01 -1.2167640398e+00  8.5797202181e-01  3.3688038229e+00 -2.3386829345e-02  1.0412283294e+00  5.2881548215e-01 -2.5892853658e+00 -1.6709177009e+00  1.9122355683e+00 -1.2900547157e+00 -2.4708258928e-01  1.9065720620e+00 -8.2400793380e-01 -2.9882530203e+00  6.4082515005e+00 -9.9257941032e-01 -1.1656134841e+00  6.6939905384e+00  5.6093802362e-01  8.0797270122e-01  4.1560459463e+00 -1.9061729303e+00 -1.6615067854e+00  4.6760398362e+00  1.0763911462e+00  2.1922388408e+00 -5.8164010521e-01 -3.4208245996e+00 -3.2822412767e+00  7.0704400499e-01 -1.7795614803e+00 -4.9366822527e+00  1.4081997252e+00 -1.5797487802e+00  1.7753455748e+00  9.3788791430e-02 -1.8463569688e+00  6.0002902183e-01  6.1736589754e-01 -1.8436602881e-01  1.0198875047e+00
ENERGY -9.108720301278e+02
GRADIENT  6.3321361958e-05  7.0526454845e-06 -1.3229564037e-05 -1.3480044166e-05 -2.0473526206e-05 -1.7484422255e-05 -4.5641763980e-05  4.1241877984e-05  3.7142886030e-05 -3.2883278983e-05 -5.0419985585e-06 -1.7625509500e-06 -4.6632882340e-05 -9.1101959743e-06 -1.6079505867e-05  3.5673096906e-07 -4.3634145058e-05  3.3642134554e-05  2.5056372901e-04 -8.3817827223e-04  1.2903793019e-04 -7.2754882221e-04  4.4008566694e-04  2.0232175797e-04 -1.8766053143e-05 -7.5744471786e-05  6.6350821919e-05  1.8739264970e-05  8.3867917762e-06  2.1178851920e-05  5.9442208561e-04 -5.9886586034e-04 -1.0247315722e-04 -1.0111624326e-04  1.0451626325e-03 -3.2987014177e-04  7.6421806724e-06  3.8001462448e-05  1.1252601615e-05  1.1298473088e-06 -6.5148376287e-08 -5.2580076923e-06 -7.9388428778e-07 -2.8079248884e-06 -4.2546817606e-06  1.6308068449e-05  2.2956310668e-06  3.5062736807e-06 -2.3867256576e-06 -5.0962164654e-06  4.3456652494e-06 -7.5750857136e-06  5.3423974945e-06 -5.8883649825e-06  9.8728410341e-06  5.5180106243e-06  3.2515460483e-06  5.6219612369e-06 -1.0172378691e-06 -2.9115926134e-06  6.5891613575e-06  4.5297193814e-06  5.5899479280e-07  1.2024973929e-05 -7.4545100270e-06 -8.1005894627e-06

JOB 22
COORDS  5.5832389030e+00 -7.2303762838e-01 -5.4231755501e-01  5.7073878860e+00  2.0721974408e-01  4.9756943771e-01  4.3412296541e+00 -1.2849277314e+00 -8.1327104889e-01  4.5617283912e+00  5.1085968102e-01  1.2315444456e+00  3.7935762487e-02 -2.5284498444e+00 -3.0074544564e+00  8.2898404443e-01 -1.8392351672e+00 -3.8786710695e+00  3.2354143670e+00 -8.7301621171e-01 -3.9910799220e-02  1.4528590360e+00 -1.7170462505e+00 -1.5028728614e+00  9.8715139311e-01 -1.3422164228e+00  8.6341466547e-01  3.3518995388e+00 -4.8407947771e-03  9.7468506781e-01  3.8921656280e-01 -2.4599005098e+00 -1.6769862922e+00  1.9502159298e+00 -1.3992737263e+00 -2.4897487332e-01  2.0948378449e+00 -1.0185111947e+00 -3.0063614731e+00  6.4509081780e+00 -1.0265058315e+00 -1.1224700273e+00  6.6603316374e+00  6.6532839999e-01  7.4338481742e-01  4.2335780128e+00 -2.0448015242e+00 -1.5780516249e+00  4.6092770190e+00  1.2061855164e+00  2.0684658910e+00 -8.1943196036e-01 -3.1288719018e+00 -3.2926405679e+00  7.7266655683e-01 -1.7909363516e+00 -4.9580203839e+00  1.5039558591e+00 -1.5812864944e+00  1.7925395939e+00  2.0429035780e-01 -2.0721391784e+00  6.6892384019e-01  5.5332648453e-01 -3.4103911395e-01  9.5303776497e-01
ENERGY -9.108722895694e+02
GRADIENT  7.6476335369e-06 -6.1349672676e-06 -7.2501664537e-06 -4.5547673698e-05 -5.7961347387e-06  8.2395149177e-07 -7.4997495895e-06 -1.2524971059e-05 -1.6160734680e-05  1.3206481945e-05  1.5260926716e-05  2.8036079609e-05 -9.3693183799e-06 -2.6181750075e-06 -8.3672824902e-06  1.5408810492e-06  1.7655464589e-05  8.4703914408e-06  1.0780145672e-04 -1.2007225655e-04  3.6923161727e-05 -8.6998077211e-05  5.1015041368e-05  8.5161639710e-05  1.0494064287e-05 -4.4635229248e-05  1.5698604192e-05 -1.1232957690e-05  5.5838383378e-08 -1.6747761852e-06  1.0830073889e-04 -9.4428884846e-05  7.2280793686e-06 -9.7625387340e-05  2.4266605784e-04 -7.2616063202e-05  9.3782501348e-06  8.4750246446e-06 -3.0782628188e-05 -2.2730604394e-06 -6.9782624378e-07  2.1826003458e-06 -3.5400054085e-06 -2.1338806832e-07  1.6835079828e-07  1.1078902498e-05 -1.6113850866e-06  7.9357887272e-07 -9.5395667379e-06  5.6690141917e-06  1.0188830335e-06 -4.6551498569e-06  9.2257074439e-06  6.8114563267e-07  4.0356566484e-06 -1.8737742831e-05 -3.1652858889e-07 -1.4526536107e-06  5.4324446399e-06 -4.5802035691e-06 -1.0352933220e-05  3.5587138813e-06  4.8201919903e-08 -3.2755791189e-07 -2.5561274711e-06 -6.9047371666e-07

JOB 23
COORDS  5.7052588534e+00 -1.3183122383e+00  1.0983947069e-02  5.7303258568e+00 -1.1534365551e+00  1.4006560160e+00  4.5304399967e+00 -1.0577731753e+00 -6.8680985346e-01  4.5617850396e+00 -7.1011266537e-01  2.0201339119e+00  1.3927374537e-01 -1.8719403749e+00 -3.0870157845e+00  9.9795155701e-01 -2.9220739541e+00 -3.2149273112e+00  3.3904195021e+00 -6.6425284773e-01  4.1904383608e-02  1.6368389879e+00 -1.1765230871e+00 -1.6045371348e+00  1.2356161451e+00  5.4972690616e-01  5.2128919347e-02  3.4152976633e+00 -4.7607674452e-01  1.3682972658e+00  4.9515331078e-01 -8.9503198049e-01 -2.1820415418e+00  2.1665532084e+00 -3.8776316230e-01 -5.9748017202e-01  2.3548237274e+00 -2.7113225198e+00 -2.1376861003e+00  6.5983169349e+00 -1.6219177999e+00 -5.2909375517e-01  6.6276955190e+00 -1.3413238388e+00  1.9819399587e+00  4.5054698751e+00 -1.1194341547e+00 -1.7683504211e+00  4.5371325724e+00 -5.3681963353e-01  3.0950526707e+00 -7.8341232133e-01 -1.7561302160e+00 -3.6458904940e+00  9.3786540311e-01 -3.7786351107e+00 -3.8729307320e+00  1.8152171355e+00  1.2648778869e+00  6.3253734392e-01  5.4879659182e-01  2.1624500599e-02  7.2130606070e-01  6.6208210018e-01  1.0580740654e+00 -7.2152141986e-01
ENERGY -9.108722214486e+02
GRADIENT  1.4734322022e-05 -3.8001430199e-06 -3.1839417761e-06 -4.1780089263e-05  1.2596965411e-05 -2.0811572167e-05 -1.4231259776e-05 -4.3351695580e-06 -1.4069566758e-05  2.7271955025e-06 -2.5353240636e-06  5.7485798180e-05  2.0932908556e-06  1.0487123847e-05 -7.3387199183e-06  1.0740181501e-05 -4.6992140103e-06  5.8790491682e-06 -2.0784386614e-04 -2.3671803917e-04  3.1819400076e-04  1.9328704110e-04  2.0153388233e-04 -3.4174017887e-04 -3.4261769245e-05  3.1593459921e-06  1.8455894762e-05  3.3450840143e-08  1.2845780092e-06 -9.9877840676e-06 -2.1142348127e-04 -2.4690633803e-04  3.5188233365e-04  2.6455044188e-04  2.8186501377e-04 -3.2324745364e-04 -1.1279933693e-05 -7.5896355526e-06  1.1886677999e-05 -3.2793734411e-06  2.7122797291e-06 -1.3530774722e-06 -7.0663396351e-06  2.1977105013e-06  1.9419645784e-06  3.9617765349e-06  5.5045528057e-06 -1.7519394975e-06 -4.4593247209e-06  3.5629600503e-07  7.2489800949e-06 -2.3125942783e-06 -3.4322321368e-06  6.4177585790e-06  4.8736680324e-06  9.5704799917e-06 -1.0847603203e-05 -3.5681300388e-06 -5.1520652548e-06  1.0122908105e-05 -2.4852792069e-07 -5.8316459858e-06 -2.0767059987e-06  5.0414591236e-06  1.4313443200e-06  3.5798383989e-06

