JOB 0
COORDS  6.4653838836e+00  5.3879395058e-01  5.7512739686e-02  4.1121834173e+00  9.9027546362e-01  1.9120990671e-01  1.5328457430e+00 -1.3798984185e+00 -1.9200630222e-01  2.6881212305e+00 -1.3521770792e+00  1.9498656781e+00  3.3507998825e-01 -1.0480800444e+00  4.4047357308e-01  1.4813556832e+00 -1.0501411042e+00  2.5924299684e+00  2.7180280814e+00 -1.4782859115e+00  5.5238461297e-01  3.1881803507e-01 -9.0209724487e-01  1.8327838963e+00  5.1702733686e+00  3.1764950113e-02  5.3646316403e-01  7.4906778575e+00  9.4299966358e-01 -3.0744677278e-01  3.2846807086e+00  1.7436788664e+00 -1.2188181938e-01  3.8948007284e+00 -1.9347724600e+00 -1.2164106502e-01  4.9983782848e+00 -1.3795057586e+00 -1.1385085460e-01 -1.4059246292e+00  2.1055434237e-01  2.7550520084e+00  1.5598806286e+00 -1.5404540858e+00 -1.2656697474e+00  3.5803683218e+00 -1.5212016899e+00  2.5464906260e+00 -5.7173952104e-01 -9.3169209303e-01 -1.4386792250e-01  1.4577187595e+00 -9.4603168375e-01  3.6721870349e+00  5.2208635523e+00 -8.7050442016e-02  1.6223618270e+00
ENERGY -7.550066708839e+03
GRADIENT -9.1157337448e-04  7.5382379896e-04 -1.5444554566e-03  4.3514085246e-05  1.2540149097e-05 -2.6432061902e-05 -5.2382010378e-07  1.7251481462e-05  7.3161473983e-05  4.6387386417e-05  5.0735504227e-05 -3.8305449330e-05  5.0404817195e-05  3.0615312776e-05  3.4635781448e-05 -3.3571069752e-05 -5.4278282951e-05 -1.7423933483e-04  8.0064088652e-05  2.6292385625e-05  3.9620829889e-07 -1.7439104155e-04 -3.9977365813e-05  1.0659025446e-04  8.0186651198e-04 -5.6791336696e-04  9.9942374999e-04  8.7219282111e-06 -5.9085892530e-06  9.0321090631e-06  1.4961632341e-05  2.3200513652e-06  8.3918881232e-06 -4.5846996645e-04  1.0664406012e-03 -2.2231135175e-03  5.4990703003e-04 -1.2980477990e-03  2.7228558452e-03  2.1109826968e-05  3.4487964980e-05 -1.1599473113e-05  5.9062659377e-06 -8.8748487774e-06  8.5521534634e-06  3.1352759290e-05 -1.4456395144e-06 -1.3424831825e-05 -2.7201615049e-06  7.4532539151e-06  1.5326364242e-05 -3.5203078295e-06  2.2814974615e-05 -1.7151839037e-05 -5.8343313853e-06 -3.1922144976e-05  4.5520630320e-05

JOB 1
COORDS  6.4291959663e+00  5.2701013660e-01 -1.1865778205e-01  4.1562862720e+00  9.6787729566e-01  4.3024885742e-01  1.5472264719e+00 -1.3795631901e+00 -2.1461670719e-01  2.6601536228e+00 -1.3077044726e+00  1.9498459927e+00  3.3359125460e-01 -1.0551732652e+00  3.9056528680e-01  1.4376141663e+00 -1.0150034074e+00  2.5649420226e+00  2.7181590316e+00 -1.4551874413e+00  5.5488309572e-01  2.8795728441e-01 -8.9317508252e-01  1.7811139110e+00  5.2527854404e+00  1.6255523675e-03  5.9531802359e-01  7.3562687939e+00  9.4550814777e-01 -6.7835223972e-01  3.3249048177e+00  1.7525933133e+00  2.2108435082e-01  3.9091698842e+00 -1.9335976817e+00 -7.1639130285e-02  5.0317129961e+00 -1.4234470556e+00 -7.4363656279e-04 -1.4688837168e+00  2.0082083526e-01  2.6581762206e+00  1.5961326663e+00 -1.5549738560e+00 -1.2852627057e+00  3.5454803383e+00 -1.4564288747e+00  2.5620607544e+00 -5.6365818390e-01 -9.5778496950e-01 -2.1187373938e-01  1.3918618933e+00 -8.9641013732e-01  3.6425194196e+00  5.4975425191e+00 -1.1859943500e-01  1.6551545500e+00
ENERGY -7.550064749044e+03
GRADIENT -2.0418574681e-03  1.3137624394e-03 -2.3625529966e-03  1.3520897279e-04  2.3022910511e-05 -7.4570753747e-05  1.6625450478e-05  1.3430010192e-05  8.7540685507e-05  9.7949062860e-05  3.3069195232e-05  6.9822902831e-05 -8.1863399415e-05 -6.3255417596e-05 -2.9278218310e-05 -2.6552088559e-05 -9.8679349925e-05 -1.3032778945e-04  1.6330478382e-05  5.9038061381e-05 -3.8066282571e-05 -1.3046767158e-04 -9.4214473753e-05  4.5469471992e-05  2.3599977778e-03 -7.7369984438e-04  1.2626618561e-03 -1.5909476754e-06  5.3305283720e-06 -5.5112981193e-06 -3.7133967133e-05 -2.9799984365e-05  3.6718897778e-05 -6.2131450814e-04  1.8257047319e-03 -4.1666046679e-03  2.4561633297e-04 -2.3524017893e-03  5.3346472793e-03  1.3019716323e-04  6.6805196669e-05 -6.6568305981e-05 -9.2636313797e-06 -2.2830482556e-08  5.9748790888e-06  6.1763503969e-06 -5.8858295785e-06  9.7794759909e-06 -3.0035744161e-06  4.5195416543e-05 -5.2680310568e-06  5.2244761017e-06  3.6167293557e-05 -1.1977993856e-05 -1.6316738383e-05  3.4989068179e-05  1.4386626267e-05

JOB 2
COORDS  6.2599905199e+00  5.4892997089e-01 -3.8828063919e-01  4.2815589888e+00  9.4433606834e-01  8.8264435968e-01  1.5689332913e+00 -1.4642292823e+00 -2.2676646294e-01  2.6122460278e+00 -1.2436318325e+00  1.9628448659e+00  3.3159937945e-01 -1.1241109575e+00  3.1899856381e-01  1.3673730106e+00 -9.3021795936e-01  2.5187077963e+00  2.7159573854e+00 -1.4736992857e+00  5.8276940068e-01  2.4133511851e-01 -8.7480625875e-01  1.6938348698e+00  5.3443367604e+00 -3.6649624247e-02  6.0674368528e-01  6.9759445585e+00  1.0117887894e+00 -1.1764896960e+00  3.5088050490e+00  1.7840713225e+00  1.1045873425e+00  3.9211131710e+00 -1.9640536385e+00 -2.8859408543e-03  5.0449057439e+00 -1.4575318277e+00  4.7070611656e-02 -1.5612756133e+00  2.3725410549e-01  2.4449091212e+00  1.6565090420e+00 -1.7120166348e+00 -1.2805994340e+00  3.4820168869e+00 -1.3229974074e+00  2.6094893066e+00 -5.4835261232e-01 -1.0824007871e+00 -3.1442546909e-01  1.2872519297e+00 -7.3464654937e-01  3.5829118587e+00  5.9020986795e+00 -2.2246036448e-01  1.5311077511e+00
ENERGY -7.550062936822e+03
GRADIENT -1.6208094178e-03  8.3543122591e-04 -9.9783622489e-04  9.5806589224e-06 -1.8905682131e-05  8.5359524695e-06 -6.2543355372e-05 -5.4346452294e-05 -2.2365348240e-04  9.2057293401e-07 -3.9105039807e-05 -2.3561287030e-05  2.7106186527e-04  9.9708464822e-06  1.2125649281e-04 -1.6922294315e-05  3.9779655862e-05 -3.4985022537e-05  7.0753721553e-05  3.4809630477e-05  1.7419758611e-04 -1.0569439497e-04 -5.5359153296e-05  9.6477676264e-05  1.9041830313e-03 -4.3900904340e-04 -8.1011014498e-05  1.4054000901e-05 -1.6499457625e-06  2.5507344928e-06 -4.8197041795e-05 -1.7635470367e-06 -2.0090913073e-05 -3.8326004016e-04  1.2063550577e-03 -2.7877123772e-03  8.1173061483e-05 -1.5990737898e-03  3.6792472442e-03 -7.0084208809e-05  9.3765804270e-05  3.2564799880e-05  3.2086818663e-05 -3.8432319913e-06 -1.1737669870e-05 -3.0127614419e-05 -2.0558923487e-06  2.3855776248e-08  2.9473848125e-05 -3.1821655716e-06  1.4692998173e-05 -1.7839932006e-05 -1.7581153016e-05 -1.9057032570e-05 -4.4412607371e-05  3.3103485693e-05  4.8343150301e-05

JOB 3
COORDS  5.4380326495e+00  3.0446952772e-01 -1.2030933606e+00  4.2511075725e+00  1.0651676831e+00  7.9028470070e-01  2.2339162234e+00 -9.5754295040e-01  1.3586405158e-01  2.3079591137e+00 -1.7961741244e+00  2.4237665156e+00  8.7758067555e-01 -6.5606079089e-01  2.9793170993e-01  9.6360827134e-01 -1.4707511242e+00  2.5968961588e+00  2.9553861279e+00 -1.4947898626e+00  1.2146660965e+00  2.5699845079e-01 -9.1567960976e-01  1.5227091935e+00  5.2537679846e+00  1.4164968131e-01  2.4344698983e-01  5.5809250236e+00  3.9667674669e-01 -2.3524281325e+00  3.5483589078e+00  1.8610995437e+00  1.2637071146e+00  4.2849150082e+00 -1.9794478525e+00  1.0529304067e+00  5.2385288459e+00 -1.3881305816e+00  5.3749568890e-01 -1.6723409013e+00  1.4169956153e-01  1.9733121933e+00  2.7058197828e+00 -7.9775212372e-01 -8.2991010418e-01  2.8657491533e+00 -2.2770604316e+00  3.2220133405e+00  3.2012345652e-01 -2.2927617482e-01 -5.2945575986e-01  4.7153564914e-01 -1.6734409174e+00  3.5424389994e+00  6.2052260186e+00  4.1354819005e-01  7.1747062813e-01
ENERGY -7.550065377827e+03
GRADIENT  4.0400864878e-03 -1.1974312031e-04  5.1089183720e-04 -1.0015394880e-04 -8.2395593844e-05 -4.3014303168e-05 -8.2336063651e-05  1.3827923662e-05  1.1069398345e-04  6.7473592166e-05 -5.4889725771e-05  1.4559848337e-04 -4.7743942145e-05  5.3966572684e-05 -1.3829405010e-04  6.0836726493e-05  2.9088394623e-06 -1.4378825042e-04  5.1450676636e-05 -1.8202836886e-05 -5.1190565387e-05 -6.7559369928e-06  3.6906207741e-06 -9.2420431393e-06 -4.0155596689e-03  5.8846514295e-04  1.7841620138e-03  9.3266290347e-06  1.9258334783e-06  1.1775960248e-05 -1.5687816267e-05 -1.0939885203e-05  2.7173015137e-05  2.1558185834e-03  1.0293453701e-03  5.1680457523e-03 -2.1317585025e-03 -1.4430573487e-03 -7.3616176016e-03 -1.6749904157e-05  2.3433917034e-05 -1.2219511446e-05 -6.9805610007e-06 -8.8774614988e-06  5.4465888136e-06  1.3766618811e-05 -9.5817072411e-06  2.8657586540e-06 -1.4926871804e-05  3.9569653412e-06 -1.6317376980e-05  8.3112485902e-06  1.1592616210e-05 -1.1517684779e-05 -3.7308965376e-06  2.0333370509e-05 -4.3369963068e-06

JOB 4
COORDS  5.1179855532e+00  3.0937596691e-01 -1.1934439503e+00  4.3802703117e+00  1.0112192733e+00  1.0475330712e+00  2.3000898284e+00 -1.0192191912e+00  7.0146417220e-02  2.3089534902e+00 -1.7085860809e+00  2.4090313968e+00  9.3729481801e-01 -7.1790300808e-01  1.7238801746e-01  9.5935072487e-01 -1.3782619651e+00  2.5210235278e+00  2.9915611121e+00 -1.4815926222e+00  1.2029159117e+00  2.8182023882e-01 -8.9926667181e-01  1.3923191552e+00  5.2561843602e+00  1.4229789138e-01  2.5498935622e-01  5.0194748255e+00  3.8950102719e-01 -2.3487230415e+00  3.7948149885e+00  1.7113216772e+00  1.7673613152e+00  4.3276281172e+00 -1.9680701766e+00  1.1012403985e+00  5.2925470805e+00 -1.3834089152e+00  5.9843973926e-01 -1.6604065047e+00  1.8997877642e-01  1.7148754924e+00  2.7950357653e+00 -9.2866203082e-01 -8.9186970341e-01  2.8433184198e+00 -2.1300370532e+00  3.2554116853e+00  4.0203303395e-01 -3.5577613247e-01 -6.9921011102e-01  4.4147426266e-01 -1.5191532193e+00  3.4640629485e+00  6.2831339966e+00  4.2682055248e-01  5.1199525782e-01
ENERGY -7.550068195557e+03
GRADIENT  3.4862707024e-03 -2.5776787506e-05 -3.2343040593e-04  4.6969066243e-05 -1.5753410959e-05 -4.8829202685e-05  9.0857057518e-05  1.4450979104e-05 -1.5262540895e-04  9.2699366898e-05 -4.2499866769e-05  9.0590323144e-05  9.1936095979e-05 -1.2636359701e-04  1.5958548349e-04  3.7506549502e-05 -3.9386481768e-05 -1.6811440918e-04 -1.6155459396e-04  6.9518291699e-05  1.1988365611e-04 -2.2208548972e-04 -5.8995095423e-05 -1.4025149212e-06 -3.9224281496e-03  6.7853432089e-04  2.3330959535e-03  5.7203636058e-05 -9.0898939293e-06 -7.9658687540e-06  4.5476169805e-06 -1.6703070840e-05  1.4461431553e-05  1.6301362943e-03  9.5787242921e-04  4.3619214740e-03 -1.3429576605e-03 -1.4818055437e-03 -6.3851146689e-03  4.8702150352e-05  6.0581124675e-05  3.0766457058e-05  1.7587293148e-05  4.7944104943e-06 -1.7498415915e-05 -1.7307578290e-06 -1.0444603319e-05  1.7660118507e-05  1.2226739981e-05  2.1841725517e-05  3.2454514452e-05  1.5672222338e-05  3.0552456078e-05 -1.6915363379e-06  2.2637379666e-05 -1.3357712854e-05  2.1262590658e-05

JOB 5
COORDS  4.9200741860e+00  3.3055096869e-01 -1.1124338944e+00  4.4780160295e+00  9.8838481474e-01  1.2089600814e+00  2.3010530311e+00 -1.0935226642e+00  1.3511042416e-02  2.3362248174e+00 -1.6649947127e+00  2.3818495323e+00  9.4107971417e-01 -7.7537492705e-01  1.1905137861e-01  9.9101551765e-01 -1.3190152764e+00  2.4962331094e+00  3.0056981603e+00 -1.4991247324e+00  1.1580187675e+00  3.0213653450e-01 -8.9071657910e-01  1.3544276531e+00  5.2712801925e+00  1.5787477731e-01  2.9754645320e-01  4.6697334169e+00  4.1866875013e-01 -2.2441143585e+00  3.9298762998e+00  1.6361095809e+00  2.0031708415e+00  4.3497187274e+00 -1.9784307055e+00  1.0851837290e+00  5.3401216328e+00 -1.3680189769e+00  6.7434248567e-01 -1.6291033515e+00  2.3520107335e-01  1.6493372279e+00  2.7807091764e+00 -1.0509134433e+00 -9.5764343053e-01  2.8799948257e+00 -2.0439655039e+00  3.2421381534e+00  3.9761341114e-01 -4.5175288558e-01 -7.6243507300e-01  4.8695820588e-01 -1.4077255667e+00  3.4529793679e+00  6.3183604522e+00  4.5425843284e-01  4.1432975802e-01
ENERGY -7.550069591879e+03
GRADIENT  3.1110321510e-04 -1.6944718945e-05 -9.1749644517e-05 -4.8967784902e-05  3.9351878598e-05  8.6073511133e-06 -2.1758731648e-05 -5.8216821604e-05  9.9648218785e-05 -2.1781735955e-05 -8.7024036216e-06  3.5039281537e-05  3.9848998335e-06  4.2129338620e-05  3.6453929811e-05  9.3112531484e-05 -9.4742791849e-06 -8.9411183228e-05  4.8241661538e-05 -2.1642578202e-07 -1.1336168544e-05 -4.4914267220e-05  5.9185502319e-05  8.8575067853e-06 -3.4555613906e-04 -7.3649971541e-05  1.7789115670e-04 -4.9782630391e-05  2.3122281565e-05  1.3759659744e-05  3.6147205679e-05 -1.5751058527e-06  1.2486486625e-05  1.0740511085e-04  2.1956609126e-05  2.5614674818e-04  1.3259220798e-05 -2.6097068195e-05 -4.2410610124e-04 -9.3343594372e-05  4.6945365404e-06  1.7742620847e-05  2.0618113001e-05  1.8812434347e-05 -1.6990287755e-06  2.2391458296e-05 -7.1508908994e-06 -1.2101397087e-05 -1.0339156121e-05 -3.8378534083e-06  1.6894974637e-05  1.1732638821e-05 -4.7788258287e-07 -7.0258239408e-06 -1.2097507417e-05 -5.1041034424e-07 -1.8164286322e-05

JOB 6
COORDS  4.7665713262e+00  3.8315741207e-01 -9.8891173745e-01  4.6012400111e+00  9.7197958160e-01  1.3671808241e+00  2.2749205986e+00 -1.1987998830e+00 -6.3900212999e-02  2.3708103709e+00 -1.5963107185e+00  2.3368963854e+00  9.2125851650e-01 -8.5494991313e-01  5.5992144285e-02  1.0308794847e+00 -1.2329638306e+00  2.4621287630e+00  3.0070438098e+00 -1.5235295554e+00  1.0865174138e+00  3.1599274849e-01 -8.7695925241e-01  1.3124166456e+00  5.2968192693e+00  1.6780178857e-01  3.5763161224e-01  4.4045695534e+00  5.1901201255e-01 -2.0851417664e+00  4.0843052246e+00  1.5932394334e+00  2.2023720459e+00  4.3569852325e+00 -2.0053200674e+00  1.0315731035e+00  5.3686233706e+00 -1.3658835414e+00  7.4088921339e-01 -1.5947544566e+00  2.9522826635e-01  1.5834069543e+00  2.7269688285e+00 -1.2291248525e+00 -1.0477975115e+00  2.9348676601e+00 -1.9153803825e+00  3.2082535319e+00  3.5888224271e-01 -5.8661578720e-01 -8.3220295403e-01  5.5424788752e-01 -1.2475500443e+00  3.4366926440e+00  6.3529668711e+00  4.4970308143e-01  3.5587225747e-01
ENERGY -7.550068475083e+03
GRADIENT -3.1274167401e-03  1.0532902724e-04  1.2561276339e-03 -4.6921776239e-05  2.3078282065e-05 -4.2956150584e-05  6.3950558032e-05  2.2620439456e-05 -9.1053861760e-05  3.3616035525e-05 -3.1004844038e-05  6.6743246304e-05  5.8424079700e-05 -9.5689559799e-05  1.1662566423e-04  7.1234667898e-05 -2.3993558923e-05 -1.1095956187e-04 -5.8274772424e-05  6.8896582460e-05 -3.6558457632e-05 -1.7678061804e-04 -8.3765653040e-06 -1.0834612866e-05  3.9942718396e-03 -5.3707135776e-04 -3.3469073814e-03 -2.4799452498e-07  3.9106824629e-06 -3.6243435074e-06 -5.5552292458e-06 -3.2179698216e-05  3.0779038030e-05 -4.9658851380e-04 -1.0192145994e-03 -4.1574040946e-03 -3.4451513249e-04  1.5024236877e-03  6.3218027586e-03 -1.3438544850e-05  4.4085912260e-05 -2.7957888358e-06 -8.7253562598e-06 -9.8206579570e-06  2.9409933148e-06  7.2720154231e-06 -2.1158144409e-06  4.5038615997e-06  7.4295395112e-06  8.4058837699e-06  1.5938914897e-05 -2.2817814064e-06  1.4064501262e-05 -1.8810499661e-05  6.2443601400e-06 -6.9380011138e-05 -2.4002929593e-05

JOB 7
COORDS  4.4698789700e+00  6.5250645715e-01 -5.8701821043e-01  4.8969308310e+00  7.7827296489e-01  1.8278856805e+00  2.1309743156e+00 -1.5932914568e+00 -2.3015655072e-01  2.5093368390e+00 -1.2454832165e+00  2.1502685112e+00  7.9107712209e-01 -1.2308208542e+00 -7.2596411478e-02  1.1654680927e+00 -8.9052364116e-01  2.3132435335e+00  2.9917123191e+00 -1.5696975869e+00  8.7523592401e-01  3.2101403496e-01 -8.9868406910e-01  1.2016388964e+00  5.2709618502e+00  1.8083949274e-01  5.4490247882e-01  3.9050731811e+00  9.9327720957e-01 -1.5437335333e+00  4.6771898754e+00  1.2240132779e+00  2.8784523859e+00  4.3329588716e+00 -2.0742499067e+00  7.2957668974e-01  5.3521157205e+00 -1.3945582142e+00  6.1155130595e-01 -1.6013746249e+00  2.9613203716e-01  1.3310360611e+00  2.5056242866e+00 -1.8798690603e+00 -1.2079943810e+00  3.1659225311e+00 -1.2778095228e+00  3.0135420081e+00  1.3353893781e-01 -1.2164595408e+00 -9.3552338213e-01  7.9824788319e-01 -6.2184336997e-01  3.2981470250e+00  6.3122446002e+00  4.5140527450e-01  3.4711637841e-01
ENERGY -7.550068024678e+03
GRADIENT -1.1541130499e-04 -3.0351285069e-06  3.9067628200e-05 -9.5776681396e-05  4.1343572490e-05 -3.8184602561e-05 -3.2555171445e-05 -1.8865080558e-05  4.8525113282e-05  1.4090333289e-05  7.8609032232e-06  1.2394250854e-05  6.5028195968e-06  7.5056992958e-05 -3.1744857953e-05 -1.0054320516e-05  2.3783731811e-05 -3.8021198699e-05  3.5754987154e-06  4.9490395391e-06 -2.1737490457e-05 -1.2913566114e-05 -2.8062723005e-05  1.4024361500e-05  1.5078533407e-04 -1.1814832293e-04 -6.0449463606e-05  2.1664603133e-05 -7.0588074368e-06 -8.8577376030e-06  4.8447773277e-05 -1.5919551533e-05  1.8459903818e-05 -2.6386006511e-05 -2.5087534827e-05 -7.4678245918e-05  2.3431200381e-05  9.3363644119e-05  1.5073722545e-04 -2.3173799462e-07  6.9505967906e-07 -7.1942578125e-06  7.1829596018e-06  4.1346509832e-06 -1.5641197925e-06 -1.0899355479e-06  1.2078886223e-07  6.2768316918e-06 -3.3662036038e-06 -1.5378799341e-05 -4.5264195322e-07 -4.1948659892e-06  6.4360662814e-06 -3.5072188132e-06  4.9448074215e-07  2.8527579392e-06  2.9677211824e-06

JOB 8
COORDS  4.3204780998e+00  8.7662459030e-01 -1.6925915261e-01  5.3092040167e+00  5.9161479003e-01  2.0600093092e+00  1.9867395358e+00 -1.8608631921e+00 -2.4663321218e-01  2.5614068345e+00 -9.5534454806e-01  1.9410558812e+00  6.5333568809e-01 -1.5024613680e+00 -5.7079682397e-02  1.2163061853e+00 -6.2179044698e-01  2.1466963230e+00  2.9494058615e+00 -1.5364955350e+00  7.2394607183e-01  2.7997527909e-01 -8.9758540768e-01  1.1495347743e+00  5.3205367655e+00  1.9033433044e-01  6.5356802855e-01  3.5775392198e+00  1.3946366806e+00 -8.9758447104e-01  5.3441179986e+00  8.6459919114e-01  3.1893840538e+00  4.2739272775e+00 -2.0271711616e+00  5.0172082069e-01  5.3227231503e+00 -1.3782329715e+00  5.0108958662e-01 -1.6777509477e+00  2.2245860232e-01  1.2048918374e+00  2.2934119851e+00 -2.3720841582e+00 -1.1543651920e+00  3.2757575779e+00 -7.8525521728e-01  2.7379021227e+00 -8.0812344787e-02 -1.7154175337e+00 -8.2711255176e-01  9.1668209855e-01 -1.6167181279e-01  3.0824310531e+00  6.3054997948e+00  4.4462514657e-01  2.4999069736e-01
ENERGY -7.550069521957e+03
GRADIENT  5.9310471999e-04  7.9210325366e-05 -7.0093323753e-04  5.6905603344e-05  4.7742230719e-06  4.0549214927e-05 -8.3324199176e-06 -5.9936915492e-05 -1.0492866127e-04 -7.3558929850e-05  3.0727438232e-06 -3.5445821662e-05  1.1725796627e-04  5.6385135251e-05  1.3739010352e-05  1.1442575239e-05  6.6255256560e-05  3.6692457817e-05  3.8201169428e-05 -9.9745656668e-05  1.5142241108e-04  8.8575464041e-05  1.1216575143e-04 -5.0542678650e-05 -9.0953021326e-04 -2.0895522302e-04  1.5579529308e-03  3.4785897170e-05 -2.0808705340e-05 -5.1974451593e-05 -3.2668965564e-05  2.5279270577e-05 -1.1881745141e-06  4.2741057951e-05 -4.2144380731e-05  1.1354122174e-03  2.2231097603e-04  2.1701695755e-04 -2.0257402055e-03 -1.5428244753e-04 -3.4244865199e-05  2.9487899946e-05  3.0098912751e-05 -1.1904835477e-05  5.9273929208e-08 -3.6634214659e-05 -7.9667141766e-06 -8.6111846487e-06  1.1118539791e-05 -3.4303691548e-05  8.1161837696e-06 -1.8199929563e-05 -1.8271927159e-05  2.2571984071e-07 -1.4567204973e-05 -3.2733309106e-05 -8.4543709863e-06

JOB 9
COORDS  4.2657114659e+00  9.0724672447e-01  7.6820625090e-04  5.4752426140e+00  5.8291978219e-01  2.0935171778e+00  1.9700026992e+00 -1.9078435473e+00 -2.7475935073e-01  2.5432576297e+00 -8.8876757258e-01  1.8643889768e+00  6.3100783189e-01 -1.5691374213e+00 -8.7686036511e-02  1.1940318659e+00 -5.7713187701e-01  2.0690293005e+00  2.9328590947e+00 -1.5226099199e+00  6.7248063990e-01  2.5420140638e-01 -9.1899050092e-01  1.0946554311e+00  5.3396725520e+00  1.8204791605e-01  6.9015005043e-01  3.4912999162e+00  1.4736667361e+00 -6.5532608154e-01  5.5883259714e+00  8.5102441465e-01  3.2188059828e+00  4.2595253551e+00 -2.0171514597e+00  4.9869653709e-01  5.3130382375e+00 -1.3822369522e+00  6.0402881677e-01 -1.7261635522e+00  1.5141360022e-01  1.1222727818e+00  2.2787176553e+00 -2.4568013953e+00 -1.1595472530e+00  3.2635500307e+00 -6.6942408709e-01  2.6455774212e+00 -1.0638238381e-01 -1.8332940123e+00 -8.3860888504e-01  8.9199141412e-01 -8.2248594666e-02  2.9861708305e+00  6.2776455421e+00  4.1288732736e-01  1.7567796379e-01
ENERGY -7.550068821331e+03
GRADIENT -1.7189704748e-03 -1.3971900954e-04  2.5327150318e-03 -1.2798935120e-06  3.1706245381e-05 -1.8431579603e-05  3.8008535226e-05 -3.9144037146e-05 -8.6772806028e-05 -6.2254245662e-05 -1.4257336345e-05 -4.2354295577e-05  2.5796915384e-05 -4.6835158020e-06  5.9677390972e-05 -1.2360102839e-05  6.3711681257e-05  7.2823445723e-05 -9.4158173642e-07 -2.2107958417e-05  6.2528122668e-06  2.7113181009e-05  4.1291776027e-06 -3.2976102124e-05  2.5696136373e-03  3.0815151950e-04 -5.0922387852e-03  9.6146748707e-06 -1.1753015520e-05 -2.7949013600e-05 -1.2547709231e-05 -8.2243700932e-06  7.4063119259e-06  2.4480610393e-04  2.1100393953e-04 -3.8131007412e-03 -1.1021293051e-03 -3.4644460992e-04  6.4370095565e-03  6.0081970861e-06 -1.0903751364e-05 -1.3494551148e-05  1.0115415204e-05 -1.3320671854e-05 -6.2974930917e-06 -6.9513380053e-06  7.8920746723e-06 -4.2949559549e-06  1.4167124360e-05 -4.8747935998e-06 -1.1558440132e-05 -1.1455631730e-05  2.3780996148e-06  7.0076037422e-07 -5.2645672315e-06 -4.3089171511e-05 -3.6528701439e-05

JOB 10
COORDS  3.8862260342e+00  1.1840498944e+00  1.9747215557e-01  5.9887406922e+00  8.5529396814e-03  8.5501445685e-02  1.0330667479e+00 -1.3464677409e+00  6.2952827416e-02  3.0048741100e+00 -1.2961896128e+00  1.4963987142e+00  2.0467655646e-01 -1.2599751149e+00  1.1805349208e+00  2.1745512689e+00 -1.2391040618e+00  2.6209261445e+00  2.4290010392e+00 -1.3134702423e+00  2.1518074637e-01  7.8747790885e-01 -1.2222510550e+00  2.4534481805e+00  4.7588110196e+00  3.5016705207e-01 -6.4268587926e-01  3.2306388515e+00  1.9325053334e+00  7.9867377543e-01  6.9454467227e+00 -3.0476345909e-01  6.6588665526e-01  3.2100087962e+00 -1.5482018721e+00 -9.5244809246e-01  4.2481284859e+00 -9.7234806342e-01 -1.2920156340e+00 -4.7295674339e-01 -4.8774978058e-01  4.1612114441e+00  6.0748623174e-01 -1.4328127688e+00 -9.3251540248e-01  4.0814879339e+00 -1.3544688654e+00  1.6301735908e+00 -8.7366138960e-01 -1.2521259383e+00  1.0604248178e+00  2.6159556485e+00 -1.2135665989e+00  3.6118550518e+00  5.0279370483e+00  9.3566265093e-01 -1.5278773372e+00
ENERGY -7.550066352717e+03
GRADIENT  1.2824569372e-03 -2.2707869648e-03  3.5895893543e-03 -5.1985540680e-05 -7.8961926993e-05  3.4953563539e-05 -3.2082323988e-06 -3.2890339213e-06 -2.5691199898e-05  9.3274450855e-05  1.8937055484e-05  1.3331338441e-05  4.1011863732e-06  1.5881438711e-05  1.7404102620e-06 -9.3085364649e-06 -1.1367600260e-06 -4.5389923437e-05 -3.6204504955e-05 -1.2447440362e-05  6.0082130322e-05  3.2277672802e-06  6.5156417651e-06 -1.9618363958e-05 -3.2269523432e-03  4.6659852057e-03 -7.0540518788e-03  5.8947836585e-06 -1.2643225536e-05  2.1320497796e-05  1.1913541254e-05  3.6182065814e-05 -1.4891147784e-05 -2.7670883758e-03  2.8595228458e-03 -3.6169180307e-03  4.6339698686e-03 -5.2451627338e-03  7.0458313376e-03 -1.6456575508e-05 -6.9147131173e-06  4.4467360263e-05 -8.8681069344e-06  1.4835148463e-06  6.7217378434e-06  1.5916595215e-05  2.0385649727e-06 -2.4567471456e-06  1.0993421841e-06 -1.2113659127e-05  7.0684801263e-06  3.7671529649e-06 -7.3229833093e-06 -3.4454811419e-06  4.6329805898e-05  1.8116256396e-05  3.0084953931e-05

JOB 11
COORDS  3.9756767808e+00  1.1040241659e+00  3.6923914149e-01  6.1163188585e+00  1.6180192683e-01 -1.7740804449e-01  1.0549880427e+00 -1.3553998518e+00  6.3414814812e-02  2.9572349929e+00 -1.3692766560e+00  1.5869194989e+00  1.7997818309e-01 -1.2234840639e+00  1.1413080035e+00  2.0805762389e+00 -1.2624731267e+00  2.6715941332e+00  2.4412268536e+00 -1.3764653721e+00  2.8197062034e-01  7.0476926886e-01 -1.1927091034e+00  2.4388840653e+00  4.7306957556e+00  3.4189503658e-01 -6.3751520083e-01  3.4241904934e+00  1.7968131956e+00  1.1227134698e+00  7.2026988080e+00 -1.1463915900e-02  1.9567267331e-01  3.2780057758e+00 -1.6544443945e+00 -8.3966489479e-01  4.2947150699e+00 -1.0499112561e+00 -1.1878766325e+00 -6.0532033145e-01 -3.8895073603e-01  4.0798137237e+00  6.7133200830e-01 -1.4341420297e+00 -9.4966620897e-01  4.0254483489e+00 -1.4575469622e+00  1.7653835638e+00 -8.9034291134e-01 -1.1732365963e+00  9.7037155558e-01  2.4764609929e+00 -1.2376228954e+00  3.6815024869e+00  4.7460497734e+00  9.3313661923e-01 -1.5600155052e+00
ENERGY -7.550063687323e+03
GRADIENT  1.9703775469e-03 -1.7205863041e-03  2.7891746508e-03  1.0735952717e-04  3.3040119606e-05 -3.7671592058e-05 -2.2475799738e-05 -3.3590089905e-05  5.8137268139e-05 -7.3148041552e-05 -2.1626947857e-05  1.8087265027e-05 -8.3612154851e-05  9.3750370156e-05 -7.5234462952e-05  1.0694850264e-04  8.9847963709e-05  1.1268089015e-04  1.1531035813e-04 -1.9305469137e-04  8.2790235790e-06  1.6110801179e-04  1.7628273914e-04 -1.8703259616e-04 -4.1193627836e-03  3.5992576847e-03 -5.7338366785e-03 -4.1546311816e-05  8.7741775011e-06 -1.8746446494e-06  1.1246007099e-06 -3.6863063287e-05  1.5535028503e-05 -2.4395860370e-03  2.2764660453e-03 -3.4564246792e-03  4.5317522490e-03 -4.0607387231e-03  6.3485098685e-03 -1.1482344804e-04 -6.7615471827e-05  1.6402228031e-04  1.0091860752e-05  1.8822178326e-05  7.7329602499e-06 -1.8600513158e-05 -1.6168599032e-05  1.7288553724e-06 -7.8637297096e-06 -3.8219277616e-05  1.3291640165e-06  6.0829616550e-06 -4.3233314002e-05  1.0559303401e-05 -8.6881426413e-05 -4.4736242192e-05  4.8892055246e-06

JOB 12
COORDS  3.8420229957e+00  1.0908332597e+00  2.3537854874e-01  5.8902021138e+00  7.5987947088e-01 -9.7409329975e-01  1.6702471067e+00 -9.1544956594e-01  2.4417986823e-01  2.8030356303e+00 -2.0813776193e+00  2.0574975600e+00  5.6226655952e-01 -7.1327376239e-01  1.0738776613e+00  1.7125355669e+00 -1.8561943269e+00  2.8968132720e+00  2.8043158418e+00 -1.5680102584e+00  7.5068856070e-01  5.9384771059e-01 -1.1849583113e+00  2.3885334823e+00  4.4902812781e+00  3.2444940441e-01 -8.4011771154e-01  3.3693146427e+00  1.7707268280e+00  1.0512946518e+00  6.9941101465e+00  1.1034106804e+00 -1.0806470364e+00  3.8869244526e+00 -1.9521926493e+00 -9.5234672331e-02  4.5663471169e+00 -1.2289522244e+00 -8.2869110262e-01 -8.5996608246e-01 -3.0507338218e-01  3.8569766857e+00  1.6320624246e+00 -5.8132698588e-01 -7.8917109533e-01  3.6622715861e+00 -2.6440407017e+00  2.4106600713e+00 -3.0953105281e-01 -1.9359536254e-01  6.9027530134e-01  1.7276168045e+00 -2.2224253300e+00  3.9180698053e+00  3.9744989704e+00  5.5287820811e-01 -1.7802835370e+00
ENERGY -7.550063267773e+03
GRADIENT -1.8458879386e-03 -1.2163121924e-04 -1.0056519502e-03 -6.2211224250e-06  5.3869044034e-05 -6.1808669509e-05  1.7077283851e-05 -2.9155808390e-06  7.1323713915e-05 -1.2116698364e-05  3.7080591266e-05 -1.2826987129e-05 -1.1305375099e-04  2.1532998799e-05 -2.3242223379e-05 -4.2651589178e-05 -5.0272338583e-05  7.3929001428e-05  6.4309385292e-05  5.5979806484e-05  1.8360327077e-05  9.6871452932e-06 -9.5055392973e-05 -6.4218419299e-05  3.6632963949e-03  1.9411310115e-04  2.3975904188e-03 -2.5263047343e-05  2.1699400221e-05 -3.8074809833e-05  7.0962464646e-06 -1.7773252770e-05  1.2047682073e-05  1.8041773440e-03  5.6290604758e-05  1.8208066200e-03 -3.6323926673e-03 -1.8991753143e-04 -3.1734431775e-03  1.2837776384e-04  1.7036635435e-05 -6.3842344554e-05 -1.0885822437e-05  1.6272460985e-06  1.0157059084e-05 -8.7049004637e-06 -5.0337233539e-06  7.9543836816e-07 -7.2358771103e-06  1.4606487862e-05 -2.7930858853e-06  1.5195284239e-05  9.9958580722e-06  1.5438409943e-05 -1.4757572894e-05  1.1177345288e-05  1.4589175145e-05

JOB 13
COORDS  4.1145355720e+00  9.3111837520e-01  5.5918488139e-01  5.7621609387e+00  8.5233982696e-01 -1.1964426429e+00  1.6744252872e+00 -9.8674580011e-01  1.7711145665e-01  2.7998904457e+00 -2.0001622269e+00  2.0832479160e+00  5.3466998426e-01 -7.8082125907e-01  9.6290999054e-01  1.6781325478e+00 -1.7668167179e+00  2.8781066428e+00  2.8181736433e+00 -1.5655551470e+00  7.4936535362e-01  5.4675318013e-01 -1.1741630635e+00  2.3030456312e+00  4.4642554113e+00  3.3546546194e-01 -7.3717359709e-01  3.9198671444e+00  1.4094149061e+00  1.6003390202e+00  6.7797766072e+00  1.2662495084e+00 -1.5718248308e+00  3.9169547394e+00 -1.9551003341e+00 -7.7066882899e-02  4.5836853526e+00 -1.2163502234e+00 -8.0814656761e-01 -9.8181711433e-01 -2.6562837514e-01  3.6778317289e+00  1.6496970894e+00 -7.3160136328e-01 -8.7887079320e-01  3.6702230897e+00 -2.5004371984e+00  2.4976211830e+00 -3.4848515293e-01 -3.2962736961e-01  5.2268396117e-01  1.6806583784e+00 -2.0683266645e+00  3.9205130578e+00  3.7066123006e+00  6.1766585094e-01 -1.4768332889e+00
ENERGY -7.550064932325e+03
GRADIENT -3.5913176550e-03 -1.8460144841e-04 -9.0407179971e-04 -1.8341998155e-05  2.5400444341e-05  1.4502521643e-05  1.5245458365e-06  1.3126627496e-05  7.0156329701e-05 -7.6614475455e-05  4.1345783485e-05 -5.7425192158e-05 -3.8637267120e-05 -8.6183745147e-06 -2.4723320024e-05 -2.2313947851e-06 -2.9366910128e-05  1.2257319740e-04  6.1575033200e-05  2.7565371493e-05 -1.0741434297e-04  3.5265013501e-05 -2.7779592317e-05 -3.0068989052e-05  6.6001106603e-03  3.5330943128e-04  2.6274669332e-03  1.6037071653e-05 -1.6660841283e-05  2.5439603362e-05 -6.2422743361e-06 -2.7482648272e-06 -2.3774902028e-05  3.3123885348e-03  1.7012021075e-04  3.1085698333e-03 -6.2592638559e-03 -3.0233657449e-04 -4.8143845903e-03  4.8724365153e-05  1.8659911427e-05 -1.2541846107e-05  8.2560490980e-07  5.8369132971e-06  7.3289914321e-06 -6.9465800767e-06  4.6883015847e-06 -8.5651776109e-06  6.6918824461e-07  1.7380782664e-05  2.2531057406e-06  2.9951055162e-06  1.8483057734e-06  1.3462467012e-05 -3.1785417715e-05 -7.0755135195e-05 -8.5862803145e-06

JOB 14
COORDS  4.3017623952e+00  8.6796120608e-01  7.0130337648e-01  5.6179199412e+00  9.2876034661e-01 -1.3250163870e+00  1.6850377996e+00 -1.0166079620e+00  1.4519800889e-01  2.7843920473e+00 -1.9894171291e+00  2.0857654915e+00  5.3755745444e-01 -7.8697753495e-01  9.1415271186e-01  1.6546962880e+00 -1.7349324702e+00  2.8628860941e+00  2.8213174521e+00 -1.5823986181e+00  7.4370675812e-01  5.3366979211e-01 -1.1489399635e+00  2.2629780897e+00  4.4543108261e+00  3.3032803171e-01 -6.5592858660e-01  4.2110361098e+00  1.2786175920e+00  1.7845835605e+00  6.5250965338e+00  1.4096680750e+00 -1.8668380185e+00  3.9525803162e+00 -1.9705632617e+00 -4.2882286828e-02  4.6582288867e+00 -1.2179120841e+00 -7.2217867886e-01 -1.0010563443e+00 -1.9499252211e-01  3.6046030514e+00  1.6681366906e+00 -7.8522829804e-01 -9.1637438741e-01  3.6491475414e+00 -2.4819638516e+00  2.5203163568e+00 -3.3915404260e-01 -3.4317481411e-01  4.5404080351e-01  1.6452989988e+00 -2.0133265895e+00  3.9115719298e+00  3.5634079820e+00  5.7988819595e-01 -1.2399685889e+00
ENERGY -7.550066848108e+03
GRADIENT -1.9007631050e-03 -1.4143372693e-04 -7.2826955775e-05 -1.9587830076e-07  3.0241368968e-05 -2.5708330726e-05  5.0537966940e-05 -1.0595321482e-04  2.2157173788e-04 -5.8551706828e-05  8.2936117173e-05 -1.2575965741e-06 -3.9126499466e-06  4.1573033575e-05  1.7032891913e-05 -8.4957088850e-07 -4.7548897082e-05 -1.3389907020e-04  1.5303195859e-04  3.8423128201e-06 -1.5723430806e-04 -1.0193135162e-04  5.2890654153e-05  7.1197179988e-05  3.3259711751e-03  3.3361212822e-04  8.4203653953e-04  3.2842236097e-05 -3.1438903168e-06 -1.1580416493e-05  5.1401318811e-06 -2.5395437427e-07  4.5583533865e-06  1.6268529880e-03  5.4217114925e-05  1.6520432576e-03 -3.0113905681e-03 -2.8108180859e-04 -2.4419247825e-03 -4.4424471935e-05  5.6601644692e-06  3.1231237243e-05  4.9749326542e-05  1.4164208446e-05  1.9789245315e-07 -6.6841716573e-06 -3.8341024867e-06 -2.7496196865e-05 -8.6387778573e-06 -2.3654920073e-06  7.3188520239e-06 -5.4475928466e-06  3.3764670422e-05  2.1773268312e-06 -5.0268104792e-05 -4.3632609706e-05 -2.9182172137e-06

JOB 15
COORDS  4.5603037409e+00  8.1506938813e-01  8.2576299165e-01  5.4827013003e+00  9.7533662757e-01 -1.4094128264e+00  1.6745193801e+00 -1.0546184496e+00  9.5194714176e-02  2.7743729222e+00 -1.9441485239e+00  2.0753287664e+00  5.1908382716e-01 -8.1381717543e-01  8.4977025457e-01  1.6332590631e+00 -1.6846404353e+00  2.8353726631e+00  2.8133733041e+00 -1.5849775940e+00  7.1997502179e-01  5.0991294633e-01 -1.1329157008e+00  2.2094662245e+00  4.4761449972e+00  3.3066030195e-01 -5.5678198388e-01  4.6279835636e+00  1.1718337745e+00  1.9294574221e+00  6.2597093628e+00  1.4900108916e+00 -2.1017139920e+00  3.9669795292e+00 -1.9779429101e+00 -3.8818482640e-02  4.7209737264e+00 -1.2118104880e+00 -6.4748934589e-01 -1.0474041848e+00 -1.5860077111e-01  3.5124303560e+00  1.6584443111e+00 -8.6344887147e-01 -9.7485375356e-01  3.6432860753e+00 -2.4081085756e+00  2.5323625209e+00 -3.5973924486e-01 -3.9607875022e-01  3.6956570191e-01  1.6213904168e+00 -1.9283667406e+00  3.8925928326e+00  3.4860694725e+00  5.7025343857e-01 -9.5213598386e-01
ENERGY -7.550067305194e+03
GRADIENT -1.0957683242e-04  3.8595139071e-05  4.4715121110e-05 -3.1048217490e-05 -2.9920573748e-05 -4.0671502294e-06  6.0701101697e-05  1.0151903694e-06  8.2876881747e-05  1.0599999370e-06  4.6520072703e-05  1.1397753995e-05 -1.4011437818e-05 -2.0200899941e-06  1.4408276424e-05 -4.9581123059e-06 -1.1002078145e-05 -1.1662621653e-05 -7.0075137317e-06  1.3158423868e-05 -1.1282147973e-04 -3.3530244977e-05  1.3318486240e-05  1.2873596632e-05  2.4722520516e-04  2.3411118387e-05 -2.3430963184e-05  2.6041009009e-05 -1.2620527459e-05 -9.4990458356e-06  1.1167792709e-05  5.1240985805e-06  1.8781971508e-05  1.3635071078e-04 -5.6387448642e-05  1.2158260239e-04 -2.2715220684e-04 -1.3061270767e-05 -1.1853586549e-04  2.1276233116e-05  5.7726703543e-07 -7.5255339220e-06  1.6525778517e-05  8.7450629250e-06 -6.8635594132e-06 -8.1544419803e-06 -6.4638205402e-06 -1.2126658343e-05 -9.3214845170e-07  7.8068164193e-06 -1.4418673285e-07 -3.4664906226e-06  7.4759185496e-06  6.3968228678e-06 -2.8363984319e-05 -8.4913647360e-06 -6.8984039597e-06

JOB 16
COORDS  5.0305838647e+00  4.8906000696e-01  1.0721825063e+00  5.3718943459e+00  1.0982921788e+00 -1.2587151286e+00  1.4711111657e+00 -1.3107456263e+00 -5.1302228454e-02  2.8168403448e+00 -1.6322557594e+00  1.9513281434e+00  3.5196017362e-01 -1.0349622811e+00  7.4170600868e-01  1.6977911029e+00 -1.3641532807e+00  2.7473991512e+00  2.7075907795e+00 -1.5715293543e+00  5.5647221425e-01  4.7614919943e-01 -1.0778507275e+00  2.1330040586e+00  4.5663015283e+00  3.2415605514e-01 -3.0868841781e-01  5.3932044095e+00  5.8109997953e-01  2.1721238176e+00  5.9808109907e+00  1.7161661974e+00 -2.0303432814e+00  3.8128193999e+00 -1.9618045992e+00 -2.8402731967e-01  4.6570357778e+00 -1.1796317585e+00 -7.2954642611e-01 -1.0981584981e+00 -1.6511036789e-02  3.3575526943e+00  1.3804520964e+00 -1.3261511647e+00 -1.1341895462e+00  3.7644822295e+00 -1.8803743291e+00  2.4185841106e+00 -5.9763265437e-01 -8.0242117410e-01  2.7110198623e-01  1.7921720116e+00 -1.3859195531e+00  3.8281530390e+00  3.5241312268e+00  6.5879339742e-01 -3.6593156299e-01
ENERGY -7.550069048867e+03
GRADIENT -2.5513479974e-03 -3.4309482303e-04  8.4558986749e-04  2.3295316288e-05  5.5313013495e-05  6.0603492147e-05  5.3938760292e-05  9.7188146548e-05 -1.8234293587e-04  7.8262882884e-05  8.6677763712e-05 -2.6369598409e-05  5.7290387453e-05 -8.0418448837e-06  9.5753808529e-05 -3.2577982091e-05  3.3620520796e-06  2.9615943651e-05 -1.2260712315e-04 -8.4314818248e-05  2.4840483810e-04  2.7730105111e-05  1.6103202321e-05 -5.8854235979e-06  4.3658824113e-03  3.9049090853e-04 -3.1752029557e-04 -1.0467740874e-04 -1.0922024732e-04  4.2715614572e-05 -2.7812378742e-05 -3.7849883889e-05 -5.8866041828e-05  2.0437333528e-03 -7.4773217535e-04  2.7061715319e-03 -3.7945983417e-03  7.6125933212e-04 -3.4452219558e-03  1.5594976613e-05 -4.0280096944e-05 -9.3928237652e-06 -1.5639344387e-05 -2.3978053849e-05 -6.3637879158e-06  2.5279613347e-05 -5.8570862826e-06  1.4511437187e-05  6.9883309547e-06  4.6913948789e-06  3.6009039863e-06  1.6966288754e-05 -5.8718583510e-06  1.6908768804e-05  4.4687766282e-07 -5.8440400587e-06  1.2427974865e-05

JOB 17
COORDS  5.3867368241e+00  3.2716635789e-01  1.1172436318e+00  5.3328618852e+00  1.1296047144e+00 -1.1791629606e+00  1.3742465700e+00 -1.4411545404e+00 -9.2657273418e-02  2.8327170995e+00 -1.4604178268e+00  1.8561845530e+00  2.7371365994e-01 -1.1720114140e+00  7.2466777401e-01  1.7288731713e+00 -1.2095268194e+00  2.6811487414e+00  2.6572334759e+00 -1.5380204802e+00  4.6701875302e-01  4.6351703535e-01 -1.0708362165e+00  2.1071077026e+00  4.6820998654e+00  2.8945167497e-01 -1.6697230362e-01  5.9256931368e+00  3.0721340572e-01  2.1464825567e+00  5.8134992677e+00  1.8003118916e+00 -1.9960280368e+00  3.7392321891e+00 -1.9115210735e+00 -4.0318222647e-01  4.6772448834e+00 -1.1706495029e+00 -7.1614419836e-01 -1.1309391823e+00 -3.1588570127e-02  3.3127876486e+00  1.2427551450e+00 -1.5650774907e+00 -1.1639617004e+00  3.8115820835e+00 -1.6017939500e+00  2.3027978335e+00 -7.1223010893e-01 -1.0634371526e+00  2.8459502605e-01  1.8691272329e+00 -1.1336624171e+00  3.7544588763e+00  3.6565217023e+00  6.4642378979e-01 -1.0635177092e-02
ENERGY -7.550070442708e+03
GRADIENT -1.3321835320e-03 -2.5639555876e-04  6.4361032763e-04 -3.3643277234e-05  6.4601493723e-05 -2.3166533739e-05 -2.0868443558e-05  5.3593858851e-05 -1.8520682789e-04 -3.8762353904e-04  2.2994425597e-06 -2.0403314467e-04  2.2584328911e-05 -1.0447091776e-05  1.2005752774e-04  5.5296052352e-05  8.9179849502e-05  4.1493156034e-04 -1.2190418398e-05 -7.3253977539e-05  5.5724673216e-05  9.8812873856e-05 -3.8866415783e-05 -1.1723981195e-04  2.1320135285e-03  9.3113216750e-05 -4.0310424216e-04 -4.6693385283e-05 -1.8141541118e-05  2.5366938336e-05  5.6545304860e-06  4.9950390356e-06 -7.8653860077e-06  9.2074081032e-04 -6.1867137358e-04  1.5081107920e-03 -1.6386225983e-03  8.0266912590e-04 -1.7707901608e-03  7.7274321061e-05 -3.7510500394e-05 -6.6923278851e-05 -4.9150431010e-06 -2.2433439165e-05 -1.8572848853e-05  9.2876898418e-06  3.8450067197e-05 -3.8704622877e-06  7.1593890575e-07  1.0829033949e-05 -1.8330907331e-05 -5.3325211680e-06 -4.8505631428e-06  4.5557804844e-05  5.3020624312e-05  1.1790324105e-05  5.4008868574e-05

JOB 18
COORDS  5.6734970361e+00  2.2886179219e-01  1.1342036805e+00  5.2352405082e+00  1.1788316747e+00 -1.0613348487e+00  1.2824708790e+00 -1.4882589770e+00 -1.0880683998e-01  2.7675191434e+00 -1.2949422474e+00  1.8127665909e+00  1.7753720072e-01 -1.2387793588e+00  7.0690394242e-01  1.6591342098e+00 -1.0621464740e+00  2.6366353300e+00  2.5779499341e+00 -1.4681377783e+00  4.3164338699e-01  3.7904569619e-01 -1.0377054605e+00  2.0773468093e+00  4.7525621007e+00  2.8046596904e-01 -4.8604589944e-03  6.3652917739e+00  1.2737874072e-01  2.0623911931e+00  5.5739622185e+00  1.8942340251e+00 -1.9108773985e+00  3.6571378231e+00 -1.8218287629e+00 -4.4140097165e-01  4.6689003230e+00 -1.1379581384e+00 -6.4131814193e-01 -1.2611555818e+00 -2.9010642038e-02  3.2441454170e+00  1.1488021341e+00 -1.6882447128e+00 -1.1680853281e+00  3.7582384912e+00 -1.3569552564e+00  2.2533993404e+00 -8.1962421566e-01 -1.2236604862e+00  2.7932619587e-01  1.8045634690e+00 -9.1231381650e-01  3.7014213441e+00  3.7761406709e+00  6.3603580186e-01  3.4256790101e-01
ENERGY -7.550070918062e+03
GRADIENT  6.5779131986e-04  1.8497664513e-04 -5.3600028644e-04 -2.6527148041e-05 -1.6567064163e-04  2.8428103411e-05 -1.3030403710e-04  7.1080908763e-05 -1.5016759205e-04  3.9767382527e-05 -7.5514647140e-05  1.3320942928e-04  2.3401980332e-05 -4.3554411930e-05 -1.1103326634e-05  1.0908078155e-04  1.7944867378e-04  1.4729099353e-04 -1.0579593956e-04 -1.4408148572e-04 -9.7436972587e-05  7.3328550582e-05  1.1623179067e-04 -1.3755782365e-04 -9.6750723383e-04 -8.1271476393e-06  3.9960661978e-04 -2.9064555880e-05 -1.6123246984e-05  4.0554387658e-05 -1.3980565801e-05  3.8397127226e-05  3.7953667077e-05 -4.7952922024e-04  4.4956186837e-04 -4.7951693523e-04  8.2499014953e-04 -4.1202792109e-04  6.9782301285e-04  1.1001409125e-05 -7.8266793497e-05  2.1959213477e-05 -3.4188858822e-05 -2.3281198770e-05 -3.0749768883e-06 -2.3996363362e-05 -1.0722741449e-05  3.0582098287e-05 -5.1915217552e-06 -2.6557383770e-05 -1.1208668896e-05 -1.2783461481e-06 -4.5025642290e-05  1.7159430259e-05 -1.7388601339e-05  3.5392124850e-05 -4.0797013749e-05

JOB 19
COORDS  6.0086960045e+00  7.2607306174e-01  4.6860066945e-01  4.5775976157e+00  8.1015693750e-01 -1.5202681318e+00  1.8698073735e+00 -8.8594226483e-01  1.5939317133e-01  2.6455775535e+00 -1.9211039557e+00  2.2216430900e+00  6.6265052094e-01 -5.5495495795e-01  7.8724345698e-01  1.4495709630e+00 -1.5773741354e+00  2.8551036573e+00  2.8757562820e+00 -1.5372223596e+00  8.9218847434e-01  4.6247571026e-01 -9.0547783922e-01  2.1251660106e+00  4.7771949249e+00  2.5762321303e-01 -1.7847256340e-01  6.9612451697e+00  1.0789589141e+00  1.0314283788e+00  4.3559798227e+00  1.2048322891e+00 -2.5903420264e+00  4.0738019661e+00 -2.0057202417e+00  2.6050752402e-01  4.9122754453e+00 -1.2878330242e+00 -2.9797757370e-01 -1.1388397632e+00  1.8275299678e-01  3.2721969522e+00  2.0116924328e+00 -6.5125428678e-01 -8.9241355978e-01  3.4094397851e+00 -2.4774319321e+00  2.7572700062e+00 -1.0837822249e-01 -3.6057263513e-02  2.2723296422e-01  1.2896869006e+00 -1.8493429242e+00  3.8933166674e+00  3.9331242771e+00  5.5884833540e-01  4.5077172263e-01
ENERGY -7.550069891716e+03
GRADIENT -8.5156027249e-04 -2.5470431922e-04  1.8777578163e-03 -3.6314442678e-05  6.7954434752e-05 -1.2915818275e-04 -4.7750974510e-05  1.7541912663e-05  1.7008798721e-04 -1.5024767713e-04  3.8039911876e-05 -6.5988068186e-05  1.5537268531e-04 -1.2152038723e-04  8.5425806646e-05  8.7490418761e-05  4.5834352692e-05 -2.1488426192e-04  3.6746084970e-04  3.6879435351e-05 -3.3287549138e-04 -4.3544485329e-04 -2.9021133660e-05  1.2705948482e-04  1.5450321119e-03  2.5226653161e-04 -1.3289369920e-03 -2.3683773569e-05  2.2908729276e-05 -6.5161652666e-06 -1.0923392882e-05 -3.8301368239e-05 -1.7593394817e-05  1.6633094053e-03  9.2398935422e-05  2.3178207342e-03 -2.3236013869e-03 -2.2972500576e-04 -2.6116376737e-03 -4.1041431767e-05  1.0054518281e-04  6.0338009535e-05  2.9734892685e-06 -5.2756989290e-05  1.7714064092e-05 -1.5428098943e-06  2.1456618062e-06 -5.0212902988e-05 -4.0913480174e-06 -5.7009106349e-06  4.6765226011e-05 -3.4599405356e-05  6.0335761086e-05 -2.1181842356e-05  6.8200360567e-05 -1.9015193635e-05  5.3429194059e-05

JOB 20
COORDS  6.1506014582e+00  7.8200335053e-01  3.0922727346e-01  4.3950480769e+00  7.6844784666e-01 -1.3810866219e+00  1.9294546386e+00 -8.5942268118e-01  1.5276752604e-01  2.6113102841e+00 -1.9595568034e+00  2.2158416908e+00  7.0357817610e-01 -5.2764020120e-01  7.4347369269e-01  1.3979058355e+00 -1.6139521303e+00  2.8132767611e+00  2.8980347660e+00 -1.5423004161e+00  9.0654395095e-01  4.4987441836e-01 -9.0814773827e-01  2.0634885421e+00  4.8371910394e+00  2.5543539422e-01 -8.1759476365e-02  7.1790077283e+00  1.1880995060e+00  6.6380339125e-01  3.9896157157e+00  1.1227488930e+00 -2.4108988836e+00  4.1208567818e+00 -2.0095284322e+00  3.2359686323e-01  4.9930993791e+00 -1.2905856919e+00 -1.7956130274e-01 -1.1780150752e+00  1.7658913250e-01  3.1793201444e+00  2.1098384941e+00 -6.0040726697e-01 -8.8629969214e-01  3.3462411391e+00 -2.5426001591e+00  2.7634451208e+00 -3.9556959727e-02  1.3866765779e-02  1.6736812802e-01  1.1939407417e+00 -1.9106242190e+00  3.8368631548e+00  4.1025716421e+00  5.4451532764e-01  6.7857162592e-01
ENERGY -7.550070950188e+03
GRADIENT -1.5776011488e-04 -1.2347182516e-05  4.9144487232e-04  3.8233342955e-05 -7.0504361198e-05  3.1985131752e-05 -2.2441960902e-05 -4.7129285525e-05  4.0035870991e-05  8.8651765546e-05 -3.9756581773e-05  6.7092951551e-05  3.5378934314e-05  4.5978694481e-05  6.9650902880e-06  2.8039296634e-05  5.3143566764e-05 -1.6686311146e-04 -5.5455873835e-05  3.3763805957e-06 -3.6089134696e-05 -4.0434374665e-05  7.6154895931e-05  4.6826590939e-05  2.4831253290e-04  5.3916340583e-06 -3.5995293653e-04  7.0107983151e-06 -2.0604266484e-05  1.1831786949e-05 -1.8373760485e-05  1.5550910241e-05  2.1474608684e-05  4.2901027962e-04  5.2388046558e-05  5.9983936842e-04 -5.3182117670e-04 -4.3281648842e-05 -7.2802849844e-04 -1.0805459131e-04 -1.3974302752e-06  2.5951833147e-05  1.5131997037e-05  1.2135573349e-05 -3.2667636112e-06  2.4866978009e-06 -2.9235836969e-06  3.5686655315e-06 -1.2020288302e-05 -1.1320614847e-05  2.9872283714e-06 -8.5052226719e-06  8.2683879382e-06 -1.7337127586e-05 -4.3005039328e-05  1.5589211359e-05  7.8039577936e-06

JOB 21
COORDS  6.2456102884e+00  7.2911424196e-01  2.8692393402e-01  4.2501428299e+00  8.2951864549e-01 -1.0763233481e+00  1.8455798036e+00 -9.5422834972e-01  5.4349896383e-02  2.6030634680e+00 -1.8604753318e+00  2.1828111769e+00  6.2614272672e-01 -5.9854615146e-01  6.4469286770e-01  1.3953963988e+00 -1.4900635024e+00  2.7794727068e+00  2.8453270910e+00 -1.5507752440e+00  8.3602678174e-01  4.1356348327e-01 -8.7215616679e-01  1.9974030398e+00  4.8815800254e+00  2.1847794242e-01  9.7693292174e-02  7.3199074124e+00  1.1311654426e+00  4.6660846621e-01  3.7260346153e+00  1.2704099721e+00 -2.0149992492e+00  4.0630711984e+00 -2.0384505165e+00  2.4676478674e-01  4.9997952197e+00 -1.3213665421e+00 -1.2082661928e-01 -1.2122367824e+00  2.7010473101e-01  3.0602067357e+00  1.9992084859e+00 -7.7335896906e-01 -1.0045255652e+00  3.3623242198e+00 -2.3791643294e+00  2.7614458742e+00 -1.4056336560e-01 -1.2252791804e-01  4.2237691033e-02  1.2249897365e+00 -1.7007318295e+00  3.8302387372e+00  4.2780379033e+00  4.4338818474e-01  9.8522484487e-01
ENERGY -7.550070370191e+03
GRADIENT  1.5749406507e-04  2.0329482146e-04 -1.4719838275e-03  4.5635279182e-05  3.6645795190e-05  2.1373225709e-05 -7.1165715380e-06 -4.8778338473e-05  8.4596470154e-05  1.9683038110e-05 -5.6628274521e-05  2.7811012844e-05  1.5013611959e-05  9.6910251543e-05  1.6451191167e-05  5.4338997083e-05  4.6324257379e-05 -6.3122744633e-05 -9.4539965033e-05  3.7813581937e-05 -1.1309693936e-04 -6.7203550610e-05  2.3116106608e-05  3.5913473748e-05 -5.5024006274e-04 -2.2974726362e-04  1.1992194036e-03 -7.4254942322e-06  1.7169723883e-05 -1.0012098981e-05 -2.3441342989e-05 -3.1405953583e-06  6.9842484399e-06 -7.5716366233e-04  1.3518563798e-04 -1.6174508537e-03  1.1834001431e-03 -1.2759690585e-04  1.9571661330e-03 -1.3332156612e-05 -2.0327186724e-05  9.5574409674e-06 -2.6175266175e-05  2.6665538888e-06  1.2149522547e-05  9.0282813332e-06 -1.3117047271e-06 -7.9676322133e-06 -1.4526592302e-05 -1.7850467806e-05  3.3685500714e-06  2.1113521302e-06 -1.3894569236e-05 -4.9464725252e-06  1.4573400328e-05 -7.2277292967e-06  1.2928352714e-05

JOB 22
COORDS  6.3362993355e+00  6.6372577686e-01  2.7754794419e-01  4.1616546775e+00  8.8434669563e-01 -7.3327094846e-01  1.7418399234e+00 -1.0939141864e+00 -5.3919432061e-02  2.6637265677e+00 -1.7256789213e+00  2.1079934179e+00  5.3945088679e-01 -7.3225054174e-01  5.6339753777e-01  1.4644320312e+00 -1.3602124996e+00  2.7291607431e+00  2.8106754116e+00 -1.5564015809e+00  7.2391940131e-01  4.1116043230e-01 -8.7895958910e-01  1.9469319579e+00  4.9559768664e+00  1.6262851718e-01  2.6869312490e-01  7.4273856583e+00  1.0592535374e+00  3.0876937131e-01  3.5285276928e+00  1.4254860486e+00 -1.5432694133e+00  4.0146096239e+00 -2.0444962314e+00  9.7453961292e-02  5.0168633846e+00 -1.3536124665e+00 -1.0712663951e-01 -1.2140198920e+00  2.9533615496e-01  2.9877014326e+00  1.8430939841e+00 -1.0077297320e+00 -1.1311069050e+00  3.4762730251e+00 -2.1430509232e+00  2.6968298699e+00 -2.7723498362e-01 -3.4825694006e-01 -3.9089040257e-02  1.3617616812e+00 -1.4626573303e+00  3.8044408557e+00  4.5019134564e+00  2.9473030550e-01  1.2563193062e+00
ENERGY -7.550068926492e+03
GRADIENT -2.4506903272e-04  6.8072464861e-04 -2.7696473726e-03 -1.4938077832e-05 -9.4313951001e-06 -9.7673563517e-06 -5.8424204451e-05 -6.1559889113e-05  2.0230855726e-05  6.4070602297e-05  3.5080732651e-05  1.0287758642e-05  1.0199540002e-04  6.2965742597e-05 -7.6778099683e-06 -3.5095872068e-05 -1.1080216670e-07 -1.4844939789e-04  3.8992945543e-05 -2.8398271639e-05  4.0011803814e-06 -8.2334842118e-05  1.4074769269e-05  7.8448254322e-05 -1.1482266624e-04 -5.7718210263e-04  2.2877429390e-03  7.1242687108e-06 -4.2678154840e-06  9.3275570246e-06  1.4941581514e-05 -5.3797705902e-06 -2.9389575349e-06 -1.2445217753e-03  7.9686165330e-04 -3.3928359783e-03  1.5995580837e-03 -8.9307327788e-04  3.8551146632e-03 -3.9734053214e-05  1.6977429192e-05  7.9751336366e-06  1.4675323138e-05  9.7180211418e-07 -4.7855411227e-06 -3.4752811945e-07 -7.1374238977e-06 -2.8076772051e-07 -2.5120464960e-06 -1.4316931598e-05 -1.9896561802e-06 -8.7955414484e-06  2.5115355030e-05 -1.4616414624e-05  1.9406462224e-06  5.8430745276e-06 -1.3082951066e-05

JOB 23
COORDS  6.5008124055e+00  5.1113650939e-01  2.0181493658e-01  4.1484738944e+00  1.0310934204e+00 -5.8538131251e-02  1.5442046702e+00 -1.3565907805e+00 -1.7389401816e-01  2.7242138113e+00 -1.3789302045e+00  1.9545931126e+00  3.5800130588e-01 -1.0170342776e+00  4.7733361927e-01  1.5297814906e+00 -1.0636851514e+00  2.6148528648e+00  2.7357516215e+00 -1.4848774249e+00  5.5540742016e-01  3.6114679218e-01 -8.8714517940e-01  1.8705682295e+00  5.1249227092e+00  6.1789421198e-02  4.5094193241e-01  7.5938778449e+00  8.6280053968e-01  3.0246778343e-02  3.3588671435e+00  1.7782551963e+00 -4.6889497653e-01  3.8970575307e+00 -1.9367785700e+00 -1.5540549984e-01  4.9772597938e+00 -1.3412866218e+00 -2.2509618453e-01 -1.3368969875e+00  2.4285043273e-01  2.8251857307e+00  1.5568323945e+00 -1.5025090257e+00 -1.2498901443e+00  3.6177942751e+00 -1.5748096802e+00  2.5415791120e+00 -5.5297541263e-01 -8.7851348231e-01 -9.5526979122e-02  1.5203555624e+00 -9.7318115206e-01  3.6961037027e+00  4.9895381713e+00 -3.8373137861e-02  1.5304294361e+00
ENERGY -7.550067307872e+03
GRADIENT  2.4113477796e-05 -2.1526430591e-05  1.6263162241e-05  3.9715924091e-05  8.3499033844e-07  2.8559103610e-05  2.9417527507e-05 -1.3905556597e-05 -5.5787601225e-05  6.1674635442e-05 -3.9293383970e-06  4.6043190144e-05 -1.6203385703e-05  6.0325543036e-08  2.4743623285e-05  3.9923312975e-06  9.9661432707e-06 -9.8311074547e-06 -6.3260527466e-05  2.5114858428e-05  1.9097930551e-05  1.6150678611e-05 -1.6816717515e-05 -2.6216122163e-05 -5.8507704996e-05  4.4039745485e-05 -6.4859692343e-05  7.2473628673e-06 -3.7512392900e-06  1.9840653413e-06 -4.9479979371e-06 -1.4097198118e-05 -1.1866191897e-05 -8.9680404136e-07 -2.4385213916e-05  5.9833437062e-05 -4.0099379220e-05  2.4759108020e-05 -5.6151354947e-05  1.6236411446e-05  1.2372033447e-05 -1.7051115009e-06 -3.7583760412e-06  9.5503739866e-06 -1.1727100517e-05  1.1576113073e-05  4.3200480299e-06  4.7386519509e-06  4.6750278609e-06  6.7086789135e-06 -5.9498961484e-06  7.5906164619e-06  1.9447341307e-06 -8.1552251919e-07 -3.7864206025e-06 -1.5810071730e-05  5.8176387836e-06

