JOB 0
COORDS -9.8301075243e-01  4.3772463086e-03 -7.2114712768e-01  4.0485579636e-01  4.5558702166e-01 -1.1831197388e+00  1.9757306963e-01 -7.8829989536e-02  2.0672771531e-01  7.5200215265e-01 -1.4271609362e+00  5.9960384928e-01  3.0304796250e-01  7.8992708817e-01  1.3262538939e+00  2.1252876472e+00 -1.3592403909e+00  9.7793305569e-01 -1.7246160005e+00  7.7794591234e-01 -5.3281690166e-01 -1.3975170227e+00 -9.1464748707e-01 -1.1275018391e+00  9.4053143388e-01 -1.5968854735e-01 -1.9001281943e+00  5.7137895571e-01  1.5238224920e+00 -1.2932886010e+00  6.9793975284e-01 -2.1152047299e+00 -2.4770372137e-01  1.4156473253e-01 -1.8352200155e+00  1.4185722876e+00 -2.5105692022e-01  1.5712190555e+00  1.1803032895e+00  2.1962028846e+00 -6.5803715057e-01  1.6465471686e+00
ENERGY -3.076956344720e+02
GRADIENT -6.7252492040e-05 -9.4098163510e-06 -3.6024592823e-05 -1.6317037918e-05 -3.0005031038e-05  4.9896069021e-05  4.4292584802e-04  1.2182039186e-04 -7.9130724352e-05 -4.0393262168e-04 -1.2841388582e-04  1.2587408697e-04  5.1558979272e-04  3.4917156866e-04 -3.3327485545e-04  4.0293560214e-06  1.8228161111e-06 -1.1796790473e-05  1.8385072062e-05  9.0487411597e-06  1.4006981666e-05  1.4773903489e-05 -3.6256298933e-07 -5.1096733535e-06  1.3414186986e-05  5.3898284933e-06 -8.2133271464e-07  3.9087253907e-06 -1.7266074603e-06 -2.2616389997e-05  1.0298214254e-05 -2.8868391288e-06  5.0777869836e-06 -2.4871050385e-06 -2.6365013864e-06 -1.0278497877e-06 -5.2210811742e-04 -3.1754706910e-04  2.9796852552e-04 -1.1701354463e-05 -1.6369760289e-05  5.2967901529e-06

JOB 1
COORDS -9.7623481028e-01  2.2844751010e-02 -7.2172723796e-01  4.1135038039e-01  4.4657807958e-01 -1.2051752117e+00  2.1168629430e-01 -6.6175674099e-02  1.9490556775e-01  7.5698128487e-01 -1.4161741739e+00  5.9727065497e-01  3.4650421058e-01  8.2819132141e-01  1.2922368035e+00  2.1293413653e+00 -1.3510646115e+00  9.7889813695e-01 -1.7041349932e+00  8.1132171428e-01 -5.3996019319e-01 -1.4098714006e+00 -8.9650800860e-01 -1.1068793827e+00  9.2850778101e-01 -1.8667988171e-01 -1.9200479247e+00  5.9303506405e-01  1.5107264143e+00 -1.3246636482e+00  7.0284291641e-01 -2.1101918255e+00 -2.4545162344e-01  1.4358177004e-01 -1.8168160650e+00  1.4179589715e+00 -3.6371080291e-01  1.4856244058e+00  1.2603765380e+00  2.1998365684e+00 -6.5218227274e-01  1.6500912786e+00
ENERGY -3.076954919568e+02
GRADIENT -8.1695134125e-06 -6.0082951919e-06 -2.5583079456e-05  2.0810955310e-05 -3.5861699735e-05 -8.8942600354e-06 -1.3163668463e-04  4.1676043886e-05  7.6811748632e-05  9.0883841097e-05  1.8366983607e-05 -3.1994943614e-05 -7.3612958185e-05 -1.2984769650e-04  8.5803719779e-05  1.1621210141e-05  2.3301312988e-05 -2.7770798605e-05  1.8174566622e-05  1.1924284435e-05  3.7380741928e-06  1.3438095278e-06 -5.6610941384e-06  1.4794589939e-05  4.6492591452e-06  9.7655527615e-06 -4.6613228892e-06 -8.6483690536e-07 -6.5414570848e-07 -6.5527327396e-06 -8.2849003658e-06 -1.3732171287e-05  5.4837164393e-06  5.9928115537e-06  2.5282096032e-07  5.5826303160e-07  8.6002664487e-05  8.7217009176e-05 -8.1694789886e-05 -6.9975432355e-06 -2.7846377926e-05  1.5982466857e-05

JOB 2
COORDS -9.7785132959e-01  4.5256349479e-02 -7.3130317204e-01  4.1040032246e-01  4.4440123590e-01 -1.2279046656e+00  2.1385962424e-01 -4.8654919968e-02  1.7967253046e-01  7.5590846847e-01 -1.3971636807e+00  5.9393134701e-01  3.7229684261e-01  8.7761021421e-01  1.2487957692e+00  2.1257674044e+00 -1.3252980044e+00  9.8177466904e-01 -1.6934619852e+00  8.4634033035e-01 -5.5635804960e-01 -1.4246677293e+00 -8.7431008123e-01 -1.1004318214e+00  9.1444609288e-01 -2.0525582007e-01 -1.9373507426e+00  6.0678510397e-01  1.5045189564e+00 -1.3549752719e+00  7.0646604845e-01 -2.0989426285e+00 -2.4292978811e-01  1.4054673356e-01 -1.7934127624e+00  1.4159471093e+00 -4.4586743720e-01  1.3837574047e+00  1.3558931241e+00  2.1910350055e+00 -6.1217557606e-01  1.6387473377e+00
ENERGY -3.076958401670e+02
GRADIENT -5.3201243164e-05 -1.7586960289e-05 -2.1378658048e-05 -2.3787908374e-05  2.4195105469e-05  7.5335571514e-05 -9.4379055376e-04 -1.3715448795e-04  2.4747152847e-04  7.9476408711e-04  2.4129000077e-04 -3.7250211363e-04 -2.7692616008e-04 -1.0744143335e-03  9.7152187415e-04  1.0435140057e-05 -3.3639634692e-05  1.8140235715e-05 -8.5055779926e-06 -1.2666241712e-05  1.3173899321e-05  1.4343122073e-05  1.4236910795e-05 -3.2415217653e-05  1.5112172569e-05 -1.8305238063e-05  1.4509088615e-05  9.2285338851e-06 -8.0514941051e-06 -1.0600671355e-05 -4.1931175663e-06 -1.8933004641e-06  5.5719997209e-06 -3.9592050325e-07  4.3498231986e-06  1.2589901712e-05  4.7779793434e-04  9.7388543154e-04 -8.9890039343e-04  5.9331413444e-06  1.2115103010e-05 -1.0023703540e-05

JOB 3
COORDS -9.7989592664e-01  5.9983075509e-02 -7.4515229505e-01  4.1228047247e-01  4.3721003798e-01 -1.2433500458e+00  2.1016368274e-01 -3.9533019760e-02  1.6813000531e-01  7.4899485034e-01 -1.3862041657e+00  5.9521229932e-01  3.8286784641e-01  9.1777674351e-01  1.2080569985e+00  2.1179638164e+00 -1.3081902782e+00  9.8314840724e-01 -1.6836426509e+00  8.7246947662e-01 -5.7753893583e-01 -1.4356200686e+00 -8.5896831394e-01 -1.1046623428e+00  9.1013305691e-01 -2.2611644837e-01 -1.9443153628e+00  6.2229324451e-01  1.4936678751e+00 -1.3757372034e+00  6.9910240762e-01 -2.0975280643e+00 -2.3377611082e-01  1.3440705797e-01 -1.7762057996e+00  1.4216345132e+00 -4.8597233854e-01  1.2573022842e+00  1.4679790887e+00  2.1826297961e+00 -5.7284819448e-01  1.6156807981e+00
ENERGY -3.076967263750e+02
GRADIENT -3.9643802367e-05 -2.8294594856e-06 -1.2191815863e-05 -3.5171301226e-06 -8.1665669618e-06  3.5284156967e-05 -1.8486224100e-03 -1.3245160140e-04  4.4164948720e-04  1.3860988685e-03  3.8450385140e-04 -6.0511815129e-04  2.9274366613e-04 -1.9937103937e-03  1.7739034384e-03  9.6434219303e-06 -3.6045262380e-06 -1.4225334542e-07 -3.4474956555e-06 -8.2269236952e-06  1.1711901244e-05  1.1848054742e-05  6.5056919844e-06 -1.7930083232e-05  1.2658816740e-05 -6.5337306279e-06  8.0373515973e-06  5.1685546418e-06 -4.5814235451e-06 -1.0207759745e-05 -8.2012216876e-06 -3.3647159307e-06  7.0431147134e-06 -9.4312190688e-07  3.3688012237e-06  9.9533418542e-06  1.9559488634e-04  1.7522979752e-03 -1.6354834644e-03  6.4378887097e-06 -2.4362557027e-06  6.0991146688e-06

JOB 4
COORDS -9.8246287960e-01  6.8880107242e-02 -7.6281960476e-01  4.1443651948e-01  4.3392420336e-01 -1.2539734540e+00  2.0301066493e-01 -2.9633530993e-02  1.5856195068e-01  7.3671559439e-01 -1.3731564019e+00  6.0288912297e-01  3.7711595701e-01  9.5625398636e-01  1.1706856774e+00  2.1064233603e+00 -1.2937680089e+00  9.8686295461e-01 -1.6799132284e+00  8.8736175567e-01 -6.0218705856e-01 -1.4393410561e+00 -8.5074596700e-01 -1.1190630587e+00  9.1426538423e-01 -2.3922886176e-01 -1.9439177869e+00  6.3218650486e-01  1.4879149220e+00 -1.3915114406e+00  6.8045872931e-01 -2.0971589633e+00 -2.1481956719e-01  1.2325023406e-01 -1.7507926087e+00  1.4367630222e+00 -4.8339002887e-01  1.1256604248e+00  1.5836114918e+00  2.1793290387e+00 -5.2520294952e-01  1.5780766602e+00
ENERGY -3.076978817232e+02
GRADIENT  6.0541864665e-05 -3.2806256039e-05  3.6271572600e-06 -5.6840613301e-05  7.1781761231e-05 -6.6514701106e-06 -2.0184892393e-03 -1.6882573673e-04  4.8887322330e-04  1.4016897279e-03  3.9028367046e-04 -6.3931456528e-04  1.0792644637e-03 -2.0411457741e-03  1.8110988162e-03  2.6578142060e-05 -2.5794684165e-05  1.8881321135e-05 -2.0713431716e-05 -1.1327490962e-05  1.4614031176e-06 -2.1520173171e-05  1.4695152813e-05 -1.4042197969e-05 -5.2011267387e-06 -2.9054638843e-05  1.7036553276e-05  2.0155095293e-05 -9.4683803927e-06 -2.1377411501e-06 -1.0811965951e-05 -1.9202517470e-06  5.1732772161e-06  1.1976098411e-05  1.7054210996e-05  1.3598050846e-05 -4.4456907935e-04  1.8058506014e-03 -1.6801769449e-03  8.4397326352e-06  3.6221265228e-06 -1.1913191733e-05

JOB 5
COORDS -9.8607768240e-01  7.3483709013e-02 -7.8206029526e-01  4.1491277878e-01  4.3667074311e-01 -1.2623408007e+00  1.9442479457e-01 -1.7304881665e-02  1.4930399378e-01  7.2098497726e-01 -1.3571340124e+00  6.1238629434e-01  3.6075056561e-01  9.9082051064e-01  1.1392038476e+00  2.0921893616e+00 -1.2816300802e+00  9.9160118959e-01 -1.6826524867e+00  8.9297160867e-01 -6.2708344996e-01 -1.4377947004e+00 -8.4848959861e-01 -1.1388571890e+00  9.2322405979e-01 -2.4090915219e-01 -1.9415300450e+00  6.3273634093e-01  1.4899583020e+00 -1.4046959490e+00  6.5504925318e-01 -2.0943959450e+00 -1.9273362954e-01  1.0736536183e-01 -1.7189123509e+00  1.4540966911e+00 -4.3398217999e-01  9.9762105422e-01  1.6964914971e+00  2.1799111863e+00 -4.7909492141e-01  1.5339160458e+00
ENERGY -3.076988441901e+02
GRADIENT  7.7557089991e-05 -3.4876528801e-05  1.0820305780e-06 -5.8364608161e-05  6.5534793097e-05 -2.8006931986e-05 -1.2852912749e-03 -1.2728645990e-04  3.2966876712e-04  8.4464123892e-04  2.2847614256e-04 -4.0089509180e-04  1.0908140307e-03 -1.1319786422e-03  1.0069205859e-03  1.8787794907e-05 -2.3192060251e-05 -1.6968829636e-06 -1.6350429508e-05 -7.4506181688e-06 -1.9976478763e-06 -2.7045980789e-05  1.2566476041e-05 -5.4711385310e-06 -4.8764153625e-06 -2.8657420365e-05  1.7856648152e-05  1.8805104507e-05 -7.7309169439e-06  5.0980353614e-06  3.1465808283e-07 -6.9678987473e-06  1.2413206596e-05  1.4808387383e-05  1.8636881470e-05  1.4432886279e-05 -6.3737930105e-04  1.0293239369e-03 -9.3213440499e-04 -8.5780051866e-06 -6.1658776597e-06 -6.6681210147e-06

JOB 6
COORDS -9.8197961400e-01  6.8916429952e-02 -8.0468049531e-01  4.2440853196e-01  4.3462425161e-01 -1.2685925613e+00  1.9013705855e-01 -9.9913803535e-03  1.4123790752e-01  7.0378638080e-01 -1.3459221541e+00  6.2715410567e-01  3.4041104964e-01  1.0153132247e+00  1.1145845068e+00  2.0753950405e+00 -1.2807270873e+00  1.0082838967e+00 -1.6808698799e+00  8.8728691417e-01 -6.5816977291e-01 -1.4246117847e+00 -8.5647666286e-01 -1.1640887929e+00  9.4593275411e-01 -2.4452151548e-01 -1.9360236196e+00  6.3891861528e-01  1.4880133595e+00 -1.4159667947e+00  6.2857333722e-01 -2.0964653499e+00 -1.6477800769e-01  8.4367964427e-02 -1.6880970830e+00  1.4737360688e+00 -3.3936291934e-01  8.7866249326e-01  1.7955020114e+00  2.1843142671e+00 -4.4475918710e-01  1.4932337224e+00
ENERGY -3.076991522363e+02
GRADIENT -7.3693017516e-05  3.4810475271e-05 -1.0919001880e-05  4.8278009030e-05 -6.8117712497e-05  3.4175713612e-05  2.1244206957e-04  3.4891565275e-05 -5.4216637967e-05 -1.2930672977e-04 -4.1059281878e-05  9.4585107845e-05 -2.5835321116e-04  1.8213218111e-04 -1.9081433740e-04 -1.9343840666e-05  1.1761754119e-05  6.5732956435e-06  1.8965966948e-05  6.2162691826e-06  7.9284047625e-06  2.8808378455e-05 -1.0770412433e-05  2.5479725005e-06  1.0705963619e-05  2.1743439577e-05 -1.7142398221e-05 -5.1421322870e-06  1.2046402842e-06 -1.0505439042e-05  2.0946934831e-06  3.4014158004e-07 -6.2625251751e-06 -1.8362770664e-05 -1.7539495980e-05 -1.0183144180e-05  1.9105904839e-04 -1.7713760007e-04  1.5512427280e-04  1.0477203256e-05  2.0689682498e-07  4.2106947570e-06

JOB 7
COORDS -1.0717047282e+00 -1.8612176402e-02 -7.7853611932e-01  2.8559198493e-01  5.3599809682e-01 -1.1969551508e+00  1.1025370515e-01 -3.6796275069e-02  1.7386492930e-01  7.4770997154e-01 -1.3537625781e+00  5.4357645122e-01  1.2818596319e-01  9.1175468808e-01  1.2171771525e+00  2.9468565355e-02 -1.9951405541e+00  1.6100870373e+00 -1.8568508980e+00  7.0201979217e-01 -5.7256895836e-01 -1.4042127258e+00 -9.5059961899e-01 -1.2302667477e+00  8.6988418767e-01 -2.0920938610e-02 -1.9240455818e+00  3.8425279787e-01  1.6152514291e+00 -1.2531177377e+00  1.7535709520e+00 -1.1803061735e+00  9.3381548982e-01  8.2002066977e-01 -2.0101517075e+00 -3.3441683951e-01 -3.6462676596e-01  5.1928650724e-01  1.9577532941e+00 -8.4920353246e-01 -2.2287160857e+00  1.2691212567e+00
ENERGY -3.076997724177e+02
GRADIENT  9.9246775993e-06  7.0365892717e-06 -1.2157193257e-06  2.0424972210e-05  2.7381349668e-05 -6.6502697708e-06 -1.5598961296e-03 -4.3551429439e-04  3.1988267531e-04  9.0541063868e-04  3.8531221363e-04 -3.3022370995e-04  1.8961330628e-03 -5.9669709581e-04  5.3353906678e-04  4.2131300916e-05 -1.0567653613e-04 -2.8361184697e-06  8.3463705836e-06  7.9861257306e-06  2.2828031181e-06  9.1370465871e-06 -9.0862018065e-06  2.0732426974e-05 -1.9436281743e-05  2.7567543642e-08 -1.2653824598e-05  8.4872080980e-06 -2.4847953764e-06  1.7085765333e-06 -1.1473206355e-05  3.4380595478e-05 -4.1155201440e-06  1.0151323628e-06 -2.1361138793e-05  1.0848441053e-05 -1.2763575716e-03  6.3987570759e-04 -5.3337969067e-04 -2.6871836245e-05  5.9653767262e-05  1.2710983630e-05

JOB 8
COORDS -1.0699057540e+00 -2.6464967286e-02 -8.0478559515e-01  2.8683371993e-01  5.5228703273e-01 -1.1956468665e+00  9.9027230972e-02 -3.2744880082e-02  1.6612237128e-01  7.3803029761e-01 -1.3459600908e+00  5.4516393460e-01  7.3984104076e-02  9.0020416178e-01  1.2232631007e+00  3.9656635507e-02 -1.9492796093e+00  1.6473809663e+00 -1.8675856662e+00  6.8097151241e-01 -6.0208582700e-01 -1.3811812917e+00 -9.5816662783e-01 -1.2721175363e+00  8.9250547782e-01  1.1711020392e-02 -1.9178863531e+00  3.6962389550e-01  1.6335270754e+00 -1.2426536277e+00  1.7561626704e+00 -1.1789657628e+00  9.0658589881e-01  7.7877410080e-01 -2.0233718719e+00 -3.1804969124e-01 -2.2040817374e-01  4.0769030121e-01  2.0096418613e+00 -8.5143650065e-01 -2.1791161667e+00  1.3366184869e+00
ENERGY -3.077000100136e+02
GRADIENT -9.7941921499e-05  3.7221096531e-05  9.0986556954e-06  1.5240882582e-05 -1.0874369169e-04  3.5525388208e-05  5.8780648264e-04  1.4951195550e-04 -1.2495654489e-04 -3.4495781150e-04 -1.3963809814e-04  9.0721628730e-05 -7.5926948720e-04  1.3754542084e-04 -1.1259160893e-04  9.7211946272e-07  4.2782378143e-05 -9.9461580714e-07  1.8329335029e-06 -6.8621662689e-06  3.4119106623e-06  2.4637001763e-05  4.4573676867e-06 -2.6460109338e-05  1.9505801597e-05  2.5868615731e-05 -9.7074452923e-06 -7.7372403758e-06  4.4578843798e-06 -1.1810093618e-05  9.2492430840e-06 -2.8354558306e-05  2.0933278568e-05  2.0764796154e-05  1.9419556224e-05 -6.4261973398e-06  5.2831587055e-04 -1.3942223909e-04  1.3785912177e-04  1.0673118396e-05 -1.5343332899e-05  5.2326830903e-07

JOB 9
COORDS -1.0678392120e+00 -4.0810580040e-02 -8.3971317160e-01  2.9162833343e-01  5.5868134830e-01 -1.1917283955e+00  7.5233644434e-02 -3.7866202170e-02  1.6093231439e-01  7.1972280016e-01 -1.3467272863e+00  5.4785082552e-01 -9.9749282405e-03  8.7911287580e-01  1.2307660209e+00  5.0362722317e-02 -1.9257850819e+00  1.6798515846e+00 -1.8782888161e+00  6.5558964344e-01 -6.5003675634e-01 -1.3559321774e+00 -9.7269751075e-01 -1.3212701684e+00  9.2249184287e-01  3.1600233188e-02 -1.9026532312e+00  3.6095506606e-01  1.6413195983e+00 -1.2296813721e+00  1.7490202520e+00 -1.1824152031e+00  8.7936636217e-01  7.3389247743e-01 -2.0382965948e+00 -3.0444202110e-01 -9.0045959552e-02  3.4186795330e-01  2.0387305887e+00 -8.5971746981e-01 -2.1306201268e+00  1.4081676095e+00
ENERGY -3.076992349806e+02
GRADIENT -1.1859901897e-04 -4.1168863396e-05 -8.6410178688e-06  9.6797486136e-05  4.4265704085e-05 -5.5280691009e-06  2.8229707820e-03  8.5640268759e-04 -6.2359090538e-04 -1.5988917073e-03 -6.3376966029e-04  4.6309791731e-04 -3.8765211520e-03 -2.0460757463e-04 -6.0667435974e-05 -2.4104411020e-05  3.1723940017e-05  2.6996328520e-05  5.1097344477e-05  3.9766897092e-05  1.5529724416e-05  3.5741188034e-05 -8.1912541029e-06 -9.8497976064e-08 -1.9877180565e-05 -1.5791376561e-05  4.1981895777e-06 -3.2912603203e-05 -4.2157197306e-06 -6.9605861548e-07  2.6669669377e-06 -1.8022930014e-05 -2.2385629853e-05 -2.2450985526e-05 -1.5403386913e-06 -3.9507746778e-06  2.6447751076e-03 -3.6567359565e-05  2.3085273397e-04  1.5797257590e-05 -2.9279202487e-05 -3.5733561411e-06

JOB 10
COORDS -1.0624102899e+00 -4.6134370541e-02 -8.6675715378e-01  2.9922023476e-01  5.6901313764e-01 -1.1830855539e+00  5.3859471015e-02 -4.4330220936e-02  1.5964389539e-01  7.1152003806e-01 -1.3496355637e+00  5.4004884092e-01 -9.1193268205e-02  8.5302230653e-01  1.2426575595e+00  7.3841258036e-02 -1.9350903049e+00  1.6845563120e+00 -1.8834994368e+00  6.4056883258e-01 -6.8718988192e-01 -1.3327911031e+00 -9.7598676914e-01 -1.3621534785e+00  9.5015060172e-01  5.5098872342e-02 -1.8859338203e+00  3.5943832307e-01  1.6526051604e+00 -1.2081632044e+00  1.7477880316e+00 -1.1816799646e+00  8.4964828986e-01  7.1424736869e-01 -2.0385815830e+00 -3.1450992574e-01  5.1587386064e-02  3.3426911446e-01  2.0527006498e+00 -8.5666158906e-01 -2.0934309114e+00  1.4534821684e+00
ENERGY -3.076977336960e+02
GRADIENT  2.7590416336e-05 -3.7959054462e-05  2.5455822511e-05  1.5244024941e-05  6.4742582207e-05  1.0242789775e-05  3.7341163685e-03  1.5119751136e-03 -8.2425902456e-04 -2.1146338517e-03 -9.3185293774e-04  4.6486504103e-04 -5.0911007037e-03 -1.2920668889e-03  4.0382126256e-04 -1.6817167955e-05 -1.8321765654e-05  3.9362560146e-05 -6.0946666616e-06  2.2880752216e-06 -1.9045621676e-06 -2.4145009952e-05  9.5659009146e-06 -3.0380597211e-06 -5.7114713372e-06 -2.5461021407e-05  1.7561783784e-05 -7.6764696924e-06 -2.1571695513e-06 -4.3755275109e-06 -8.9951645238e-06  1.9508885944e-06  8.8965807176e-06 -1.6758290031e-05 -6.0747808665e-06  1.7946712682e-05  3.4920565731e-03  7.2917983559e-04 -1.4486534947e-04 -9.4142691793e-06  1.0007877226e-05  1.3712352268e-06

JOB 11
COORDS -1.0594502695e+00 -5.2750099061e-02 -8.8030062416e-01  3.0569645106e-01  5.6701261045e-01 -1.1707739917e+00  3.1771718287e-02 -5.7856852906e-02  1.6604051818e-01  7.0502550695e-01 -1.3578177832e+00  5.3900054128e-01 -1.6546966849e-01  8.2556486249e-01  1.2548848238e+00  8.2776866774e-02 -1.9738654849e+00  1.6725523340e+00 -1.8857990760e+00  6.3032181741e-01 -7.1074410583e-01 -1.3200814675e+00 -9.8164907417e-01 -1.3822607704e+00  9.6843620712e-01  5.9037118703e-02 -1.8671239805e+00  3.6298151763e-01  1.6508735345e+00 -1.1867424792e+00  1.7401723861e+00 -1.1777028819e+00  8.4824313971e-01  7.2240256836e-01 -2.0318757092e+00 -3.2786422064e-01  1.8894826242e-01  3.9142468084e-01  2.0476636944e+00 -8.6145206439e-01 -2.0792186512e+00  1.4691983443e+00
ENERGY -3.076962451486e+02
GRADIENT  8.0141956611e-05 -4.9251643051e-06  3.0376172849e-05  1.5962530157e-05  5.5144416727e-05 -8.1937442250e-05  2.6482106369e-03  1.2244435159e-03 -5.5360993890e-04 -1.6109280243e-03 -7.0676734367e-04  2.8604997071e-04 -3.4669685890e-03 -1.6110436328e-03  6.9049088457e-04 -7.5766370780e-06 -2.8721381865e-05 -5.1688095366e-06 -1.2186598737e-05  1.9574099206e-06 -9.5049322617e-06 -1.9957364272e-05 -4.1267509251e-06  1.5689333585e-05 -2.4340145249e-05 -1.0156656129e-05 -3.9999736925e-06  1.1936528485e-06 -1.5152491588e-06  2.0550438559e-05 -1.4798472341e-05  2.3258651566e-05  2.5073765727e-05  2.6631245467e-05 -4.6199878345e-06  1.0556196537e-05  2.3392553163e-03  1.0743615924e-03 -4.2735449788e-04 -4.4411364087e-06  1.9925746757e-05  3.8365136384e-06

JOB 12
COORDS -1.0581825149e+00 -5.9751740491e-02 -8.8256871383e-01  3.0924584228e-01  5.6035463244e-01 -1.1580744370e+00  1.4360355626e-02 -7.2495121708e-02  1.7623090613e-01  7.0357306425e-01 -1.3665999518e+00  5.4158494121e-01 -2.2318041033e-01  7.9985390893e-01  1.2661819537e+00  7.9102965491e-02 -2.0286594032e+00  1.6445292791e+00 -1.8869556400e+00  6.2208153137e-01 -7.1959163305e-01 -1.3145551345e+00 -9.8835095800e-01 -1.3867084555e+00  9.7744088404e-01  5.3852512338e-02 -1.8503136570e+00  3.6565699421e-01  1.6442019725e+00 -1.1692589315e+00  1.7306583552e+00 -1.1711370813e+00  8.7037175020e-01  7.5418435159e-01 -2.0168514005e+00 -3.4283939527e-01  3.1799224378e-01  4.9910312495e-01  2.0129980870e+00 -8.7186495010e-01 -2.0841981803e+00  1.4547711007e+00
ENERGY -3.076954999454e+02
GRADIENT  1.8727579836e-04 -1.9755671760e-05  1.9949360915e-05  5.3967317639e-05  1.2182101217e-04 -1.3741401224e-04  4.1323636493e-04  2.7343413606e-04 -5.7400462735e-05 -3.5784491220e-04 -1.4883501164e-04 -2.3170916448e-05 -6.8712038008e-04 -5.0727414279e-04  2.6339158691e-04  1.3647738981e-05  9.1198964650e-06  4.2765414055e-05 -1.7733245388e-05  6.2102373457e-06 -1.3333433310e-05 -4.7021242753e-05 -5.3083290807e-07  1.9169961010e-05 -3.9780405073e-05 -3.2814768311e-05  2.4879734291e-07  6.9374581036e-06 -4.7834629692e-06  2.5411799043e-05 -4.6355598208e-06  5.0477967173e-06  6.4930149347e-06 -1.4450565273e-05 -1.8140512529e-05  3.8819195424e-05  4.4732367957e-04  3.3598809198e-04 -1.6217368136e-04  4.7683081973e-06 -8.1433444519e-06 -1.5677895128e-05

JOB 13
COORDS -1.0838146264e+00 -8.9951453831e-02 -8.3056924176e-01  2.4759823523e-01  4.6952713137e-01 -1.3241542518e+00  6.4670027948e-02  5.5287645653e-02  1.1873043805e-01  7.7854085016e-01 -1.1652871883e+00  6.4052060868e-01 -5.0088317583e-02  1.0863507759e+00  1.0763214166e+00  2.0295645763e+00 -7.1953314312e-01  1.1949666783e+00 -1.9004743078e+00  6.1269343397e-01 -6.9653913244e-01 -1.3824502793e+00 -1.0859606931e+00 -1.1477239201e+00  8.5997870333e-01 -1.4761172277e-01 -1.9761220703e+00  2.9444141190e-01  1.5367154821e+00 -1.5148332988e+00  9.4194611451e-01 -1.8854171319e+00 -1.7123700457e-01  1.6925486099e-01 -1.6433530139e+00  1.4211504327e+00  7.2761831679e-01  9.9638636257e-01  1.6546456775e+00  2.3816960974e+00 -1.4206289605e+00  1.7636295590e+00
ENERGY -3.076969116303e+02
GRADIENT -7.1991070104e-05  8.7952036150e-06 -3.0441947916e-05 -4.8194342005e-05 -3.0945171917e-05  5.6543735824e-05 -3.8357414135e-03 -2.0414199403e-03  1.6161403285e-03  2.5040377154e-03  1.1177195298e-03 -8.2116302523e-04  3.6335098119e-03  3.5084926837e-03 -3.3315523567e-03 -2.8845148975e-05  9.5594797924e-07 -1.0603965686e-05  2.8911091313e-06  2.0999548752e-06  1.4153727134e-05  8.5502414061e-06  1.0667107869e-05 -1.9093907752e-05  2.1945964492e-05  1.3756237389e-05  8.6598379641e-06 -9.2679769420e-06  6.2021844827e-06 -3.0400400446e-06 -3.8967123745e-06 -1.0578294055e-05 -6.1812765278e-06 -2.2433039989e-05  1.6205527204e-05 -1.5084803771e-05 -2.1666106096e-03 -2.5691721637e-03  2.5381107519e-03 -2.2435254008e-06  1.4042542779e-06 -1.1166603032e-05

JOB 14
COORDS -1.0797472979e+00 -8.9476729145e-02 -8.4150495434e-01  2.5628824763e-01  4.8597148657e-01 -1.2999879077e+00  4.9781003333e-02  4.1509485271e-02  1.3140516914e-01  7.6265109363e-01 -1.1825076927e+00  6.4276457317e-01 -1.0583537883e-01  1.0427705840e+00  1.1128802287e+00  2.0383039609e+00 -7.4527329138e-01  1.1471445083e+00 -1.9023865630e+00  6.0613451260e-01 -7.0836961454e-01 -1.3663517466e+00 -1.0809612193e+00 -1.1820975858e+00  8.8487086132e-01 -1.1626627773e-01 -1.9502118551e+00  2.9975009969e-01  1.5565199472e+00 -1.4717501205e+00  8.9223699458e-01 -1.9156882842e+00 -1.6399192584e-01  1.7098635459e-01 -1.6396746358e+00  1.4480290735e+00  7.5727950257e-01  1.1071477866e+00  1.5585475047e+00  2.3867989618e+00 -1.4284095240e+00  1.7392172110e+00
ENERGY -3.076983649384e+02
GRADIENT -1.9809138653e-05  6.0712704300e-07 -1.5211097199e-05 -3.1216021300e-05 -1.3684178470e-06  1.4956025089e-05 -1.6812085684e-03 -1.0296536629e-03  7.0042674495e-04  1.1483907314e-03  5.3464467576e-04 -3.3409906085e-04  1.1630638762e-03  1.8156128867e-03 -1.6590791334e-03 -8.5316337126e-06  5.9945882715e-06 -5.0059723775e-07 -9.2124995147e-07 -9.3974438800e-07  5.7038210237e-06 -4.7240576288e-06  9.1201371882e-06 -1.6910959072e-05  1.1436282340e-05  1.2717571330e-06  1.0280703787e-05 -7.4600951717e-06  2.8189683232e-06  1.0932994551e-06  8.5853752085e-07 -3.1765139886e-06 -4.0870463030e-06 -1.2762763369e-05  1.1462916514e-05 -9.2435732014e-06 -5.6794938654e-04 -1.3318305444e-03  1.2911809342e-03 -4.1432652665e-06 -5.5111931456e-06 -1.0683256714e-05

JOB 15
COORDS -1.0699106171e+00 -9.6443270265e-02 -8.4797700601e-01  2.6782037444e-01  4.9743123255e-01 -1.2734094478e+00  4.3164168833e-02  2.8808708094e-02  1.4654785475e-01  7.4970904879e-01 -1.2016978626e+00  6.4903226198e-01 -1.5071844686e-01  1.0077664780e+00  1.1435120998e+00  2.0515304278e+00 -7.8878611906e-01  1.1027905643e+00 -1.9005456885e+00  5.8985250361e-01 -7.1777894782e-01 -1.3402428625e+00 -1.0851423791e+00 -1.2086540372e+00  9.1512773636e-01 -8.9911204629e-02 -1.9185457024e+00  3.0364354593e-01  1.5704067952e+00 -1.4323041397e+00  8.3641459969e-01 -1.9481027091e+00 -1.5215226781e-01  1.7262150094e-01 -1.6342251393e+00  1.4775076191e+00  7.3810431889e-01  1.2493069013e+00  1.4560364846e+00  2.3985108765e+00 -1.4668418239e+00  1.7014643850e+00
ENERGY -3.076986876572e+02
GRADIENT  3.9565954884e-06 -3.8222737427e-06  2.9732089360e-05  2.5806130050e-05  2.6281841204e-05  5.2529381680e-06  4.0646125718e-04  2.2343830453e-04 -1.6575095652e-04 -2.8529531132e-04 -1.5334405235e-04  7.0424033686e-05 -1.5299635034e-04 -4.3741145507e-04  4.0271550877e-04 -7.4553703978e-06  2.0141226116e-05 -9.8815901739e-06 -2.0627685909e-06 -2.8611171303e-06 -6.6296661509e-06  2.9121518315e-07  7.4507931636e-07 -2.9285573353e-06 -1.2543548137e-05 -9.0036891378e-06 -7.4268396303e-06  1.0127858165e-05 -3.3453213998e-06 -8.3715654732e-06 -2.2878940247e-06  5.8186954074e-06 -3.7278403057e-06  3.5372302739e-06  2.2115612412e-06  6.5360839140e-06  2.3136085526e-05  3.3593353300e-04 -3.2033382122e-04 -9.7546519599e-06 -1.1114093133e-05 -3.5198686224e-06

JOB 16
COORDS -1.0552428255e+00 -1.0302081866e-01 -8.4375375021e-01  2.8038196219e-01  5.1090585172e-01 -1.2426487593e+00  4.7439543277e-02  2.0903846193e-02  1.6681699547e-01  7.4779846581e-01 -1.2182245154e+00  6.5657635746e-01 -1.7296949831e-01  9.8049960647e-01  1.1781745744e+00  2.0737841834e+00 -8.3847466988e-01  1.0626730845e+00 -1.8942889166e+00  5.7257240860e-01 -7.1310756906e-01 -1.3090699291e+00 -1.0891873393e+00 -1.2224812470e+00  9.4531700904e-01 -6.0242255820e-02 -1.8840708368e+00  3.0508797159e-01  1.5859501631e+00 -1.3916926361e+00  7.8881641444e-01 -1.9731168688e+00 -1.4100963644e-01  1.8496778244e-01 -1.6298568413e+00  1.5049405993e+00  6.8563781107e-01  1.3999369174e+00  1.3523536126e+00  2.4184413069e+00 -1.5183520612e+00  1.6605476733e+00
ENERGY -3.076980169737e+02
GRADIENT  2.1842900670e-05  2.5593358173e-05 -1.3796230620e-05  2.0585072507e-05 -1.3437851380e-05  2.9578415088e-06  1.8059538477e-03  1.2775251141e-03 -7.4963812991e-04 -1.3359505507e-03 -6.3675858410e-04  3.3343392743e-04 -3.4866645728e-05 -2.2390798024e-03  2.0937144494e-03 -3.8473160081e-05 -9.1653624607e-06 -3.0052205621e-06 -9.5840554489e-07 -9.4858687299e-07 -3.1571000942e-06  7.4532436950e-06 -1.1154200725e-05  1.6666815721e-05 -4.9948116558e-06  6.1923436347e-06 -1.2413997297e-05  7.8967873932e-06 -1.8668453157e-06 -1.2714918018e-05 -1.1881960193e-05 -7.1601051422e-06  4.1055300321e-07 -1.6297916194e-06 -1.9850172953e-05  2.3546735114e-06 -4.5786727714e-04  1.6179585724e-03 -1.6488118778e-03  5.0962960307e-06  6.3259112812e-06  4.1977975023e-06

JOB 17
COORDS -1.0662709483e+00 -6.2279169220e-02 -7.7813669123e-01  2.6621052805e-01  5.1466570193e-01 -1.2426472458e+00  1.1340214955e-01 -4.2713347071e-02  1.4910306527e-01  7.7427265665e-01 -1.3466541752e+00  5.3979957739e-01  3.5278695977e-02  8.7761415129e-01  1.2265340602e+00  2.0866966049e+00 -1.1503818756e+00  1.0755298207e+00 -1.8628388480e+00  6.4056029696e-01 -5.5622265438e-01 -1.3895793836e+00 -1.0163683401e+00 -1.1859458403e+00  8.5569492556e-01 -4.9042632081e-02 -1.9601437084e+00  3.2509563008e-01  1.5942676243e+00 -1.3478683136e+00  8.9283844657e-01 -1.9897603216e+00 -3.3631810368e-01  1.3772097072e-01 -1.8703456047e+00  1.2667341234e+00  8.4598992521e-01  1.4102555779e+00  1.2057944705e+00  1.9743165872e+00 -7.4856408968e-01  1.9513248625e+00
ENERGY -3.076979806187e+02
GRADIENT -1.0720096785e-05 -2.8953073650e-05 -1.9422864611e-05 -4.4123276940e-05  2.9893771575e-05 -5.7835528085e-05  2.4563749009e-04  6.4012957487e-05  3.5007258596e-05 -1.4900982465e-04 -1.4149234847e-05  1.5288195315e-05  3.5857217183e-05 -1.2926552147e-04  6.7285918509e-05  2.3881099971e-05 -1.5954025027e-05  1.3011573787e-05 -5.7174054096e-06 -5.0805589633e-06  1.1479074733e-05 -1.3440719128e-05  1.6618672462e-05 -2.1984654141e-05  2.7401009236e-06 -1.1216191962e-05  2.1425987414e-05 -1.6277031236e-05  5.7575546862e-06  2.7938072044e-05  1.3033912410e-05  9.4290990570e-06 -3.0008691886e-06  1.4570033522e-06  8.0874115360e-06 -5.7591812922e-06 -7.7810241145e-05  1.0225387170e-04 -7.7113344550e-05 -1.7324736873e-06  1.4030632531e-05 -9.6054429428e-06

JOB 18
COORDS -1.0527628957e+00 -5.8520573158e-02 -7.7030645916e-01  2.8809213988e-01  5.1321639196e-01 -1.2183671022e+00  1.2546844350e-01 -6.0773501902e-02  1.6273667566e-01  7.6781571298e-01 -1.3768585559e+00  5.4169641764e-01  6.8906798930e-02  8.3583225628e-01  1.2647064759e+00  2.0897595131e+00 -1.2079300754e+00  1.0555469806e+00 -1.8443850013e+00  6.4845685078e-01 -5.4367515861e-01 -1.3819732421e+00 -1.0033191687e+00 -1.1946901410e+00  8.8026589428e-01 -4.4637344683e-02 -1.9380994804e+00  3.5492392995e-01  1.5938107170e+00 -1.3156079533e+00  8.5707237858e-01 -2.0231223437e+00 -3.3545011052e-01  1.2995616080e-01 -1.8851163371e+00  1.2792142391e+00  7.5145808990e-01  1.5104406587e+00  1.1295142833e+00  2.0004776957e+00 -6.8845418632e-01  1.8709893962e+00
ENERGY -3.076977541661e+02
GRADIENT -3.8310668960e-05 -2.2229732951e-05 -4.9141529922e-05 -3.5256172855e-05 -6.9106205928e-06  2.0376126572e-05  5.7735378765e-04  3.6885688143e-04 -2.3746042216e-04 -4.7382767035e-04 -1.5836377066e-04  1.2871716458e-04  4.6241488291e-04 -6.2972603000e-04  5.0579903325e-04  1.5452282893e-05  7.5975561768e-06 -2.4660955513e-06 -6.6905607372e-07 -6.0807432670e-07  1.2264316614e-05  2.4651728294e-06  1.0442752269e-05 -1.7059921383e-05  1.1669086721e-05  6.9429468892e-06  7.7117875131e-06 -2.8235407091e-06  7.1199623787e-06  6.1039273858e-07  2.3455476391e-06  2.2189332879e-06  3.4003105283e-06 -2.0343224085e-06  1.6945751770e-05  9.5128846230e-07 -5.2278750621e-04  4.4917392356e-04 -3.7765722278e-04  1.6307450943e-06 -4.0006280721e-06 -1.2454061167e-06

JOB 19
COORDS -1.0432770117e+00 -4.4865636933e-02 -7.6496390934e-01  3.0624246647e-01  5.2047555738e-01 -1.1988625958e+00  1.3263020331e-01 -6.6861603910e-02  1.7328329498e-01  7.6433937464e-01 -1.3905892015e+00  5.4082162455e-01  1.0172785404e-01  8.0430072614e-01  1.2984961683e+00  2.0956176930e+00 -1.2370084945e+00  1.0293105596e+00 -1.8308442774e+00  6.6658401530e-01 -5.3725703536e-01 -1.3787907928e+00 -9.8098788338e-01 -1.2035148183e+00  8.9983329337e-01 -3.2623074120e-02 -1.9210221078e+00  3.8209332708e-01  1.6017737513e+00 -1.2891311378e+00  8.2629517967e-01 -2.0384825952e+00 -3.3737629363e-01  1.3203409071e-01 -1.8884367746e+00  1.2907161710e+00  6.0963883382e-01  1.5989603395e+00  1.0786625221e+00  2.0331775905e+00 -6.3706065366e-01  1.7910208188e+00
ENERGY -3.076973338444e+02
GRADIENT -1.5736176053e-05  3.8506761554e-05  2.1587130822e-05 -1.9765429792e-07 -1.4119925318e-05  1.4571633414e-05  5.9568144653e-04  4.0622374021e-04 -2.9465715545e-04 -5.3724249567e-04 -2.3004260613e-04  1.5608162945e-04  7.2188742757e-04 -5.8799010504e-04  4.6983709254e-04 -1.3039403650e-05 -5.9444621326e-06  1.0652535342e-05  1.0953849230e-06 -8.1258803147e-07 -1.2611301566e-06  1.9411770192e-05 -7.2256643163e-06  5.3079571387e-06 -6.5555699689e-06  1.3876734054e-05 -1.4111031500e-05  3.2875101502e-06  3.1430254086e-06 -1.2796554081e-05  3.6901773759e-06  1.4823577244e-05 -1.3302628322e-05  4.9147923223e-06 -1.4963119794e-05 -9.6763736126e-06 -7.8012523763e-04  4.1705812916e-04 -3.4426594303e-04  8.4610898223e-06  1.5520821232e-05 -8.6473094213e-06

JOB 20
COORDS -1.0312956983e+00 -4.7913627660e-02 -7.5553789111e-01  3.3375787656e-01  4.9507122484e-01 -1.1743970867e+00  1.3626973984e-01 -9.1104578140e-02  1.9403567484e-01  7.4948602714e-01 -1.4216567545e+00  5.6354296620e-01  1.3284664199e-01  7.6410119207e-01  1.3320481915e+00  2.0942277144e+00 -1.2877394181e+00  1.0173179006e+00 -1.8101893561e+00  6.7700399727e-01 -5.3892501185e-01 -1.3799864894e+00 -9.7607625297e-01 -1.2007464606e+00  9.2680768348e-01 -6.4927303222e-02 -1.8916009515e+00  4.2979091823e-01  1.5753071648e+00 -1.2637733728e+00  7.7535304029e-01 -2.0810008612e+00 -3.0773339091e-01  1.2486690155e-01 -1.8961697228e+00  1.3349526006e+00  4.3910138008e-01  1.6413725531e+00  1.0599277301e+00  2.0691793804e+00 -6.3090959018e-01  1.7332858671e+00
ENERGY -3.076969415577e+02
GRADIENT  4.2953307860e-05  3.7665870323e-05 -7.4189216626e-05 -2.2260772269e-05 -2.1244856366e-05 -1.2849891559e-04  5.0757333961e-04  1.9719862309e-04 -5.8740033913e-05 -5.0958661494e-04 -1.2137034724e-04  5.5161275638e-05  6.5501253015e-04 -2.6568817455e-04  2.1619369782e-04  4.7848015043e-05 -3.5952100461e-05  3.9799149248e-05  5.0360851296e-06  6.3452181530e-06  1.6477631616e-05 -1.5430839758e-05  5.1572544218e-06  1.2270713842e-05  1.0517491933e-05  7.8796617638e-06  1.6356336133e-05 -3.9247607624e-05  9.5213362923e-06  5.2866728285e-05 -1.9812768551e-05  8.1149367360e-06 -1.5247749051e-05  2.7461539327e-05 -1.1769889497e-05  3.3581536672e-06 -6.9614778584e-04  1.9084419553e-04 -1.5945370824e-04  1.5693833192e-05  3.6806210865e-05 -1.9632709488e-05

JOB 21
COORDS -1.0186137598e+00 -4.2805280991e-02 -7.4221414560e-01  3.5847814198e-01  4.7665465872e-01 -1.1584402464e+00  1.4580940412e-01 -1.0242236181e-01  2.1045997423e-01  7.4293335006e-01 -1.4381649867e+00  5.8404817806e-01  1.7060651134e-01  7.4314428530e-01  1.3544163446e+00  2.0982526187e+00 -1.3219330896e+00  1.0093019168e+00 -1.7886895401e+00  6.9495630583e-01 -5.3558505301e-01 -1.3816660760e+00 -9.6549088202e-01 -1.1875351017e+00  9.4334782500e-01 -9.4256742651e-02 -1.8737049473e+00  4.7548470129e-01  1.5547268997e+00 -1.2501978555e+00  7.4005900876e-01 -2.1059680035e+00 -2.8092526822e-01  1.2477908463e-01 -1.8931913189e+00  1.3722762535e+00  2.5523142295e-01  1.6630681274e+00  1.0633236547e+00  2.1060664516e+00 -6.3131515672e-01  1.6931993600e+00
ENERGY -3.076966461910e+02
GRADIENT -8.0783592747e-05  1.4114659834e-04  1.1704603461e-05  2.2591471559e-05 -1.5352895817e-04 -1.7421795358e-04  4.9271181824e-04  2.5021006059e-05 -7.1427598572e-05 -4.2224064906e-04 -6.0255512194e-05  6.3532489147e-05  5.5246280054e-04 -1.0325716922e-05  1.0060411660e-04  3.8755764026e-05 -1.9182042741e-05  3.9259676627e-05  2.8014325757e-05 -2.2333348373e-05  2.5345602718e-05  1.1653308437e-05 -2.0464272215e-05 -3.4344997209e-05  6.5450620442e-06  2.5131688979e-05  2.0564244603e-05 -5.1477680984e-05  2.7789438472e-05  3.5900158318e-05 -1.3504905444e-05  5.0363901432e-05 -1.8730615164e-05 -5.7288993562e-06 -2.6417723891e-05 -2.1566137353e-05 -5.8295465926e-04  3.5713993590e-05 -1.0300432248e-05  6.3426234144e-06  2.8990253540e-05 -1.7670958508e-05

JOB 22
COORDS -1.0056720325e+00 -2.9460807620e-02 -7.3187646123e-01  3.7891457142e-01  4.6774062982e-01 -1.1556775774e+00  1.6018628594e-01 -1.0064473985e-01  2.1709429274e-01  7.4293569960e-01 -1.4410930077e+00  5.9577625912e-01  2.1216342145e-01  7.4308468939e-01  1.3598467060e+00  2.1073365558e+00 -1.3423364825e+00  9.9586621333e-01 -1.7675224654e+00  7.1982499482e-01 -5.3321187937e-01 -1.3843772562e+00 -9.4921415422e-01 -1.1701993849e+00  9.5008318457e-01 -1.1641746889e-01 -1.8713502684e+00  5.1530667815e-01  1.5428363825e+00 -1.2514334890e+00  7.1576590030e-01 -2.1168849145e+00 -2.6246188051e-01  1.3099190836e-01 -1.8780020127e+00  1.3988482839e+00  6.9103107722e-02  1.6608740643e+00  1.0836245460e+00  2.1444746739e+00 -6.3735200264e-01  1.6636983825e+00
ENERGY -3.076963633581e+02
GRADIENT  1.8433200788e-05  9.7757429467e-05  7.3253319013e-05  3.0152953352e-05 -5.7481603474e-05 -4.2695061572e-05  3.0407560410e-04  1.7657950346e-04 -1.6349692006e-04 -3.3830912546e-04 -1.7811530859e-04  1.6257577472e-04  7.1796510194e-04  7.0498949733e-05 -7.5086171294e-05 -5.0252672983e-05  1.7721629418e-05 -1.1467664105e-05 -1.7204044201e-06 -1.4283711237e-05 -2.9679291340e-06  1.4402296518e-05 -1.7387523762e-05  2.6754045244e-06 -6.9549922695e-06  9.2937149036e-06 -6.5856177519e-06 -6.5423039752e-06  8.2362270770e-06 -9.7457888129e-06  2.3830025285e-05  6.6670727233e-06 -1.3145487355e-05 -1.8859688279e-05 -4.0817638371e-05 -2.3218325789e-05 -6.7577938397e-04 -9.0557426139e-05  8.8966044477e-05 -1.0251803460e-05  3.5803064592e-06  8.4629894387e-07

JOB 23
COORDS -9.9343438572e-01 -1.1863661497e-02 -7.2678926048e-01  3.9364607063e-01  4.6663538545e-01 -1.1651520259e+00  1.7764303083e-01 -8.7699334729e-02  2.1456899659e-01  7.4812510561e-01 -1.4310752902e+00  6.0007450459e-01  2.5240640095e-01  7.6391649872e-01  1.3494154102e+00  2.1204150807e+00 -1.3486578246e+00  9.7850464623e-01 -1.7482580519e+00  7.4703002672e-01 -5.3441222215e-01 -1.3867828631e+00 -9.3135368433e-01 -1.1526042496e+00  9.5028364211e-01 -1.3072282186e-01 -1.8813578787e+00  5.4368863675e-01  1.5388568286e+00 -1.2659263241e+00  7.0000846977e-01 -2.1153297532e+00 -2.5048686959e-01  1.4236879052e-01 -1.8500668012e+00  1.4170225134e+00 -1.1007525608e-01  1.6333788794e+00  1.1212304195e+00  2.1826312196e+00 -6.3981581371e-01  1.6400559078e+00
ENERGY -3.076960082863e+02
GRADIENT  3.9199599034e-05  4.7379361627e-06  2.7816901067e-05  1.2572571275e-05  1.9010245360e-05 -5.5749704964e-06  4.5704090163e-04  1.4258656575e-04 -1.9362990061e-04 -4.9751515180e-04 -1.8359695798e-04  1.4471632920e-04  8.0553019661e-04  2.7585826655e-04 -2.3641660436e-04 -5.6309427318e-06 -2.0444874175e-05  2.5376330302e-05 -1.3027048427e-05 -6.6201824744e-06 -1.6866011776e-05 -4.6520253495e-06 -7.1582755496e-08  1.8559608447e-06 -4.5844597592e-06 -7.3405866948e-06  4.1735197669e-07 -5.5243860236e-07 -3.0071959628e-06  1.0697263545e-05 -1.8536718376e-05  1.9056025189e-06 -3.9560690572e-06  1.5249075986e-06  8.4311597709e-07  7.0920282736e-06 -7.8680586505e-04 -2.6295021528e-04  2.5077754912e-04  1.5543570237e-05  2.2424554707e-05 -1.1290668138e-05

