JOB 0
COORDS -7.1997549276e-01 -1.0526847680e-01 -1.0665158461e+00  5.4379654123e-01  7.3536431976e-01 -9.2129688183e-01 -4.4434362969e-02 -4.7098128860e-03  2.6230222781e-01  6.5846214849e-01 -1.2112380561e+00  8.7922700341e-01 -7.4125104875e-01  7.6644221291e-01  1.2228753780e+00  1.6339810405e+00 -1.8187745120e+00  3.4754043440e-02 -1.6644014101e+00  4.1837443776e-01 -1.1741059600e+00 -6.3237293392e-01 -1.0476727316e+00 -1.5990523316e+00  1.4467851848e+00  3.6633100166e-01 -1.3986306651e+00  4.2576335737e-01  1.8148524691e+00 -9.2547277100e-01 -7.5359980151e-02 -1.9893213851e+00  1.1044368869e+00  1.1106321473e+00 -8.9801526345e-01  1.8336282088e+00 -8.4492135810e-02  1.2547898735e+00  1.7455580639e+00  2.3692387311e+00 -1.1952970541e+00 -6.5856781455e-02
ENERGY -3.076948730068e+02
GRADIENT  3.5168501999e-05 -8.9316551355e-05 -7.9121523337e-05 -1.2983328254e-04 -3.0449693727e-05  1.0122930478e-05 -1.5873698976e-03 -9.1344964640e-04 -9.0961936091e-05 -1.3974385915e-03 -1.2931293782e-03 -9.2843382606e-04  1.5880370970e-03  1.0361153300e-03  3.2247346736e-04  1.4070036476e-03  1.1950585953e-03  7.5294189160e-04  1.6805678188e-05  2.8776362861e-05  3.5559433625e-05  8.0231964699e-06  4.9805386017e-06 -1.3586978055e-06  2.1357401154e-05  7.9252939943e-06  2.4912474027e-05  3.8062943042e-05  6.6609560537e-06 -7.4459541867e-06 -1.3448878371e-05  1.1610937412e-05  5.2070165991e-06  2.8724933475e-05 -5.8519571810e-06 -1.2858024481e-05 -4.3639565185e-06  9.3130643196e-06 -7.3419902439e-06  5.4035713956e-06  8.7432276591e-06 -1.0887186620e-05

JOB 1
COORDS -7.7988381672e-01 -9.7403398430e-02 -1.0370631720e+00  5.2426658141e-01  6.8469902461e-01 -9.5370784064e-01 -4.3780607120e-02 -2.2865293661e-02  2.6196810546e-01  6.4727934200e-01 -1.2564683648e+00  8.5180703568e-01 -6.6964230910e-01  7.8928619662e-01  1.2387234248e+00  1.7862207125e+00 -1.7097082483e+00  1.2173215225e-01 -1.7042921006e+00  4.6672840418e-01 -1.1082258313e+00 -7.6052336817e-01 -1.0456170218e+00 -1.5669794111e+00  1.3881577708e+00  2.6666803332e-01 -1.4609050771e+00  4.5285623550e-01  1.7683294657e+00 -9.6124080224e-01 -4.2579497041e-02 -2.1034174709e+00  8.8107241294e-01  9.2174687807e-01 -1.0207862801e+00  1.8912515306e+00  2.6903602101e-02  1.2522922957e+00  1.7320151068e+00  2.4456949755e+00 -9.9891265886e-01  1.3294559280e-01
ENERGY -3.076933870260e+02
GRADIENT  6.5478240271e-06  6.2975381212e-05  4.4553842740e-05  8.9116482682e-05 -3.2601869512e-06 -5.8553902734e-06 -2.2906270338e-03 -1.2787729735e-03  1.8551616909e-04 -1.1669810605e-03 -1.4384686594e-03 -1.7652262338e-03  2.0046140218e-03  1.2694737087e-03  2.4928831457e-04  1.4175117927e-03  1.3781233518e-03  1.3423135860e-03  3.3484651507e-06 -3.9921070919e-06 -1.8223179319e-05 -1.7341436829e-05 -9.7523003940e-06  2.9537998754e-06 -1.5641697688e-05  7.9681209398e-06 -2.7090063639e-05 -7.1434251792e-06  1.2477398580e-06  2.1547509549e-08 -6.5181698433e-06 -9.3440054620e-06  5.3980860173e-06 -3.3635996053e-05 -1.0858058530e-05  1.2505710428e-05  7.0391981104e-07  3.4923522151e-06  2.7719100597e-06 -1.1221125180e-05  1.7283966151e-05 -3.2837689417e-05

JOB 2
COORDS -8.3915600114e-01 -8.2451872719e-02 -1.0073307907e+00  5.0107880199e-01  6.3661994977e-01 -9.9720007275e-01 -3.5200790539e-02 -2.7435229191e-02  2.5566162798e-01  6.4162233932e-01 -1.2888002593e+00  8.1173031301e-01 -5.8554668562e-01  8.2113928645e-01  1.2487523397e+00  1.9119027530e+00 -1.5978232545e+00  2.3395985166e-01 -1.7361711148e+00  5.2777903078e-01 -1.0380625068e+00 -8.9780670421e-01 -1.0359259335e+00 -1.5246656932e+00  1.3288346901e+00  1.6609677498e-01 -1.5183457958e+00  4.7939010164e-01  1.7222550509e+00 -1.0243532876e+00  2.4454470402e-02 -2.1724905055e+00  6.3406583993e-01  7.2957914512e-01 -1.1611956658e+00  1.8999373890e+00  1.4605036487e-01  1.2880731754e+00  1.6838834900e+00  2.4947732476e+00 -8.3470277031e-01  3.7088465441e-01
ENERGY -3.076920990625e+02
GRADIENT  5.6745944348e-05 -2.2184610556e-04 -2.5319296227e-04 -1.8085544580e-04 -1.4688901235e-05  1.5096850206e-04 -1.6505774661e-03 -3.3955875181e-04  2.7702229892e-04 -4.1362452627e-04 -9.8963482268e-04 -1.3671566650e-03  1.3564229016e-03  5.7224374073e-04  1.9088139161e-04  6.8085627044e-04  7.6358078327e-04  1.0429609411e-03  5.2801246310e-05  7.9354895934e-05  9.4699362624e-05 -1.0472053098e-05  1.3188544041e-05  2.9104651021e-06  3.6209221152e-05  1.2444631894e-06  3.8159598205e-05  5.7775550894e-05  3.2927833174e-06 -9.0754768304e-05  1.4808418785e-05  1.3515851389e-05 -2.3687381033e-05  3.0008938605e-05  3.8468508374e-05 -1.1744587054e-05 -2.9663757570e-05  5.7478968508e-05 -2.0417823036e-05 -7.3604185590e-06 -2.5636039270e-06 -1.1894569950e-05

JOB 3
COORDS -8.9770886997e-01 -7.2358900965e-02 -9.6774253016e-01  4.6636395998e-01  5.9403780155e-01 -1.0442672765e+00 -1.5064346248e-02 -3.2908157645e-02  2.4642429839e-01  6.5036222136e-01 -1.3140428541e+00  7.6087749342e-01 -4.8687215111e-01  8.4286119266e-01  1.2591095242e+00  2.0162242146e+00 -1.4885685085e+00  3.6537282616e-01 -1.7702168971e+00  5.7296060755e-01 -9.5212323070e-01 -1.0288388194e+00 -1.0270534980e+00 -1.4689804557e+00  1.2571249941e+00  8.6789891137e-02 -1.5879333650e+00  4.8186717388e-01  1.6793352189e+00 -1.0881735790e+00  1.3881488012e-01 -2.1991126543e+00  3.7627918530e-01  5.5253674077e-01 -1.3214297523e+00  1.8546037161e+00  2.7350015289e-01  1.3257650984e+00  1.6209918301e+00  2.5202331332e+00 -7.1607591336e-01  6.6541588882e-01
ENERGY -3.076917075086e+02
GRADIENT  5.7529027339e-06  9.9710700847e-05  7.8125761883e-05  6.5657010462e-05 -1.5662349471e-05 -5.9558466172e-05  3.4059676347e-04  8.0805213296e-05 -1.1737485027e-04  2.7716881795e-05  1.6570257170e-04  3.9271843502e-04 -2.7741406627e-04 -1.2892452156e-04 -2.4794756274e-06 -1.1421463612e-04 -1.6698071433e-04 -2.6329275766e-04 -2.9941076911e-05 -3.3809475563e-05 -3.6911606875e-05  9.8433151604e-06 -7.1450274313e-06  2.1156887952e-06 -7.6780666170e-06  1.0740133488e-06 -6.5630530806e-06 -2.7168306144e-05 -1.7118433069e-07  3.9371549512e-05  9.2352772707e-06 -2.1499842448e-06 -8.2754460174e-06 -1.2227820323e-05  5.3659857658e-06  2.7631616116e-06 -4.2421035583e-06  9.1855797383e-06 -1.1472141167e-05 -5.8441132032e-06  3.5556899775e-07 -6.2395712780e-06

JOB 4
COORDS -9.5485455132e-01 -6.1389321052e-02 -9.1955935561e-01  4.1771277071e-01  5.6767587561e-01 -1.0960123626e+00  1.6020299206e-02 -2.7209937375e-02  2.3084426915e-01  6.7133861772e-01 -1.3211740963e+00  7.0081944940e-01 -3.6762805682e-01  8.6387761067e-01  1.2693602013e+00  2.0925687180e+00 -1.3820031671e+00  5.1069663101e-01 -1.8049574624e+00  6.0940680029e-01 -8.4771819084e-01 -1.1515935216e+00 -1.0151957368e+00 -1.4002760034e+00  1.1669644941e+00  3.6014664765e-02 -1.6742408690e+00  4.5873500567e-01  1.6512156951e+00 -1.1628761573e+00  2.8928382531e-01 -2.1676867267e+00  1.2591023750e-01  4.0224662566e-01 -1.4773893534e+00  1.7530984869e+00  4.0190266590e-01  1.4063086212e+00  1.5047567579e+00  2.5074888735e+00 -7.1256183941e-01  1.0763945435e+00
ENERGY -3.076926026792e+02
GRADIENT  7.9818054322e-06  3.2384217926e-05  4.5453783639e-05  3.6046432621e-05 -5.3636664786e-06 -3.1385503601e-05  2.9785516367e-03  1.1164225485e-03 -1.0370728139e-03 -3.9871407694e-04  9.5316446441e-04  3.1640736019e-03 -2.2414091192e-03 -1.0929176296e-03  1.0918466921e-04 -3.4520932449e-04 -1.0036052489e-03 -2.2416150108e-03 -1.5386234746e-05 -1.7023089158e-05 -1.9482458696e-05 -5.0378062208e-07 -2.5446236865e-06 -3.7640517764e-06 -4.5629983107e-06 -5.8477315631e-06  7.1564272392e-07 -1.5057399749e-05 -2.3929728655e-06  1.8517003307e-05  7.0432039706e-06 -5.5114660921e-06  1.9956615481e-06 -1.1069065048e-05 -9.9619993325e-07 -1.6887825778e-06 -1.7227690909e-06  1.7926642436e-08 -3.4542398793e-06 -2.5074743520e-06  4.6538674429e-07 -5.4705687156e-06

JOB 5
COORDS -9.9837766621e-01 -5.4893763337e-02 -8.7511344600e-01  3.6943305840e-01  5.5267657580e-01 -1.1482817996e+00  5.2175592759e-02 -2.4886077747e-02  2.0518034355e-01  7.0021014442e-01 -1.3244801508e+00  6.3935363581e-01 -2.3585132605e-01  8.7371627584e-01  1.2682367003e+00  2.1350363364e+00 -1.2864547563e+00  6.6932464415e-01 -1.8302651037e+00  6.3016879000e-01 -7.4767539512e-01 -1.2448443781e+00 -1.0067655979e+00 -1.3364150977e+00  1.0705308549e+00  9.1623081640e-03 -1.7743908707e+00  4.2238329220e-01  1.6346358388e+00 -1.2306316470e+00  4.6180629077e-01 -2.1125110813e+00 -7.9321452091e-02  2.8836215773e-01 -1.6139905485e+00  1.6142013779e+00  5.3109823531e-01  1.4563011631e+00  1.3856873661e+00  2.4087604212e+00 -7.6390132721e-01  1.4388066508e+00
ENERGY -3.076946576045e+02
GRADIENT -1.0083009253e-04 -5.2362533251e-05 -5.6902667069e-05 -3.3522698920e-05 -2.6821285216e-05  1.0006461462e-04  4.6532922879e-03  1.7095996870e-03 -1.8659215391e-03 -1.4182774338e-03  8.5444479302e-04  4.8011137240e-03 -3.2366881201e-03 -1.5010214629e-03  4.0578939683e-04  7.2100266254e-05 -1.0641602049e-03 -3.3465980735e-03  2.4791881191e-05  1.6665881931e-05  1.9152929528e-05  3.6450405351e-05 -5.1609444568e-06  1.8063396842e-06  1.2865567462e-05  1.6980437510e-05 -7.4202916884e-06  7.2184050310e-06  1.7977015329e-06 -2.4786090839e-05 -1.2174009257e-05  4.3209885807e-06 -2.3350990399e-06  2.2970139174e-05  1.5981324898e-05  1.1348111735e-05 -1.4182104971e-05  2.3966781657e-05 -7.9455710397e-06  2.5812967841e-06  5.3775909755e-06 -8.3899250772e-09

JOB 6
COORDS -1.0258032485e+00 -6.1244575267e-02 -8.2875638719e-01  3.2682174195e-01  5.3681536307e-01 -1.1925748406e+00  9.0122737843e-02 -3.2501225824e-02  1.8053923771e-01  7.4497182982e-01 -1.3306830366e+00  5.9029992806e-01 -1.0241946721e-01  8.7247625008e-01  1.2584547312e+00  2.1506607689e+00 -1.2006480972e+00  8.4506405597e-01 -1.8440214038e+00  6.2964243351e-01 -6.5324797701e-01 -1.3084248518e+00 -1.0136179691e+00 -1.2684308183e+00  9.7856511528e-01 -1.2911500750e-02 -1.8652450264e+00  3.8014680769e-01  1.6178868893e+00 -1.2848429625e+00  6.6335361726e-01 -2.0584467077e+00 -2.2160294428e-01  2.2152190082e-01 -1.7336091731e+00  1.4670066731e+00  6.7604436653e-01  1.4499721427e+00  1.3001012151e+00  2.2549809658e+00 -7.7518581507e-01  1.7100714542e+00
ENERGY -3.076968000360e+02
GRADIENT  2.7650254295e-05 -4.0949603695e-05  5.4658677505e-07 -9.7172855531e-06  2.5964501134e-05  2.2737237127e-05  3.6615432527e-03  1.3693991143e-03 -1.7013416296e-03 -1.7115492565e-03  3.2816627473e-04  3.8045162460e-03 -2.4597489521e-03 -1.1541123798e-03  5.4862574069e-04  5.3757652456e-04 -5.7485218314e-04 -2.6320084655e-03 -8.0587703476e-06 -2.0280308947e-06 -1.3749714367e-06 -2.9154332369e-05  1.1248510521e-05 -9.1703390886e-06  1.6067313431e-06 -1.1777512742e-05  1.8926638256e-05 -3.2947050855e-06  2.6524417005e-06 -3.4054242171e-06 -1.1979252375e-06 -7.2608343936e-07 -9.5449877493e-07  6.1067215860e-06  1.9607288945e-06 -2.9712671522e-06 -3.3094032258e-05  3.8742817027e-05 -2.9235421285e-05 -4.4847144318e-06  5.9283958671e-06  4.6337968603e-07

JOB 7
COORDS -1.0626304487e+00 -5.3748798937e-02 -7.8591375159e-01  2.7129243703e-01  5.3166616923e-01 -1.2346497409e+00  1.0684847232e-01 -2.9036735756e-02  1.5451669944e-01  7.7437049619e-01 -1.3277980006e+00  5.4644792967e-01  5.1475057663e-03  8.8881311885e-01  1.2318428591e+00  2.1090553915e+00 -1.1308294046e+00  1.0275892473e+00 -1.8655974477e+00  6.4378737706e-01 -5.7054674021e-01 -1.3759166156e+00 -1.0087781163e+00 -1.1991305551e+00  8.7184539701e-01 -2.6980597355e-02 -1.9468512055e+00  3.2595434676e-01  1.6117685872e+00 -1.3358852698e+00  8.5733514142e-01 -1.9867524636e+00 -3.2209638184e-01  1.6220525495e-01 -1.8345779915e+00  1.3050415534e+00  8.2481805616e-01  1.4081820666e+00  1.2421949212e+00  2.0374021110e+00 -7.5825338934e-01  1.9200877189e+00
ENERGY -3.076979354440e+02
GRADIENT  6.6791307300e-06  9.3385038102e-05 -6.4991913246e-06  2.0132422727e-05 -1.2574074657e-05 -3.4932950836e-05  7.2963645412e-04  2.1472533792e-04 -3.5605165864e-04 -4.3205332020e-04  1.5106687290e-05  8.2371346764e-04 -5.4957101165e-04 -1.9304487139e-04  1.1214379731e-04  2.0375578279e-04 -7.4373654505e-05 -5.6923336984e-04 -1.0553558897e-05 -1.1027977599e-05  6.9837197423e-07  2.1376894138e-05 -1.0986541776e-05  5.9680299582e-06 -1.6061481942e-05  1.5071250181e-05 -1.9074258241e-05  3.1386872053e-06  7.7585123221e-06  1.2536500066e-05  5.3293885528e-07  1.0877386245e-05 -1.5290239143e-06  1.2638134939e-05 -1.1867117123e-05  4.5505729581e-08  5.3948433919e-06 -3.4072812751e-06  8.0684384817e-06 -5.6876572938e-06  1.8476188731e-05 -1.0354231859e-05

JOB 8
COORDS -1.0819036201e+00 -4.9355878406e-02 -7.3481999242e-01  2.2642418597e-01  5.2198578091e-01 -1.2714434759e+00  1.3736657030e-01 -2.1307094942e-02  1.3371025357e-01  8.2408111369e-01 -1.3245034822e+00  5.0904708575e-01  1.1690741800e-01  9.1661602022e-01  1.1961166222e+00  2.0496388317e+00 -1.0987284535e+00  1.2098103101e+00 -1.8684282060e+00  6.5608641364e-01 -4.8646582785e-01 -1.4230534537e+00 -1.0098784446e+00 -1.1125724329e+00  7.7686135878e-01 -5.1119916394e-02 -2.0125032536e+00  2.7961870904e-01  1.6003150008e+00 -1.3902029023e+00  1.0767632370e+00 -1.8980757972e+00 -3.8629507713e-01  1.4417713650e-01 -1.9314808944e+00  1.1242363407e+00  9.7772099330e-01  1.3653823631e+00  1.1868825153e+00  1.8083893764e+00 -7.4126512486e-01  2.0789592751e+00
ENERGY -3.076974930366e+02
GRADIENT  1.2250834746e-05 -4.8211772569e-05  1.8404583541e-05 -7.0200275946e-06 -3.5766585460e-06  1.3611053117e-05 -2.4967881170e-03 -8.3922250432e-04  1.3854367284e-03  1.8471445763e-03  2.1978588431e-04 -2.3804720929e-03  1.5924041400e-03  6.8784573696e-04 -6.1200992920e-04 -9.2896545907e-04 -3.3900679348e-05  1.5738385388e-03 -1.5567115830e-06  2.4229437351e-06 -9.4372454624e-06 -2.2685980177e-05  4.6751098154e-06  1.2552110375e-06  5.7584918925e-06 -2.0569776311e-05  1.6671143421e-05 -2.5164630253e-06 -6.2808909320e-06 -3.8789718400e-06  1.1769537379e-05 -1.3083082030e-05  9.3895146273e-06 -3.6595691016e-06  2.0267877187e-05  5.0561140049e-06  4.7409552739e-06 -1.0055636438e-05  4.8731343785e-06 -1.1472505123e-05 -1.8054318735e-05 -9.9132030203e-06

JOB 9
COORDS -1.0951144868e+00 -3.7612022582e-02 -6.7691693707e-01  1.8342535320e-01  5.1072410588e-01 -1.3029348997e+00  1.7096126631e-01 -4.7082200633e-03  1.1726558087e-01  8.7989986254e-01 -1.3146502064e+00  4.7807340872e-01  2.1812144646e-01  9.5907498132e-01  1.1536520572e+00  1.9607208182e+00 -1.1002262308e+00  1.3849887678e+00 -1.8622487786e+00  6.7942482329e-01 -4.0186543830e-01 -1.4634821585e+00 -1.0044360179e+00 -1.0111630006e+00  6.8210192973e-01 -8.3766385429e-02 -2.0639813170e+00  2.3804114515e-01  1.5860548608e+00 -1.4457850826e+00  1.3081257663e+00 -1.7820946982e+00 -4.1163381288e-01  1.5638095826e-01 -2.0170111379e+00  9.1801946112e-01  1.1155817197e+00  1.3304312224e+00  1.1440590624e+00  1.5692160517e+00 -7.3715649409e-01  2.1958893049e+00
ENERGY -3.076957838265e+02
GRADIENT  1.4435986942e-04  1.3227901063e-06  4.3573255840e-05  5.2290589122e-05 -8.5555700556e-06 -1.3119218035e-04 -4.5236732727e-03 -1.5432442118e-03  2.5618668985e-03  3.6871164083e-03  8.9665666277e-04 -3.6514850274e-03  2.7279361143e-03  1.0994015569e-03 -1.2465651492e-03 -1.9780584323e-03 -3.9565175683e-04  2.3699342327e-03 -3.6280890512e-05 -1.4931419610e-05 -3.2942222877e-05 -5.5314545010e-05  2.0233534066e-06  2.3341074890e-05 -1.4413421109e-05 -1.2930571888e-05  1.3693259681e-05 -2.7812276658e-05  3.6958792901e-06  3.0274235196e-05  9.2402970056e-06  1.0358037448e-05  8.6923792026e-06 -1.5655616203e-05 -6.3782486681e-06 -1.9880419103e-05  5.3047420185e-06 -1.6884588141e-05  1.6618101090e-05  2.4032067915e-06 -9.9098775014e-06 -1.0901377015e-05

JOB 10
COORDS -1.1024451970e+00 -2.7811892088e-02 -6.0913518432e-01  1.3999304509e-01  4.8693106968e-01 -1.3295699445e+00  2.1198920051e-01  1.2148887900e-02  1.0242763771e-01  9.4394526055e-01 -1.3006604282e+00  4.5198546946e-01  3.1374341815e-01  1.0038982100e+00  1.1073119267e+00  1.8467169521e+00 -1.1319084388e+00  1.5422046192e+00 -1.8443152770e+00  7.0610707065e-01 -3.1003352754e-01 -1.4985187295e+00 -1.0000577079e+00 -8.9173812884e-01  5.8351028552e-01 -1.3633835822e-01 -2.1022329770e+00  1.9878586394e-01  1.5569628948e+00 -1.5064397048e+00  1.5478769310e+00 -1.6456036195e+00 -3.9064756854e-01  2.0924707938e-01 -2.0847080159e+00  6.8783605996e-01  1.2370516859e+00  1.3068269595e+00  1.1098210195e+00  1.3313665480e+00 -7.5306990483e-01  2.2733914729e+00
ENERGY -3.076938260433e+02
GRADIENT  1.1304915771e-05 -5.5699401809e-06  1.7519631732e-05  1.4432141071e-06 -8.3322517202e-06 -2.4881200491e-05 -3.5166836845e-03 -1.4065840361e-03  2.0457232796e-03  3.1924326860e-03  1.1118300549e-03 -2.5617521602e-03  2.1055593884e-03  9.1572376241e-04 -1.1101795458e-03 -1.7915517003e-03 -5.7261794297e-04  1.6046689659e-03 -1.0569455541e-05 -4.2887573059e-06 -1.0493740184e-05 -7.7981918230e-07  4.1685134052e-07 -1.4384440795e-06  4.2092103569e-06  6.2974619125e-07 -3.1506528921e-06 -6.7354107488e-06 -1.0868821556e-06  9.5437619048e-06  6.5764971480e-06 -2.8184834712e-07  1.2886336628e-05 -8.9525537728e-06  1.7249292807e-06 -1.2961011677e-05  5.8928548537e-06 -2.2266221086e-05  8.6812108792e-06 -6.0620823773e-06 -1.0224323433e-05 -1.0929955801e-06

JOB 11
COORDS -9.7535016392e-01 -4.7945251277e-02 -1.0512749929e+00  3.7712042326e-01  6.5149475010e-01 -9.5817327959e-01 -1.2305318442e-01 -2.1842598253e-01  1.6816997405e-01  5.6346591802e-01 -1.5725822842e+00  4.5870301163e-01 -6.3443971936e-01  4.2676811104e-01  1.3194477780e+00  5.4035386913e-01 -1.8981675194e+00  1.8454365184e+00 -1.8620440188e+00  5.6968019170e-01 -9.4748935471e-01 -1.0732057123e+00 -8.9380633247e-01 -1.7267927225e+00  1.1944340193e+00  2.7916983994e-01 -1.5715264015e+00  3.6748463398e-01  1.7262142050e+00 -8.0171393963e-01  1.6210095999e+00 -1.5373894472e+00  1.8225316793e-01  8.5020312665e-02 -2.3661683509e+00 -1.3357136048e-01  1.2346311668e-01  6.6186855609e-01  1.8807602738e+00 -3.5645780770e-01 -1.7085394974e+00  2.1679396521e+00
ENERGY -3.076928478755e+02
GRADIENT -2.0872609413e-05  5.5771043028e-06  2.6653678932e-05  1.1086229889e-05 -4.9734864427e-05 -4.0919627497e-06 -5.3230584416e-04 -2.4273961799e-04 -1.0684870162e-04  5.2838280245e-04  2.3615801853e-04  4.5725400621e-05  2.9847046921e-04  1.9044694597e-04  5.5335598453e-05 -2.9380866599e-04 -1.7153568285e-04 -4.3662323176e-05 -5.4120167059e-06 -8.7817794461e-07 -1.3142908950e-05  6.0500159807e-06 -1.0520719933e-06 -1.1687897177e-06  1.2381256389e-05  2.4494534979e-05  7.0197077364e-07 -1.7576020675e-05 -6.7725293547e-07  6.5392454444e-06 -9.4949029936e-07  5.0139651219e-06  8.8652519913e-06 -8.7430028452e-06  9.3230319708e-06  8.3247198112e-06 -3.8494994718e-06 -6.4358384064e-06 -1.3533467874e-05 -6.7706613771e-06 -8.5648532692e-06 -2.4931104321e-06

JOB 12
COORDS -1.0145933429e+00 -6.9324420127e-02 -1.0087025233e+00  3.4400441548e-01  6.2189057256e-01 -9.7963913821e-01 -1.0608174777e-01 -2.3343517266e-01  1.7459604024e-01  5.8529311987e-01 -1.5806015119e+00  4.4658498534e-01 -5.8478791459e-01  4.1284438994e-01  1.3425949802e+00  3.1136660907e-01 -2.0719607029e+00  1.7551413535e+00 -1.8913449303e+00  5.5505244823e-01 -8.6907235607e-01 -1.1467990404e+00 -9.1883588069e-01 -1.6727433616e+00  1.1339960580e+00  2.3921292294e-01 -1.6215718769e+00  3.4900759351e-01  1.6979453262e+00 -8.3220169988e-01  1.6743640244e+00 -1.4696270094e+00  3.7585868538e-01  2.7378976617e-01 -2.3112528966e+00 -3.1271437526e-01  1.8336351357e-01  7.4141715741e-01  1.8399851698e+00 -4.8720843781e-01 -1.6142969261e+00  2.0691039462e+00
ENERGY -3.076934020552e+02
GRADIENT  7.6531862175e-05  4.7493645217e-05  9.2492907460e-06 -1.3557599821e-05  3.0672206474e-05 -1.0825694649e-04  3.4002211345e-03  1.8134777882e-03  6.2266554092e-04 -3.2171010959e-03 -1.7926430307e-03 -1.0969202912e-03 -1.9916777569e-03 -1.0867461802e-03 -2.2211806806e-04  1.8142799214e-03  1.0444566498e-03  7.5028948364e-04 -2.3313467647e-05 -2.0332490565e-05 -1.1046135644e-05 -1.9854691122e-05  6.8384934455e-06 -9.5828061314e-06 -5.6457360410e-06 -1.6719124489e-05  1.0349398582e-05 -2.1204532626e-05 -5.6947750964e-06  3.8673807543e-05  1.2487305505e-05 -7.1710081379e-06 -2.1624136713e-05  1.3435065483e-05 -9.3659389806e-06  2.8094633613e-05 -3.0463513722e-06 -3.6702265238e-06 -4.8704455784e-06 -1.4990282085e-05  3.8717484014e-06  2.5214146862e-07

JOB 13
COORDS -1.0431234393e+00 -8.0223206741e-02 -9.7652043885e-01  3.2215432672e-01  5.9954242770e-01 -9.8289018474e-01 -1.0235293908e-01 -2.5122001787e-01  1.8102691665e-01  5.7478712018e-01 -1.5946837585e+00  4.4650675181e-01 -5.3987419134e-01  3.9214669523e-01  1.3717449598e+00  5.8477212395e-02 -2.2283020629e+00  1.6109792933e+00 -1.9099553022e+00  5.5132420047e-01 -8.1130302904e-01 -1.2009389329e+00 -9.2774037382e-01 -1.6368115395e+00  1.0933676365e+00  2.1225718633e-01 -1.6443575347e+00  3.4037695477e-01  1.6761043288e+00 -8.3833180267e-01  1.6582749798e+00 -1.4376727304e+00  5.7543602347e-01  4.3534537698e-01 -2.2613146536e+00 -4.1105386135e-01  2.1938990490e-01  8.5985397631e-01  1.7591076727e+00 -4.0448562646e-01 -1.5345575830e+00  2.1136778161e+00
ENERGY -3.076959014510e+02
GRADIENT -3.3101761432e-05  4.5170276779e-05  2.9313286250e-05 -6.8967263727e-06  9.4056632297e-06  3.5803437499e-05  6.6551737246e-03  3.4541390007e-03  1.3288225216e-03 -5.7848381636e-03 -3.5424086486e-03 -3.5545119012e-03 -4.0363162280e-03 -2.0036731710e-03 -3.3581635353e-04  3.1822303991e-03  2.0838347254e-03  2.5601171766e-03 -8.0487247712e-06 -1.8343708290e-05  6.3339557181e-06  3.3201062628e-05 -6.0358690703e-06 -3.4087446387e-06 -1.1594418619e-05  1.2673092692e-05 -2.3706111000e-05  2.1763469087e-05  1.8843431005e-06  1.0874913093e-06 -2.8064566580e-05 -2.0843019130e-05  5.0927595026e-05  4.2618610285e-05 -3.1400487393e-06 -2.7158210722e-05 -2.4067177333e-05  5.1013074050e-07 -2.7064792588e-05  4.8995948984e-06 -1.2566561332e-05 -3.6024914443e-05

JOB 14
COORDS -1.0649313949e+00 -1.7947964015e-02 -8.7270308709e-01  3.0932834627e-01  5.7114689043e-01 -1.1817937535e+00  5.7055361422e-02 -4.9244761820e-02  1.5225055186e-01  6.9113030320e-01 -1.3728608724e+00  5.2518508451e-01 -4.1426616153e-02  8.4000760039e-01  1.2403715730e+00  1.4018813677e-01 -1.8672662920e+00  1.7587662001e+00 -1.8712250863e+00  6.8520917770e-01 -6.8961456035e-01 -1.3532010737e+00 -9.3685699813e-01 -1.3783292076e+00  9.5112846260e-01  4.8619417483e-02 -1.8866480082e+00  3.9466499036e-01  1.6532327591e+00 -1.1981107305e+00  1.7558935892e+00 -1.2339451576e+00  7.3388446569e-01  5.8607751894e-01 -2.1033877947e+00 -2.8603863149e-01 -2.5712479709e-01  2.8732906664e-01  2.0128247604e+00 -7.5704483903e-01 -2.1914107741e+00  1.5759954388e+00
ENERGY -3.076988202813e+02
GRADIENT  3.2463006523e-05 -6.6520282907e-05 -2.3804277995e-06 -1.6881900889e-05  8.4966870278e-05  3.0660405860e-05  5.5560203075e-03  2.5497545601e-03 -5.5509219447e-04 -4.7098710626e-03 -2.9041558163e-03 -2.1699101778e-03 -3.4366259203e-03 -1.4153319778e-03  8.4134472763e-04  2.6400367133e-03  1.7423937863e-03  1.8570705338e-03 -4.4653684517e-06  1.0156180258e-05  4.3197146543e-06 -3.6029784449e-05  2.6956606724e-05 -1.4210352274e-05  2.7946851689e-06 -2.8984950473e-05  2.1411975043e-05 -4.7105331824e-06 -1.2488671537e-06 -1.3801013423e-05 -1.1935587448e-05  9.2223503090e-06  2.2746606222e-06 -1.9363158372e-06  8.6392104506e-07 -5.9449379132e-06  5.6019634039e-06  1.8296262768e-05 -1.3814808975e-05 -2.0222749189e-05  3.4592433423e-05 -4.7925551009e-07

JOB 15
COORDS -1.0730477266e+00 -2.3438101305e-02 -7.9669055233e-01  2.8543129504e-01  5.4564369176e-01 -1.1945147453e+00  9.8658479272e-02 -3.3191987021e-02  1.7043607401e-01  7.3308654086e-01 -1.3482330013e+00  5.5083040954e-01  8.6752748203e-02  9.0600396287e-01  1.2219976321e+00  2.5139738741e-02 -1.9566351855e+00  1.6440946184e+00 -1.8664036224e+00  6.8922732979e-01 -5.9522923298e-01 -1.3908691573e+00 -9.5577892829e-01 -1.2582800234e+00  8.8514580052e-01 -1.5560132179e-03 -1.9166428718e+00  3.7452498471e-01  1.6261441778e+00 -1.2456827321e+00  1.7478429390e+00 -1.1815397697e+00  9.2132558439e-01  7.8138426635e-01 -2.0226857304e+00 -3.1447098890e-01 -2.5996267280e-01  4.3606693099e-01  2.0005264118e+00 -8.6273236581e-01 -2.1856359660e+00  1.3238534094e+00
ENERGY -3.077000432242e+02
GRADIENT -7.4451177818e-05  4.8773298511e-05 -2.1124720790e-05  1.5416040626e-05 -6.8737429945e-05  2.7973497679e-05 -2.4140328822e-05  5.1522910032e-06  4.9054938459e-05  2.0985633322e-05  1.7616092568e-05 -1.6583634688e-05  6.4620226565e-06  1.4338794514e-05 -3.9821685449e-05 -2.8257375256e-06 -3.9024013762e-05 -1.4060626507e-06  1.8648967035e-06 -6.3178858856e-06 -1.3711934766e-06  4.2063862319e-05 -1.7465066514e-05  1.0009810341e-05  3.7056404512e-06  2.4569847197e-05 -1.9490429769e-05  1.8266670461e-06  1.8454862362e-06 -2.0605633406e-06 -6.2502948009e-06  1.6828408031e-06  1.1040500854e-05 -2.9744282185e-07 -2.9628394194e-06  1.3170639581e-05  2.2189560575e-05 -8.4410475760e-06  5.4011994338e-07  2.8803066791e-06  1.8674337018e-05 -3.6504448614e-06

JOB 16
COORDS -1.0859818708e+00 -3.3271802788e-02 -7.2170763195e-01  2.5804270751e-01  5.0273813702e-01 -1.1995061967e+00  1.2407100876e-01 -3.0190786124e-02  1.9391419168e-01  7.6170757104e-01 -1.3439362639e+00  5.7997609225e-01  1.9147575994e-01  9.6373410434e-01  1.1946224751e+00 -5.4924191014e-02 -2.0813701632e+00  1.5026850829e+00 -1.8626005120e+00  6.9455636973e-01 -5.0915772079e-01 -1.4370194455e+00 -9.7486619980e-01 -1.1389505358e+00  8.1580816156e-01 -7.7500712787e-02 -1.9287726300e+00  3.5824228250e-01  1.5795947738e+00 -1.2888678828e+00  1.7059752591e+00 -1.1588983603e+00  1.0968115575e+00  9.6697646707e-01 -1.9452404753e+00 -3.1687680746e-01 -2.5111499740e-01  6.0263523443e-01  1.9816865411e+00 -9.1040159307e-01 -2.2350567109e+00  1.0704303801e+00
ENERGY -3.076989161710e+02
GRADIENT  3.7755517809e-05 -3.7024498023e-05 -1.6265505695e-05 -7.8770233019e-05 -1.1042399200e-06 -1.7148695222e-05 -4.4713863155e-03 -1.8571963023e-03  8.1987075798e-04  3.1179831690e-03  2.2956292698e-03  2.9121699271e-03  2.9467339436e-03  9.9988135265e-04 -1.2155320112e-03 -1.5142707666e-03 -1.3812773535e-03 -2.4765907058e-03 -1.2450545827e-05 -1.0057167959e-05 -1.9895141137e-06 -2.5619652839e-05  6.8212376236e-06 -4.7050923211e-06  1.0457674734e-05 -7.1540756797e-06  1.2437879901e-05 -3.8072285039e-06  1.3025479765e-06  1.0327568422e-05  5.4375660769e-06  5.4896564393e-06 -1.9242999094e-06  7.5780629230e-06  1.1497180410e-05 -1.0671629758e-05 -2.8517935853e-05  8.0196313957e-06 -4.6558492490e-06  1.4621646946e-05 -5.0092416170e-05 -5.7348675980e-06

JOB 17
COORDS -1.1031777526e+00 -3.0301489953e-02 -6.5110334434e-01  2.2773699473e-01  4.5676676357e-01 -1.2055902399e+00  1.4071387941e-01 -2.4181526197e-02  2.1438955267e-01  7.8481005242e-01 -1.3381331238e+00  6.1523746298e-01  2.8303301725e-01  1.0227691804e+00  1.1545088900e+00 -9.7404260989e-02 -2.1995680005e+00  1.3486304344e+00 -1.8569342222e+00  7.1921048803e-01 -4.3130944984e-01 -1.4935577481e+00 -9.7629403048e-01 -1.0214877889e+00  7.3953667402e-01 -1.6450533337e-01 -1.9344155301e+00  3.4752079664e-01  1.5269619827e+00 -1.3390405406e+00  1.6337743175e+00 -1.1384499026e+00  1.2718323681e+00  1.1566560839e+00 -1.8595443666e+00 -2.7814433725e-01 -2.0566564119e-01  7.6506534728e-01  1.9543865801e+00 -9.0532201247e-01 -2.3029722714e+00  8.2196833747e-01
ENERGY -3.076960607769e+02
GRADIENT  6.4418708845e-05  9.0065561975e-05  1.2792177871e-05  1.8346235217e-05 -2.5039174264e-05 -9.2290245137e-05 -6.9954693987e-03 -2.9293594183e-03  1.7758697399e-03  4.0189690451e-03  3.5081806311e-03  5.1544727280e-03  4.5405646126e-03  1.4968902242e-03 -2.4115648132e-03 -1.6127897965e-03 -2.0996803437e-03 -4.4526447677e-03 -2.0527577776e-05 -8.3660048007e-06 -2.4230577275e-05 -1.1411210726e-05 -4.9813738146e-06  1.3797866893e-05 -1.5059601822e-06  6.6963628876e-07  9.6988386717e-06 -1.9179498613e-05  4.8983995233e-06  2.0328578252e-05  7.8844680989e-06 -3.2098587803e-05  1.5377058659e-05 -2.0394510408e-05  3.2813056207e-05 -4.1301410192e-06 -2.9610332725e-06 -2.7947175721e-07 -6.9168235203e-07  1.2150445498e-05 -1.9010029088e-05 -1.1947225095e-05

JOB 18
COORDS -8.9658259081e-01 -1.0380454568e-01 -1.1562308901e+00  3.8779424086e-01  7.0756287362e-01 -1.2106221470e+00  4.5960789901e-02 -8.8622854429e-02  2.0509831582e-02  8.3791618176e-01 -1.3388149419e+00  3.5847869762e-01 -2.9282760197e-01  7.2071089532e-01  1.1338938845e+00 -2.2614680726e-02 -2.4884878049e+00  2.7075858740e-01 -1.8261649504e+00  4.4620202523e-01 -1.0441784912e+00 -9.6442764901e-01 -1.0206957432e+00 -1.7324599171e+00  1.1958640937e+00  3.5635042710e-01 -1.8458360788e+00  3.0174410213e-01  1.7855164255e+00 -1.1190930207e+00  1.2437459866e+00 -1.2201158417e+00  1.3708979168e+00  1.6797885119e+00 -1.4546447703e+00 -3.3784103275e-01 -1.0168220723e+00  2.7580776150e-01  1.6050022232e+00  4.8081809635e-01 -3.2619386232e+00  5.6928537274e-01
ENERGY -3.076927557952e+02
GRADIENT -1.9503760493e-06  9.5032392437e-06  3.0477368976e-05  6.4314467065e-05 -2.1422472131e-05 -2.6111319100e-05 -4.1209074232e-03 -2.7140655218e-03 -5.2771660483e-04  1.1758051283e-04  1.1982016526e-03  4.2632845955e-03  3.1278020838e-03  1.8964102844e-03 -4.2923127767e-04  8.4881051918e-04 -3.3596866868e-04 -3.3278126265e-03 -1.4274947842e-05 -1.6175446475e-05 -1.5354261290e-05  9.1462999905e-07  1.0352853023e-05 -7.9049667995e-06  1.0399403885e-05  6.6772811959e-07  6.8202043005e-06 -3.1871488422e-05 -9.3098466644e-06  1.9779974546e-05 -2.1816023480e-05 -2.6076198602e-05  3.9323049976e-06  8.6765803127e-06  2.4069360986e-05 -1.1604389868e-05  1.3667873497e-05 -1.1941593918e-05  3.8640923179e-05  1.9990954583e-06  3.0299641982e-06 -1.2171597919e-05

JOB 19
COORDS -9.3150515596e-01 -1.1035690525e-01 -1.1087989141e+00  3.7460308065e-01  6.5512035869e-01 -1.2447250064e+00  5.3963189707e-02 -7.0071025373e-02  3.2973077079e-02  8.2321263369e-01 -1.3304809809e+00  4.1530961391e-01 -2.3429492654e-01  7.9521733943e-01  1.1186424900e+00  5.7610806768e-02 -2.4969925842e+00  7.3162069940e-02 -1.8380449740e+00  4.7574290262e-01 -9.8888039429e-01 -1.0452733372e+00 -1.0497644307e+00 -1.6384230263e+00  1.1484252172e+00  2.4122961649e-01 -1.8854322188e+00  3.2866219310e-01  1.7388826336e+00 -1.2074799522e+00  1.0133571642e+00 -1.2882593610e+00  1.4955365472e+00  1.7944512564e+00 -1.3554977336e+00 -9.7779331063e-02 -9.7528874234e-01  4.0576290099e-01  1.6114659615e+00  5.8592592560e-01 -3.2766993013e+00  3.0457695595e-01
ENERGY -3.076910823638e+02
GRADIENT -2.6031970827e-05  2.1861870129e-06  1.7739882682e-05  3.3194778398e-05 -2.8572676337e-05  2.3051699922e-06 -1.4351556598e-03 -8.7728661836e-04 -1.1042288939e-04 -2.9463461147e-04  2.4873438094e-04  1.4493910856e-03  1.1650000415e-03  6.6003399474e-04 -2.2261042367e-04  5.5495486003e-04 -4.1258317317e-06 -1.1547169076e-03 -1.3602920062e-06 -1.1272206536e-06 -9.7797946901e-06  6.8041654823e-06  4.0057418149e-06 -3.1710712316e-06  7.3077692142e-06  1.5667954520e-05 -1.2250807962e-06 -1.6046013832e-05  8.3077856236e-07  9.6263308405e-06 -2.7865521853e-06 -1.0246972575e-05 -1.3316348022e-06  8.5290486424e-06  1.5783939142e-05  3.2222901798e-07  1.2172694563e-05 -9.9767542948e-06  1.6525867642e-05  1.1768756580e-06  2.3161553866e-06 -3.4455994218e-06

JOB 20
COORDS -9.7662533232e-01 -1.0609904127e-01 -1.0635914235e+00  3.5374899826e-01  5.9922211687e-01 -1.2779432670e+00  5.3574339864e-02 -5.4189666880e-02  3.9122150862e-02  7.9071172008e-01 -1.3222412505e+00  4.6497933661e-01 -1.7749368649e-01  8.5553412454e-01  1.1011379869e+00  1.6575109540e-01 -2.4775549711e+00 -1.1039395822e-01 -1.8532682216e+00  5.2243453888e-01 -9.3533661969e-01 -1.1424138776e+00 -1.0585117424e+00 -1.5537743600e+00  1.0849660044e+00  1.1934609316e-01 -1.9231377310e+00  3.5589703354e-01  1.6845682079e+00 -1.2929990830e+00  7.5512240249e-01 -1.3723053847e+00  1.5620173130e+00  1.8468607295e+00 -1.2658087728e+00  1.6687243205e-01 -9.2364011463e-01  5.1247511023e-01  1.6195197073e+00  7.3489178586e-01 -3.2422202288e+00  6.6445728998e-02
ENERGY -3.076911450894e+02
GRADIENT  3.3590781594e-05  1.6091082471e-05 -5.6254452480e-05 -9.5799951555e-05  1.7499844911e-05  5.0585260828e-05  1.4377488822e-03  7.3490328881e-04 -3.3211990388e-06  6.7868308720e-04 -2.2266754455e-05 -1.3414544757e-03 -1.2239421964e-03 -6.4887180614e-04  2.8776235502e-04 -8.5180682788e-04 -1.1506495736e-04  1.0945674009e-03  1.1950799348e-05  8.4747672441e-06  2.5593017953e-05  2.0082300240e-06 -8.1878318284e-06  3.5239575020e-06 -2.4344815164e-07  1.6434696409e-06 -8.6653783696e-06  4.2892434067e-05  3.6362879539e-06 -3.6663983992e-05 -6.2476511174e-06 -1.3811614983e-05 -2.8285757213e-07 -1.5252005862e-06  1.2581225103e-05  3.3132704371e-06 -1.3707036168e-05  1.0693634327e-05 -2.1084096608e-05  1.7717587704e-06  2.7307673700e-06  6.9224965175e-06

JOB 21
COORDS -1.0048117441e+00 -1.0341652664e-01 -1.0168172462e+00  3.4989743109e-01  5.3217798393e-01 -1.3015791959e+00  6.5655493108e-02 -5.3017010648e-02  4.7255040424e-02  7.6163718521e-01 -1.3273952334e+00  5.0984997956e-01 -9.6873866882e-02  8.9402694107e-01  1.0877979057e+00  3.1135409933e-01 -2.4439702500e+00 -2.6496726373e-01 -1.8474621497e+00  5.6948182441e-01 -8.8554332887e-01 -1.2252063974e+00 -1.0617469983e+00 -1.4724919367e+00  1.0333749723e+00 -1.0140401888e-02 -1.9493485505e+00  4.0124504177e-01  1.6146987778e+00 -1.3623225453e+00  5.1571425557e-01 -1.4782158379e+00  1.5716256275e+00  1.8510804398e+00 -1.2055159964e+00  4.3311251463e-01 -8.4105980007e-01  5.9729784937e-01  1.6363506051e+00  9.2019232009e-01 -3.1816672720e+00 -1.1003616578e-01
ENERGY -3.076926585433e+02
GRADIENT -3.7784693411e-05 -2.9790075008e-05 -4.4649837345e-05 -8.4070015976e-05  1.8108085953e-05  8.6969669693e-05  3.0212653304e-03  1.4613944602e-03 -3.4517735964e-04  1.8111123542e-03  1.9825077732e-04 -2.2352328443e-03 -2.6430739803e-03 -1.2209602698e-03  7.0298465839e-04 -2.1056025996e-03 -4.5824211809e-04  1.8971652248e-03  1.6271285002e-05  9.4193349993e-06  2.7128624081e-05  6.7208861171e-06  1.9043503035e-06 -4.7300177280e-06  9.5768187626e-07  4.1672149222e-06 -8.7065603890e-06  3.8775401090e-05  2.0778978301e-06 -2.9719036026e-05  6.6737746091e-06  5.4085215814e-06 -3.9562476079e-06  4.3502663666e-06 -2.0269029783e-05 -1.8096044199e-05 -1.0695817639e-05  8.9369869056e-06 -3.2815367228e-05  1.3575134876e-07 -2.3803707415e-06 -5.7642174649e-06

JOB 22
COORDS -5.9598036269e-01 -1.3113466973e-01 -1.1094501034e+00  5.6214539915e-01  8.2670239725e-01 -8.4170228974e-01 -3.7853046830e-02  2.6020321020e-03  2.7185199409e-01  7.2689573618e-01 -1.1512289557e+00  9.0932612020e-01 -9.0013224663e-01  6.4733291058e-01  1.1908591429e+00  1.3412741650e+00 -2.0342628584e+00 -2.9571574949e-02 -1.5743306744e+00  3.0835720593e-01 -1.2747611670e+00 -3.8371030149e-01 -1.0470244527e+00 -1.6503920470e+00  1.5439373299e+00  5.6178967579e-01 -1.2283540216e+00  3.4267240818e-01  1.8902349340e+00 -8.4833718505e-01  8.2628871842e-03 -1.7581652508e+00  1.4666419960e+00  1.4647714876e+00 -7.6145917536e-01  1.6279267846e+00 -3.6046512224e-01  1.2190048504e+00  1.7611111474e+00  2.1504867544e+00 -1.6164090091e+00 -3.6120538795e-01
ENERGY -3.076946851744e+02
GRADIENT  6.7755105763e-05 -1.0292104077e-05  1.2963685246e-04  1.2776291584e-04  8.6995276179e-05 -1.4888045397e-05  1.6209547115e-03  1.6227881552e-03  8.7400662968e-04  2.3977466954e-03  1.4734188983e-03 -1.8454071093e-04 -1.8919961518e-03 -1.6326490611e-03 -6.6328387734e-04 -2.1842202761e-03 -1.4766603390e-03 -5.6328524697e-05 -1.3641124325e-05 -1.2452115325e-05 -2.8069025022e-05 -4.1732970561e-05  1.1081229752e-06 -2.0063514951e-05 -2.4379103091e-05 -3.0903518723e-05 -9.3863623124e-06 -3.9831685657e-05 -1.3204512578e-05 -1.5800606909e-06 -1.5811617408e-06 -7.1566312185e-06 -1.8782921514e-05 -1.3127475073e-05  2.1744824676e-05  1.6914654846e-05  2.1067987120e-07 -1.7739342908e-06 -5.6344222348e-06 -8.0745605042e-06  1.8582230258e-07 -5.3241511819e-07

JOB 23
COORDS -6.5974479945e-01 -1.2041818459e-01 -1.0843418084e+00  5.5251117623e-01  7.8342264557e-01 -8.7643744685e-01 -4.3341967013e-02  2.8206192454e-04  2.7158183335e-01  6.8802251018e-01 -1.1783375980e+00  9.0034877527e-01 -8.2309582845e-01  7.0994989053e-01  1.2154934382e+00  1.4874662011e+00 -1.9228622468e+00 -1.7408796153e-02 -1.6236660578e+00  3.5859031692e-01 -1.2224866128e+00 -5.0466249447e-01 -1.0503867111e+00 -1.6220394841e+00  1.4970265192e+00  4.7004263444e-01 -1.3134826144e+00  3.8024776937e-01  1.8555679560e+00 -8.7887761958e-01 -5.1834421763e-02 -1.8784048329e+00  1.2974879274e+00  1.2930941231e+00 -8.1819988284e-01  1.7477540214e+00 -2.2066588823e-01  1.2369731507e+00  1.7655040468e+00  2.2731855384e+00 -1.3968027290e+00 -2.2962660642e-01
ENERGY -3.076955551276e+02
GRADIENT  5.2835981740e-05  7.3965200613e-06  8.4565071188e-05  1.0772898831e-04  8.2094158383e-05 -1.3255241926e-05 -4.1187058764e-05 -8.7729985293e-06  2.0007361911e-05  8.5893542268e-05  4.5361732932e-05 -4.1862525981e-06 -3.5341820058e-05 -3.4079163134e-05 -3.4926084069e-05 -7.2339569189e-05 -3.2396435960e-05 -1.2115957223e-05 -1.1877093626e-05 -7.6242070018e-06 -2.2593291641e-05 -3.3895319856e-05  4.4176173850e-06 -1.3896486894e-05 -3.0702479314e-05 -2.1405280935e-05 -1.5194908430e-05 -3.4776331364e-05 -6.7705122877e-06 -1.2094785836e-07  6.7518922387e-07 -5.9288710414e-06  3.9981644269e-07 -7.0446936443e-06  1.8794709559e-06  7.3353583130e-06 -2.1245235356e-06 -4.0234152278e-06  8.9861940574e-06 -4.4123360041e-06 -4.2795515596e-06  7.5562678835e-06

