JOB 0
COORDS  5.2868646086e+00  2.2634930425e+00  2.1735843303e+00  6.1992449532e+00  1.2622071147e+00  1.9392379466e+00  4.3698870758e+00  9.5527504066e-01  7.4708505055e-01  3.7297929044e+00 -6.3882177589e-01 -1.0110378608e+00  1.5459381164e+00 -1.1735475248e-01 -2.0794948605e+00  2.9250898926e+00 -2.0567064562e+00 -2.8187612891e+00  4.1382429239e+00  2.0656723127e+00  1.4214606309e+00  5.5898327447e+00  4.1845979930e-01  1.0163994822e+00  3.4408636171e+00  3.9274167009e-01 -1.3039865861e-01  2.8051781040e+00 -8.4791776465e-01 -2.0082630271e+00  4.7665895140e+00 -1.3096809222e+00 -8.9945167209e-01  5.3832278038e+00  3.1146316905e+00  2.8346231474e+00  7.1893536732e+00  1.0685456527e+00  2.3250584207e+00  1.7118231889e+00  9.6506959363e-01 -2.1141154402e+00  8.7150036832e-01 -3.5324639653e-01 -1.2441410225e+00  1.0381664002e+00 -3.8994889614e-01 -3.0061023034e+00  2.1730172748e+00 -2.8037321596e+00 -2.5315905522e+00  3.9175728763e+00 -2.4787122335e+00 -2.6730919846e+00  2.7902417233e+00 -1.8088181262e+00 -3.8768437684e+00  5.9303512491e+00 -4.2560499586e-01  5.6662532697e-01  2.6131811417e+00  9.6317601840e-01 -2.3446123099e-01
ENERGY -5.290072114045e+02
GRADIENT  5.9927759269e-05  1.1203671242e-04  1.5643788435e-04 -1.4633241218e-05  6.0776328344e-05 -5.4441992029e-05  3.1044120884e-04  1.0188339917e-03 -1.3171195997e-03 -8.8617335896e-04 -9.4703980567e-04  8.3438570249e-04 -1.1757494800e-05 -5.5489602906e-06  1.3899258362e-06 -9.2081669871e-06 -2.2775438138e-05  7.3128047382e-06  1.3776775598e-04 -1.0897073235e-04  2.4239099037e-05 -3.3825324891e-05  7.4630355301e-05 -1.0410265874e-05 -4.3599108486e-04 -1.3829513313e-03  1.2508547093e-03  8.3550790897e-04  1.1154678647e-03 -1.0227137451e-03  4.7034435610e-05  3.0211428679e-05 -4.2362873450e-05  2.1439742678e-05  1.4756131427e-05 -5.8898433860e-06 -3.2310403032e-05 -2.7703610987e-05  4.8083977898e-05  6.0031129385e-06 -4.0889679650e-06  2.9642750847e-06 -4.7862544846e-06 -1.1997155273e-05 -7.6561417363e-07 -3.4492055396e-06 -4.5720117446e-06  1.7136064555e-07 -5.2147157330e-06  3.8478477721e-06 -3.0434774656e-06 -3.4621567589e-06 -3.6164197380e-06 -6.2111366411e-08  6.2961855378e-06 -1.9951992150e-06 -4.1020349959e-06 -2.8169592374e-05 -1.3908482552e-05  5.1725973130e-06  2.8943906730e-05  2.8561813922e-05  1.1132495497e-04

JOB 1
COORDS  5.6783083768e+00  8.4170192460e-01  3.0340694613e+00  6.3382408754e+00  1.1455901144e+00  1.8671157570e+00  4.9229133900e+00 -5.1771707939e-01  1.5623227170e+00  4.0151752347e+00 -1.6179363833e+00 -4.2677057700e-01  1.9181851741e+00 -2.8609174022e+00  7.8935068212e-02  2.7283142187e+00 -2.5757740853e+00 -2.2572653965e+00  4.7895214734e+00 -2.0554630120e-01  2.8368196870e+00  5.8449161569e+00  2.5055940388e-01  9.2312756437e-01  4.2127055521e+00 -1.5569797173e+00  9.5040360124e-01  2.8586575042e+00 -2.2344319540e+00 -8.4271211291e-01  4.8326333225e+00 -1.1154152882e+00 -1.2103317294e+00  5.7852690453e+00  1.3094175244e+00  4.0038508575e+00  7.0833719187e+00  1.8871194732e+00  1.6189029886e+00  2.3255898467e+00 -3.7656145572e+00  5.5225408088e-01  1.0262718294e+00 -3.1496863594e+00 -4.7989460311e-01  1.5946241414e+00 -2.1608239201e+00  8.5613886802e-01  2.8533717245e+00 -3.6549181055e+00 -2.4175520514e+00  3.4921054030e+00 -2.0407238132e+00 -2.8181803374e+00  1.7393305608e+00 -2.2773850923e+00 -2.6206716633e+00  6.0475695585e+00  1.5988425817e-01 -6.7373307486e-02  3.5226624113e+00 -1.9455717719e+00  1.5796502897e+00
ENERGY -5.290055463911e+02
GRADIENT -5.4293219940e-05  2.1892531247e-06 -6.2587209939e-05  1.4897819420e-04 -6.7925954348e-05  2.0757000223e-05 -3.4917574773e-03  2.1441794385e-03  4.4120069085e-04  9.3296360295e-04 -3.6783780326e-03  7.3035270952e-05  1.8668592885e-05 -1.4352647693e-05 -5.6711665261e-06 -4.5857207900e-07  7.5136266302e-06 -1.6755746739e-06 -3.1121632651e-05 -1.9007001465e-05  1.4801393712e-05 -6.7931104948e-05 -2.6892506147e-06 -6.2560960256e-06  4.3655516153e-03 -1.9049729463e-03 -7.5985907561e-04 -1.8925899207e-03  3.4051263618e-03  1.1128521262e-04  1.7414255645e-05  1.3706960005e-05  1.4583579924e-05  2.9493291722e-05 -3.3138832680e-05  7.6106207051e-06 -6.5691993816e-05  6.1705666885e-05 -1.9340983109e-05  1.1958864798e-06  3.0192057314e-06  1.4494693883e-06 -9.7647183961e-07 -4.7246367253e-08  6.2542357696e-08 -6.9660447580e-06 -3.0985913979e-06  2.6931504839e-06 -1.0248315526e-05  1.6920662840e-06 -1.8152402485e-06 -5.2491613346e-07 -4.5567173126e-06 -8.2472242455e-07 -2.5971931575e-06  9.8795354560e-06 -2.3247479834e-06  2.8221473254e-05 -1.5981294848e-05  7.1442408105e-06  7.5663751602e-05  7.0935728516e-05  1.4193711079e-04

JOB 2
COORDS  5.5345345685e+00  8.3109096794e-01  2.9984291839e+00  6.2083292078e+00  1.1738949666e+00  1.8507171598e+00  4.9836546756e+00 -6.3356888981e-01  1.5367072058e+00  4.1398024244e+00 -1.7446333535e+00 -4.5835997264e-01  1.9384249349e+00 -2.7705291180e+00  1.0657959220e-01  2.6891603172e+00 -2.5230326330e+00 -2.2524143833e+00  4.7648535754e+00 -3.0667867236e-01  2.7947961910e+00  5.8511475389e+00  2.0861292954e-01  9.1384892193e-01  4.4167514196e+00 -1.7556858925e+00  9.1496380262e-01  2.9167988373e+00 -2.2403782524e+00 -8.3688414903e-01  4.9508794895e+00 -1.2606131701e+00 -1.2575266394e+00  5.5520518777e+00  1.3301290729e+00  3.9582854316e+00  6.8848976871e+00  1.9814171000e+00  1.6122529535e+00  2.2252087164e+00 -3.7518813980e+00  5.1078441618e-01  9.8689150371e-01 -2.8913586689e+00 -4.1491615493e-01  1.7658371690e+00 -2.0742352591e+00  9.3246345317e-01  2.6417192657e+00 -3.6046370669e+00 -2.4341743265e+00  3.5065886652e+00 -2.0962694909e+00 -2.8303964519e+00  1.7460003183e+00 -2.0695553024e+00 -2.5756876707e+00  6.1043613157e+00  1.2131682768e-01 -6.5006198221e-02  3.7500148849e+00 -2.1939648363e+00  1.5381549229e+00
ENERGY -5.290025074458e+02
GRADIENT -8.8860094259e-05  6.2890935123e-05 -2.2787371763e-05 -2.7382497506e-05 -5.1310444264e-05  4.8719023098e-05 -5.5809654268e-03  2.1810450327e-03  1.2920933839e-03  6.5490262288e-04 -6.7163100960e-03 -2.0868240828e-04  2.4825642184e-05  1.0945561034e-05  2.0161685712e-05 -1.5122764404e-05  3.7458285037e-05 -4.9402582995e-06  2.6982713043e-05 -5.6490109328e-05  7.3814123982e-06  5.8453612511e-05 -2.7215719261e-05 -1.2964948446e-04  7.2592152792e-03 -8.5405584408e-04 -1.5505402202e-03 -2.3128712455e-03  5.4529620276e-03  4.9134888538e-04 -6.4864058662e-05 -2.6025389745e-05 -1.5867407038e-05  1.5146920119e-05 -1.3064817335e-05  7.7288186484e-06  4.7246420822e-06 -1.1246909325e-05 -1.0072602817e-05  6.6541499084e-06 -4.1363746565e-07  5.8522763672e-06  6.5901336955e-06 -6.6598993104e-06  2.6387920773e-06 -8.6784659718e-06  3.8077784487e-06  5.0684039270e-06 -6.2227044566e-06 -2.4343926430e-06  2.8197332709e-07  6.8639988016e-06 -8.3819848636e-06 -2.1832383598e-06 -1.3457647716e-06 -7.8380752236e-07  2.5815239675e-07 -2.3218159508e-05  7.6020734784e-06 -1.3132543149e-05  5.5253271293e-05  1.0366122852e-05  8.3528900712e-05

JOB 3
COORDS  5.3320751313e+00  8.1762510666e-01  2.9630657244e+00  6.0175940258e+00  1.2100268652e+00  1.8388854024e+00  5.0215750284e+00 -7.3379491836e-01  1.5187551777e+00  4.2684464220e+00 -1.8749318971e+00 -4.7592497126e-01  1.9957339044e+00 -2.6543221240e+00  2.0279092948e-01  2.6513151339e+00 -2.4876418097e+00 -2.1920671811e+00  4.7040476031e+00 -4.0436124870e-01  2.7544034279e+00  5.8181198084e+00  1.8874115312e-01  9.1372233750e-01  4.6244698971e+00 -1.9250380744e+00  8.8970189278e-01  2.9921627916e+00 -2.2620625606e+00 -7.8930524699e-01  5.0672003625e+00 -1.4293206716e+00 -1.3056878319e+00  5.2460027725e+00  1.3364366299e+00  3.9086192438e+00  6.6088032916e+00  2.0844783849e+00  1.6097543543e+00  2.1349529593e+00 -3.6848837321e+00  5.5906792269e-01  1.0079576908e+00 -2.5935884744e+00 -2.5947436943e-01  1.9975577605e+00 -1.9711129496e+00  1.0557236940e+00  2.4061157215e+00 -3.5428448041e+00 -2.3663666917e+00  3.5021453882e+00 -2.2058511307e+00 -2.8095488361e+00  1.7877285124e+00 -1.8742953501e+00 -2.4725422626e+00  6.1373771239e+00  1.1238388071e-01 -4.6091189698e-02  4.0014906328e+00 -2.4311173768e+00  1.5085548729e+00
ENERGY -5.289984822103e+02
GRADIENT -4.2496038896e-06  3.8790165936e-05 -7.8761293672e-06 -3.6922846337e-05 -1.7582417043e-05  2.4019443481e-05 -6.6952144126e-03  1.2479239886e-03  1.9108849973e-03  1.7560729337e-04 -9.0186512454e-03 -4.3962186968e-04 -2.0436493872e-06  4.9459180575e-06 -1.2612285637e-06 -3.1351019644e-06  1.9943212571e-05 -2.1003585744e-06 -3.7640893896e-06 -2.6480591329e-05 -8.4151344986e-06  5.8389161355e-05 -1.8858015738e-05 -2.9875714392e-05  8.6112213615e-03  1.0303841185e-03 -2.4473215783e-03 -2.2034577818e-03  6.7079971281e-03  8.4823652426e-04 -3.1030139894e-05 -1.5804394732e-05 -9.9591288810e-06 -3.1243520451e-06 -7.2608583361e-06  2.3509480113e-06  1.5291563154e-05 -1.3119896092e-05  3.2075347040e-07  1.6568453046e-06  1.3299799585e-06  1.4715233762e-06  1.6139491831e-06 -1.1298216317e-05 -5.4277571518e-06 -8.1729800063e-06  6.6380947830e-06 -8.8315541695e-06  1.3564795488e-06  1.0099545813e-06 -3.8786141006e-06  4.1416901887e-06 -7.3648044668e-08 -2.7049182826e-06  1.4492681031e-06 -2.6386381101e-07 -1.2187665122e-06 -2.9152538492e-05  1.6902063150e-05 -1.1755708118e-05  1.4501531836e-04  3.5605023648e-05  1.5917447674e-04

JOB 4
COORDS  5.0930100393e+00  7.5630348322e-01  2.9003805018e+00  5.8177538137e+00  1.1988760739e+00  1.8206416602e+00  5.0502315558e+00 -8.4441990997e-01  1.4743347268e+00  4.4018798737e+00 -1.9985356214e+00 -5.2697476112e-01  2.0947533459e+00 -2.5070781740e+00  2.8663200295e-01  2.6286726873e+00 -2.4266484083e+00 -2.1429538615e+00  4.6057598494e+00 -5.2580267640e-01  2.6732802287e+00  5.7920769762e+00  1.4736978834e-01  9.0791959419e-01  4.8305980390e+00 -2.0751360242e+00  8.3200634361e-01  3.0821321634e+00 -2.2674260182e+00 -7.6352313499e-01  5.1904877289e+00 -1.6238988957e+00 -1.3958340176e+00  4.8847958764e+00  1.2785878840e+00  3.8247653060e+00  6.3334831402e+00  2.1254440667e+00  1.6152163182e+00  2.0645291158e+00 -3.5596857880e+00  6.0102581138e-01  1.1077870906e+00 -2.2477057505e+00 -1.0454368423e-01  2.2795787268e+00 -1.8721930728e+00  1.1554232020e+00  2.1850664128e+00 -3.4192930238e+00 -2.2863999559e+00  3.4803847092e+00 -2.3076043535e+00 -2.8102102227e+00  1.8769959838e+00 -1.6666467504e+00 -2.3859185912e+00  6.2027847134e+00  9.3300228765e-02 -1.7381755208e-02  4.2475536991e+00 -2.6477355796e+00  1.4337584557e+00
ENERGY -5.289941976638e+02
GRADIENT  7.5076293508e-05 -2.4902112894e-05  3.4314014504e-05 -9.0839984428e-05  3.4420743805e-05 -3.4915547323e-05 -6.3179024139e-03  1.4148130977e-04  1.9181613581e-03 -7.0610093515e-04 -9.4470015321e-03 -3.6199143356e-04  1.4492273425e-05 -2.1074099386e-05 -6.8773398210e-07  3.0696917412e-06 -2.8415924345e-05 -1.4733231577e-06 -1.7145930139e-05  7.3308738471e-06 -7.9213425861e-06  3.3888299935e-06 -1.2428376960e-05 -9.4024313802e-06  8.6352366562e-03  2.7169101056e-03 -2.2575702759e-03 -1.5006443498e-03  6.6821929174e-03  8.6155689065e-04  1.6820049065e-05  1.0549380345e-05  2.0810778240e-05 -5.5945833381e-06  4.0185273249e-06 -3.6654615706e-06  1.7701026865e-05 -7.5950294657e-06  4.4102388770e-06 -4.5401335600e-06 -5.2336054444e-07 -5.0878465820e-06  4.0181661098e-07  1.3262267733e-05  3.1647209968e-06  2.3172704181e-06 -2.0642836845e-06 -6.6739378288e-07 -5.8969689811e-07 -1.3111520976e-06  5.2700936559e-07 -6.2045010149e-07 -7.4680575681e-07  7.7827462175e-07  4.7442632814e-08 -2.0855673052e-06  1.2845038700e-06  1.8493596567e-05 -5.9712096931e-06  8.1147809701e-06 -1.3481168539e-04 -4.0784800143e-05 -1.7597782848e-04

JOB 5
COORDS  5.8467569044e+00  4.7678907497e-01  2.6264121754e+00  5.1175267832e+00  1.0911748540e+00  1.6410796060e+00  4.9479952315e+00 -1.1187474523e+00  1.5040166669e+00  4.3979971909e+00 -2.5871473002e+00 -3.4641392240e-01  1.9716348769e+00 -2.0447017003e+00 -4.3068059706e-02  2.9435349814e+00 -2.4440650257e+00 -2.2868865553e+00  5.7378663168e+00 -9.0463634724e-01  2.5339487131e+00  4.5249026833e+00  4.7636624667e-02  9.2524964881e-01  4.5120793435e+00 -2.3883220073e+00  1.0784857346e+00  3.1659240340e+00 -2.2690795588e+00 -8.5438425467e-01  5.3147075898e+00 -3.0528393483e+00 -1.0122975402e+00  6.4482108464e+00  9.3933313373e-01  3.3977877944e+00  4.9605227296e+00  2.1271816670e+00  1.3789929755e+00  1.2369479884e+00 -2.8367188312e+00 -2.3566551084e-01  1.5085237309e+00 -1.0834850867e+00 -2.9698043490e-01  2.2295665313e+00 -2.0533528711e+00  1.0133631386e+00  2.4435697583e+00 -3.3998640944e+00 -2.4896615619e+00  3.9008090887e+00 -2.4342750236e+00 -2.8056650685e+00  2.3107298422e+00 -1.6324486286e+00 -2.6604926982e+00  3.9707319921e+00  1.2969940941e-01  8.3499135169e-02  5.1934264287e+00 -3.0611039818e+00  1.4266379929e+00
ENERGY -5.289904464947e+02
GRADIENT -1.6979798752e-04 -1.7877550608e-05  1.3055128074e-04  1.3658277025e-04 -1.3792825901e-05 -1.0851130488e-04  5.1586232734e-03 -1.6233295425e-03 -1.3932447826e-04  4.7234886995e-03  6.4138176450e-03 -1.3783016202e-03 -1.6388416927e-05 -3.0652837520e-05  2.2285030905e-05  9.1601855295e-06 -8.0819146509e-05 -1.3341786652e-05  1.9853253931e-04 -1.0742384548e-05 -1.4211843733e-04 -1.0306002089e-04  1.9415636828e-06  3.7726331349e-05 -8.2884666104e-03  4.9676517604e-04  8.3925707781e-04 -1.6838812394e-03 -5.1422260793e-03  8.4755535709e-04  8.5187271209e-06  2.2704819135e-05  2.5071750781e-05 -2.0116282250e-05  7.0789624492e-06  1.1229512739e-05 -2.6862901351e-05  2.4021096085e-06  1.7902064617e-05  7.8191699332e-06  2.8960166548e-05 -5.2995055641e-05  1.8118190281e-05  1.7606732516e-05  3.9681537851e-05  8.9638326318e-06 -3.4757723835e-05  5.7990506666e-06  1.0599837030e-05  5.9525393066e-06  4.1289766783e-06  1.1692337872e-05  9.8679726534e-06 -6.6102257920e-06  1.5581406383e-05  4.8038545582e-06 -1.2737285498e-05  6.5119002844e-05 -2.6972504220e-06 -5.1761120952e-05  3.1311892490e-05 -3.6997490150e-05 -1.5148502992e-04

JOB 6
COORDS  5.7828785411e+00  4.3534295335e-01  2.6198818402e+00  5.0901342216e+00  1.0265292582e+00  1.5945061826e+00  4.9823011996e+00 -1.1861131131e+00  1.4616066811e+00  4.4170153307e+00 -2.7006484218e+00 -3.7430686853e-01  2.0529158661e+00 -1.9818475008e+00 -1.5117406825e-02  2.9522778903e+00 -2.4109236438e+00 -2.2792366932e+00  5.7096051535e+00 -9.4833874730e-01  2.5324141844e+00  4.5644764815e+00 -3.4444326725e-02  8.5311532527e-01  4.6265157536e+00 -2.4738504304e+00  1.0195238490e+00  3.2289397435e+00 -2.2002918405e+00 -8.5949270188e-01  5.2182020460e+00 -3.3312500150e+00 -1.0539196343e+00  6.3317035815e+00  9.1615576323e-01  3.4188235644e+00  4.9191249854e+00  2.0569227520e+00  1.3194226527e+00  1.3330852567e+00 -2.8000885272e+00 -1.5037042831e-01  1.5590062536e+00 -1.0432684973e+00 -2.8988063113e-01  2.3387708679e+00 -1.9405451884e+00  1.0332576485e+00  2.4848444795e+00 -3.3890995441e+00 -2.4523480639e+00  3.8831956122e+00 -2.3700998767e+00 -2.8433206529e+00  2.2735955870e+00 -1.6281789745e+00 -2.6307062986e+00  4.0496487244e+00  2.1931460301e-02 -1.5707550307e-02  5.3331489161e+00 -3.1259896229e+00  1.3525883661e+00
ENERGY -5.289936523523e+02
GRADIENT  2.7512840167e-06 -3.9746151394e-06  2.0186690969e-05 -3.1202604988e-05 -1.2939734494e-05  4.2410131094e-05  4.6657095072e-03 -1.0914032258e-03 -5.0760004408e-04  5.1772233042e-03  5.3184516228e-03 -1.3600922919e-03  9.8761588474e-05  1.3470795738e-05 -8.1329449333e-07  2.3212828141e-06  2.8786940442e-05  8.0914914141e-06 -3.5536341054e-05  6.2952143426e-06  4.1123956633e-05  7.4893970601e-05 -4.2409137032e-05 -7.0620726018e-05 -7.6511356022e-03 -3.2798392610e-05  8.4334013289e-04 -2.2386542819e-03 -4.1924727023e-03  8.5928073399e-04 -3.7132429805e-05 -6.4548030127e-06 -3.2680054475e-05 -9.8024701456e-06  7.8863047312e-06  7.4457216234e-06  2.9242577813e-05 -6.5335422381e-08 -2.8797580087e-05  3.2722215451e-06 -2.5150573924e-06 -1.9236558285e-06  2.8542266143e-06  7.9133245082e-06  9.0861765083e-06  1.2446851806e-05  3.4780395810e-06  1.7096397754e-05  1.7040962576e-05 -3.9552471313e-06 -1.8533525425e-05 -1.8600786791e-06  1.4071406797e-05 -6.8053074961e-06 -9.3716181691e-06 -5.2203485540e-06  2.6042865864e-06 -9.2667954576e-05 -7.5853835617e-07  5.9281016562e-05 -2.8614803273e-05  6.5440603384e-05  1.5854716877e-04

JOB 7
COORDS  5.6167755906e+00  5.6671157224e-01  2.6991337478e+00  4.9885712644e+00  1.1317591156e+00  1.6182821740e+00  5.0145048163e+00 -1.0803331391e+00  1.4598550206e+00  4.5294152243e+00 -2.6480914141e+00 -3.8782069442e-01  2.1921966707e+00 -1.8824140366e+00 -3.2448212872e-02  3.0845960485e+00 -2.3084321239e+00 -2.2894066708e+00  5.6256349185e+00 -8.1711998605e-01  2.5961810184e+00  4.5947119778e+00  5.4322400346e-02  8.2304689545e-01  4.8061159826e+00 -2.3807789226e+00  9.7170209177e-01  3.3802775285e+00 -2.0471237063e+00 -8.7951073224e-01  5.2501415187e+00 -3.3816159759e+00 -1.0546612283e+00  6.0617535130e+00  1.0664640715e+00  3.5493675403e+00  4.7779350425e+00  2.1542920556e+00  1.3413285591e+00  1.5308633771e+00 -2.7546551363e+00 -1.2596815064e-01  1.6358608624e+00 -9.9298513561e-01 -3.4498363106e-01  2.4725274774e+00 -1.7709902099e+00  1.0123552152e+00  2.6378426103e+00 -3.3014457504e+00 -2.4297078663e+00  4.0035721029e+00 -2.2610344861e+00 -2.8725614605e+00  2.3836999690e+00 -1.5492886165e+00 -2.6478504216e+00  4.1565142997e+00  8.4372002047e-02 -8.8760339906e-02  5.5389433855e+00 -2.9993775432e+00  1.3077035253e+00
ENERGY -5.289960612630e+02
GRADIENT  3.1265663360e-05  1.1048839848e-04  3.9083290971e-05  4.8101452378e-05 -5.6101776134e-05 -2.3596510084e-05  3.0620183517e-03 -5.6572671815e-04 -4.1407460667e-04  3.7212614085e-03  2.9999307039e-03 -1.4434647933e-03 -8.3934909705e-05 -1.4952056849e-05  1.2197584256e-05 -5.6172795743e-05 -4.3258097914e-05 -7.2390534315e-05 -9.7595686809e-05  2.4454554098e-05 -1.2734058119e-04 -8.1003681235e-05  1.0326318082e-04  1.7652425071e-05 -5.0680572769e-03 -4.4270887975e-04  1.0201158125e-03 -1.4193192503e-03 -2.2157628687e-03  8.2765435246e-04 -2.9842133255e-05  4.9796705828e-05  3.1894411203e-06  4.1032260985e-06 -3.4151601371e-06  2.6502698269e-07 -1.0542130423e-05 -2.4998377496e-06  2.6723316380e-05  7.8668081661e-06 -2.3269747858e-06  1.0966117949e-05  1.3705593464e-05 -5.2221645419e-06 -8.0108248228e-06 -3.9741772908e-06  2.4395025081e-05 -1.0571705164e-05  1.0849642154e-05 -9.3111985722e-06  1.1900461638e-05 -8.7813055312e-06  1.2398988856e-05  6.0534777383e-06 -8.6089726150e-06 -2.0709853671e-05  1.9558291788e-05  2.9759126043e-05 -3.8643922664e-05 -1.7176960878e-05 -9.8556113614e-05 -8.7551477901e-07  1.1458447936e-04

JOB 8
COORDS  5.4742625359e+00  5.0515938638e-01  2.7445891843e+00  4.9195922063e+00  1.0749665224e+00  1.6256438516e+00  4.9896052604e+00 -1.1334492117e+00  1.4438351500e+00  4.4705482889e+00 -2.7485050465e+00 -3.8475574886e-01  2.1953233395e+00 -1.8633174357e+00  1.0663271099e-02  3.0101496766e+00 -2.3425299296e+00 -2.2553037003e+00  5.5101005137e+00 -8.7610740445e-01  2.6268156200e+00  4.6084136244e+00  3.9284883373e-03  7.8908977670e-01  4.8676386139e+00 -2.4269299516e+00  9.1929638110e-01  3.3639518889e+00 -2.0468013000e+00 -8.6421876050e-01  5.0713516237e+00 -3.5943105059e+00 -1.0387213851e+00  5.8449822775e+00  1.0004814835e+00  3.6322215928e+00  4.7086588039e+00  2.0974699236e+00  1.3486159720e+00  1.5345571967e+00 -2.7398831074e+00 -3.8792261920e-02  1.6296632525e+00 -9.8483619611e-01 -3.1437878510e-01  2.4981336433e+00 -1.7160848470e+00  1.0450834050e+00  2.5177450329e+00 -3.3190221739e+00 -2.3516159622e+00  3.9098361445e+00 -2.3517483094e+00 -2.8698388237e+00  2.3314314316e+00 -1.5636801671e+00 -2.6142149313e+00  4.2163366007e+00  3.1924952071e-02 -1.4397440350e-01  5.5969711308e+00 -3.0479000737e+00  1.2545338207e+00
ENERGY -5.289972146603e+02
GRADIENT -4.7232955128e-06  5.6925527487e-05  8.7747614366e-05  9.3994286855e-05  3.1629113906e-05 -5.8715090659e-05  9.7962580884e-04 -9.0350690263e-05 -4.0876544831e-04  1.2993879574e-03  9.1002509698e-04 -6.2076861529e-04  2.7906725292e-05  8.2526184128e-06 -2.2208439383e-05  9.1394535396e-06  3.2242667778e-05  1.9330655734e-05  4.0642713527e-05  9.0479965938e-05 -1.0700206164e-04 -1.8447131274e-04 -1.7341902446e-05  2.1403873833e-04 -1.8342240238e-03 -3.1580898798e-04  7.0502513481e-04 -5.3348319839e-04 -6.9083036162e-04  3.3885093169e-04  6.2073657187e-05 -1.9137650170e-05 -2.5265016289e-05 -4.5246412998e-05  1.2652652377e-05  2.3048655548e-05  1.3852231434e-05  4.5395665166e-07  3.7370937877e-06  1.4205467502e-05 -1.7821537948e-05  1.9852527941e-05 -1.2572585594e-06 -1.6534022452e-05 -1.2551779579e-05  3.7786119450e-06  3.2705357386e-05 -7.1569705585e-06  4.2581381570e-06 -6.9952006528e-06 -6.2008956799e-06  8.1157805290e-06 -1.1834414913e-05  9.6554738425e-07  7.2869876520e-06 -3.9602739101e-06 -4.4225817168e-06  1.0671262483e-04 -6.1005232593e-06 -3.5708635033e-05  2.8903745770e-05 -3.7527634645e-05 -9.2080509736e-05

JOB 9
COORDS  5.3852661089e+00  4.8624090645e-01  2.7765889355e+00  4.8920529727e+00  1.0656396084e+00  1.6331797025e+00  5.0293008380e+00 -1.1353523915e+00  1.4147652983e+00  4.4874032167e+00 -2.7992445851e+00 -3.8690564684e-01  2.2579403988e+00 -1.8369856834e+00  2.8674995650e-02  3.0127672242e+00 -2.3706875860e+00 -2.2375113884e+00  5.4623319176e+00 -8.9062932839e-01  2.6356831924e+00  4.6730580508e+00  7.3009492336e-03  7.5494259344e-01  4.9982936217e+00 -2.4118963770e+00  8.4839289151e-01  3.4119288220e+00 -2.0368037864e+00 -8.6604428357e-01  4.9867391531e+00 -3.7313456791e+00 -1.0087811908e+00  5.6834323184e+00  9.7209312182e-01  3.6961918318e+00  4.6699848289e+00  2.0880850489e+00  1.3645585668e+00  1.5930893800e+00 -2.7117205138e+00  5.4738756810e-03  1.6902428110e+00 -9.6129471479e-01 -2.9985969225e-01  2.5777569750e+00 -1.6725651665e+00  1.0558764727e+00  2.4946013074e+00 -3.3369522253e+00 -2.2910321015e+00  3.8944990605e+00 -2.4202369421e+00 -2.8759972004e+00  2.3442321174e+00 -1.5856112887e+00 -2.6021141033e+00  4.3129240452e+00  3.8416017073e-02 -1.9101452927e-01  5.6999192458e+00 -3.0457770473e+00  1.2136299679e+00
ENERGY -5.289972528279e+02
GRADIENT  7.9275410917e-05 -1.3462522644e-05  6.7945199439e-07 -1.5637911061e-05 -4.1472760651e-05 -2.6019716332e-05 -6.0326215505e-04 -7.7677803606e-05  3.4220389207e-04 -9.4815226824e-04 -6.5015919793e-04  6.2217066763e-04 -2.6708458373e-05 -3.5750712412e-05  1.6575422750e-05 -1.8406803202e-05 -1.6178010254e-05 -6.4863326160e-06 -7.2477277887e-05  1.7590364031e-05  2.7170232997e-05 -3.4909519764e-05  2.2314745081e-05  1.4074791755e-05  1.1597310355e-03  2.6372098973e-04 -6.2793948518e-04  4.0728818716e-04  4.6567814698e-04 -3.2918510965e-04 -3.1639335366e-05 -1.4491518221e-05  1.3594793649e-05  5.2411803278e-06  3.3287187452e-06 -2.7795406627e-06 -1.6733380096e-05 -3.1673456918e-06  7.8955020990e-06  3.1499720929e-06  5.1316811878e-07  1.0353958783e-05  2.9279748544e-06 -2.2093837658e-06 -7.5638199154e-06  4.5854391687e-07  2.1845909695e-05 -1.5138290032e-06 -8.6378663051e-06  1.0533550909e-06  1.4421724741e-06 -5.8069215586e-06 -8.9143255548e-06  4.8096340741e-06  9.5095364031e-07  8.6698803049e-07 -1.8421957275e-06  4.3987196060e-05 -2.8479685762e-06 -1.9429853082e-05  4.3668717568e-05  4.9822606570e-05 -6.4885901341e-06

JOB 10
COORDS  5.3041771316e+00  4.5871691311e-01  2.7994002637e+00  4.8619638732e+00  1.0607795939e+00  1.6462766268e+00  5.0617992962e+00 -1.1289858101e+00  1.3739691701e+00  4.4742713772e+00 -2.8304969162e+00 -3.9122430796e-01  2.2916820790e+00 -1.7940955277e+00  4.7344275542e-02  2.9783161081e+00 -2.3896571897e+00 -2.2194653203e+00  5.4212661684e+00 -9.1121152493e-01  2.6237768845e+00  4.7241575568e+00  2.6280056967e-02  7.2585409359e-01  5.1041906497e+00 -2.3800911671e+00  7.6056108790e-01  3.4239570311e+00 -2.0245298434e+00 -8.6966369020e-01  4.8753263122e+00 -3.8351393713e+00 -9.6942239725e-01  5.5396304742e+00  9.2364342727e-01  3.7475572493e+00  4.6317891294e+00  2.0859409930e+00  1.3952535263e+00  1.6124131407e+00 -2.6582060503e+00  5.1909490813e-02  1.7311566759e+00 -9.1390605717e-01 -2.8142056731e-01  2.6349653638e+00 -1.6191933374e+00  1.0657152701e+00  2.4342614820e+00 -3.3429130814e+00 -2.2322037960e+00  3.8405615517e+00 -2.4794694117e+00 -2.8802273778e+00  2.3210339873e+00 -1.5971489825e+00 -2.5887154898e+00  4.3866053542e+00  7.2450088746e-02 -2.2776002451e-01  5.7509982780e+00 -3.0411244437e+00  1.1741233594e+00
ENERGY -5.289965363702e+02
GRADIENT  3.6851983559e-05  5.3190134685e-06  2.1581301951e-05 -8.7097294023e-05 -4.4521797299e-05  1.4344805040e-05 -1.4671751147e-03 -5.6143199031e-04  1.0615810055e-03 -2.4666133908e-03 -1.3379312768e-03  1.9446174427e-03  4.8073211823e-05  3.6800644390e-05 -4.2482350269e-05  1.2325779008e-05  2.6852921844e-05  1.3751717256e-05 -8.3445498950e-05  1.3775399444e-05  8.6896402032e-06  1.5649457650e-04  3.8358965849e-05 -6.9822479048e-05  2.8976890219e-03  1.0351857608e-03 -2.1640257921e-03  9.6414062799e-04  6.9265057537e-04 -8.9611052174e-04 -3.0649231013e-05  1.7880443772e-06 -1.6863895336e-05 -1.1582661250e-06 -3.9157834261e-06  2.7198267415e-06  3.1939926698e-05  3.3883480890e-06 -6.8287978266e-06 -5.0974530340e-06 -4.0817945131e-06  1.3649960747e-06 -1.3780374954e-06  8.8727000384e-07  2.1316679080e-06  1.3111002354e-05 -1.3546652804e-06  9.5523722835e-06 -1.0703211757e-05  4.0927141144e-06 -1.1298900992e-05  2.3242657989e-07  6.8750555036e-07 -5.7988811592e-06 -4.0512431219e-06  4.9577870654e-06 -7.2326907550e-06 -9.3747164900e-05 -1.1784761066e-05  3.7318586293e-05  6.9909955840e-05  1.2370007900e-04  4.8860296544e-05

JOB 11
COORDS  5.2133872338e+00  4.0582121629e-01  2.8226493642e+00  4.8364122178e+00  1.0489755918e+00  1.6678678528e+00  5.1008190408e+00 -1.1227134751e+00  1.3184091041e+00  4.4713187812e+00 -2.8431954444e+00 -4.1506593848e-01  2.3327346358e+00 -1.7416706767e+00  5.1697989349e-02  2.9370301313e+00 -2.4144794593e+00 -2.2117941853e+00  5.3718876201e+00 -9.5257321107e-01  2.5974124397e+00  4.7873352104e+00  5.4582596677e-02  6.9747487084e-01  5.2162923891e+00 -2.3373601667e+00  6.4396313791e-01  3.4364281296e+00 -2.0115710607e+00 -8.9116515186e-01  4.7925440637e+00 -3.9003921872e+00 -9.4603245105e-01  5.3752481745e+00  8.3379274991e-01  3.8030702979e+00  4.6007899143e+00  2.0797601951e+00  1.4465004611e+00  1.6391254453e+00 -2.5933603303e+00  9.3821891452e-02  1.7793291981e+00 -8.5864924666e-01 -2.8124922509e-01  2.7050647689e+00 -1.5506665140e+00  1.0571402902e+00  2.3739399819e+00 -3.3559215909e+00 -2.1743110014e+00  3.7740911260e+00 -2.5434489907e+00 -2.8983004499e+00  2.2836404196e+00 -1.6206755304e+00 -2.5852633243e+00  4.5008835510e+00  1.3520834836e-01 -2.7024629115e-01  5.8070501135e+00 -3.0230048835e+00  1.1000763308e+00
ENERGY -5.289952594702e+02
GRADIENT  3.5594057825e-05 -3.6428316866e-05  5.0358731191e-05 -1.8208362679e-05 -9.5414006791e-05 -8.8203293384e-05 -1.8752976485e-03 -1.3586015822e-03  2.1234379822e-03 -3.9039115121e-03 -2.3702976297e-03  3.5556894870e-03 -1.0439587299e-04  4.1484785625e-05 -7.1636722002e-05 -5.7056968775e-05  5.0868922561e-06  2.8885323222e-05 -2.7672924507e-05  3.1813357345e-05 -3.1585389569e-05 -8.3794561789e-05  8.2493467553e-05 -3.5647294097e-05  3.9264887164e-03  2.4971186531e-03 -4.0316665780e-03  1.7847250302e-03  1.1144210063e-03 -1.6799132837e-03  1.1817945440e-04 -3.6137944732e-06  9.7148860411e-05  2.3447172454e-06  8.5431687846e-07 -1.6471911836e-07  1.0213569384e-05  3.5217637192e-06  2.3185554048e-05  3.3205012868e-05 -3.8669453213e-06  7.0312089635e-06  7.8528543784e-06 -1.2414402718e-05  2.0796712125e-05  3.3709947626e-05  1.5697842486e-05  1.3730149446e-05 -1.1827380433e-05  5.1764476201e-07 -8.8158979469e-06  4.3932647963e-06  5.3827990089e-06  9.9825577181e-06 -1.7910980485e-05 -4.8789466565e-06  6.0039371173e-06  3.1735291187e-05 -4.4498142065e-07 -1.0094740231e-05  5.3970593572e-05  6.1420957254e-05  1.4371489275e-05

JOB 12
COORDS  5.1049624543e+00  3.3700518709e-01  2.8409450133e+00  4.8113444207e+00  1.0340163825e+00  1.6924660794e+00  5.1431075910e+00 -1.1129804125e+00  1.2571596816e+00  4.4716482680e+00 -2.8510906805e+00 -4.3178078779e-01  2.3739974981e+00 -1.6798326929e+00  4.0952632314e-02  2.8962142860e+00 -2.4701332319e+00 -2.2009964820e+00  5.3064033951e+00 -1.0052553479e+00  2.5606903341e+00  4.8655555192e+00  9.2246383353e-02  6.7305324646e-01  5.3253954200e+00 -2.2843565812e+00  5.1753773601e-01  3.4468436400e+00 -2.0112781665e+00 -9.1906839577e-01  4.7242918937e+00 -3.9552640056e+00 -8.9774154136e-01  5.1803849515e+00  7.1628043498e-01  3.8514290851e+00  4.5778640193e+00  2.0720941825e+00  1.5052802622e+00  1.6644822948e+00 -2.5141220966e+00  1.3671900053e-01  1.8300252966e+00 -7.9990853058e-01 -3.1502276176e-01  2.7745977906e+00 -1.4559991036e+00  1.0285456871e+00  2.3175156852e+00 -3.3973013484e+00 -2.0995310469e+00  3.7074104636e+00 -2.6478496331e+00 -2.9076598923e+00  2.2456399281e+00 -1.6821735603e+00 -2.5914356766e+00  4.6441445022e+00  2.1930573401e-01 -3.0645643390e-01  5.8842194027e+00 -2.9832512975e+00  9.9604819201e-01
ENERGY -5.289931880103e+02
GRADIENT -1.3843445029e-05 -1.5531191707e-05 -5.5036374375e-05 -5.0088116764e-05  1.9740316732e-05  2.5805239669e-05 -2.2529744255e-03 -2.4545193503e-03  3.4498297766e-03 -4.9604948698e-03 -3.5849929838e-03  6.3386273839e-03 -5.0921207925e-05  1.5041735691e-06  3.1820997356e-05 -3.1138996117e-05  2.6241764132e-05 -2.5508462872e-05  4.5554343242e-05 -4.2006070532e-05  3.2375630733e-05  1.4680423937e-04  2.0439554682e-05 -3.2628916991e-05  4.7596603905e-03  5.0593380474e-03 -6.6909941104e-03  2.5727249859e-03  1.2621623118e-03 -2.9580023537e-03  3.3314057298e-05 -4.6790446986e-06  4.8087909574e-05  1.0256397444e-05  5.3129349178e-07 -1.3867597235e-06  2.7354171775e-06  5.6851733143e-06 -2.9278956600e-06  1.8698766455e-05 -8.7059939114e-06  1.9949072186e-05 -1.1212584694e-05 -2.6916106091e-05 -1.9442027078e-05  9.8251260451e-06  3.1596869386e-05 -7.5328075517e-06  1.4837630580e-05 -4.4603792782e-06  8.2985443457e-07  2.5839252071e-06  5.2272441472e-06  3.6142138620e-06 -2.4942568518e-06 -7.2323221397e-06  1.3306253912e-05 -6.8526974164e-05 -2.0688283882e-06  1.6158325865e-05 -1.3837252330e-04 -2.5457343259e-04 -1.1612982090e-04

JOB 13
COORDS  4.5039650915e+00  3.2881538454e-01  2.1289496738e+00  4.7988904411e+00  1.6556291688e+00  1.9077694996e+00  4.9779590800e+00  4.6970216725e-01  3.4509277910e-02  4.4780182732e+00 -6.2746533054e-01 -2.1660203113e+00  2.3184768823e+00  6.1187678156e-02 -1.0837620368e+00  2.4508404810e+00 -1.8593709871e+00 -2.6342830059e+00  4.6272527754e+00 -4.0050981912e-01  9.6172121558e-01  5.0955754365e+00  1.7349627761e+00  5.5691968103e-01  5.2146276723e+00  2.3937147496e-01 -1.3277529465e+00  3.1545991699e+00 -8.2491528714e-01 -1.8853096825e+00  5.0634281083e+00 -1.1708015672e+00 -3.1049779145e+00  4.2229732634e+00 -1.4429120060e-01  3.0608461191e+00  4.8414689062e+00  2.5144062647e+00  2.5622399813e+00  1.3666382536e+00  2.1018035710e-01 -1.6056424850e+00  2.7824730504e+00  1.0405670434e+00 -9.6581559032e-01  2.1211068526e+00 -3.5487975426e-01 -9.0219942366e-02  1.7576171346e+00 -2.3773756371e+00 -1.9630375498e+00  3.1717756574e+00 -2.5711932910e+00 -3.0324680817e+00  1.8808322842e+00 -1.4327337203e+00 -3.4707913599e+00  5.3131372941e+00  2.5688274782e+00  2.7165613509e-02  6.1869712695e+00  2.2883550268e-01 -1.6184555482e+00
ENERGY -5.289937832511e+02
GRADIENT  4.3518547076e-05  4.9392738727e-05  4.7646464749e-05 -5.7287641436e-05  8.3474421119e-05  6.5552116433e-05 -1.8189079638e-03  2.2014399946e-03 -8.4133342971e-04 -2.1489176956e-03  4.5531390872e-03 -2.7251666857e-03 -1.6017931159e-05 -1.9283423318e-05  3.8049704260e-05 -2.1619645742e-05 -1.4093282007e-05  1.9441134824e-05 -2.4299758372e-05  9.2078420900e-05 -4.1328242636e-05  5.9057467496e-05 -1.5058800263e-04  1.4033814053e-04  3.2747342413e-03 -4.6270969802e-03  1.5760252972e-03  7.4932071136e-04 -2.1861017939e-03  1.5784636756e-03 -8.2580672491e-05 -3.8342938910e-05 -2.7168888463e-05  1.2313942380e-05  3.1617219905e-06  9.9545317287e-06 -1.7137097628e-05  2.6595725213e-06  8.1093117284e-06  3.6145236369e-06  1.7606763575e-05 -4.2739686644e-06  1.2596995237e-05 -1.0571527173e-05  1.5524863602e-08 -4.1091024727e-06 -7.8798896041e-06 -1.0337111462e-06 -1.4493331929e-05  2.0316677374e-05 -4.6995140286e-06  6.4227382653e-06 -1.5216948806e-05  2.5725932697e-05  1.9142787954e-05 -5.3403154760e-06 -1.4175011072e-05 -3.3528054100e-05 -1.8618273177e-05 -1.1760292590e-05  3.3680141117e-05  5.3009856307e-05  2.1445460919e-04

JOB 14
COORDS  4.4758079167e+00  2.4908608516e-01  2.1383869317e+00  4.8200890442e+00  1.5710177460e+00  1.9710610162e+00  4.9348050344e+00  4.6259380669e-01  4.6936364743e-02  4.4586263703e+00 -6.9807292023e-01 -2.0956278532e+00  2.2834384962e+00  1.1276118920e-01 -1.1512472017e+00  2.4218428514e+00 -1.9449122427e+00 -2.5169668993e+00  4.5574253673e+00 -4.3312420944e-01  9.3817948025e-01  5.1049693760e+00  1.6982544820e+00  6.1951239291e-01  5.1417423408e+00  2.8361025411e-01 -1.3309369092e+00  3.1137890238e+00 -8.2251458043e-01 -1.8968338717e+00  5.0954552868e+00 -1.3532292312e+00 -2.9222155884e+00  4.1861798777e+00 -2.5337877427e-01  3.0520471650e+00  4.9067454081e+00  2.3981694568e+00  2.6608747905e+00  1.3310997740e+00  2.3029248042e-01 -1.6796077345e+00  2.7557246612e+00  1.0941984656e+00 -1.0985863695e+00  2.0856540468e+00 -2.3980810948e-01 -1.3289417267e-01  1.8323331116e+00 -2.4784245941e+00 -1.7619801195e+00  3.1558183831e+00 -2.6213540476e+00 -2.9508806037e+00  1.7465731788e+00 -1.5983187229e+00 -3.3100901424e+00  5.3450737770e+00  2.5469298482e+00  1.2437558716e-01  6.1188659250e+00  2.6344708638e-01 -1.6101016109e+00
ENERGY -5.289950334892e+02
GRADIENT  7.3119467150e-05 -1.3996826272e-04  6.9531386560e-05 -2.4678880741e-04  2.8577350030e-05  5.3753274869e-05 -5.4216289193e-04  1.0310839742e-03 -5.0811345838e-04 -8.3580134938e-04  2.0130156105e-03 -7.2208220278e-04  7.2374252187e-05  1.8201611089e-05 -5.3791378110e-05  2.2269009482e-05  8.8540771592e-05 -5.4889306228e-05 -1.4351937211e-04  2.8897653762e-05  9.3705860714e-05  1.3729467286e-07 -1.0423493565e-04 -1.5319454956e-04  1.3586659353e-03 -1.9663027855e-03  4.3502049927e-04  9.3625748176e-05 -1.0041990611e-03  7.8926118149e-04  7.6873372141e-05 -4.4149221934e-05 -1.2851553839e-04  5.6161460556e-06  1.0792343661e-05  2.7280474295e-05  9.8289918331e-05  2.0757867405e-05 -1.4244925296e-05  8.2228042814e-07 -1.7037051320e-05  1.3843765737e-05 -5.5325152163e-06  4.4410888866e-05 -1.9949920195e-05  3.0468979737e-05 -1.0509474548e-05  1.4735069063e-05 -1.8766247504e-05 -3.6985628913e-05 -1.3021967631e-05 -1.9197011738e-05  4.6142885919e-06 -2.1592348822e-05 -4.2944297515e-05 -9.7199414503e-06 -1.4231348176e-05 -1.5921789816e-05  2.3053600998e-06  5.6349224059e-05  6.8703062480e-05  1.4183918152e-04  3.7311341689e-05

JOB 15
COORDS  4.4328731355e+00  1.6818468517e-01  2.1384659749e+00  4.8948607224e+00  1.4594403786e+00  2.0480187140e+00  4.8746125476e+00  4.7383570109e-01  5.5396328026e-02  4.4382223795e+00 -7.2417520547e-01 -2.0455419063e+00  2.2141402492e+00  1.0646313622e-01 -1.2647925465e+00  2.4454299054e+00 -2.0398749604e+00 -2.4710344415e+00  4.4309838890e+00 -4.4032945702e-01  8.9416858059e-01  5.1671934843e+00  1.6496992802e+00  6.9824703004e-01  5.0317665700e+00  3.6655131392e-01 -1.3385700017e+00  3.0812865280e+00 -8.3100905134e-01 -1.9630270192e+00  5.1499412822e+00 -1.4426180217e+00 -2.7469312476e+00  4.1147007546e+00 -3.6576638039e-01  3.0242011199e+00  5.0669438069e+00  2.2295468565e+00  2.7859580884e+00  1.2756012143e+00  1.9385246847e-01 -1.8224687602e+00  2.6743386515e+00  1.0938452611e+00 -1.2232487547e+00  1.9946889015e+00 -2.2707714805e-01 -2.4407915526e-01  1.9506912683e+00 -2.5787665071e+00 -1.6532141214e+00  3.2036190474e+00 -2.6784072447e+00 -2.9204896723e+00  1.6949703937e+00 -1.7852532287e+00 -3.2291243998e+00  5.4630205356e+00  2.5084509491e+00  2.5347844476e-01  6.0082996721e+00  3.9383345221e-01 -1.6239128289e+00
ENERGY -5.289950836473e+02
GRADIENT -5.1880722046e-05  1.8243614467e-05 -2.4920426158e-05  5.4460135885e-05 -3.3675035809e-06 -2.2789505390e-07  8.4911966468e-04 -5.3954285537e-04  1.7315393217e-04  5.9871800485e-04 -1.1143052937e-03  1.3297092856e-03  1.7267956499e-05 -2.2850619333e-05  1.1266880816e-05  1.1132030274e-05 -2.5973325376e-07  2.9701543082e-05  6.5481602225e-05 -2.4569692783e-05  1.2985458645e-06 -3.8208418738e-05  7.7493171427e-06 -2.2305052990e-06 -1.3332298122e-03  1.0651348228e-03 -6.1874121981e-04 -1.2976239853e-04  6.5089673694e-04 -9.2864353069e-04 -2.7392994292e-05 -5.5562356726e-06 -1.7793799111e-05  4.1983242333e-07  3.1582336397e-06 -3.6643782379e-06  9.2864639656e-07  2.7617754733e-06 -1.1179558398e-06 -5.6756921898e-06  1.1085208159e-05  5.7709732019e-07 -4.2700074338e-06  3.1944119118e-07  8.0069095956e-06 -8.9500365030e-06 -4.8327166100e-07  2.8672191989e-06 -1.4694589457e-06  1.0754828227e-06  2.8019303604e-07 -2.1397202875e-06  1.3495441210e-06 -1.1470961514e-06 -6.0896669610e-06  3.8304778142e-06  1.1228078875e-06  7.5727882346e-06  1.1286958189e-06 -4.0543540599e-06 -3.4067683777e-06  1.6638712242e-05  1.6630980930e-05

JOB 16
COORDS  4.4374659791e+00  2.2030098365e-01  2.1267894886e+00  5.0897429746e+00  1.4262347388e+00  2.0743071743e+00  4.8272565773e+00  5.6856590370e-01  3.9835915383e-02  4.3834141047e+00 -6.7996277405e-01 -2.0032933407e+00  2.1048967217e+00  1.1126695210e-01 -1.3868178840e+00  2.4633624863e+00 -2.0779793504e+00 -2.4826014622e+00  4.2823226124e+00 -3.1082742004e-01  8.5428681202e-01  5.3330700899e+00  1.6467093825e+00  7.1931374633e-01  4.8748263616e+00  5.1484701384e-01 -1.3655160438e+00  3.0288812935e+00 -8.1188122900e-01 -2.0318258713e+00  5.1729432094e+00 -1.4295437779e+00 -2.5741455060e+00  4.0818567173e+00 -3.0867532068e-01  3.0010766194e+00  5.4132746485e+00  2.1196577649e+00  2.8368312813e+00  1.1809358888e+00  1.4529450961e-01 -1.9730575057e+00  2.5322702324e+00  1.1133603193e+00 -1.3596867464e+00  1.8724386744e+00 -2.0451581895e-01 -3.6348330443e-01  2.0092602294e+00 -2.6151982904e+00 -1.6401783064e+00  3.2545731197e+00 -2.6873051179e+00 -2.9154175901e+00  1.6923148459e+00 -1.8937466107e+00 -3.2392739247e+00  5.7298675789e+00  2.4801584902e+00  3.0663445962e-01  5.8310671291e+00  6.2226982313e-01 -1.6997617475e+00
ENERGY -5.289937304091e+02
GRADIENT -9.6568744633e-05  2.2267741387e-05  5.7268404700e-05 -2.0949063147e-05 -1.1324269284e-05 -3.2396757112e-06  3.0367304851e-03 -1.3325429753e-03  1.8298241685e-04  1.6020666088e-03 -2.9385041311e-03  4.2670342933e-03  7.8500715416e-05  1.9870470157e-05 -7.9695819100e-05  3.2801850919e-05  8.6950267045e-05 -7.0723769285e-05  1.5201889287e-04  2.3011563387e-06  1.7300385637e-06  1.2100088876e-04 -6.7512907603e-05 -2.4909320741e-05 -4.6942219993e-03  2.7589645519e-03 -1.4672627691e-03 -1.4864920204e-04  1.5574597403e-03 -2.8692422112e-03  6.3271130062e-05 -1.9490349715e-05  3.9613649542e-05  3.6004692258e-06  7.8408325921e-06  8.0332666368e-06 -1.7893419967e-05  1.2895908039e-05 -4.7995688992e-06 -5.9476148046e-06 -2.0849427475e-05  1.5476558389e-05  2.4083240676e-06  1.1238802012e-05 -4.7719775726e-06  5.6392053079e-06  1.7601544800e-05  1.4725748759e-05 -1.5070393678e-05 -1.0310348685e-05 -8.1846801692e-07 -5.6151766176e-07 -1.3309688796e-05  2.0122682692e-05  3.0359297210e-06 -4.4077167796e-06 -4.3713247251e-06  9.5543995933e-06 -4.6173033863e-06  1.8108422909e-06 -4.2286758286e-05 -4.7721751340e-05 -4.9772595243e-05

JOB 17
COORDS  4.4277076695e+00  2.8656264901e-01  2.1627219510e+00  5.2611953912e+00  1.3738958050e+00  2.1184695350e+00  4.7717450633e+00  6.5624838943e-01  7.1565998024e-02  4.3497594688e+00 -6.3330523266e-01 -1.9223992169e+00  2.0008720384e+00  6.0027267080e-02 -1.5236336816e+00  2.5509594940e+00 -2.1260740307e+00 -2.5461075019e+00  4.1264401071e+00 -1.5634035980e-01  8.8176058646e-01  5.4787281812e+00  1.6081904934e+00  7.5846168399e-01  4.7118714322e+00  6.4671295327e-01 -1.3340933865e+00  3.0147056472e+00 -8.1560876237e-01 -2.1024420072e+00  5.2273107856e+00 -1.3853030672e+00 -2.3358376133e+00  4.0321380140e+00 -2.1573084174e-01  3.0355481829e+00  5.7236336199e+00  1.9778047791e+00  2.8853827366e+00  1.1189869789e+00  4.8620454670e-02 -2.1716721174e+00  2.3803355304e+00  1.0790250348e+00 -1.4639225819e+00  1.7183115445e+00 -2.7256429808e-01 -5.1850940553e-01  2.1261352248e+00 -2.6904798941e+00 -1.7059931876e+00  3.3901993909e+00 -2.6801395797e+00 -2.9625287156e+00  1.7784525952e+00 -2.0005197600e+00 -3.3121267383e+00  6.0049696988e+00  2.3742103596e+00  3.6039576830e-01  5.6339905122e+00  8.5065485860e-01 -1.7170544475e+00
ENERGY -5.289909037286e+02
GRADIENT -2.3462397200e-05  3.7463279191e-05 -1.7103339703e-05  1.7182542637e-05  2.8073831838e-05  8.1177167937e-06  5.1435033272e-03 -1.4218546482e-03 -1.7944463799e-04  1.6540218862e-03 -3.6530975549e-03  6.9330555379e-03  3.1939267582e-05  1.8108171328e-05 -5.5831800852e-05  1.1138857982e-05  8.4966866644e-05 -7.2604623947e-05  7.7497083164e-05 -1.5178384565e-05 -2.7068465037e-05  1.0360395268e-04 -8.6180626447e-05  4.6605820373e-05 -7.3216142915e-03  2.9377820390e-03 -1.6711889579e-03  3.2190974630e-04  2.1539360424e-03 -4.9711484291e-03  5.7842519713e-05 -3.0885104293e-05  5.2297959525e-05  8.7088597903e-06 -3.3433656467e-06 -2.1834393194e-06 -9.6874109518e-06  8.2215812888e-06  9.3157548060e-07 -1.4166181671e-05 -2.5580074499e-05  2.6004950609e-05 -5.8865165082e-06  7.2382610838e-06 -1.8228169230e-05  4.0988084005e-06  2.4020122083e-05  1.8913018030e-05 -2.0095070304e-05 -1.8644231599e-05  1.2938180139e-06 -1.4304618097e-05 -1.1211555133e-05  1.6304111257e-05 -1.1224272901e-05  1.4010994063e-06  8.7232444916e-06 -1.2745104291e-05  1.6882680166e-06 -2.9839011457e-06 -3.2409370874e-05 -1.0337314957e-04 -5.5377945493e-05

JOB 18
COORDS  4.5235391000e+00  1.6391499197e+00  2.3176136412e+00  5.5561586775e+00  7.4243927866e-01  2.1887866753e+00  4.5333897616e+00  1.0547221683e+00  2.5460016771e-01  4.1849619027e+00 -3.8940498156e-01 -1.6298308164e+00  1.6970290774e+00 -1.6251642161e-01 -1.5834952157e+00  2.8041392078e+00 -2.1322612740e+00 -2.6271872186e+00  3.8788585516e+00  1.8250756607e+00  1.1000008279e+00  5.5590111796e+00  3.7991728775e-01  8.4421837820e-01  4.2534227377e+00  9.4098452052e-01 -1.1179994765e+00  2.9344021060e+00 -8.7345556621e-01 -1.8976358183e+00  5.2139301006e+00 -1.0591219681e+00 -1.7289548180e+00  4.1976752743e+00  2.1594263213e+00  3.2085358796e+00  6.2671423576e+00  3.3826385576e-01  2.8943748085e+00  1.3984149197e+00  5.3148400534e-01 -2.3815598079e+00  1.7818724174e+00  3.8107167150e-01 -6.4044784685e-01  8.9820622756e-01 -8.9910630472e-01 -1.4662946496e+00  2.2852182507e+00 -2.8762279957e+00 -2.0116496964e+00  3.7980994843e+00 -2.5044145245e+00 -2.8687760934e+00  2.2337628996e+00 -1.9800875269e+00 -3.5514238851e+00  6.1635573675e+00 -2.7360449602e-01  3.5923555831e-01  3.4486486786e+00  1.5228181616e+00 -1.3271790487e+00
ENERGY -5.289941977925e+02
GRADIENT  6.1124401565e-05  1.4562222245e-05 -4.9218973239e-05 -6.8206461661e-06 -7.2617558292e-05  4.6640318207e-05 -6.4885495646e-03 -2.3811231549e-04  1.2962657916e-03 -2.3118580570e-03  3.3409191944e-03 -8.5660702207e-03  6.1301605533e-06  1.0931999196e-05 -3.2887957955e-06 -2.9701190855e-06 -8.4113919578e-06 -1.9596379884e-05 -1.7680641060e-05 -2.1066142434e-06 -7.0169054167e-06 -1.9403887522e-05  2.0863791418e-05  4.1703951441e-05  9.2745764445e-03 -5.4472789703e-04  9.3745282542e-04 -4.1599265411e-04 -2.4289967214e-03  6.4026611055e-03 -3.3418107536e-06  3.0469812807e-05  2.7773850465e-05 -8.9669187857e-06 -1.2694412478e-05 -6.8904091398e-07  1.7695498589e-05  1.3505720046e-05 -1.0262176647e-06 -1.7965171973e-06 -8.3724870953e-06 -1.7673895491e-07  3.6301129903e-06  3.3262941541e-06 -1.1503546316e-06  1.9283400295e-06 -3.9612666244e-06  1.3431820604e-05 -1.3129323523e-06  4.1521747014e-06 -3.3091807547e-06  7.4014133732e-07 -1.8595391837e-07  1.0401507803e-06  3.6027553781e-06  4.1224801025e-06 -2.5579861823e-06  8.4973758631e-06  1.4128863574e-05  5.2026025153e-07 -8.6518697326e-05 -1.4564120083e-04 -1.0299865062e-04

JOB 19
COORDS  4.7738711589e+00  1.7382920033e+00  2.4035599712e+00  5.7660521519e+00  8.0880315456e-01  2.2051747525e+00  4.5301999197e+00  1.0448833655e+00  3.9130132968e-01  4.0705438391e+00 -4.2398512157e-01 -1.4730116837e+00  1.5968926015e+00 -1.8737710945e-01 -1.7224997582e+00  2.8211969373e+00 -2.1249986161e+00 -2.6899570514e+00  3.9968346690e+00  1.8796127799e+00  1.2601497116e+00  5.6044383369e+00  3.7618172148e-01  8.9162273650e-01  4.0784838649e+00  8.7933237313e-01 -9.2840574510e-01  2.8555138488e+00 -9.1006073958e-01 -1.8789590876e+00  5.1114347071e+00 -1.0879909601e+00 -1.4979788684e+00  4.5643655501e+00  2.3121281553e+00  3.2965687546e+00  6.5479722205e+00  4.2474682952e-01  2.8437615368e+00  1.4498798277e+00  5.8028064949e-01 -2.4954511604e+00  1.5259767398e+00  2.7308004986e-01 -7.3400650978e-01  7.7651901302e-01 -9.0382548404e-01 -1.8055528818e+00  2.1741427813e+00 -2.8732105596e+00 -2.2187032631e+00  3.8304720037e+00 -2.5253422948e+00 -2.7651298563e+00  2.4372056482e+00 -1.9093209460e+00 -3.6949773177e+00  6.1224388011e+00 -3.2408113956e-01  3.7173548636e-01  3.2397668160e+00  1.4326177194e+00 -1.0611822976e+00
ENERGY -5.289984820860e+02
GRADIENT  6.9523019336e-05  4.3838499842e-05 -1.8967460799e-05 -1.0196828346e-04 -1.1829374156e-04  7.6206020717e-05 -6.5064731873e-03 -1.0423383177e-03  2.3608690043e-03 -1.6406394125e-03  3.2667381483e-03 -8.2056197138e-03 -1.3572995407e-05 -1.3417291075e-06  1.5697091498e-06 -1.4510292647e-06 -1.2164483581e-05 -1.4000298522e-05  3.7750841504e-05  2.8326808570e-05 -4.2106436042e-05 -8.3219374434e-06  2.0306104722e-05 -1.2379566830e-05  9.3473640770e-03  5.8691928524e-04 -5.1763782270e-04 -1.0747004344e-03 -2.6582660042e-03  6.4365816544e-03 -1.9154884185e-05  6.1194820506e-05  4.8888159688e-05 -2.6409787946e-05 -2.2707759315e-05  6.2227601022e-06  4.7392680360e-05  5.3126621063e-05 -2.7120413154e-05  4.0850293414e-07 -1.5099544470e-05 -7.4255128670e-06  3.6868150306e-07  1.3046460932e-06 -7.1572200056e-06  4.6522611303e-07 -7.8404427838e-06  1.6677951476e-05 -4.5413483605e-06  5.4123489409e-06 -2.9709590616e-06 -1.3121273227e-06 -2.7063170131e-06  3.3860999027e-06  9.9058787578e-06 -1.7365457553e-07 -3.7925319160e-06  1.3807530017e-05  1.4503192638e-05  4.5281691985e-06 -1.2827405240e-04 -2.2486103197e-04 -1.2550067906e-04

JOB 20
COORDS  4.9251377749e+00  1.8345646034e+00  2.4170922707e+00  5.9039898629e+00  9.0131191974e-01  2.1726870313e+00  4.4827100729e+00  1.0136613034e+00  4.8949248216e-01  3.9536173549e+00 -4.9624496589e-01 -1.3453768637e+00  1.5334198312e+00 -2.3306962778e-01 -1.8852867533e+00  2.8584876913e+00 -2.1478569510e+00 -2.7602769593e+00  4.0328834022e+00  1.9002577950e+00  1.3550968080e+00  5.6110679669e+00  3.8431073746e-01  9.1416080298e-01  3.8876404238e+00  7.7360769813e-01 -7.5768570942e-01  2.7877049123e+00 -9.7813146531e-01 -1.8872000086e+00  5.0060529917e+00 -1.1461731986e+00 -1.3162090349e+00  4.8033067883e+00  2.4626805306e+00  3.2896155805e+00  6.7510574623e+00  5.6035608767e-01  2.7496846614e+00  1.5339242480e+00  6.0314761535e-01 -2.5990386165e+00  1.2969664976e+00  1.4315032674e-01 -8.8569344580e-01  7.2815937911e-01 -9.1290017636e-01 -2.1705825684e+00  2.1209383838e+00 -2.8935537004e+00 -2.4445092327e+00  3.8550211174e+00 -2.5791338089e+00 -2.6875823431e+00  2.6572786518e+00 -1.8716368813e+00 -3.8035085887e+00  6.0713132649e+00 -3.4892229547e-01  3.8462798437e-01  3.0244512618e+00  1.2972935236e+00 -8.3284543841e-01
ENERGY -5.290025064089e+02
GRADIENT -4.9044325834e-05 -5.0285443736e-05 -2.3051064736e-05  1.1601882846e-04  1.1618655879e-04 -8.3173491375e-05 -5.1899439613e-03 -1.4358824858e-03  2.8115006911e-03 -5.0131550831e-04  2.8583004695e-03 -6.0829532872e-03  2.5003453038e-05  2.1021649033e-05 -2.9271282160e-05 -2.1209645422e-08 -5.3973275458e-06 -7.4246063562e-07 -8.3755788847e-05 -3.5181315974e-05  4.1236114677e-05 -4.2380950381e-05 -7.9146832647e-05 -6.5812522588e-06  7.0933257396e-03  1.0149045093e-03 -2.0383449717e-03 -1.4400546931e-03 -2.5482573407e-03  5.2680485351e-03  1.2269949561e-05  1.2885982080e-05 -1.6180634902e-06  1.7487512868e-05  2.2889879811e-05 -1.6898111737e-05 -4.2774514231e-05 -5.1017145657e-05  3.2858722525e-05  3.7851606204e-06  9.4782944867e-06  3.6927445021e-06 -8.4940176205e-06 -8.4460221979e-07  3.3361148047e-06  3.0932203656e-06  6.1579531527e-06 -5.1260755995e-06  7.8248333254e-06 -8.3111580507e-06  9.2400856928e-06 -1.3937081960e-06  7.1569478006e-06 -1.2915238878e-05 -1.8675330088e-05 -1.3927641936e-06  3.6165284220e-06 -7.9959926431e-06 -1.8710335951e-05  1.2673117244e-05  9.4001207304e-05  1.7207998747e-04  1.1023745247e-04

JOB 21
COORDS  5.0276687450e+00  1.9054611343e+00  2.4200855339e+00  5.9949375400e+00  9.6988425235e-01  2.1395385320e+00  4.4240966662e+00  9.6798805241e-01  5.9200302073e-01  3.8468706433e+00 -5.6749466953e-01 -1.2248705605e+00  1.5029152802e+00 -2.4470544153e-01 -1.9997490931e+00  2.8946927328e+00 -2.1367012490e+00 -2.8234026688e+00  4.0422264137e+00  1.9003997838e+00  1.4431260740e+00  5.5952718323e+00  3.7529210615e-01  9.4692455351e-01  3.7111005736e+00  6.5450584661e-01 -5.7084689999e-01  2.7357016195e+00 -1.0169633097e+00 -1.8985465848e+00  4.9062811134e+00 -1.2070156999e+00 -1.1664908860e+00  4.9767375120e+00  2.5824762072e+00  3.2625452506e+00  6.8980621768e+00  6.7369939274e-01  2.6526959260e+00  1.6145336111e+00  6.5455215489e-01 -2.6221352134e+00  1.1302882258e+00  4.3718222443e-02 -1.0114035697e+00  7.3703107385e-01 -8.7373623639e-01 -2.4568429727e+00  2.0945173488e+00 -2.8667585690e+00 -2.6623077595e+00  3.8556389792e+00 -2.6117599893e+00 -2.6358409348e+00  2.8585392120e+00 -1.7966646662e+00 -3.8669205725e+00  6.0131204904e+00 -3.8257033781e-01  4.1639942219e-01  2.8308119141e+00  1.1516010041e+00 -6.0341772317e-01
ENERGY -5.290055466720e+02
GRADIENT -5.6172834564e-05 -5.3490316693e-05  4.1156873777e-05  7.8596083258e-05  1.1767683309e-04 -7.7784651467e-05 -3.0128776124e-03 -1.5289289005e-03  2.2648240121e-03  1.5726410297e-04  1.8410401330e-03 -3.3238776345e-03  1.6666376262e-05  8.1506279574e-06 -2.5698058375e-05 -1.1449468684e-06 -7.3101310183e-06  9.9790078021e-06  6.9336641796e-06  1.7238199227e-05  4.5056812664e-06 -5.2736464270e-05 -5.5116432438e-05  3.5582147091e-06  4.0606370773e-03  1.4841379686e-03 -2.1724976955e-03 -1.2038084574e-03 -1.8659416017e-03  3.1945132221e-03 -2.7619270064e-06 -4.7315702493e-06 -1.7179458864e-05  1.7913853000e-05  2.3698580321e-05 -1.7294949127e-05 -3.5168083896e-05 -4.2876056258e-05  3.0138843799e-05  2.4991481304e-06 -6.1064421316e-07  2.4675884841e-06 -1.2473225577e-05 -5.2463290830e-07 -2.9961116393e-06 -1.1658053580e-06 -1.4836299683e-06  5.1648932385e-06  6.5010434895e-07 -6.1568922927e-06  9.1183195547e-06  2.2972383763e-06  3.8452769681e-06 -7.5452380911e-06 -1.0101388228e-05 -6.3585899426e-06  1.5258868529e-06  7.1744947227e-06  5.3660518095e-06 -1.1687382093e-05  3.2546973798e-05  5.9696134306e-05  5.7797817756e-05

JOB 22
COORDS  5.0928809889e+00  2.0051481802e+00  2.4360071205e+00  6.0446780666e+00  1.0562398373e+00  2.1468812545e+00  4.3636358391e+00  9.4506232673e-01  7.2427393932e-01  3.7601262879e+00 -6.0989944820e-01 -1.0818523481e+00  1.4951546190e+00 -2.0475137680e-01 -2.0261857176e+00  2.9277994747e+00 -2.0755407017e+00 -2.8392801484e+00  4.0377174976e+00  1.9309218242e+00  1.5386428188e+00  5.5611698725e+00  3.7922624080e-01  1.0320585757e+00  3.5616770599e+00  5.5039354217e-01 -3.4832479113e-01  2.7077763142e+00 -9.9939200326e-01 -1.8773588193e+00  4.8206097120e+00 -1.2478155165e+00 -1.0038142243e+00  5.0993392237e+00  2.7373951024e+00  3.2325348080e+00  6.9888855344e+00  8.0220660341e-01  2.6058191096e+00  1.6750263952e+00  7.4955451323e-01 -2.5410591903e+00  1.0226329491e+00 -7.8699573864e-03 -1.0574197698e+00  7.7729589777e-01 -7.7405735041e-01 -2.6188886226e+00  2.1032981574e+00 -2.7946048882e+00 -2.7881985497e+00  3.8595602813e+00 -2.5805482778e+00 -2.5920298259e+00  2.9934061459e+00 -1.6846350483e+00 -3.8633790025e+00  5.9472573377e+00 -4.0522969166e-01  5.1602568153e-01  2.6859754601e+00  1.0536597185e+00 -3.8319270288e-01
ENERGY -5.290072116610e+02
GRADIENT  1.6018605447e-05 -1.6166735484e-05  1.1343833339e-05  4.5548998042e-05 -3.4976632153e-06  3.5639742403e-05 -9.7035603077e-04 -7.7100992104e-04  9.2005704954e-04  8.7963587132e-05  7.7147259033e-04 -1.1932776953e-03  1.7406701237e-06 -2.7586740324e-05  7.7481454702e-07 -1.7432539700e-05 -1.7205474264e-05  3.3875999098e-05 -9.0583054263e-06 -7.9638595239e-05  3.3331793386e-05 -7.0079475218e-05  4.5040286895e-05  9.9655384469e-05  1.5329690101e-03  1.0348398744e-03 -9.8186672374e-04 -5.3359383832e-04 -8.0899299135e-04  1.1166534969e-03  4.7254311174e-06 -3.2724949435e-05 -4.8031727328e-06  1.8449865315e-05  1.3671030846e-05 -1.6905336131e-05  1.9077335572e-05  2.3223572441e-05 -2.1655889239e-05  3.2082948218e-06 -1.2358012924e-05 -5.6534567486e-06 -3.9215946587e-06  9.7326377436e-06 -1.0550848633e-05 -1.4500207472e-05 -1.6331020290e-05  2.1720570122e-05 -2.8638659407e-06 -5.4543764422e-06  2.0550829137e-06  4.6707690198e-06  7.6296996143e-06 -1.1921909582e-05 -5.2253407811e-06 -1.1338007885e-05 -3.5003030166e-06 -1.8007680275e-05 -1.8358545896e-05  1.1543557333e-05 -7.0776502059e-05 -1.1754921956e-04 -1.0893017548e-04

JOB 23
COORDS  5.1669064852e+00  2.0737536075e+00  2.3355764221e+00  6.0946433506e+00  1.0943546945e+00  2.0708870451e+00  4.3226237273e+00  8.7046582199e-01  7.7836025264e-01  3.6995884232e+00 -7.0356421112e-01 -1.0093521304e+00  1.4992938415e+00 -2.1361149844e-01 -2.0565540691e+00  2.9637815157e+00 -2.0503683763e+00 -2.9007852851e+00  4.0542760121e+00  1.9285578000e+00  1.5203204515e+00  5.5337063112e+00  3.2018203113e-01  1.0604881285e+00  3.4425501571e+00  3.8064618674e-01 -1.8656334635e-01  2.6983525133e+00 -1.0258693692e+00 -1.8956524629e+00  4.7615096583e+00 -1.3394142824e+00 -9.2833069193e-01  5.2280249047e+00  2.8738944468e+00  3.0613365180e+00  7.0677623931e+00  8.7589735293e-01  2.4856070606e+00  1.7168958320e+00  7.8406436265e-01 -2.4632401458e+00  9.5611914677e-01 -1.0620368602e-01 -1.1106469695e+00  8.2818021927e-01 -7.1775544707e-01 -2.7535677093e+00  2.1249775019e+00 -2.7530281657e+00 -2.9480471414e+00  3.8674190096e+00 -2.5886738647e+00 -2.6213136820e+00  3.1077992852e+00 -1.6038335993e+00 -3.8935890136e+00  5.8950059720e+00 -4.9287384910e-01  5.7143671009e-01  2.6014365715e+00  9.3377537291e-01 -2.7185281431e-01
ENERGY -5.290076118742e+02
GRADIENT -3.9841456041e-06  4.6696084714e-05  3.8006650497e-05 -5.5458566638e-05  1.8638549507e-05 -6.4665739151e-05  1.4311850766e-04  1.7795739315e-04 -1.5996610870e-04  2.0130961997e-05 -1.5873935813e-06 -1.5797334573e-05  1.3436947699e-05  3.1403689813e-05 -3.4805247061e-05  2.5430339710e-05  1.7132275387e-05 -4.9705584182e-05  3.6269196996e-06 -2.1986125348e-05  3.0772394207e-05 -4.8288357148e-06 -1.1144784104e-04  2.5928599250e-05 -8.7920113574e-05 -1.6714614752e-04  2.1090980768e-04 -4.7144698385e-05 -4.8436688676e-05  3.7702554771e-05 -1.3124792747e-05  6.4554180428e-06 -1.5812589488e-05 -1.1460821345e-05 -2.0091708600e-05  2.0807392157e-05  1.3540441340e-05  1.8756130395e-05 -3.3669046543e-05 -8.5368872884e-07  4.2336799317e-06  1.0004458602e-05 -1.4159202448e-06 -1.2023169749e-05 -8.6829380825e-07  1.2561858294e-05  6.9475019278e-06 -1.7398758072e-05 -3.1481438412e-06  1.2455276502e-05 -1.3856329207e-05 -1.1729666956e-05 -1.3358751405e-05 -1.4069183975e-07  1.7318217424e-05  2.1808536744e-06 -5.8697941750e-06 -9.0918341691e-06 -2.3410898503e-05  1.6800399241e-05  2.8820992802e-06  2.4708038094e-06 -3.4658622105e-05

