JOB 0
COORDS  1.9414612202e+00 -8.7904516231e-01 -1.2646350264e-01  8.2399811227e-01 -2.9895157160e-01  4.8055020050e-01  2.9240059370e+00 -1.5011702026e+00  6.4186189775e-01  1.6882681765e+00 -9.7449228863e-01  2.6551867675e+00  7.1197227802e-01 -3.5213862798e-01  1.8718934104e+00  2.8082832193e+00 -1.5548317297e+00  2.0428666097e+00  4.6661927730e+00 -2.9187005672e+00  5.5444320675e+00  3.6055662382e+00 -2.2427241099e+00  4.6741941515e+00 -5.1166778722e-01  2.3397712400e-01  2.5262813617e+00 -1.6011422791e+00 -5.6621919950e-01  2.3654016316e+00 -3.5332337591e-01  4.1074410230e-01  3.8614838080e+00 -8.4121935222e-01  1.4403554672e+00  1.9989187826e+00  4.1204076798e+00 -2.3662340800e+00  2.9211665691e+00  2.0490238592e+00 -8.4533474588e-01 -1.2070511071e+00  6.0115131629e-02  1.9034873993e-01 -1.1536497817e-01  3.7883690888e+00 -1.9467803540e+00  1.5554192696e-01  1.5652320051e+00 -9.9183097941e-01  3.7304117769e+00  4.7767223646e+00 -3.9764022190e+00  5.2875145014e+00  5.6406683714e+00 -2.4341080206e+00  5.4323467220e+00  4.3743282732e+00 -2.8539695357e+00  6.5973685122e+00  3.5025042390e+00 -1.1878654881e+00  4.9449582952e+00  2.6361649922e+00 -2.7340949905e+00  4.7988555471e+00
ENERGY -1.046221707834e+03
GRADIENT -1.2001187950e-05 -4.2945312068e-06  6.6426361718e-05 -1.1188736435e-04 -1.0098482519e-04 -4.1938998147e-05  2.5756827717e-05 -1.1791366907e-05 -5.7587407202e-06 -7.2714637302e-06  9.1955031238e-06  1.2379574158e-05  8.9649748083e-05  1.1929834993e-04 -2.8164861652e-06  1.0626857009e-06 -4.2033861242e-06 -1.7544612859e-06  5.7771286651e-07 -2.1380160993e-07  4.6464628467e-07 -1.9474131296e-06  1.3005275797e-06  2.1866832012e-06  4.5305731828e-05  1.7695178722e-04 -3.0423408065e-05 -2.8267689773e-05 -5.0625481575e-05 -2.0301897565e-05 -3.5912845386e-05 -1.5926006249e-04  2.9459728146e-05  1.0911159538e-05 -3.7385124365e-05 -6.5132560065e-06  6.7045335551e-06 -1.6220332192e-06  4.0767193971e-06 -2.8996753712e-07  1.4440904537e-06  8.4103412350e-06 -1.2732717034e-05 -8.2474683345e-06 -2.4745245471e-06  8.0379608156e-06  2.6246344022e-06  4.8307857065e-06 -1.9182138494e-06 -1.3351007519e-05  2.3201832867e-06  2.3554100533e-06  4.9459687195e-07  3.2593908623e-06 -2.0609986087e-07  2.0009765602e-06  2.3153502340e-06 -6.5444897756e-07  1.0935604662e-06  1.6639543934e-06 -6.2265328433e-06 -2.4369457733e-06  4.5826292352e-06  1.0116294754e-06 -6.2283501297e-06 -9.9625950172e-07

JOB 1
COORDS  1.9572632604e+00 -8.5958743515e-01 -1.2170189391e-01  8.3541316926e-01 -2.8191771852e-01  4.8256340677e-01  2.9335052622e+00 -1.4878036626e+00  6.4761842274e-01  1.6872409910e+00 -9.7246435536e-01  2.6572556008e+00  7.1506244944e-01 -3.4336064520e-01  1.8713738697e+00  2.8092345949e+00 -1.5501003105e+00  2.0487305311e+00  4.6454436423e+00 -2.9451116378e+00  5.5495031072e+00  3.5915866678e+00 -2.2589968319e+00  4.6789337994e+00 -5.1018665255e-01  2.2051524212e-01  2.5417574553e+00 -1.4869709285e+00 -7.1855128165e-01  2.6784015349e+00 -2.4565875390e-01  6.8289656838e-01  3.7907221325e+00 -1.0538774007e+00  1.2454253086e+00  1.8414349137e+00  4.1161484400e+00 -2.3686662304e+00  2.9279251648e+00  2.0715163636e+00 -8.1820214243e-01 -1.2013366517e+00  7.6363881838e-02  2.1253776126e-01 -1.1426812125e-01  3.8004475961e+00 -1.9312821037e+00  1.6392503258e-01  1.5593422651e+00 -9.9379084464e-01  3.7323804424e+00  4.7546518154e+00 -4.0008811850e+00  5.2842109235e+00  5.6218244684e+00 -2.4622010592e+00  5.4471360021e+00  4.3477647890e+00 -2.8885594761e+00  6.6012792413e+00  3.4895123245e+00 -1.2062073767e+00  4.9580322322e+00  2.6203031921e+00 -2.7490854002e+00  4.7936437940e+00
ENERGY -1.046221776951e+03
GRADIENT -8.0498796527e-06  3.8538825545e-06  2.2402626908e-05  3.3185915412e-05 -1.2401786631e-04  6.1393345026e-05  8.8693162501e-05 -4.6658822817e-05 -5.5989701932e-05 -3.5833627759e-05 -1.8432991055e-05  5.5816613085e-05 -2.9465959172e-05  1.3922169518e-04  2.0945737873e-05 -4.3505929951e-05  4.2705718850e-05 -8.4798617102e-05 -4.4321362859e-06 -2.7130668289e-06  1.5523093180e-05  2.2450521366e-05 -9.0876529882e-06  8.2243594943e-06 -1.5218926657e-05 -1.4473921909e-05  2.2161901166e-05  5.7998893881e-05  4.8262392527e-05 -1.1931213628e-05 -1.1832112442e-05 -6.7800945775e-05  7.4500122325e-05 -3.5342225315e-05  1.6386173103e-05 -5.7516343266e-05 -3.3791397734e-05  9.3712028321e-06 -6.0365759987e-06  1.1074623217e-05 -7.0782747183e-06  7.8087387680e-06 -2.9653141061e-06  1.8881416067e-07  1.5998578835e-05  9.3122860880e-06 -3.0344234112e-06 -1.3654466065e-05 -1.7438483818e-05  1.2435660680e-05 -2.0109203042e-05  1.6921385781e-06 -1.6034649516e-06  2.1610488434e-06 -3.7624440359e-07 -4.8559627578e-07  2.8639727070e-06  6.4527689511e-06 -5.7491628649e-06  5.0126146153e-06  4.4034932608e-06 -3.1860069612e-06 -4.6320270075e-07  9.5861365137e-06 -6.6857541662e-06  5.3572858287e-06

JOB 2
COORDS  1.9569134479e+00 -8.1709708856e-01 -1.3025970731e-01  8.2843488041e-01 -2.4999247011e-01  4.7434043011e-01  2.9295446634e+00 -1.4516589208e+00  6.3677858116e-01  1.6706464131e+00 -9.6709674371e-01  2.6445677250e+00  6.9968543897e-01 -3.3159935299e-01  1.8600151225e+00  2.7974771234e+00 -1.5335135485e+00  2.0371783856e+00  4.6230300118e+00 -2.9558664565e+00  5.5316647781e+00  3.5703500381e+00 -2.2662133456e+00  4.6625214700e+00 -5.1330334103e-01  2.3283075728e-01  2.5516719991e+00 -1.3547652680e+00 -7.5012973392e-01  2.9762564401e+00 -1.7924359016e-01  9.5027563566e-01  3.6571829301e+00 -1.2367053554e+00  1.0486638378e+00  1.7498240190e+00  4.1009134712e+00 -2.3614627344e+00  2.9125430583e+00  2.0776154831e+00 -7.6179008032e-01 -1.2085790634e+00  7.0640282239e-02  2.4777024950e-01 -1.2058607658e-01  3.8007413899e+00 -1.8864555518e+00  1.5287256767e-01  1.5349839038e+00 -1.0041991424e+00  3.7188821425e+00  4.7359494514e+00 -4.0093998393e+00  5.2591079890e+00  5.5984522919e+00 -2.4696326252e+00  5.4362086875e+00  4.3214956331e+00 -2.9078165711e+00  6.5827635339e+00  3.4645347944e+00 -1.2156807616e+00  4.9487119276e+00  2.5999922940e+00 -2.7597116024e+00  4.7703808767e+00
ENERGY -1.046221770253e+03
GRADIENT  1.4478058382e-05 -4.3060938677e-06 -7.2647493891e-05  3.1264681436e-05  5.7390993047e-05  1.8580523572e-05 -1.2606851857e-04  5.9150073665e-05  6.2631238019e-05  2.4704916246e-05  2.3304332278e-05 -8.1133684341e-05 -7.1376170708e-05 -1.1738295953e-04  2.5437910836e-06  1.1076855712e-04 -5.4995829525e-05  7.1168936483e-05 -1.3592300239e-06  3.0118432401e-06  5.7461731119e-06  2.3667092560e-05 -2.6812387359e-06  4.4112664097e-06  1.8288381023e-05  5.3396567452e-05 -2.5131833959e-05  3.6185131564e-06 -5.4481187406e-06  1.7864791513e-05 -3.3371634851e-06 -5.7336535065e-06 -1.8661429741e-05 -9.4406571386e-06 -1.2885853553e-05  4.9938146831e-06  8.6150451403e-06 -2.9039120793e-05  2.8724381173e-05 -5.9542683380e-06  4.0920436663e-06 -8.3949091811e-06  9.0530966485e-06  1.5223517713e-06 -3.4881915197e-06 -6.4795950985e-06  6.9144550146e-06  1.5804387033e-05  6.8023567596e-06  8.2927990295e-07 -1.5376932954e-05  1.9834551602e-07 -1.8953691024e-06  3.4343422579e-06  4.0852058441e-07 -1.5286812604e-06  7.0108749641e-07  9.8179246702e-07 -1.4130431781e-06  3.2916983852e-06 -2.5201297681e-06 -5.2816206174e-07  5.0780976475e-07  4.3060734079e-06 -8.3593907348e-06  3.5600321173e-06

JOB 3
COORDS  1.9647036636e+00 -7.8934707843e-01 -1.3007153726e-01  8.2708742643e-01 -2.3834527375e-01  4.7329033657e-01  2.9361317634e+00 -1.4265451752e+00  6.3567845392e-01  1.6573573181e+00 -9.8052710780e-01  2.6401692269e+00  6.8774228450e-01 -3.4162456363e-01  1.8559936842e+00  2.7927914833e+00 -1.5296392902e+00  2.0339580683e+00  4.6075637662e+00 -2.9733302553e+00  5.5248107453e+00  3.5549557870e+00 -2.2834808092e+00  4.6557679438e+00 -5.1436585436e-01  2.3406796252e-01  2.5570944494e+00 -1.2024107593e+00 -7.1846073947e-01  3.2440168800e+00 -1.6115047819e-01  1.1787593362e+00  3.4709606278e+00 -1.3878319194e+00  8.1590354042e-01  1.7036293804e+00  4.0932842417e+00 -2.3640096104e+00  2.9074347222e+00  2.0925987170e+00 -7.1981323650e-01 -1.2067358288e+00  6.8565172843e-02  2.5880423555e-01 -1.2100000412e-01  3.8139395617e+00 -1.8490700752e+00  1.5282426969e-01  1.5100291442e+00 -1.0395110971e+00  3.7122048443e+00  4.7273665073e+00 -4.0243766914e+00  5.2456400640e+00  5.5807279634e+00 -2.4811999264e+00  5.4369554409e+00  4.3011078667e+00 -2.9341320512e+00  6.5748526182e+00  3.4423225263e+00 -1.2353626746e+00  4.9482007638e+00  2.5868369855e+00 -2.7828472209e+00  4.7564235899e+00
ENERGY -1.046221752316e+03
GRADIENT  4.7659212010e-06 -9.1279968846e-06 -2.5041606782e-06 -7.4057047514e-05  5.5500751477e-05 -5.2918377387e-05 -4.1566501579e-06  7.0297319620e-06  9.8276410967e-06 -1.3169216048e-05 -1.5795091567e-05  1.7470894251e-04  1.5526177494e-04 -6.5863349848e-05 -7.0749066455e-05 -5.1444866086e-05  4.4650368000e-05 -3.3914749635e-05  2.3354582571e-06  3.2463724643e-06 -8.1935991893e-07 -1.1689844498e-06  9.8422286009e-06  5.3066413578e-06  1.0184498739e-05  5.8515686640e-05 -1.0856597442e-04 -3.9808039659e-05 -5.8167255055e-05  4.2965287172e-05 -4.7555397253e-06 -4.8360269707e-06 -3.5011654717e-05  8.0837562023e-05 -2.3109646904e-05  5.7994472519e-05 -1.7256590506e-05 -7.1905060756e-06 -7.0186649179e-06 -2.6699456665e-06 -3.7353505706e-07 -1.6564163528e-06  2.8908013362e-06  1.3197472856e-06 -2.4337556377e-05  3.2477290043e-06  5.5542855334e-07 -3.7707412946e-06  4.9996286754e-06 -7.2177706395e-06  2.4438874651e-05 -1.8634086345e-06 -1.6777086402e-06  4.7216016277e-06 -3.2520673126e-08 -1.4266217251e-06  6.8789988767e-07 -2.4930460473e-06  2.4596678370e-06  9.3786671158e-07 -5.4808633714e-06 -3.2577389530e-07 -2.0747459671e-06  1.7144590893e-06 -2.0536849510e-06 -3.0264560791e-07

JOB 4
COORDS  1.9789995655e+00 -7.6722813072e-01 -1.3745287907e-01  8.3248610077e-01 -2.3215613598e-01  4.6228919124e-01  2.9491953126e+00 -1.4056166376e+00  6.2955692910e-01  1.6482419479e+00 -9.9365354437e-01  2.6274931253e+00  6.8032202702e-01 -3.5404242691e-01  1.8427081823e+00  2.7936479034e+00 -1.5268400550e+00  2.0246407801e+00  4.5924444914e+00 -2.9916375517e+00  5.5153669891e+00  3.5413321516e+00 -2.3006847874e+00  4.6453561005e+00 -5.1807350126e-01  2.3861154504e-01  2.5361690604e+00 -1.0480690746e+00 -6.1478131769e-01  3.4523175633e+00 -1.9702402732e-01  1.3744041695e+00  3.2154863285e+00 -1.5090766203e+00  5.6468301454e-01  1.6739223574e+00  4.0908134561e+00 -2.3647313707e+00  2.8997905806e+00  2.1149891484e+00 -6.8543856006e-01 -1.2122602885e+00  7.3708746824e-02  2.6308607125e-01 -1.3352551258e-01  3.8339659319e+00 -1.8165662776e+00  1.4942819162e-01  1.4892612330e+00 -1.0718216129e+00  3.6963699740e+00  4.7198147917e+00 -4.0397357839e+00  5.2285439955e+00  5.5633725242e+00 -2.4934670112e+00  5.4374219105e+00  4.2793607453e+00 -2.9626215279e+00  6.5637839658e+00  3.4212331031e+00 -1.2554561656e+00  4.9450884463e+00  2.5753930672e+00 -2.8060272108e+00  4.7364783585e+00
ENERGY -1.046221771699e+03
GRADIENT  9.2541710420e-07 -8.0203892167e-07 -5.6356447263e-06 -7.5872135039e-06 -2.9857081413e-05  3.0577530366e-06  4.0036041834e-05 -1.8112043604e-05 -1.7227533141e-05 -6.9842327451e-06 -1.5844489366e-07  7.4622884225e-05  4.5334475017e-05  1.6145482763e-05  1.8678894237e-05 -4.6475589256e-05  3.3854626064e-05 -3.9932767564e-05  1.1824527219e-06 -6.3514556016e-08  3.4774455571e-06  1.6962196268e-07  3.3773783509e-06  3.5489209230e-06 -2.3621791165e-05  5.1504206130e-05 -8.8094645605e-05 -5.7405656649e-06 -2.4250480049e-05  2.0595190472e-05  2.4709768111e-05 -1.0860852898e-05  3.3870841502e-05  2.8843184736e-05 -1.3276007179e-05  1.0552765951e-05 -1.4782788932e-05  5.1049403063e-06 -9.8109333193e-06  6.8441123345e-06 -4.1948535016e-06  9.5618801502e-07  5.4219501319e-06 -1.9050403114e-06 -2.1492965911e-06  5.2624954685e-06 -2.4170062705e-06 -7.2127378878e-06 -3.9343687595e-06  1.8955621460e-06  8.9603217279e-06 -1.2455883200e-06 -9.5857424176e-07  4.0069290129e-06  9.6282594763e-07 -1.6290240731e-06  1.2292859127e-06  1.5055656129e-06  9.8116962719e-07  2.6177912113e-06  9.2986661904e-07 -3.5671157635e-07  1.7015093457e-07  2.4572786016e-06  1.8757522969e-07  8.8221792273e-07

JOB 5
COORDS  1.9934815419e+00 -7.4126573870e-01 -1.2243526973e-01  8.4349268603e-01 -2.1771219155e-01  4.7812423617e-01  2.9645629196e+00 -1.3823801845e+00  6.4289097768e-01  1.6543867777e+00 -9.9379597766e-01  2.6397484360e+00  6.8633412863e-01 -3.5335215255e-01  1.8580582153e+00  2.8048279370e+00 -1.5170835446e+00  2.0352257753e+00  4.5887215089e+00 -3.0214316720e+00  5.5172609929e+00  3.5410097082e+00 -2.3207120836e+00  4.6509534597e+00 -5.1528637892e-01  2.5067400246e-01  2.5362701173e+00 -8.8216210480e-01 -4.4181136429e-01  3.6448857139e+00 -2.7585735597e-01  1.5284718093e+00  2.9420684097e+00 -1.5955016492e+00  3.0046995504e-01  1.7192620575e+00  4.1019195055e+00 -2.3575913178e+00  2.9081967636e+00  2.1324794114e+00 -6.4987056830e-01 -1.1960839456e+00  8.2979149974e-02  2.7714977024e-01 -1.1653087152e-01  3.8523382271e+00 -1.7856318655e+00  1.6181493400e-01  1.4919157965e+00 -1.0830816792e+00  3.7066690972e+00  4.7208299067e+00 -4.0648453490e+00  5.2158962631e+00  5.5587149993e+00 -2.5195310105e+00  5.4526174079e+00  4.2691659440e+00 -3.0085658022e+00  6.5640469720e+00  3.4158852509e+00 -1.2804770036e+00  4.9656051837e+00  2.5760066744e+00 -2.8300842693e+00  4.7283723670e+00
ENERGY -1.046221775530e+03
GRADIENT  1.5628340089e-05  6.8890060743e-06 -7.1651338705e-05  6.9727376306e-05  9.0587691508e-06  4.7663523712e-05 -6.3111866102e-05  2.6639645958e-05  3.4863076262e-05  9.9763242294e-06  3.6822167310e-07 -4.7076048443e-05 -7.4741762002e-05 -1.2114701859e-05 -1.4817280828e-05  3.4755177180e-05 -3.9983690701e-05  3.2889532539e-05 -1.5249882103e-06 -3.8853239663e-06  1.5219581249e-06 -5.1811683868e-07 -9.8954319892e-06  1.2667143984e-06  6.7245735968e-05 -3.7120477328e-05  1.4982589256e-04 -3.9544059555e-06  2.0264640851e-05 -2.3472187079e-05 -2.7110451551e-05  1.9674258338e-05 -5.5586248181e-05 -2.5919304559e-05  1.4492125877e-05 -1.7250989917e-05  1.7083084120e-05  1.3617452868e-05  1.2284788806e-05  1.0394049659e-06  2.6727977047e-06 -5.3153822281e-06  4.8920180501e-06 -1.9951554417e-06  5.4964281857e-06 -7.9495255038e-06  1.2793059353e-06  6.5116658640e-06  4.6107878542e-06  1.4611840994e-06 -5.5228059940e-06  6.7160223660e-08 -3.1436005559e-07  2.0129103353e-06  2.2897222890e-06 -1.6097799301e-06  1.7871531873e-06  2.0103958254e-06  1.6469541729e-06  2.3961842858e-06  5.1349213154e-06 -3.8582305936e-07  6.7719778992e-06 -1.5696125133e-06  3.5005086214e-06 -5.6087612821e-07

JOB 6
COORDS  2.0014916941e+00 -7.1644295582e-01 -1.1935318942e-01  8.5224909427e-01 -1.9764035448e-01  4.8377979948e-01  2.9706184455e+00 -1.3672499028e+00  6.4221419205e-01  1.6563872096e+00 -9.9426927886e-01  2.6405372801e+00  6.9203998492e-01 -3.4603661920e-01  1.8634773424e+00  2.8076561499e+00 -1.5140682940e+00  2.0318166531e+00  4.5816237160e+00 -3.0499927465e+00  5.5054086981e+00  3.5370681015e+00 -2.3399466833e+00  4.6429018305e+00 -5.2444738531e-01  2.4924093822e-01  2.5228961529e+00 -7.2658151617e-01 -2.3281182862e-01  3.7740551684e+00 -4.2528866444e-01  1.6019928306e+00  2.6363894109e+00 -1.6560477584e+00  6.7372646014e-03  1.8131862124e+00  4.1011652325e+00 -2.3642905663e+00  2.9008887445e+00  2.1432182172e+00 -6.1446971182e-01 -1.1916845373e+00  9.3766042111e-02  3.0499451893e-01 -1.0790741900e-01  3.8587574616e+00 -1.7670901596e+00  1.5895242510e-01  1.4931981194e+00 -1.0906948958e+00  3.7062124016e+00  4.7118963194e+00 -4.0912439998e+00  5.1958709830e+00  5.5528812568e+00 -2.5498328762e+00  5.4465664489e+00  4.2601597695e+00 -3.0448430076e+00  6.5516797669e+00  3.4137260500e+00 -1.3019916576e+00  4.9656436866e+00  2.5707946408e+00 -2.8477021909e+00  4.7147511129e+00
ENERGY -1.046221707785e+03
GRADIENT -1.2010449235e-05  4.8740967769e-06  1.9878174741e-05  6.2027661918e-05  1.3600202049e-04  8.7904661934e-06  6.7980243149e-05 -3.7268215445e-05 -1.5930165762e-05 -1.8875060851e-05 -7.9296584083e-06  1.4232448562e-04 -6.4860056252e-05 -1.8354559900e-04 -1.1236037779e-04 -8.5062747711e-05  4.9954860450e-05 -5.8825939019e-05  2.4152625455e-06 -2.4141823317e-06 -4.9552953743e-06 -1.9760176401e-05  6.0941618361e-06  2.6375655873e-06  1.5525090004e-04  3.8738568599e-05  2.7074611027e-04  3.1653271278e-05  2.1570835603e-05 -3.5799664023e-05 -3.4102568900e-05  2.4002732077e-05 -1.2947131333e-04 -3.3184545906e-05 -9.4924840021e-06 -4.9321198852e-05 -9.7841078953e-06  1.4437232907e-05 -2.0587650087e-05  4.0583278284e-06 -3.4107569476e-06  4.5497217656e-06  3.4839323901e-06  7.4786903485e-06 -2.4030935921e-06  2.2262089022e-06 -6.8415436101e-06 -9.7350116933e-06  4.7777682541e-06  1.6701135421e-06  2.9905882956e-05 -1.7718305851e-06 -1.6019674713e-06  2.1397733178e-06  1.1906301979e-06 -2.7726148825e-06  2.8670537847e-06 -2.8209077920e-06  1.3245048029e-06  8.5492095147e-09  4.3933672537e-06  2.3610125346e-06 -2.7350763305e-08 -3.7894694596e-06  9.2106167389e-06  3.3734146937e-06

JOB 7
COORDS  1.6586056096e+00 -1.3206419083e+00 -1.2735363657e-01  5.9021828663e-01 -6.6344664128e-01  4.8797870256e-01  2.7155430345e+00 -1.8217956629e+00  6.3157487150e-01  1.6528633459e+00 -1.0147576788e+00  2.6510741414e+00  6.0069134506e-01 -5.1795063695e-01  1.8778445826e+00  2.7239433913e+00 -1.6741480566e+00  2.0300424708e+00  4.9085664649e+00 -2.5012629685e+00  5.5109924839e+00  3.7646647321e+00 -1.9625569989e+00  4.6505116710e+00 -5.5354157381e-01  1.9297021400e-01  2.5348252419e+00 -4.2861730419e-01  2.5874724848e-01  3.8829285260e+00 -6.8047548306e-01  1.4701404381e+00  2.0861651048e+00 -1.7380140583e+00 -4.2197133320e-01  2.2761254288e+00  4.1183287921e+00 -2.3504390302e+00  2.8960758903e+00  1.6693181947e+00 -1.4441687061e+00 -1.2067071791e+00 -2.3394127225e-01 -2.7256421341e-01 -1.0075770326e-01  3.5401965378e+00 -2.3310402111e+00  1.3881771651e-01  1.6229205956e+00 -8.8138460620e-01  3.7245569520e+00  5.0076794966e+00 -3.5858857487e+00  5.4073656200e+00  5.8628373975e+00 -2.0412263726e+00  5.2376695100e+00  4.7135271900e+00 -2.2775315579e+00  6.5645395670e+00  3.6739329697e+00 -8.7867533109e-01  4.7673719975e+00  2.8169107889e+00 -2.4276363129e+00  4.9371180829e+00
ENERGY -1.046221654321e+03
GRADIENT -9.0720776359e-06  1.7242739765e-06  4.4830985291e-06  7.9000070492e-08  1.2565567890e-05 -1.7416578735e-05  4.2586006071e-06  7.9531264074e-07  1.1372957014e-05 -3.6083623530e-06  7.0767289494e-06  1.7922503348e-05  1.6778976056e-05 -1.9195880584e-05 -1.0899149146e-05 -2.5256850274e-06 -3.1736399166e-06 -8.2204896323e-06 -2.0164035604e-06 -2.0318452727e-07  7.0893555542e-07 -4.1857503676e-06  3.5168374373e-06  2.3125991423e-06 -2.4243771172e-05 -3.1299855786e-05 -3.1656924261e-05  2.2589684677e-06  1.2039056741e-05  3.2947743974e-05 -7.3873205047e-06 -4.8586494567e-06 -7.0979666147e-06  3.3885511450e-05  3.5514781939e-05  4.9943838592e-06  2.5936046026e-07  5.9456677162e-07  2.2463713226e-06  2.1106002138e-06 -5.0961505684e-07  7.6279320266e-07  3.3896558124e-07  5.0192492674e-08 -2.6425369890e-06  1.0767740231e-06  2.8439663309e-07  1.5785046360e-06  2.7921715677e-06  8.7527307407e-07  3.6656646295e-06 -3.1554849022e-06  1.0683572252e-06  3.6057485431e-06 -9.3782429385e-07 -1.1113177165e-07  2.8490001808e-06 -2.7668065990e-06  3.1748043382e-06  2.0359782769e-06 -1.4091893140e-06  1.6468620507e-06  1.4641615211e-06 -2.3218452415e-06  2.4459016935e-06  1.1494849781e-06

JOB 8
COORDS  1.6767495119e+00 -1.2926800474e+00 -1.2751846991e-01  6.1045143802e-01 -6.2694121248e-01  4.8338696493e-01  2.7238823666e+00 -1.8065211752e+00  6.3566217644e-01  1.6585918351e+00 -9.9648481595e-01  2.6517240766e+00  6.1631498377e-01 -4.8527647608e-01  1.8731120786e+00  2.7270975031e+00 -1.6630129925e+00  2.0350469029e+00  4.8861223749e+00 -2.5247350483e+00  5.5236341044e+00  3.7502063464e+00 -1.9744287304e+00  4.6599100926e+00 -5.5112854257e-01  1.9592178867e-01  2.5379411525e+00 -2.8790974315e-01  5.4313991724e-01  3.8222343107e+00 -9.1625883632e-01  1.3288932224e+00  1.8853066980e+00 -1.6521364578e+00 -6.0343147119e-01  2.5670467341e+00  4.1133234921e+00 -2.3509460718e+00  2.9049645452e+00  1.6934512747e+00 -1.4112904681e+00 -1.2073441918e+00 -2.0359701951e-01 -2.2118196810e-01 -1.0893256185e-01  3.5471772291e+00 -2.3205972469e+00  1.4567547471e-01  1.6259115993e+00 -8.6217082435e-01  3.7252033311e+00  4.9813321918e+00 -3.6089437898e+00  5.4123255748e+00  5.8440920854e+00 -2.0667016414e+00  5.2600336307e+00  4.6852155008e+00 -2.3082066786e+00  6.5775806315e+00  3.6637724697e+00 -8.9105389768e-01  4.7843827202e+00  2.7984193865e+00 -2.4372232115e+00  4.9367461138e+00
ENERGY -1.046221702940e+03
GRADIENT -1.1741290280e-06  1.0502942161e-05  1.0730404701e-04 -3.2500978781e-04  6.5347003428e-05 -1.6751424429e-04 -1.3982383543e-04  7.9521520338e-05  9.3070575085e-05  4.8652205052e-06  6.1441942532e-05  1.3851000023e-04  3.4235251885e-04 -7.3216957914e-05 -8.0585431590e-05  1.0137778201e-04 -4.2040953009e-05  3.2138561065e-05 -4.0728432187e-06  1.0389363378e-06  4.6001397722e-06  2.7127166045e-05 -1.0603529963e-05  7.4404229362e-06 -2.6902788363e-04 -2.2950786596e-04 -2.1527523055e-04  6.1816955990e-05 -6.1119817050e-06 -5.3812864083e-05  1.5076376899e-04  1.0896949095e-04  8.7300637203e-05  3.8183884462e-05 -4.6940086747e-05  1.7529852918e-05  2.0206578316e-05 -1.4145923457e-05  5.1002909980e-05 -3.4948832896e-05  1.5795101704e-05  1.0578188489e-05 -2.4521337598e-05  1.3393384817e-05 -4.3696014240e-05 -2.9713750058e-06  1.1307476790e-05  2.5064006738e-05  1.9672221531e-05 -8.4839671559e-06  6.2291605716e-08  2.5310848102e-06  1.5907794182e-06  3.3506764491e-06 -5.2259808585e-07  2.6760109597e-06  2.3597385219e-06 -2.8244982483e-07  1.5473566275e-06  2.3767550798e-06 -4.4182677763e-06 -9.0439761676e-07  3.3404374613e-06  5.6229248714e-06 -7.3830707013e-06  3.5106386166e-06

JOB 9
COORDS  1.6936816942e+00 -1.2722049828e+00 -1.2930324634e-01  6.2358353678e-01 -6.0779048735e-01  4.7949618046e-01  2.7339982623e+00 -1.7930709987e+00  6.3633685595e-01  1.6573180161e+00 -9.9335395611e-01  2.6512340957e+00  6.2043338844e-01 -4.7337695755e-01  1.8684996290e+00  2.7272882079e+00 -1.6579216430e+00  2.0377367520e+00  4.8624649562e+00 -2.5462621909e+00  5.5335418271e+00  3.7334791302e+00 -1.9878116326e+00  4.6659611046e+00 -5.4758377106e-01  1.8763721053e-01  2.5522442035e+00 -1.8616082257e-01  8.0293841816e-01  3.7075266074e+00 -1.1402715098e+00  1.1213770439e+00  1.7690155383e+00 -1.5142335983e+00 -7.1296374404e-01  2.8819872036e+00  4.1066409444e+00 -2.3546104479e+00  2.9111341669e+00  1.7171306754e+00 -1.3831707803e+00 -1.2098210206e+00 -1.8516768434e-01 -1.9659480657e-01 -1.1527560547e-01  3.5598501768e+00 -2.3055421824e+00  1.4893224164e-01  1.6194123161e+00 -8.6388297124e-01  3.7257117326e+00  4.9557293756e+00 -3.6299975042e+00  5.4160989825e+00  5.8232306369e+00 -2.0889788712e+00  5.2789766962e+00  4.6552878744e+00 -2.3358209178e+00  6.5875024832e+00  3.6490129823e+00 -9.0495734601e-01  4.7962411852e+00  2.7787473321e+00 -2.4498268636e+00  4.9338739210e+00
ENERGY -1.046221774288e+03
GRADIENT -8.3227669491e-06  7.6870459657e-06  4.8297089325e-05 -4.2027476538e-05 -8.1257840891e-05  2.5511480816e-06  1.3375051991e-04 -6.6891100039e-05 -6.2161572985e-05 -2.9699333543e-05 -1.2994862873e-05  2.2471095862e-04  1.3117671863e-04  9.1221726438e-05 -1.1327060182e-04 -1.5627237940e-04  9.3196262531e-05 -1.1156953636e-04  5.5137048730e-06  2.8467042024e-06 -5.2626061633e-06 -1.6151303160e-05  1.8061659817e-05  6.8471924235e-06 -3.9847948022e-05 -8.9010003551e-05  1.3118215563e-05  3.0275769921e-05  8.2903865175e-06  1.4844358995e-04 -2.8072205918e-05 -7.0184596534e-05 -1.5656651611e-05  6.2417032824e-05  1.0947059199e-04 -8.0682080686e-05 -4.1877394506e-05 -1.0702654201e-06 -3.5398770025e-05  9.2606075341e-06 -3.4985782047e-06  9.1457160287e-06 -7.5887458442e-06 -1.8285603542e-05 -7.0714971565e-07  8.6892202953e-06 -8.1997238432e-06 -1.7902630032e-05 -9.6494739423e-06 -1.1075940585e-05  4.1094432753e-05  3.0940965529e-06 -1.4360051619e-06  2.4043794067e-06  2.8077462695e-07  7.9161042102e-07  2.8418735276e-06 -3.3794900051e-06 -1.6924035053e-06 -4.1683077852e-07 -5.9076401922e-06 -2.2639593163e-06 -2.7676464799e-06  5.6795702592e-07 -1.4551453759e-07  2.9709281117e-06

JOB 10
COORDS  1.7137489910e+00 -1.2528319239e+00 -1.3050222913e-01  6.3359102529e-01 -5.9930658939e-01  4.7510969472e-01  2.7499033808e+00 -1.7775274456e+00  6.3641825395e-01  1.6533501940e+00 -1.0061372796e+00  2.6499653992e+00  6.1877536577e-01 -4.8243915072e-01  1.8641690402e+00  2.7311592118e+00 -1.6589045152e+00  2.0402415742e+00  4.8477893434e+00 -2.5666415645e+00  5.5420559146e+00  3.7212890141e+00 -2.0076132930e+00  4.6716312467e+00 -5.3869687835e-01  1.7959196326e-01  2.5643469948e+00 -1.2208275318e-01  1.0335322702e+00  3.5373980804e+00 -1.3209269389e+00  8.8948613145e-01  1.7180906395e+00 -1.3452239527e+00 -7.3033328585e-01  3.1765957719e+00  4.1055232379e+00 -2.3615835561e+00  2.9166136571e+00  1.7466565877e+00 -1.3518973244e+00 -1.2119098357e+00 -1.7263836051e-01 -1.8695013240e-01 -1.2155011007e-01  3.5819244620e+00 -2.2809485438e+00  1.5004704825e-01  1.6049126229e+00 -8.8970953410e-01  3.7260604920e+00  4.9465264795e+00 -3.6491871715e+00  5.4182124096e+00  5.8079288278e+00 -2.1034847293e+00  5.2959273045e+00  4.6336465830e+00 -2.3639945288e+00  6.5961508759e+00  3.6314036704e+00 -9.2592623335e-01  4.8079553701e+00  2.7671212393e+00 -2.4754455551e+00  4.9313797563e+00
ENERGY -1.046221769237e+03
GRADIENT  1.5050638149e-05  5.0254947766e-05  6.2695224030e-04 -4.2565789711e-04  2.1303665587e-04 -3.0201424142e-04  2.4964873223e-04 -1.3650482556e-04 -1.9853948975e-04 -6.4485689609e-06 -6.3376466140e-05 -8.3617881806e-06  1.7797075864e-04 -1.2186414336e-04 -1.2458687978e-04 -3.8147193809e-05  6.8244352361e-05 -1.0819894982e-06  2.7164366758e-06  8.3588909607e-06  4.2416588948e-06  1.5035748768e-05  1.1886195338e-05 -2.5737811433e-06 -1.9467362209e-04 -2.6345643072e-04 -1.1341164208e-04  1.0687813840e-04  1.3736158695e-04  1.6858773257e-04 -1.1050723904e-05 -5.7224812613e-05  8.8587068853e-07  1.3584122054e-04  1.5313720765e-04 -1.1742241287e-04  6.8661712414e-06 -4.6838646140e-05  4.5747461161e-06 -1.4632058965e-05  1.1958424028e-05  6.2690584619e-05 -4.8293809516e-05  2.7440041986e-05 -1.5290446901e-05  4.8880544645e-05 -2.7086294161e-05  2.0601602148e-05  7.9128353018e-06 -3.1119214737e-07 -2.4237090980e-06  1.1703221722e-06 -1.1743202786e-06  2.2897622238e-06 -1.0821572973e-06 -1.4550642923e-08  1.7709067040e-06 -7.4085526944e-07 -2.6175437778e-06  2.3751120008e-06 -8.6371205665e-06 -1.2782045105e-06 -3.3201079548e-06  5.6757605148e-06 -1.0123883537e-05  8.0159413602e-06

JOB 11
COORDS  1.7190646163e+00 -1.2241783017e+00 -1.3530091200e-01  6.3099898934e-01 -5.8663018082e-01  4.7420242075e-01  2.7563691035e+00 -1.7464735189e+00  6.3102829516e-01  1.6455232217e+00 -1.0061620028e+00  2.6488383633e+00  6.0806867570e-01 -4.8579451390e-01  1.8638847663e+00  2.7308833942e+00 -1.6426514046e+00  2.0363487048e+00  4.8297081855e+00 -2.5892778938e+00  5.5380450546e+00  3.7074892263e+00 -2.0211746125e+00  4.6679871593e+00 -5.3712398439e-01  1.8928880898e-01  2.5715888720e+00 -1.1700958091e-01  1.2489475002e+00  3.3148480363e+00 -1.4782547959e+00  6.5293812800e-01  1.7174596277e+00 -1.1641849285e+00 -6.5471743274e-01  3.4360071322e+00  4.1074512520e+00 -2.3436312475e+00  2.9104341134e+00  1.7560049016e+00 -1.3134493239e+00 -1.2174551768e+00 -1.7856089892e-01 -1.7884832669e-01 -1.2079203756e-01  3.5941383540e+00 -2.2389862894e+00  1.4336988757e-01  1.5893585445e+00 -9.0596433809e-01  3.7264534271e+00  4.9344875652e+00 -3.6691557555e+00  5.3971770471e+00  5.7895993800e+00 -2.1177288354e+00  5.3073121031e+00  4.6063013986e+00 -2.4049103304e+00  6.5935720588e+00  3.6111030966e+00 -9.4238754867e-01  4.8218902409e+00  2.7535855849e+00 -2.4979926705e+00  4.9118370221e+00
ENERGY -1.046221752246e+03
GRADIENT -7.1203582405e-07  7.3363937586e-06  5.9640980236e-05 -3.5409446660e-05  3.3499240438e-05 -2.9514529272e-05  1.0341382986e-04 -7.1777523175e-05 -4.8087912168e-05  1.6902320800e-05  3.1140749997e-05  1.7758981709e-04  6.2885585914e-05 -7.7688999817e-05 -5.7237472570e-05 -1.3690595741e-04  5.1890811300e-05 -8.0388191919e-05  6.6176088116e-07 -5.9296961752e-06 -4.2168359101e-06 -2.4735540934e-05  3.0510930580e-06  2.3714294149e-06  5.9301482706e-05  8.1764388966e-05  2.4886383111e-06 -3.4377149473e-05 -5.2136102106e-05 -8.6393607272e-05  5.5697106560e-05  1.9487126049e-05 -7.3262140817e-06 -3.6118080539e-05 -8.3344097337e-05  6.9314656617e-05 -1.2281301997e-05  2.3654679334e-05 -3.2013237679e-05  7.8255409082e-06 -5.3584800915e-06  6.5780197974e-06  3.6061052381e-06  1.0252266230e-05 -1.3226322210e-05  1.1641321140e-05 -8.3965641260e-06 -1.3935605701e-05  5.4935453074e-06  8.2795053675e-06  2.8161132466e-05  1.0997484604e-06  8.0029922986e-07  1.3148270409e-06  1.1652275529e-07  1.6163965410e-06  4.7579097421e-06 -3.9472796408e-06  1.1694216312e-06 -1.2164814435e-07  1.5250915735e-06  4.6625706995e-07 -8.8611857418e-07 -2.9875853081e-06  7.6974906877e-06 -1.9776767190e-06

JOB 12
COORDS  1.7623535756e+00 -1.2104033535e+00 -1.3558866258e-01  6.6379042641e-01 -5.8807549020e-01  4.6976122340e-01  2.7931582612e+00 -1.7371968926e+00  6.3709061567e-01  1.6514763518e+00 -1.0348018028e+00  2.6502731103e+00  6.2067934991e-01 -5.0912584317e-01  1.8609377902e+00  2.7492746021e+00 -1.6558527250e+00  2.0430206848e+00  4.8282732903e+00 -2.6091120246e+00  5.5554218091e+00  3.7069449836e+00 -2.0463343648e+00  4.6807329377e+00 -5.2257466495e-01  1.8393359595e-01  2.5545311054e+00 -1.5379632021e-01  1.4019356401e+00  3.0397292210e+00 -1.5785617144e+00  3.9299623598e-01  1.7340477021e+00 -9.7678749332e-01 -5.2762384434e-01  3.6200805632e+00  4.1160496585e+00 -2.3665660221e+00  2.9248531759e+00  1.8129769070e+00 -1.2847875630e+00 -1.2183315732e+00 -1.4212390328e-01 -1.7909588099e-01 -1.2955760585e-01  3.6397532474e+00 -2.2179011577e+00  1.5296345382e-01  1.5775960828e+00 -9.5730171448e-01  3.7284092918e+00  4.9391870115e+00 -3.6883975944e+00  5.4145420750e+00  5.7867092799e+00 -2.1325859136e+00  5.3290015390e+00  4.5992980426e+00 -2.4265916911e+00  6.6100778091e+00  3.6046177890e+00 -9.6797726249e-01  4.8338431217e+00  2.7545001244e+00 -2.5277680368e+00  4.9211215861e+00
ENERGY -1.046221770527e+03
GRADIENT  3.9142753459e-05 -3.9751538525e-05 -3.2772278741e-04  2.4958948783e-04 -1.3343613870e-04  1.9279293928e-04 -2.5412733092e-04  1.4140332933e-04  1.1913769589e-04  2.3398970177e-05  8.2855951917e-06 -3.3909095702e-04 -2.5137064017e-04  1.5484870491e-04  1.2512297506e-04  2.2619818358e-04 -1.0714168145e-04  1.5871647048e-04 -3.3411370457e-06  4.2244549109e-06  1.3694687196e-05  3.3666680784e-05 -1.1504388785e-05 -5.7204800305e-07 -9.4476269264e-05 -1.5401655233e-04  5.0971586638e-05  1.1346945067e-05  5.9318154654e-05  2.9148237759e-06  1.2627337940e-05  7.9041638244e-05 -5.0433800327e-06  5.6333451981e-06  2.5735211531e-05  3.4821767222e-06  2.3033393367e-05 -2.3845820980e-05  4.9215013445e-05  7.7288891326e-06 -7.5145770601e-06 -3.5296328717e-05  3.9383961415e-05 -1.1790709981e-05  2.5797538970e-05 -2.4448604933e-05  1.5410224107e-05  1.8787463808e-05 -3.7766270994e-06  7.4749144420e-06 -5.3777767979e-05 -5.5162795782e-07  7.0552290085e-07  2.9091887103e-06 -5.1513815230e-07 -6.5003749319e-07  1.1666717433e-06  3.8916546567e-06 -1.1516369590e-06  5.0257675834e-06  4.1571802717e-06  1.4852151359e-06  4.7896809891e-07  5.2647007241e-06 -4.9485764151e-06  5.6877465240e-06

JOB 13
COORDS  1.7661763503e+00 -1.1857589244e+00 -1.3666996170e-01  6.6288640688e-01 -5.7677267166e-01  4.7076722592e-01  2.7990061009e+00 -1.7139737907e+00  6.3412479554e-01  1.6468438093e+00 -1.0375989055e+00  2.6513488372e+00  6.1619383398e-01 -5.1214934887e-01  1.8639953590e+00  2.7501962856e+00 -1.6468483656e+00  2.0395654607e+00  4.8159177588e+00 -2.6373109356e+00  5.5498767697e+00  3.6971218869e+00 -2.0662401778e+00  4.6773153274e+00 -5.3328068826e-01  1.8776188992e-01  2.5403248990e+00 -2.7528224111e-01  1.5110314425e+00  2.7325965782e+00 -1.6760729962e+00  1.1729043102e-01  1.8152380116e+00 -8.0274115156e-01 -3.3263066075e-01  3.7650925717e+00  4.1177462212e+00 -2.3588539553e+00  2.9192883823e+00  1.8199976041e+00 -1.2502430578e+00 -1.2198748809e+00 -1.4567869740e-01 -1.6955616379e-01 -1.2701455053e-01  3.6493041461e+00 -2.1855587379e+00  1.4751836537e-01  1.5689087004e+00 -9.7216446546e-01  3.7294473412e+00  4.9321424750e+00 -3.7139121862e+00  5.3936167866e+00  5.7736185733e+00 -2.1535646700e+00  5.3359659634e+00  4.5803208399e+00 -2.4713537734e+00  6.6058106580e+00  3.5893391790e+00 -9.9076699497e-01  4.8460976386e+00  2.7453639047e+00 -2.5551151263e+00  4.9050029922e+00
ENERGY -1.046221774633e+03
GRADIENT  4.3598238348e-06  7.6126487199e-06 -2.4887449507e-06 -1.1065567153e-04  7.6505345220e-05 -6.8589718091e-05 -1.0933541736e-04  6.3337962553e-05  7.2013030906e-05 -3.0030038557e-05 -2.0033276150e-05  7.3192171492e-05  1.3237370299e-04 -9.9408542496e-05 -4.0642726329e-05  6.3271571086e-05 -3.7177480350e-05  3.0716379729e-05 -1.1907020241e-06 -1.3210903246e-07  3.3994802610e-06  1.2829957006e-05 -1.2864437999e-05  5.7232660786e-06  3.8562745460e-05  1.4707377996e-04 -7.3355842993e-05  2.5700233305e-05 -6.4705392257e-06  1.8445238185e-05 -1.2334546868e-05 -9.2442574399e-05  2.7018430475e-05  1.5972380501e-05 -1.6941160503e-05 -3.3120538423e-05  1.7955071846e-05  5.5011279248e-06  3.0539385697e-05 -1.6852665411e-05  1.2900587271e-05  6.2634773306e-07 -1.1054410225e-05  3.1761120038e-06 -2.0740522855e-05 -9.8989757531e-06  2.7557056954e-06  1.5218933609e-05  1.1866284069e-05 -8.2470515448e-06  2.1727699462e-06  9.8514412624e-07 -9.7805912390e-08  1.4870083220e-06  1.5995220860e-06 -5.5004165284e-07  3.1374293886e-06  1.2774576582e-06 -4.4492674786e-07  2.7638953056e-06  6.2542702169e-06 -1.4081479091e-07  4.3319692073e-06  6.3948194535e-08  2.3208757306e-06  1.5773237764e-06

JOB 14
COORDS  1.7926093182e+00 -1.1509034271e+00 -1.1325934055e-01  6.9180562301e-01 -5.4294436517e-01  4.9677783125e-01  2.8212029594e+00 -1.6922509266e+00  6.5602221918e-01  1.6658506777e+00 -1.0271150677e+00  2.6765271794e+00  6.4100614446e-01 -4.9072650705e-01  1.8918241901e+00  2.7681662316e+00 -1.6369586930e+00  2.0607033301e+00  4.8159139805e+00 -2.6688072278e+00  5.5699633073e+00  3.7036338649e+00 -2.0835686608e+00  4.6984718186e+00 -5.2337642631e-01  2.0108450828e-01  2.5511011600e+00 -4.3078422579e-01  1.5549283997e+00  2.4461638051e+00 -1.7070886211e+00 -1.4710038433e-01  1.9851740980e+00 -6.1521004632e-01 -8.1401969676e-02  3.8742925055e+00  4.1292695266e+00 -2.3627122589e+00  2.9393867682e+00  1.8497074689e+00 -1.2048544511e+00 -1.1968671593e+00 -1.1277301101e-01 -1.2502660188e-01 -9.9968001843e-02  3.6706382290e+00 -2.1632980501e+00  1.6736956209e-01  1.5869598169e+00 -9.6812968663e-01  3.7543999577e+00  4.9261145616e+00 -3.7447287294e+00  5.4049304215e+00  5.7772880030e+00 -2.1891385568e+00  5.3634766004e+00  4.5776382565e+00 -2.5103624845e+00  6.6264538793e+00  3.6011588606e+00 -1.0091098626e+00  4.8766735068e+00  2.7483689474e+00 -2.5691401319e+00  4.9183576417e+00
ENERGY -1.046221703500e+03
GRADIENT -5.2401767936e-06  7.7659088744e-07  5.4466030234e-05 -9.4115179687e-06  1.9557491804e-04 -7.8541739183e-05  4.5956599813e-05 -2.4329996905e-05 -1.7502631819e-05 -1.3222698732e-05  4.6073043388e-05  2.4617707242e-04  2.3596883455e-05 -3.3290844412e-04 -9.2222962838e-05 -1.0358950727e-04  5.7157107204e-05 -8.0421636896e-05 -1.3149631237e-06 -1.9316334016e-06  3.3999232797e-06 -3.3960726691e-06  4.6788309961e-06  4.8331732810e-06  5.9284907595e-05  1.2259036304e-04 -4.7982795481e-05  6.8640008361e-06  1.7210985980e-05 -3.4354207916e-05  3.1246108596e-05 -5.7583052419e-05  5.1731523321e-05  3.6852362291e-05  1.6365141063e-05  4.3092193319e-06 -2.8438112390e-05  9.3666877696e-06 -9.8771157745e-06 -1.7579868209e-06  1.6840192332e-06  7.3227586491e-06 -1.7094870640e-06  7.2450229714e-06 -1.9592824331e-05  3.3377566341e-06 -4.5220942092e-06 -9.2738565519e-06  6.3800891895e-06  2.5434810706e-06  3.1443252908e-05 -4.4479216084e-06 -7.8881146144e-07  3.8556322696e-06  1.2256789785e-07 -2.4864096933e-06  2.1831347375e-06 -9.8939741161e-07  1.7131976210e-06  1.9140903239e-06  1.1468774449e-06  1.2661196625e-06 -1.9352432137e-06  8.1354749180e-07  4.4363608700e-06  2.2225709632e-06

JOB 15
COORDS  1.8060007666e+00 -1.1215984145e+00 -1.1644194332e-01  7.1146247419e-01 -5.0659752542e-01  4.9655616959e-01  2.8291819590e+00 -1.6774403948e+00  6.5061063292e-01  1.6786172263e+00 -1.0114352886e+00  2.6738263499e+00  6.6105484591e-01 -4.5867458425e-01  1.8923321418e+00  2.7761317848e+00 -1.6280640002e+00  2.0550060412e+00  4.8068526552e+00 -2.7021050608e+00  5.5613948786e+00  3.7007127073e+00 -2.1029075824e+00  4.6915968727e+00 -5.2278754757e-01  2.0449208007e-01  2.5465833167e+00 -6.4667107420e-01  1.5039165519e+00  2.1670979061e+00 -1.6911658069e+00 -4.0436549270e-01  2.2107602316e+00 -4.4681819364e-01  1.9357152311e-01  3.8999461016e+00  4.1319983971e+00 -2.3663344013e+00  2.9314377147e+00  1.8638132586e+00 -1.1689925280e+00 -1.2003189650e+00 -8.6250209973e-02 -7.3000189404e-02 -9.8658923780e-02  3.6749365168e+00 -2.1528174192e+00  1.5977503075e-01  1.6019506287e+00 -9.5361765829e-01  3.7517167975e+00  4.9133227183e+00 -3.7766630003e+00  5.3854293865e+00  5.7710452967e+00 -2.2242716233e+00  5.3639736034e+00  4.5648326440e+00 -2.5537952954e+00  6.6185070536e+00  3.6026682004e+00 -1.0298978296e+00  4.8805879191e+00  2.7422297904e+00 -2.5860859775e+00  4.9026380209e+00
ENERGY -1.046221654110e+03
GRADIENT -1.8556658392e-05  1.2375440363e-05  5.0000786190e-06  4.5951438514e-05 -4.2211647754e-05  1.8488331500e-05  9.8165841301e-05 -5.6081084419e-05 -2.5200124140e-05  1.4508723651e-06 -5.7665103010e-06  6.3855452668e-05 -3.8792394720e-06  1.8637673580e-05  2.1326072107e-05 -8.3586222809e-05  4.8837607016e-05 -6.2215099607e-05  2.7286628557e-06  4.7338756582e-08 -7.2979188646e-06 -2.7827883100e-05  1.5269027433e-05  1.5895822506e-06  1.7117257585e-05  7.4096166545e-05 -7.4589078413e-05 -1.4154322741e-05 -7.7627732860e-05  2.1110214926e-05 -3.6850452580e-06  7.3612334622e-06 -3.2919912443e-06 -1.9421537962e-05 -4.5550056929e-06  6.8852992579e-05 -1.3504268481e-05  5.0815030192e-06 -2.9950287549e-05  1.3331776334e-05 -7.1616423560e-06  2.1283264162e-06  2.9425215139e-06 -3.6578233520e-06  4.4683487103e-06  6.0006659562e-06 -3.8541612248e-06 -1.1704407992e-05 -2.5677117492e-06 -1.3054063021e-06  1.8962752552e-05  3.1837298672e-07  7.5508453739e-07  2.6966435090e-06 -1.9993497410e-06  2.4462371654e-06  3.6256836977e-06 -6.7514171688e-06  2.0728583847e-06 -1.6852017804e-07 -7.1571091710e-06  1.1605049328e-06 -1.5737945160e-07 -4.1788404742e-06  3.1108599767e-06  8.0293116761e-07

JOB 16
COORDS  1.8299640550e+00 -1.0965682260e+00 -1.0406118594e-01  7.3610447963e-01 -4.7269981208e-01  5.0250816727e-01  2.8422177740e+00 -1.6633862422e+00  6.6847105519e-01  1.6843519598e+00 -9.9156688304e-01  2.6853671129e+00  6.7788012388e-01 -4.2580131524e-01  1.8973838189e+00  2.7804828898e+00 -1.6159154616e+00  2.0731156899e+00  4.7769036500e+00 -2.7219091449e+00  5.5892290596e+00  3.6814567501e+00 -2.1107463078e+00  4.7142097489e+00 -5.2012983546e-01  2.0825255471e-01  2.5544905969e+00 -8.6997806897e-01  1.3744730419e+00  1.9541617011e+00 -1.6148070580e+00 -5.9828899790e-01  2.4927822086e+00 -3.1077373503e-01  4.8127140525e-01  3.8661272991e+00  4.1264681588e+00 -2.3642892751e+00  2.9560604846e+00  1.8956920241e+00 -1.1406263494e+00 -1.1876260196e+00 -5.0721160358e-02 -2.6041996110e-02 -9.7038425053e-02  3.6878238501e+00 -2.1440042991e+00  1.8250210338e-01  1.6030130362e+00 -9.3142927727e-01  3.7630237542e+00  4.8790322234e+00 -3.7958187632e+00  5.4068771420e+00  5.7453184572e+00 -2.2480508056e+00  5.4031661771e+00  4.5268332163e+00 -2.5793439451e+00  6.6452540088e+00  3.5875276685e+00 -1.0385965311e+00  4.9099997778e+00  2.7185750864e+00 -2.5902438006e+00  4.9133735246e+00
ENERGY -1.046221707742e+03
GRADIENT -1.6524112141e-05  8.9967480479e-06  6.2408027212e-05 -1.0440972857e-04 -9.0473922119e-05 -3.4609715052e-05  9.3968246943e-05 -5.2753401749e-05 -2.7759168383e-05 -2.0919831640e-06  1.7131908814e-05  1.7991546350e-04  1.3372884595e-04  1.0566348573e-04 -1.0533544701e-04 -1.0083901750e-04  6.4945177416e-05 -7.7832236440e-05  3.7837787921e-06 -6.8225409979e-07 -5.1977120297e-06 -1.6328280385e-05  1.3635345734e-05  3.8200448053e-06  3.6364149336e-05 -1.7145391132e-04  2.3306629434e-04 -3.3889311065e-06 -1.1326378420e-05 -2.9799235289e-05 -3.2483834679e-05  4.9919300711e-05 -1.5221515908e-04  4.2521853688e-06 -6.2777051282e-06 -8.6041398844e-06 -1.8933463649e-05  3.2057466730e-06 -2.3720547198e-05  3.3586676374e-06 -1.9150135710e-06  9.3675884515e-06 -1.1591228622e-05 -9.4338779822e-07 -1.0282067862e-05  1.1043658194e-05  9.6721967643e-07 -1.0270948170e-05  1.0658590054e-06 -9.1925045064e-06  2.5775462848e-05  3.1219536181e-06 -4.6260887424e-09  3.0332142044e-06  4.7300682533e-07  2.3297393472e-06  2.6865286635e-06 -2.7858811188e-06  1.5173945103e-06  4.0759677012e-08 -1.0429897199e-05 -1.9655360774e-06  1.6415665904e-06  9.3541256564e-07 -4.8674515173e-06 -1.7454137137e-07

JOB 17
COORDS  1.8469571138e+00 -1.0701954308e+00 -1.1667951734e-01  7.4982203866e-01 -4.4677689138e-01  4.8738231478e-01  2.8525530453e+00 -1.6435915245e+00  6.5779615807e-01  1.6867874122e+00 -9.8006290315e-01  2.6717736406e+00  6.8451616750e-01 -4.0731806223e-01  1.8808199596e+00  2.7839570056e+00 -1.6036356077e+00  2.0634666077e+00  4.7539146560e+00 -2.7442811874e+00  5.5825776011e+00  3.6673499761e+00 -2.1206619629e+00  4.7052766326e+00 -5.1337738877e-01  2.0820081707e-01  2.5552134686e+00 -1.0751095536e+00  1.1901079815e+00  1.8093314437e+00 -1.4903771032e+00 -7.1225236611e-01  2.7858366476e+00 -2.0262254006e-01  7.4853148179e-01  3.7615959447e+00  4.1244142483e+00 -2.3593693525e+00  2.9482253206e+00  1.9188291402e+00 -1.1078028389e+00 -1.2001068549e+00 -3.2064554255e-02  5.3289235172e-03 -1.1355959558e-01  3.6997582731e+00 -2.1235673087e+00  1.7400516650e-01  1.6013511347e+00 -9.2268613021e-01  3.7498200948e+00  4.8529124859e+00 -3.8168887339e+00  5.3911042118e+00  5.7256203091e+00 -2.2728043192e+00  5.4079212452e+00  4.4967811116e+00 -2.6102702555e+00  6.6380234771e+00  3.5759987274e+00 -1.0500305856e+00  4.9104297500e+00  2.7011603793e+00 -2.5983383513e+00  4.8925387731e+00
ENERGY -1.046221775426e+03
GRADIENT -3.9745445856e-06 -3.8451622016e-06 -3.5374955707e-05 -5.9553830044e-05 -1.2796226323e-05 -4.1637035054e-05 -1.9584083322e-05  1.0803853315e-05  4.3700938798e-05  1.7365932842e-05  1.4274112855e-06 -1.0976891047e-06  9.5723248512e-05  3.7133664522e-06  4.1834433149e-05 -2.2359334836e-05  1.3193616665e-05  4.3102954748e-05  1.0485169947e-05 -3.8387704576e-06 -1.6766436465e-05 -3.5586483023e-05  2.1123345220e-05 -6.3984942069e-06 -6.6932545479e-05  1.6710365421e-05 -1.2607939726e-04  6.4419810146e-05 -6.4282843064e-05  7.4849235644e-05 -3.6858799809e-05 -3.2680070586e-05 -2.7164645300e-05  4.2160520649e-05  3.3890473068e-05  7.2130070293e-05  1.6108899565e-05 -1.5081309092e-05 -1.1536700032e-05 -2.8686888504e-06 -2.3825312359e-07 -1.7738866024e-06  5.1145704082e-06 -5.3858082618e-06 -3.9703249305e-06 -5.3174675681e-06  4.2392072004e-06  4.9687997210e-06  1.7325342002e-05 -8.2569873153e-06  4.5089581867e-05  7.9463529999e-07  2.0070994054e-07 -1.2005117294e-06  3.5140484520e-06 -1.1837681201e-06  4.3515941405e-06 -4.5001724079e-06  2.2230420408e-06 -9.5771918372e-07 -6.7634249668e-06 -5.3771791123e-07  2.0466374931e-06 -8.5592503083e-06  2.8690686424e-06  3.2767112876e-06

JOB 18
COORDS  1.8664333516e+00 -1.0566521244e+00 -1.0288462438e-01  7.5996771644e-01 -4.4442388997e-01  4.9829166906e-01  2.8671133558e+00 -1.6339500572e+00  6.7331799371e-01  1.6807584352e+00 -9.9976205145e-01  2.6839842306e+00  6.8172771163e-01 -4.2225268603e-01  1.8900253164e+00  2.7854959952e+00 -1.6113383134e+00  2.0797162734e+00  4.7413882267e+00 -2.7649914818e+00  5.6024244956e+00  3.6553676678e+00 -2.1439093753e+00  4.7226696434e+00 -5.0742511062e-01  1.9227529876e-01  2.5804469510e+00 -1.2491548635e+00  9.6302431394e-01  1.7509485836e+00 -1.3420054982e+00 -7.5662102117e-01  3.0879334356e+00 -1.3772737376e-01  9.7322930717e-01  3.6299718444e+00  4.1203677005e+00 -2.3743011452e+00  2.9666272761e+00  1.9479470252e+00 -1.0817276528e+00 -1.1859923179e+00 -1.9359310824e-02  9.0600235417e-03 -1.0420770447e-01  3.7208845906e+00 -2.1045907781e+00  1.9188092960e-01  1.5840877511e+00 -9.5698466867e-01  3.7622730637e+00  4.8476790682e+00 -3.8361702822e+00  5.4068064545e+00  5.7110609141e+00 -2.2869867021e+00  5.4344647688e+00  4.4783477652e+00 -2.6372975421e+00  6.6571959250e+00  3.5579414036e+00 -1.0743337378e+00  4.9305865676e+00  2.6908445606e+00 -2.6269746853e+00  4.9046498883e+00
ENERGY -1.046221771310e+03
GRADIENT  1.0613606467e-05 -9.3752010443e-06 -1.2402960155e-06  2.8424031000e-06  3.8024982945e-05 -9.3448133856e-06 -2.0437913048e-05  1.8114368969e-05  9.0368404724e-06  8.5720070491e-06 -1.6189443522e-05 -7.2756888582e-06 -4.8023051299e-06 -6.6504177214e-05 -1.8397035283e-05  2.6148792486e-05  1.2373910556e-05  2.4987455214e-05  3.8490641514e-06  5.9084953573e-06  2.8599003447e-07  6.0718681285e-06  1.1111346194e-05  1.4610035090e-06  4.3998156245e-05  2.6641150531e-06  2.2520860566e-05 -3.3019082522e-05  1.8619184624e-05 -1.3268912898e-05  1.6176239407e-05  1.7904731959e-05  2.7661691136e-05 -3.5789637170e-05 -3.6576157758e-05 -4.1845298278e-05 -7.6495112806e-06 -3.3638863202e-05  3.8546247523e-06 -2.4832689005e-08  2.6737508560e-08 -6.6814369649e-07  2.5232692833e-06 -3.9953375471e-06 -3.8510636414e-06  3.6968833601e-06  3.4021377174e-06  6.2721693552e-06  3.9153802893e-06 -7.1058577318e-06  2.7108133381e-06  4.5723924810e-06 -8.3749806270e-07  1.9769050582e-07 -1.3967479953e-06  2.3551795564e-06  4.4843851858e-06 -4.3993803298e-06 -5.4271989757e-06  1.1775192899e-06 -6.0397351143e-06  5.3507741208e-08 -5.6842308765e-06  2.6780878114e-06 -5.3325314022e-06  7.6859810343e-06

JOB 19
COORDS  1.8728602380e+00 -1.0259160161e+00 -1.0430242186e-01  7.5813415518e-01 -4.2860002656e-01  4.9775128939e-01  2.8746195040e+00 -1.6022460841e+00  6.7055268933e-01  1.6735385294e+00 -9.9897134988e-01  2.6816736691e+00  6.7242790741e-01 -4.2269594056e-01  1.8886152819e+00  2.7858934865e+00 -1.5951744538e+00  2.0771146858e+00  4.7244411587e+00 -2.7860017190e+00  5.5968306396e+00  3.6424211832e+00 -2.1565725597e+00  4.7180982897e+00 -5.0449133746e-01  2.0413851046e-01  2.5886148774e+00 -1.4009087457e+00  7.3758422256e-01  1.7272886037e+00 -1.1759598628e+00 -6.9897772823e-01  3.3540906014e+00 -1.1839887691e-01  1.2012977307e+00  3.4306796110e+00  4.1217223090e+00 -2.3582992349e+00  2.9623828426e+00  1.9587565185e+00 -1.0409766846e+00 -1.1872588925e+00 -2.3860188755e-02  2.1100070316e-02 -1.0386215188e-01  3.7337497513e+00 -2.0624079362e+00  1.8850793424e-01  1.5686356557e+00 -9.7259534254e-01  3.7599609730e+00  4.8363138068e+00 -3.8538423862e+00  5.3866865576e+00  5.6934527346e+00 -2.3019492558e+00  5.4428975218e+00  4.4532543136e+00 -2.6743334550e+00  6.6513585047e+00  3.5385148291e+00 -1.0907032144e+00  4.9414335478e+00  2.6787448491e+00 -2.6466536296e+00  4.8851419793e+00
ENERGY -1.046221752457e+03
GRADIENT  1.1094220384e-05 -5.5425097994e-06 -2.8728767978e-06  6.1446966248e-06 -5.5218942125e-06  1.0693442504e-05 -6.9804935695e-06  9.0793787699e-07 -4.7819506626e-06  9.2353422776e-06 -1.4150942922e-06 -4.0359529989e-05 -2.1220065694e-05  2.4650103760e-05  2.1159208086e-05  1.1612803435e-05 -2.1146796994e-05  1.6639934695e-05 -2.9273822659e-06 -2.2004487061e-06  3.1041817356e-06 -1.3694063191e-06 -9.5001347271e-06  1.1178231663e-06 -7.2050702848e-05 -1.7990072442e-05 -8.1627667686e-05  4.5452675635e-05 -2.0988310461e-05  1.6870069791e-05 -1.2644962674e-07 -2.9533909559e-05  4.8246688998e-06  3.4752554171e-05  4.9703045203e-05  2.9223007308e-05  1.2001252655e-05  9.6946227212e-06  4.5529063839e-06  6.1624583449e-06 -2.4698815081e-06 -1.6396977486e-06  3.8754047204e-06 -3.0066976026e-06 -2.3056968903e-06  4.2492253770e-06 -3.2568246427e-06  3.2056432646e-06 -1.7658257234e-06  1.1093201636e-06 -9.0238059633e-06  1.0980991021e-06  1.2106750222e-06  7.1405535132e-07 -9.0762608517e-07  2.1456247569e-06  4.9230303310e-06 -2.3613528709e-06 -6.4942906233e-07  2.0484509909e-06  4.9464939881e-06  1.9605931408e-07  1.0529035473e-06 -2.2374614646e-06  3.4924997850e-06 -5.7051565352e-07

JOB 20
COORDS  1.8858422516e+00 -1.0030837590e+00 -1.1389396665e-01  7.6173011927e-01 -4.2221131497e-01  4.8576870594e-01  2.8843156776e+00 -1.5840983558e+00  6.6230116887e-01  1.6579939444e+00 -1.0210489001e+00  2.6701766321e+00  6.6110899130e-01 -4.3994035317e-01  1.8760527416e+00  2.7808197162e+00 -1.6002087368e+00  2.0673964825e+00  4.7091640515e+00 -2.8029381877e+00  5.5890196167e+00  3.6256243908e+00 -2.1775101039e+00  4.7092652672e+00 -5.1176600776e-01  2.0338715320e-01  2.5680239283e+00 -1.5270503076e+00  4.8398682940e-01  1.7179176040e+00 -1.0185647474e+00 -5.8861955295e-01  3.5500587248e+00 -1.6332937507e-01  1.3757298108e+00  3.1666207960e+00  4.1103513959e+00 -2.3725112622e+00  2.9542681674e+00  1.9819538019e+00 -1.0023033287e+00 -1.1960900258e+00 -1.8869827391e-02  2.8651542525e-02 -1.1701256018e-01  3.7510546595e+00 -2.0314966280e+00  1.8186935585e-01  1.5388304650e+00 -1.0183502561e+00  3.7470886366e+00  4.8275321780e+00 -3.8696510623e+00  5.3766167902e+00  5.6757709731e+00 -2.3131066936e+00  5.4384020521e+00  4.4348965020e+00 -2.6954878771e+00  6.6431886045e+00  3.5151977665e+00 -1.1126588264e+00  4.9343470475e+00  2.6644285792e+00 -2.6733478258e+00  4.8734830828e+00
ENERGY -1.046221770444e+03
GRADIENT -3.7586462520e-07 -4.9397050155e-06  6.4975560005e-05 -6.0483843367e-05 -5.0811453733e-06 -3.7435788902e-05  1.9514370147e-05 -7.8027780864e-06 -1.5626630197e-05  1.0806973676e-06  4.2778602723e-06 -5.1778969259e-06  3.9528985557e-05  1.9984273081e-05 -2.7254994641e-05  6.2034906196e-06  1.5275520717e-06  3.0344792658e-06  9.2473371452e-07  1.4400487575e-06  6.0294993865e-06  9.6769272215e-06 -2.3387243891e-07  4.4891136111e-07  9.2546925089e-05  4.9869321834e-05  9.3025415231e-05 -3.4947869563e-05  8.3279362140e-06 -2.6562121904e-05 -2.5925841577e-05 -1.4587450554e-05 -3.2849306812e-05 -1.7024721752e-05 -4.8144927301e-05 -2.6501424657e-05  9.8077046736e-08 -7.4851890236e-06  7.6867937911e-06 -7.6130755355e-08 -5.2556168224e-07  7.4212170641e-06 -2.9172792590e-06  4.0179346527e-07 -3.8760581274e-07  6.9916801754e-06 -2.9939500854e-06  3.9138926363e-06  1.1233699843e-06 -1.1459391355e-06 -3.1949015720e-06 -2.3399468730e-08 -3.7800335458e-07  3.4503300847e-06  7.2934449109e-07 -9.4185448465e-07  1.1900168723e-06  2.5740823236e-06 -1.6155646705e-07  3.2055783983e-06  7.4436119851e-07 -7.2077538140e-07  1.6041611568e-06  3.5142003302e-06 -2.9163348298e-06  2.2866791512e-06

JOB 21
COORDS  1.8948529770e+00 -9.8138115715e-01 -1.1925775235e-01  7.6537697961e-01 -4.1506682750e-01  4.8155490124e-01  2.8939205471e+00 -1.5649090219e+00  6.5596521094e-01  1.6536999271e+00 -1.0315870049e+00  2.6639490072e+00  6.5705792440e-01 -4.4975439573e-01  1.8723114761e+00  2.7835847190e+00 -1.5975926286e+00  2.0592319587e+00  4.7012167867e+00 -2.8294841878e+00  5.5772133179e+00  3.6185180464e+00 -2.1996063288e+00  4.6995727184e+00 -5.2077333586e-01  2.0264920529e-01  2.5474270312e+00 -1.6265086961e+00  2.0449604890e-01  1.7640227957e+00 -8.5342330628e-01 -4.1490753464e-01  3.7100080982e+00 -2.6484021892e-01  1.5027380959e+00  2.8621769334e+00  4.1125629589e+00 -2.3725736733e+00  2.9448139599e+00  1.9958421528e+00 -9.6852282810e-01 -1.2009346254e+00 -1.6649226071e-02  3.5343954084e-02 -1.2044106092e-01  3.7653840053e+00 -2.0019701812e+00  1.7458855239e-01  1.5288635114e+00 -1.0430705374e+00  3.7395970461e+00  4.8260012901e+00 -3.8931058221e+00  5.3532876729e+00  5.6659981058e+00 -2.3331247345e+00  5.4365807360e+00  4.4216306485e+00 -2.7353813457e+00  6.6312623202e+00  3.5016637525e+00 -1.1379515237e+00  4.9361799367e+00  2.6591105303e+00 -2.7020233241e+00  4.8538385668e+00
ENERGY -1.046221777000e+03
GRADIENT  1.1631852228e-05 -3.7755979752e-06 -2.1642843747e-05  7.1838242567e-05  4.4964380826e-05  2.9343121004e-05 -4.6936900684e-05  2.4424535171e-05  1.2756277344e-05  1.7477697614e-05  2.0876746625e-05 -1.0716119330e-04 -1.1885180509e-04 -6.7950910929e-05  3.4139816584e-05  5.9308786873e-05 -3.8573790720e-05  4.7326189184e-05 -5.1298050728e-07 -1.9557410801e-07  8.7926003537e-06  1.3773803029e-05 -9.3361675513e-06  3.2228244677e-07  9.4694041487e-06  3.1060868817e-05  5.4053745037e-07 -2.3053912216e-05 -1.7912885420e-08  2.2864091106e-06  1.9968241712e-05  2.6744064413e-05  3.3848830232e-05 -8.9869271844e-06 -1.6169955533e-05 -5.8497192576e-06  1.1765180059e-05 -6.0034296140e-07  1.9146702764e-05  9.7987309463e-07  1.5689153603e-06 -1.6120376711e-07  2.5628304305e-06 -3.3670832448e-06  1.3000455742e-05 -3.2050419144e-06  5.7117272453e-07  9.0326436970e-06 -2.0517420690e-06 -1.5839900490e-07 -1.7289222034e-05  1.0199982056e-06 -2.9319629780e-07  2.4751364812e-06  1.5960034998e-06 -6.4020741379e-07  7.5950540298e-07  5.1012410535e-06 -1.2874001658e-06  4.2155655177e-06  5.0844423458e-06 -2.2364167692e-07  4.8660495365e-06  3.0021598538e-06 -1.5013863950e-06  2.7490536462e-06

JOB 22
COORDS  1.9009391528e+00 -9.5832917513e-01 -1.1626157334e-01  7.7205172724e-01 -3.9922975583e-01  4.8930634944e-01  2.9011453848e+00 -1.5488736835e+00  6.5420949162e-01  1.6599400934e+00 -1.0329456933e+00  2.6668967136e+00  6.6386674961e-01 -4.4601574964e-01  1.8811935639e+00  2.7907318735e+00 -1.5935260621e+00  2.0559512201e+00  4.7008169670e+00 -2.8641064768e+00  5.5646192387e+00  3.6211752240e+00 -2.2223121973e+00  4.6918799400e+00 -5.2995493252e-01  1.9386266572e-01  2.5403241741e+00 -1.6864210418e+00 -1.0204451885e-01  1.8938040476e+00 -6.8228029413e-01 -1.9484663330e-01  3.8305915448e+00 -4.3231081148e-01  1.5512913345e+00  2.5509389620e+00  4.1198838740e+00 -2.3743003832e+00  2.9364268801e+00  2.0023800182e+00 -9.3524072224e-01 -1.1977195364e+00 -1.0432163627e-02  5.6517394792e-02 -1.0906362841e-01  3.7728308963e+00 -1.9808916061e+00  1.6869180078e-01  1.5367774911e+00 -1.0510248562e+00  3.7420919516e+00  4.8244675869e+00 -3.9252071912e+00  5.3284795853e+00  5.6667235969e+00 -2.3676755052e+00  5.4321714851e+00  4.4188297569e+00 -2.7818892888e+00  6.6190264673e+00  3.5046910101e+00 -1.1635900383e+00  4.9414080997e+00  2.6608746317e+00 -2.7256014086e+00  4.8374139446e+00
ENERGY -1.046221707747e+03
GRADIENT -1.9470646759e-05 -4.0094422271e-06  9.8763532150e-05  4.6573317324e-05  1.7433049920e-04 -3.9123284944e-05  4.4574094312e-05 -1.8614760709e-05 -1.8086006297e-05 -4.4148890929e-06  2.9991411151e-05 -3.8465884648e-05 -9.2392618121e-05 -1.6748106616e-04 -2.7802750474e-06  1.1718610091e-05 -1.9748068354e-05 -1.4400401333e-06 -1.1861082230e-06 -1.5690792279e-06  5.9776772245e-06  1.8919209503e-06 -3.9061576858e-06 -1.0920090090e-06  4.3929333453e-05  9.4211721622e-05  3.6861380309e-05 -1.1439897394e-04 -2.6108312025e-05 -8.5111125870e-05  1.1125537128e-04  1.1242385989e-04  5.2416452912e-05  1.1718519357e-05 -1.0811552865e-04 -9.0015371987e-06  7.9667719906e-06  1.1719433987e-06  9.0526026943e-06  2.4792614698e-06 -1.7057296804e-07  1.1145896188e-05 -6.4940233632e-06  4.5936343807e-06  7.1380649005e-06  5.9669759036e-06 -8.2636148734e-06  4.7555801426e-06  1.4068552745e-06  2.7579071908e-06 -3.6011113300e-06 -3.7673406964e-06 -9.4295392631e-07  3.4059833459e-06  8.1440904599e-08 -3.1666291652e-06  1.0038449463e-06  7.8103798944e-07  4.1178434811e-07  3.0169260298e-06  7.4705208726e-06  2.3492936710e-06  2.5650442292e-06 -6.6257850061e-07  5.3070936443e-06  3.5350858281e-06

JOB 23
COORDS  1.9205548022e+00 -9.2397822698e-01 -1.0347833981e-01  7.9795191450e-01 -3.5567386902e-01  5.0379772400e-01  2.9127668102e+00 -1.5308235989e+00  6.6561877528e-01  1.6743020101e+00 -1.0115394518e+00  2.6793063006e+00  6.8814482415e-01 -4.0677558701e-01  1.8960324966e+00  2.8002133812e+00 -1.5811455270e+00  2.0664623105e+00  4.6869334475e+00 -2.8948420348e+00  5.5719583575e+00  3.6155937614e+00 -2.2378368270e+00  4.7003375697e+00 -5.2488135808e-01  2.0749210090e-01  2.5444912101e+00 -1.6762785285e+00 -3.6935588323e-01  2.1090188201e+00 -5.1126647526e-01  9.1958209434e-02  3.8948938106e+00 -6.3114306307e-01  1.5331413307e+00  2.2614209229e+00  4.1209575688e+00 -2.3775506994e+00  2.9457265256e+00  2.0247134573e+00 -8.9464980886e-01 -1.1845280534e+00  2.4166264732e-02  1.1742591091e-01 -9.2916834737e-02  3.7808215325e+00 -1.9688480244e+00  1.7899163841e-01  1.5514305186e+00 -1.0301982540e+00  3.7542922120e+00  4.8049063739e+00 -3.9544516977e+00  5.3264287810e+00  5.6566047537e+00 -2.4034111455e+00  5.4486802464e+00  4.4005169042e+00 -2.8206579388e+00  6.6257704472e+00  3.5053541482e+00 -1.1806930865e+00  4.9591376988e+00  2.6511546345e+00 -2.7356912106e+00  4.8370221684e+00
ENERGY -1.046221654279e+03
GRADIENT -7.3175334254e-06  4.1602648194e-06  8.9366759599e-06  3.5095218639e-06 -1.3377716945e-05 -7.9918091176e-06 -9.5194659980e-06  3.3416205465e-06  1.5831601844e-05 -9.1394967437e-06 -1.2494639221e-06 -5.2766893154e-05 -7.4218025337e-06  4.3856414729e-05  1.6719052161e-05  3.4669687563e-05 -1.6044404742e-05  1.4223024332e-05 -1.3435101119e-06  2.0546221836e-06  2.4824641328e-06 -1.5601615437e-07  1.6434443445e-06  8.6977163155e-07 -6.3664292854e-05 -1.1400720161e-04  5.3193887991e-06  3.9241935988e-05  2.6673718470e-05  5.5491843243e-06  8.8892714792e-06  1.0434077003e-05 -1.5114741993e-06  2.2528269003e-06  6.0613605728e-05 -1.5037310222e-05  4.8486276549e-06 -8.1531430835e-06  8.6276418626e-06  1.9742906652e-06 -1.9030038837e-06  9.2281841040e-07  1.2136709239e-06  3.1992525585e-06  3.4277312408e-06 -1.3979994125e-07 -9.7517534848e-07  5.3874341372e-06  2.2591610353e-06  1.5111861561e-06 -6.4841332391e-06 -1.5446005839e-06  1.0350410899e-06  2.7554879682e-06 -2.6980420862e-06  1.1562820902e-06  3.4473571414e-06 -3.3836040970e-06  4.6135356480e-07  2.4517411463e-06 -1.6941641073e-06  1.0829033060e-06  9.9891221696e-07 -1.6572580413e-06  2.4704627588e-07  3.1254950045e-06

