JOB 0
COORDS  1.6674059024e+00 -3.5073733712e+00 -3.1599249554e+00  1.2521096555e+00 -2.2272712790e+00 -3.9389438958e+00  1.9025889362e+00 -3.0479689619e+00 -1.7195725839e+00  1.5102996701e+00 -1.0492777784e+00 -2.9810441584e+00  3.6150918423e+00 -2.7157615528e-01  1.5440861663e+00  3.5678971228e+00 -1.1839224474e+00  3.1108311308e-01  2.4219728014e+00 -7.8746660563e-01 -6.1590099272e-01  2.3840912478e+00 -1.6199795515e+00 -1.8773492570e+00  9.0356447806e-01 -4.2854590921e+00 -3.1948308092e+00  2.5837187942e+00 -3.9350043477e+00 -3.5751689090e+00  1.8338925909e+00 -2.1232781135e+00 -4.8562846769e+00  1.9922932484e-01 -2.2486522365e+00 -4.2235328258e+00  2.6434311375e+00 -3.6261238439e+00 -1.1680080206e+00  9.7852851211e-01 -2.9969686343e+00 -1.1390067873e+00  2.0223385003e+00 -1.9498338323e-01 -3.4254945602e+00  5.9796255390e-01 -6.9885720288e-01 -2.4946581781e+00  4.4396875594e+00 -5.6405813588e-01  2.1979931486e+00  2.6892063238e+00 -3.3819562367e-01  2.1238007551e+00  3.7666137121e+00  7.7467268800e-01  1.2609524466e+00  4.5182128330e+00 -1.1126862272e+00 -2.3414134879e-01  3.4543265891e+00 -2.2253408730e+00  6.3009875343e-01  1.4452889156e+00 -9.0072344846e-01 -1.3886218325e-01  2.5273959566e+00  2.5253215457e-01 -9.3629460998e-01  3.3433621516e+00 -1.6644394103e+00 -2.2382708103e+00
ENERGY -3.309752211399e+02
GRADIENT -1.4898652900e-05 -2.0648652519e-05 -6.2045199607e-06 -2.0394278138e-05  1.2584536492e-07 -4.2232441784e-06  4.4998356092e-05  9.2309231077e-05  2.7824418688e-05  8.6358320250e-04  5.5737734174e-04 -3.5712748998e-04  1.1373735612e-05 -3.6151863717e-06  5.5816555133e-06  5.7481380518e-04  6.5636460423e-04 -4.2794225603e-04 -5.0300586450e-04 -7.6509174401e-04  4.6638191231e-04 -9.7835086561e-04 -5.1968244107e-04  3.9066085968e-04 -3.0176662696e-06  8.7259054324e-06  5.8772462769e-06 -6.5794122369e-06 -8.7497250757e-06 -8.0047762745e-06  3.3325623062e-05 -1.8992127098e-07  1.8610946304e-05  1.2965794291e-05  5.7506094622e-06 -3.3294297044e-05 -9.8123258492e-06 -2.6391536453e-06 -4.1956065010e-07 -3.0763284174e-06 -9.8311565738e-06  3.4027528915e-06 -2.3012385991e-05  1.9647138665e-05  1.1601519404e-05 -6.0492270666e-06 -2.8755575681e-05  1.7532320851e-05 -3.9515662629e-06 -6.7029791955e-06  2.0746325690e-06 -3.5784408590e-06  3.8864475869e-06 -4.9666859827e-06  8.1467861712e-06 -3.0966411665e-07  5.0157473836e-06  2.0643629434e-06  3.7102115356e-05 -1.9014131521e-05  4.1244880218e-05  4.0834740449e-06 -1.1388578799e-05 -1.8439247584e-05  2.7947581334e-05 -7.2558359293e-06  2.5157646893e-05 -1.5447354805e-06 -9.5919477061e-06  4.9383592979e-06 -1.4358542062e-05 -2.5829223916e-05

JOB 1
COORDS  1.6257592757e+00 -3.4944056613e+00 -3.1700876357e+00  1.3374304984e+00 -2.1894415689e+00 -3.9671407219e+00  1.7724328417e+00 -3.0523316876e+00 -1.7130494084e+00  1.5869600604e+00 -1.0308262125e+00 -2.9829767181e+00  3.6677912727e+00 -2.3868746077e-01  1.5322386817e+00  3.6507044860e+00 -1.0819286660e+00  2.5080903255e-01  2.3768090843e+00 -8.3556147641e-01 -5.5334604291e-01  2.3479216559e+00 -1.6559388432e+00 -1.8276184620e+00  8.2771243210e-01 -4.2314129698e+00 -3.2701281400e+00  2.5480826286e+00 -3.9668470551e+00 -3.5181931464e+00  1.9900981640e+00 -2.1133242359e+00 -4.8384062732e+00  3.0880909663e-01 -2.1531593998e+00 -4.3285353276e+00  2.4318501176e+00 -3.6710277192e+00 -1.1037979321e+00  8.0854728690e-01 -2.9465153592e+00 -1.2104092485e+00  2.1743791859e+00 -2.0231314615e-01 -3.3806649655e+00  6.6141904140e-01 -6.3604989384e-01 -2.5593168234e+00  4.5891697218e+00 -4.1916115991e-01  2.0904438025e+00  2.8262804233e+00 -4.9030846780e-01  2.1850541782e+00  3.6171273481e+00  8.3092356809e-01  1.3060096668e+00  4.5216155258e+00 -8.2782604111e-01 -3.6745521174e-01  3.7336095512e+00 -2.1442524354e+00  5.0823599500e-01  1.4734785978e+00 -1.0866726690e+00  6.8198056299e-03  2.3124041317e+00  2.1293204046e-01 -8.5415651277e-01  3.3213953264e+00 -1.7607044114e+00 -2.1336274291e+00
ENERGY -3.309740228946e+02
GRADIENT -3.8656513510e-05  1.6521938724e-05  1.8268538049e-05 -3.6366076652e-05  1.0431338499e-05  1.1212455370e-05 -2.6994762164e-05 -6.4464207016e-05  2.6458136915e-05  1.9167383640e-03  1.0016110096e-03 -6.8810132752e-04 -1.3927937305e-06  2.8259220674e-06  8.2306819792e-06  9.9485060721e-04  1.6169414252e-03 -1.0903065653e-03 -5.8752694889e-04 -1.7775596694e-03  1.1969292278e-03 -2.2335082497e-03 -8.1133870626e-04  5.1372130023e-04  1.0035433573e-05 -1.4209450925e-05  1.2063953559e-05  2.6003153810e-06  7.1683443923e-06 -9.7222097450e-06  3.6691914472e-05 -1.9312220777e-05  2.2476675559e-05  1.5541603611e-05  2.5422582391e-05 -3.8198197767e-05 -6.8912421079e-06 -6.6736995387e-06 -2.7424858177e-06  4.0545930586e-06  2.3914036485e-05 -8.5457580246e-07 -4.4986538157e-05  3.1895593255e-05 -4.3257892601e-06 -4.0950342477e-06 -3.7104185376e-05  3.2383608202e-05 -5.8591249629e-06 -9.1561026358e-06  8.2413055963e-06 -7.3558091074e-06  4.1701031733e-06 -6.1071958728e-06  1.2235159603e-05 -1.4408863678e-06  2.5212559608e-06 -4.4606640354e-06 -9.4692562838e-07  2.5857745514e-06 -1.7308108499e-06  1.2924706429e-06  7.6254214477e-06 -1.3116557525e-06 -7.6631412808e-06 -1.3327815166e-06  1.0431289980e-05 -7.1610910063e-06 -3.3597396287e-06 -4.7502741648e-06 -6.1187574006e-06 -1.7001440318e-06

JOB 2
COORDS  1.5618586552e+00 -3.4859223878e+00 -3.1714128642e+00  1.4342969939e+00 -2.1538755827e+00 -3.9680558435e+00  1.6402626943e+00 -3.0693479032e+00 -1.7013180200e+00  1.6670093637e+00 -1.0276026884e+00 -2.9442418349e+00  3.7194612844e+00 -2.0385636386e-01  1.5301762196e+00  3.7030007047e+00 -9.9550771179e-01  2.1678191956e-01  2.3367053525e+00 -9.1930765786e-01 -4.5976611235e-01  2.3147165823e+00 -1.7146101366e+00 -1.7558877365e+00  7.1515416111e-01 -4.1536995226e+00 -3.3362933470e+00  2.4644391763e+00 -4.0290374760e+00 -3.4630334664e+00  2.1682413465e+00 -2.1105295781e+00 -4.7746027620e+00  4.4817011387e-01 -2.0443603440e+00 -4.4214297094e+00  2.2153475083e+00 -3.7352597738e+00 -1.0563953307e+00  6.5391669269e-01 -2.9040343314e+00 -1.2626144011e+00  2.3194344916e+00 -2.2081266076e-01 -3.2809562021e+00  7.3295832657e-01 -5.9843092317e-01 -2.5767956085e+00  4.7079227346e+00 -2.5878892646e-01  1.9917519374e+00  2.9933813010e+00 -6.0379687320e-01  2.2446260356e+00  3.4868887655e+00  8.5216738405e-01  1.3611953983e+00  4.4651771530e+00 -5.9501896450e-01 -4.6421977182e-01  3.9602671889e+00 -2.0435748178e+00  4.1446430128e-01  1.5408013847e+00 -1.3148472773e+00  1.7404929457e-01  2.0895505094e+00  1.1336748846e-01 -7.1438491767e-01  3.2929596934e+00 -1.8842228906e+00 -2.0128961411e+00
ENERGY -3.309725354177e+02
GRADIENT  1.2885711911e-04 -7.4084210026e-05 -1.5055536777e-05  5.6369418765e-05  4.0026499196e-05  4.1672877884e-05  8.0093328147e-07 -1.9391590103e-05 -3.3026362695e-05  1.6375931790e-03  7.7859771964e-04 -5.3340017226e-04  8.4474642276e-07 -1.4310624666e-05  6.6503418445e-06  5.5456149561e-04  1.5743726588e-03 -9.7887060734e-04  3.1709739248e-05 -1.7262718879e-03  1.0114895719e-03 -2.2918977248e-03 -5.1854611598e-04  5.1273583997e-04 -3.5083709629e-05  3.5978857838e-05  1.3547083562e-05 -3.6312867587e-05 -1.9654544546e-05 -7.6027548088e-06 -3.4673758544e-05  1.7630223285e-05 -1.5914157028e-05 -1.1156025904e-05 -1.9321238583e-05  9.5724713996e-06 -8.4304279117e-06  3.0653743084e-05  3.3570984795e-05 -1.7695743147e-05 -3.3939451209e-06 -1.8806717450e-05  2.7356894482e-05 -2.2202699814e-05  1.6526148625e-05 -8.2715301008e-07  1.3551389719e-05 -9.1003817496e-06  5.1768578890e-06  1.1894789536e-05 -5.3653560988e-06  1.1333470784e-05 -4.3401149178e-06  4.8790070745e-06 -9.4951452181e-06 -1.7564278510e-06 -2.6100587377e-06  1.6072623961e-05 -3.1837386932e-05  1.4894752568e-05 -3.6439432597e-05 -1.9381599728e-05  1.0056772669e-05  1.5770006016e-05 -2.6873125652e-05  7.4040286087e-06 -1.0542065621e-05  3.6323322827e-06  1.6854308713e-06 -6.6363056778e-06  4.8255165842e-06 -5.1430555732e-05

JOB 3
COORDS  1.3945345018e+00 -3.4439388710e+00 -3.1515068553e+00  1.5128477261e+00 -2.1057526973e+00 -3.9420147311e+00  1.5267515766e+00 -3.0606493182e+00 -1.6718527937e+00  1.7111541398e+00 -1.0160190621e+00 -2.8802836929e+00  3.8380144376e+00 -6.8241009596e-02  1.4435313389e+00  3.7849343808e+00 -8.4433189196e-01  1.2197987588e-01  2.3512025586e+00 -9.8528154089e-01 -3.8264767703e-01  2.3000967606e+00 -1.7569811061e+00 -1.6955518693e+00  4.4175065710e-01 -3.9454420571e+00 -3.3264577564e+00  2.1846247405e+00 -4.1388095084e+00 -3.4441737780e+00  2.3604546099e+00 -2.1350415330e+00 -4.6300657745e+00  6.2205912073e-01 -1.8953014121e+00 -4.5354272148e+00  2.0587475607e+00 -3.7814047385e+00 -1.0490146610e+00  5.6235719696e-01 -2.8340369357e+00 -1.2129632260e+00  2.3834743809e+00 -2.0515001642e-01 -3.1646852518e+00  7.6564366365e-01 -5.9301027211e-01 -2.5352484512e+00  4.8712938141e+00  2.5363347775e-02  1.7851511135e+00  3.2707879867e+00 -5.7897874178e-01  2.2278074729e+00  3.4303983270e+00  9.4092815788e-01  1.3287778036e+00  4.3882465279e+00 -3.2644227441e-01 -6.3462330144e-01  4.2214815875e+00 -1.8415567619e+00  2.6197802223e-01  1.7285102193e+00 -1.5249027856e+00  3.3310383495e-01  1.8962262230e+00 -9.8781682261e-03 -5.6395315246e-01  3.2676452839e+00 -1.9898707079e+00 -1.9427372671e+00
ENERGY -3.309717883641e+02
GRADIENT  8.6541367106e-05 -8.0091283343e-05 -1.2474505964e-05  1.0724651658e-04  1.0140258255e-05  6.1447488498e-06  4.4373764242e-05  7.1216198992e-05 -1.7456337451e-05  3.0680705091e-05  9.1387464102e-05 -7.7300469933e-05 -2.3993797569e-06 -1.0098361566e-05  5.3683256192e-06 -4.3068268007e-06  1.4558799802e-04 -9.5223476482e-05  1.0558837986e-04 -1.1818778645e-04  6.8798368614e-06 -2.2581294746e-04 -6.1268010185e-05  1.9297514028e-04 -1.9109813115e-05  4.1359092000e-05  5.9111463204e-06 -3.5485011459e-05 -1.6478769381e-05 -1.1864699925e-05 -2.5030133431e-05  2.7162295355e-05 -1.5864217300e-05 -1.8015642485e-05 -2.1339616439e-05  1.5251301468e-05 -5.8701517163e-06  2.1752088685e-05  3.1921540229e-05 -1.8483051630e-05 -1.9230068158e-05 -1.8640917852e-05  2.8514590787e-05 -2.1045900688e-05  2.5973484496e-05 -2.8983061108e-06  2.7141168684e-06 -1.3133590984e-05  1.4381091221e-06  1.4235584495e-05 -5.7473746476e-06  1.3161170214e-05 -4.7101008200e-06  5.8129147375e-06 -1.3543322085e-05 -6.1679177054e-06 -5.3554750738e-07  2.4607948184e-05 -2.3944026598e-05  1.1988059568e-05 -2.9473304081e-05 -1.9593523598e-05  8.0532512726e-06  1.4285387840e-05 -1.7394665767e-05  7.7289789642e-06 -2.9887652494e-05 -3.0730803567e-06  6.6596489367e-06 -5.6697748124e-06 -7.6557302876e-06 -6.5464302081e-05

JOB 4
COORDS  1.2883729012e+00 -3.4121672110e+00 -3.2091291823e+00  1.6173738946e+00 -2.0908364042e+00 -3.9651862489e+00  1.4358915417e+00 -3.0828744770e+00 -1.7150743677e+00  1.8056329886e+00 -1.0361779964e+00 -2.8715932042e+00  3.7751499351e+00  4.1377423859e-02  1.3794177458e+00  3.7505545819e+00 -7.1358373840e-01  4.4733840109e-02  2.3262969171e+00 -1.0948392460e+00 -3.5102126016e-01  2.2992555226e+00 -1.8343889589e+00 -1.6806872873e+00  2.7623565931e-01 -3.7628900841e+00 -3.4153763414e+00  1.9736877820e+00 -4.2093470721e+00 -3.5033794502e+00  2.5300616170e+00 -2.1981331265e+00 -4.5563339556e+00  8.2229551174e-01 -1.7917037429e+00 -4.6495857911e+00  1.9113161973e+00 -3.8584805327e+00 -1.1128301474e+00  4.8634301116e-01 -2.8061469635e+00 -1.2528810527e+00  2.5236050966e+00 -2.4786169129e-01 -3.1026671203e+00  8.6097862561e-01 -5.8377233926e-01 -2.5634816528e+00  4.8028113463e+00  2.8988720880e-01  1.6538000156e+00  3.3499169613e+00 -5.6327454116e-01  2.1865347573e+00  3.2094084343e+00  9.7613375335e-01  1.3180175290e+00  4.1981097604e+00 -9.0883091107e-02 -7.3994423556e-01  4.3582499973e+00 -1.6241861594e+00  1.2536632293e-01  1.8837483881e+00 -1.7593158933e+00  3.9375887529e-01  1.6816564856e+00 -2.2036365408e-01 -4.5555886945e-01  3.2609435853e+00 -2.1246070304e+00 -1.8863252790e+00
ENERGY -3.309723866750e+02
GRADIENT -1.1926863745e-05  1.3341614940e-05  2.8799024987e-07 -1.7595847193e-05  3.1050989494e-06  2.1103049335e-05 -3.1130217594e-05 -2.8048036540e-05 -3.8132747408e-06 -1.6699414770e-03 -5.4762254369e-04  3.4144036853e-04  1.6856853924e-06 -3.3460278913e-06  1.7384859226e-06  1.6618057321e-04 -1.5083076362e-03  8.3285697828e-04 -9.7236884404e-04  1.7708543495e-03 -9.8315124096e-04  2.4912638756e-03  2.3785851818e-04 -1.9847578280e-04 -8.5747782051e-07 -1.0178837922e-06 -2.9820092937e-06  1.6594179157e-06 -1.9900698647e-06  3.4562192572e-07  1.7847011483e-06 -1.4015023889e-07  1.5851787449e-06  1.3296983333e-08  1.5538373763e-06 -4.7608445599e-07  1.1846528514e-05  1.3363998681e-06 -8.3595520491e-06  5.5327888898e-06 -9.7471776367e-07  1.1083303959e-05  6.4672249535e-06 -4.7029109254e-06 -7.5453705402e-06  9.2992160944e-06  1.3542261297e-05  4.5668003962e-06  3.6452475559e-06 -2.4908670659e-05  1.5842155472e-05 -2.3561890316e-05  7.5500229125e-06 -5.4815892883e-06  2.5878885342e-05  1.2133777492e-05 -5.8883068579e-06 -3.2458480974e-05  1.9306825584e-05 -2.0473273515e-06  2.8744878325e-05  1.6235141314e-05 -1.8600817698e-05 -7.9813053822e-06  1.2738848112e-05  7.4701474330e-06  7.1633364720e-06  5.2845064996e-06 -9.0104384417e-06  4.3300924249e-06  1.3693791877e-05  2.1222881951e-05

JOB 5
COORDS  1.2273069285e+00 -3.3752117330e+00 -3.2280608228e+00  1.7381539886e+00 -2.0892307912e+00 -3.9395500575e+00  1.4020681301e+00 -3.1149274264e+00 -1.7214822990e+00  1.9732805962e+00 -1.0777152053e+00 -2.8167376263e+00  3.7771382965e+00  6.0751556931e-02  1.3718364386e+00  3.7651422984e+00 -6.4578178167e-01  1.0292323313e-02  2.3927716768e+00 -1.2440624239e+00 -2.8823068371e-01  2.3646003042e+00 -1.9423596940e+00 -1.6339417861e+00  1.7837071270e-01 -3.5758199873e+00 -3.4506018815e+00  1.7989537271e+00 -4.2492785886e+00 -3.5448420080e+00  2.6691896429e+00 -2.2853746966e+00 -4.4775153434e+00  1.0225163926e+00 -1.6980150877e+00 -4.6640743505e+00  1.8123608339e+00 -3.9492942540e+00 -1.1510104267e+00  4.7811008068e-01 -2.7816845026e+00 -1.2448646139e+00  2.7563002417e+00 -3.4341731476e-01 -3.0089000886e+00  1.0570258610e+00 -5.6052350340e-01 -2.5245703049e+00  4.7688538095e+00  4.7072229879e-01  1.5756364346e+00  3.5279140485e+00 -6.3151826544e-01  2.1820884057e+00  3.0612949406e+00  8.8815097554e-01  1.3968272776e+00  4.0443252937e+00  6.5165152408e-02 -7.7621566759e-01  4.5152989939e+00 -1.4472694082e+00  5.8045213459e-03  2.1337436629e+00 -1.9953518915e+00  4.6162990550e-01  1.6027948248e+00 -4.9041855778e-01 -3.0474839871e-01  3.3079915534e+00 -2.3021907193e+00 -1.8135679237e+00
ENERGY -3.309738794366e+02
GRADIENT -2.0196488916e-06  2.7991022471e-06  9.8359928000e-06 -1.2045844687e-05  6.7347430856e-06  4.3040719826e-06 -2.2677614761e-05 -5.3915174318e-05 -2.6479974814e-06 -2.2236859780e-03 -5.4661347266e-04  3.1730430236e-04 -2.9111618609e-07 -3.2255823191e-06  3.6593370796e-07  6.1727578915e-04 -1.8633791890e-03  9.6724131729e-04 -1.8290331047e-03  2.3818930121e-03 -1.2194188857e-03  3.4898954831e-03  1.0913403839e-04 -1.1184949651e-04  2.7753141936e-07 -1.3104464902e-05  2.5774974908e-07  1.2046534204e-05  1.0526166037e-05 -3.9638245321e-06 -6.0007219321e-07 -1.1149246972e-05  3.2280295522e-06  5.5460288994e-06  9.5519898301e-06 -4.0915903104e-06 -1.5281023172e-05  5.1501785548e-06  1.4418507588e-05  5.5786914242e-06  2.2905283290e-05 -5.6993503237e-06 -1.4456753045e-05  1.5909176292e-05  5.9309139539e-06 -8.5585589580e-06 -1.6706745161e-05  1.0929958428e-05  3.8442739243e-07  3.5562452755e-06 -1.7275485268e-06  2.7995561995e-06  3.2744789167e-06  1.0235054631e-07 -1.9206593411e-06  4.5228559941e-07 -1.8790637179e-06  1.8333772921e-05 -1.5603936660e-05 -8.9259990696e-07 -1.0850848409e-05 -1.7978177535e-05  1.2605510459e-05  3.2848069213e-06 -4.9518506221e-06 -2.7469273287e-06 -3.1933282366e-06 -5.0119010263e-06  1.3717741920e-05 -7.8361067853e-06 -4.1301345211e-06 -1.6876605109e-05

JOB 6
COORDS  1.1278772848e+00 -3.3155704053e+00 -3.2725467647e+00  1.7831538037e+00 -2.0831375562e+00 -3.9572820644e+00  1.3158757751e+00 -3.1029788690e+00 -1.7593710229e+00  2.0927104263e+00 -1.1072025088e+00 -2.8209868805e+00  3.7235070543e+00  7.5707241974e-02  1.3356200410e+00  3.6916822119e+00 -5.4085305238e-01 -6.9251531287e-02  2.4085097130e+00 -1.3387125302e+00 -2.8511893773e-01  2.3691557244e+00 -2.0139877380e+00 -1.6375593301e+00  6.5013971831e-02 -3.3929390302e+00 -3.5057731717e+00  1.6005159505e+00 -4.2424248363e+00 -3.6017537931e+00  2.7035902014e+00 -2.3681406835e+00 -4.4734834962e+00  1.1297497247e+00 -1.6169469122e+00 -4.6961111600e+00  1.6546408303e+00 -3.9805809075e+00 -1.2073508118e+00  4.1846413326e-01 -2.7094909218e+00 -1.2782549840e+00  2.9501139321e+00 -4.5710327252e-01 -2.9936857472e+00  1.2285611203e+00 -4.9937112135e-01 -2.5433673493e+00  4.6468840144e+00  6.4153462294e-01  1.4781576125e+00  3.6798244243e+00 -6.9544414881e-01  2.1109848767e+00  2.8844411614e+00  7.6164641935e-01  1.4880534817e+00  3.7751837336e+00  2.5248413705e-01 -8.1965600332e-01  4.5576640102e+00 -1.2031550044e+00 -1.9862206249e-01  2.3200606667e+00 -2.1340251903e+00  4.5984205454e-01  1.5153294763e+00 -7.1221789552e-01 -2.2411229632e-01  3.2857053752e+00 -2.4479915613e+00 -1.7914502354e+00
ENERGY -3.309751599106e+02
GRADIENT  7.2448691412e-06 -8.0674509230e-06  8.9085804625e-06  9.6581301720e-06  6.1603371179e-07  9.4480863664e-07  2.8798378582e-06 -1.9948431240e-05 -3.7381292880e-06 -1.1906688862e-03 -1.8333893557e-04  1.3047234332e-04  3.7046110299e-06  2.5129492539e-06  4.1395930266e-06  5.0461455705e-04 -9.2897981851e-04  4.4931565014e-04 -1.2413100674e-03  1.2479936998e-03 -6.1277985131e-04  1.9431583891e-03 -6.5613927443e-05  4.1517786903e-05  1.7845938007e-06 -6.8638455139e-06  1.2117831544e-07  9.8782661215e-06  4.1890301972e-06  7.6150513179e-06 -5.3033289227e-06  5.8430407396e-06 -7.2300366582e-06 -9.5758787280e-06  2.4639500250e-06  1.3675072031e-05 -1.4381585300e-05  6.1004366743e-06  1.9216975742e-05 -2.9583252781e-06  1.8674516291e-05 -1.2635683625e-05 -5.1871435355e-06  3.2683959072e-06  7.7501981205e-06 -6.6009230450e-06 -3.7480208650e-06 -1.5383404883e-06 -2.9449873238e-06  8.0509201122e-06 -4.2685366437e-06  1.0505956306e-05  2.4879203525e-06  2.0937184585e-06 -4.5376483283e-06 -5.7053309765e-06  2.1344654413e-06  2.4560729930e-05 -9.1775535941e-06  1.6528648380e-06 -7.2357441622e-06 -1.9984460113e-05  1.6307209374e-05  1.7178664453e-05 -7.3896442672e-06 -4.0496101918e-06 -1.4552890263e-05 -1.1073249427e-05  1.2041292427e-05 -3.8633146468e-06 -1.5515224485e-05 -2.3506529682e-05

JOB 7
COORDS  1.0882152359e+00 -3.2589163029e+00 -3.2619405759e+00  1.8559177738e+00 -2.0804465271e+00 -3.9239948096e+00  1.2584208586e+00 -3.0707479521e+00 -1.7431195580e+00  2.2256640996e+00 -1.1371725540e+00 -2.7770885262e+00  3.7224417416e+00  1.0116237021e-01  1.3366327905e+00  3.6264725769e+00 -4.3593998143e-01 -9.8027938417e-02  2.4579981926e+00 -1.4087319079e+00 -2.3203542541e-01  2.3885006363e+00 -2.0670216082e+00 -1.5912593377e+00  2.7986610458e-02 -3.2483700011e+00 -3.5185385667e+00  1.4910852267e+00 -4.2193368067e+00 -3.5876189886e+00  2.7595768105e+00 -2.4381137265e+00 -4.4243858297e+00  1.2580318235e+00 -1.5585539554e+00 -4.6724958002e+00  1.5160999209e+00 -3.9756218628e+00 -1.1913823984e+00  3.8244882819e-01 -2.6137155576e+00 -1.2795571140e+00  3.1446776092e+00 -5.7232037218e-01 -2.9281888272e+00  1.4167666140e+00 -4.4931534286e-01 -2.5189156994e+00  4.5533756127e+00  8.0520686238e-01  1.4204289475e+00  3.8932708406e+00 -7.0642736032e-01  2.0551502102e+00  2.8080382421e+00  6.2842402993e-01  1.6261729069e+00  3.5012935614e+00  3.9991505063e-01 -7.9328257836e-01  4.5633865091e+00 -9.4271624167e-01 -3.6367301967e-01  2.5320267687e+00 -2.2196840767e+00  4.9763929966e-01  1.4986323385e+00 -9.0536434663e-01 -8.6247611714e-02  3.2708060475e+00 -2.5720397520e+00 -1.7284949261e+00
ENERGY -3.309753067044e+02
GRADIENT -1.6453018967e-05 -1.1547862258e-05 -1.8063145950e-05  1.2804387566e-05 -1.2021283046e-05 -1.7243048966e-05  8.4169266487e-05  8.6296752711e-05  1.3837648816e-05  8.5434604367e-04  7.0756308601e-05 -7.5764232691e-05 -1.5589910981e-05  5.4295436186e-06  6.4849533486e-06 -4.3672931214e-04  5.6253321509e-04 -2.8534587619e-04  1.1389066686e-03 -8.5056165166e-04  4.3224978866e-04 -1.5642859519e-03  1.0078041750e-04  8.0072433070e-06  2.2767248557e-06 -1.4712697102e-05 -5.8218587749e-06  1.0972115983e-05  1.6028852204e-06 -7.0281230628e-07 -3.0936020773e-06 -7.5166654801e-06 -3.3427958152e-06 -2.4961779717e-06 -9.0158261897e-06 -3.7825971119e-06 -1.8767607448e-05 -1.9246478157e-07  1.6633009620e-05 -7.6089911410e-06  1.1151674142e-05 -1.9570935473e-05  5.3974589453e-06  2.6569953925e-06  2.5224052621e-05 -9.2092216486e-06 -2.5658959750e-05 -2.6723004803e-05 -1.3514081703e-07  4.4990423019e-06  3.1590505831e-06  5.9373415404e-06 -3.7794860946e-06 -6.5789220755e-06  3.1935607656e-06 -1.5251406978e-06  6.9425991066e-06 -2.6353329345e-05  1.8689358129e-06 -4.7507872243e-06  9.3636986290e-07  3.0826544555e-05  6.6297424998e-06 -1.7911089108e-05  7.8825743728e-06 -2.2457569396e-06  1.2121538065e-05  9.8838003556e-06  2.0556947765e-06 -5.5918086278e-06  8.2571744329e-06 -4.5824516260e-05

JOB 8
COORDS  1.0470751796e+00 -3.2120816248e+00 -3.2737764715e+00  1.9150725126e+00 -2.0932473505e+00 -3.9160164186e+00  1.1960530945e+00 -3.0374698680e+00 -1.7509369311e+00  2.3330038758e+00 -1.1813768679e+00 -2.7596928008e+00  3.7057835195e+00  1.2435848945e-01  1.3119300515e+00  3.5571581158e+00 -3.7601463384e-01 -1.3171881235e-01  2.5252798254e+00 -1.4987839001e+00 -2.0164108077e-01  2.3972739676e+00 -2.1255871244e+00 -1.5758877778e+00 -3.4390366547e-03 -3.1218887869e+00 -3.5536610602e+00  1.3839367904e+00 -4.1998021795e+00 -3.5926668451e+00  2.7989567869e+00 -2.5173723811e+00 -4.3996591506e+00  1.3731877080e+00 -1.5267614458e+00 -4.6746204724e+00  1.3688135891e+00 -3.9594676554e+00 -1.1943486048e+00  3.4808194122e-01 -2.5124904005e+00 -1.3082478474e+00  3.2967413827e+00 -6.9108239681e-01 -2.8888936566e+00  1.5746505461e+00 -4.3213995610e-01 -2.5197212444e+00  4.4340807915e+00  9.3733370723e-01  1.3549290483e+00  4.0523694985e+00 -6.7177628944e-01  1.9780027706e+00  2.7564529940e+00  5.0599410489e-01  1.7008341511e+00  3.2516543963e+00  4.5357124359e-01 -7.7590762308e-01  4.5282318681e+00 -7.3331490720e-01 -4.9751720794e-01  2.7662222681e+00 -2.3137361126e+00  4.8573379084e-01  1.5310073609e+00 -1.1231323664e+00  5.4167504947e-02  3.2353248408e+00 -2.6999369327e+00 -1.7172891745e+00
ENERGY -3.309739217675e+02
GRADIENT  9.7272273332e-06 -2.5932183638e-05 -1.5002800843e-05  1.3090517842e-05 -1.2498971812e-05  2.8428669985e-07  4.9763135190e-05  1.8350630055e-05 -4.8056195281e-06  3.1754572409e-03 -9.3281383779e-05 -2.7843792289e-04 -4.7943047317e-06  5.1935360087e-06  3.0933471494e-06 -2.1793173164e-03  2.0432532753e-03 -7.4347433653e-04  4.5588626233e-03 -2.9480688365e-03  9.2616793835e-04 -5.6046590879e-03  1.0037592497e-03  9.6119323392e-05  1.3599864188e-08  1.6807761162e-05  1.2457725144e-06 -1.4882361262e-05 -3.2336497661e-06 -2.7807025341e-06  3.1164734105e-07  1.0287484527e-05 -3.5305852511e-06 -1.4045203121e-05 -8.3294852225e-06  2.1910808154e-06  7.0609860057e-07 -1.5261122988e-06  1.4919129649e-06 -1.0135184329e-05 -1.3813861843e-05 -1.6391825194e-06  5.8609222719e-06 -1.5507277901e-05  3.6419235153e-06  4.7763283781e-06  1.8813734186e-06 -2.0961655664e-06  6.7563546839e-06 -7.2792579324e-06 -8.9862430256e-07 -8.4022546747e-06 -2.0091537501e-06  1.3326486319e-06  1.3322914460e-06  7.5420383600e-06 -7.6284950539e-06 -1.1977529513e-05  5.8874968453e-07  1.5027054170e-06 -2.5526883377e-06  6.1292260524e-06 -3.7375886650e-06  2.5594092301e-06  4.5745582391e-06  9.4835293645e-06 -1.9268547605e-06 -7.4996945113e-06 -7.4565700237e-06 -1.4129570504e-07  4.2171477201e-07  3.6189272155e-06

JOB 9
COORDS  1.0001206641e+00 -3.1722527686e+00 -3.2793204684e+00  1.9579634409e+00 -2.1270250570e+00 -3.9195707841e+00  1.1382330406e+00 -2.9879268409e+00 -1.7566364320e+00  2.4207090950e+00 -1.2339231121e+00 -2.7655914415e+00  3.6575631861e+00  1.4378151319e-01  1.2980197715e+00  3.4783351855e+00 -3.3071710910e-01 -1.5116020911e-01  2.6112063325e+00 -1.5869452593e+00 -1.8775318496e-01  2.4084464128e+00 -2.1770141222e+00 -1.5780871644e+00 -3.6576005143e-02 -3.0094146656e+00 -3.5773368414e+00  1.2689344996e+00 -4.1859507758e+00 -3.5809580948e+00  2.8166630758e+00 -2.6201252140e+00 -4.3830274139e+00  1.4712340194e+00 -1.5321253849e+00 -4.6936232978e+00  1.2237241568e+00 -3.9118857264e+00 -1.1831265969e+00  3.3140520853e-01 -2.3850725642e+00 -1.3368006349e+00  3.4152733688e+00 -8.0659114178e-01 -2.8838013017e+00  1.7070266545e+00 -4.3742783136e-01 -2.5447110144e+00  4.2680585723e+00  1.0492704969e+00  1.3233136118e+00  4.1574642835e+00 -6.1410706153e-01  1.9090587494e+00  2.6946864279e+00  3.7707244279e-01  1.7634324934e+00  3.0119810894e+00  4.6400557684e-01 -7.4008153054e-01  4.4614763960e+00 -5.3304444777e-01 -5.9293987569e-01  3.0292507067e+00 -2.3874217926e+00  4.2684323300e-01  1.6120821934e+00 -1.3603006552e+00  1.9246356935e-01  3.1919510438e+00 -2.8191084609e+00 -1.7362900579e+00
ENERGY -3.309713012841e+02
GRADIENT  1.7150798357e-05 -2.7305025214e-05 -1.4516093947e-05  7.1207175288e-06 -1.2859078975e-05  1.0160628748e-05  3.5638107079e-05  2.5877316411e-06 -7.5574070881e-06  4.2654627426e-03 -5.2463165293e-04 -4.1916753176e-04  2.1737642030e-06  6.4198788414e-06  8.2486139289e-08 -3.4028528521e-03  2.3567922317e-03 -5.0309277734e-04  6.8620594939e-03 -3.6068301839e-03  5.3766656558e-04 -7.7799629157e-03  1.8006231841e-03  3.9808727907e-04  1.2854040118e-06  3.0253420903e-05  5.6051241801e-06 -2.4050702111e-05  2.8504525078e-07 -1.0336774943e-05  4.5554484726e-06  9.2217218584e-06  4.3237514074e-06 -8.4631335729e-06 -7.5867863706e-06 -3.7982317793e-06  9.3250499071e-06  3.1090863885e-06  3.1228706332e-06 -1.0911604805e-05 -1.2511473633e-05  2.0841028640e-06  1.3592539916e-06 -1.1850990090e-05  3.6421378141e-06  2.6269645815e-06  3.6913502818e-07  2.7806056133e-06  6.3594096472e-06 -4.8194130234e-06  1.5224704803e-06 -5.2405720872e-06 -2.3767012961e-06  3.4519931903e-06 -1.4371044411e-07  4.4752875859e-06 -5.8002545659e-06 -2.6840346810e-06  1.1323709411e-06  4.1431058517e-06 -2.1604919809e-06 -2.7291144975e-06 -2.2039964245e-06  5.0990174875e-06  4.9680739957e-06  7.2643900974e-06 -3.8618898039e-06 -6.8323673795e-06 -1.3585002271e-05  3.8942502121e-06  4.6201871678e-06  6.0707379893e-06

JOB 10
COORDS  9.3393270782e-01 -3.1106528828e+00 -3.2688348579e+00  1.9796686516e+00 -2.1642825046e+00 -3.9258463629e+00  1.0870481148e+00 -2.9071600741e+00 -1.7505667083e+00  2.5114998076e+00 -1.2919491270e+00 -2.7862041663e+00  3.6084758386e+00  1.5362868752e-01  1.2959968548e+00  3.3760405406e+00 -2.8124154144e-01 -1.5829880684e-01  2.7001817458e+00 -1.6503254236e+00 -1.8787128668e-01  2.4294131041e+00 -2.2174370219e+00 -1.5860382499e+00 -8.4720226972e-02 -2.8657886352e+00 -3.5729572455e+00  1.1153685301e+00 -4.1496092278e+00 -3.5492049718e+00  2.7945869226e+00 -2.7384809471e+00 -4.3749421979e+00  1.5488183792e+00 -1.5450745684e+00 -4.7138368855e+00  1.0826404250e+00 -3.8215116189e+00 -1.1555758166e+00  3.4268802419e-01 -2.2186975215e+00 -1.3468269727e+00  3.5351678957e+00 -9.4189658883e-01 -2.9114051161e+00  1.8594962591e+00 -4.4215223894e-01 -2.5793430084e+00  4.0836118863e+00  1.1369517867e+00  1.3210519093e+00  4.2621731398e+00 -5.4726766188e-01  1.8244096650e+00  2.6658630140e+00  2.2386709158e-01  1.8479750598e+00  2.7502235064e+00  4.6005663052e-01 -6.6326863672e-01  4.3357963875e+00 -3.1646144585e-01 -6.8547359686e-01  3.2977287053e+00 -2.3998734914e+00  3.3483081997e-01  1.7293358201e+00 -1.5951948324e+00  3.0889661192e-01  3.1446615381e+00 -2.9318018943e+00 -1.7518062790e+00
ENERGY -3.309686894148e+02
GRADIENT -1.6611653547e-06 -1.4280696430e-05 -1.0720129166e-05 -7.5746215693e-07  1.8897780470e-05  2.4567597987e-06  1.4027971831e-05  1.0371357578e-05  6.0013585665e-05  3.1405641937e-03 -6.6419976736e-04 -3.0553728733e-04 -3.8045872897e-06 -2.9539965875e-08  3.5887036564e-06 -2.7363465719e-03  1.3589180368e-03 -2.8638208550e-05  5.4128826431e-03 -2.2589946787e-03 -1.3605948709e-04 -5.7417906131e-03  1.5787660526e-03  4.3212341801e-04 -2.5978173489e-06  1.2599829345e-05  1.2270108905e-05 -1.4487177533e-05  2.4331269326e-06 -1.4659553993e-05  8.1229243084e-06 -1.4030845962e-05  3.0852252162e-05  2.5241625480e-05 -7.9182577738e-06 -2.2859241362e-05 -1.1841681341e-05  3.4578214947e-06  7.2175382273e-06 -3.3063339445e-06 -4.6260935915e-06 -4.3935049550e-06 -8.6555103727e-06  3.5603075032e-05 -2.5828879821e-06 -2.0283943321e-05 -1.5551901778e-05  1.6293677670e-05  7.5379115897e-07  7.3986162267e-07 -6.7336775365e-07  1.8450270898e-06 -1.4007123236e-06 -1.2206404005e-08  3.7512599944e-06  4.0907081843e-07  2.4288397338e-06 -1.5343119260e-05  6.8413545266e-06 -1.8513069415e-06 -1.1521052237e-05  3.6355076345e-06 -5.7399400251e-06 -1.0404365954e-05 -2.2839944268e-05  2.6929052608e-06  1.1141288601e-05  6.2174313467e-06 -5.6355274006e-06 -2.2139550801e-05 -9.7861376618e-06 -2.0082045422e-05

JOB 11
COORDS  8.8648170786e-01 -3.0246200164e+00 -3.2535687894e+00  2.0211887627e+00 -2.2020052416e+00 -3.9270208183e+00  1.0750651345e+00 -2.8238844315e+00 -1.7397796997e+00  2.6412652954e+00 -1.3720004465e+00 -2.8013402001e+00  3.5521988913e+00  1.6268649381e-01  1.2945474019e+00  3.2409955545e+00 -2.4625501996e-01 -1.5273584950e-01  2.7905344852e+00 -1.7045262243e+00 -1.9021818138e-01  2.4828673472e+00 -2.2701462367e+00 -1.5868786359e+00 -1.0255801634e-01 -2.6742366420e+00 -3.5522328909e+00  9.5277676958e-01 -4.0795846218e+00 -3.5247935447e+00  2.7716744317e+00 -2.8636384832e+00 -4.3680619814e+00  1.6545782339e+00 -1.5533814937e+00 -4.7238784583e+00  9.8510252031e-01 -3.7278860945e+00 -1.1358686989e+00  4.0771115078e-01 -2.0605419893e+00 -1.3354579435e+00  3.6932923917e+00 -1.1242029549e+00 -2.9398836336e+00  2.0774672394e+00 -4.6126179939e-01 -2.6006963958e+00  3.8678370171e+00  1.2079427598e+00  1.3279375181e+00  4.3587648601e+00 -4.4418116706e-01  1.7176912855e+00  2.6728976126e+00  5.8594197554e-02  1.9379884485e+00  2.4571021795e+00  4.0578434853e-01 -5.5053253581e-01  4.1328195105e+00 -1.0627235203e-01 -7.7176798253e-01  3.5612217031e+00 -2.3506099068e+00  2.3483484054e-01  1.8829283172e+00 -1.8404139989e+00  4.0016794961e-01  3.1232891427e+00 -3.0544947515e+00 -1.7367776839e+00
ENERGY -3.309676468084e+02
GRADIENT  6.3114084509e-06 -1.7821474206e-05 -9.7833733483e-06 -1.5166937043e-05  1.7959299287e-07 -4.9331262254e-06  3.1700044263e-05  1.4709935485e-06 -1.8987126437e-05 -2.1544046745e-04  5.5942430628e-05  5.8143275985e-06  2.8802878587e-06 -2.2821037699e-06  1.1703080540e-05  1.8873796720e-04 -6.3044548878e-05 -4.1428058793e-05 -3.5907108396e-04  1.1213502089e-04  6.0622660834e-05  3.5995206486e-04 -8.2955298043e-05 -2.3317039772e-05  1.2170502620e-05  3.1607176707e-05  9.9393694586e-06 -2.4032189654e-05  1.5320242385e-06 -1.0152949197e-05  1.1367188837e-05 -6.6351314218e-06  1.9714708193e-05  4.5982940794e-06 -1.8078894876e-05 -1.1845110422e-05  2.6395875847e-05 -2.9985755407e-06 -3.4218049366e-06 -1.7100020128e-05 -1.2742958712e-05  6.5435536043e-07  6.1700492056e-08  1.3088187843e-06  6.4701848793e-06 -1.5328885239e-05 -8.4302920508e-07  4.8423664173e-06 -2.3316572705e-06  2.2993305366e-06  9.0663677478e-08 -6.3308107612e-07  4.2545295691e-06  4.6453331747e-07 -1.9944015326e-06 -1.7651387443e-06 -5.9805977691e-07  8.0329147777e-06 -6.0827054943e-06 -7.0798446938e-06  1.2040131880e-05 -4.1939560813e-06  2.7384707498e-06  3.3337520073e-06  1.8127168603e-05  8.6956200808e-07 -7.0262764332e-06 -2.2198625489e-05  9.8238078449e-08  1.1768150702e-05 -7.9695966324e-06  1.7136444551e-05

JOB 12
COORDS  8.8332351073e-01 -2.9642830114e+00 -3.2696849702e+00  2.0907191068e+00 -2.2884421240e+00 -3.9766804496e+00  1.1340631311e+00 -2.7807959773e+00 -1.7617057942e+00  2.7944689797e+00 -1.4890078842e+00 -2.8803570950e+00  3.5149781845e+00  1.8121149888e-01  1.1952181009e+00  3.1516802825e+00 -2.5658543872e-01 -2.3135223145e-01  2.9506254081e+00 -1.7686001291e+00 -2.7148824840e-01  2.5890170942e+00 -2.3485776448e+00 -1.6455698422e+00 -6.1723580996e-02 -2.4949407692e+00 -3.5469389936e+00  8.1214636784e-01 -4.0202845233e+00 -3.5349650992e+00  2.7680398483e+00 -3.0379232192e+00 -4.3954722440e+00  1.7870327134e+00 -1.6338279073e+00 -4.7949005206e+00  9.8688231719e-01 -3.6755109914e+00 -1.1553930654e+00  5.4482933598e-01 -1.9660715967e+00 -1.3367360594e+00  3.8608774928e+00 -1.3261288758e+00 -3.0399110197e+00  2.3062515971e+00 -5.3438034452e-01 -2.6887127075e+00  3.6617822297e+00  1.2631485788e+00  1.2284173217e+00  4.4411558933e+00 -2.9263657437e-01  1.5352564670e+00  2.7216544626e+00 -7.0641107755e-02  1.9058603401e+00  2.2383955373e+00  2.6120298960e-01 -5.4505012979e-01  3.9504001969e+00  3.7022207189e-02 -9.1899952338e-01  3.8710687222e+00 -2.2702335350e+00  3.5916237843e-02  2.1584179111e+00 -2.0822498353e+00  4.1041911883e-01  3.1584980931e+00 -3.1885723069e+00 -1.7790316577e+00
ENERGY -3.309687857023e+02
GRADIENT -8.3723483021e-06 -5.8385485745e-05 -2.8518944689e-05  6.3664430423e-05 -8.3720946325e-05 -3.7007414056e-05  1.7739598928e-04  6.7077826014e-05  4.2346089130e-05 -2.7342505040e-03  1.1257368051e-03  2.3482938633e-04 -6.7190486461e-06 -2.8859260677e-06 -2.1720402558e-06  2.7864886863e-03 -3.5001406016e-04 -5.7863643431e-04 -5.2754580001e-03  9.7643455870e-04  9.4021353166e-04  5.0836448542e-03 -1.7080269778e-03 -5.3445445017e-04  2.1693539832e-05  3.7238111444e-05 -6.9635331560e-06 -2.7805524905e-05  7.3122773046e-06  6.2116960981e-06  4.6191469429e-06  3.0917914891e-05 -2.1028836675e-05 -5.0924891907e-05  1.0412857918e-05  2.6258446637e-05 -5.9381918324e-06 -2.1586393254e-06  5.0208511957e-06 -4.3169994852e-05 -2.1059635448e-05 -1.1021757563e-05  2.2308559091e-06 -2.2089720161e-05  3.7514521031e-05 -1.4628029906e-05 -5.3359799019e-06 -2.0414703891e-05 -5.3793782564e-06  7.2126118170e-07  2.3607205379e-06  1.3746472922e-06  3.5558713697e-06  5.6137243224e-07 -6.8312848176e-08 -4.5600856134e-06  7.2365256540e-07  1.7311353032e-06  6.9500893596e-06 -6.9151751781e-06  7.8011229455e-07 -6.1047328366e-06  4.6484713452e-06  1.3722124475e-05  2.1127576654e-05  5.4077121935e-06  6.2975989986e-06 -1.7329411797e-05 -2.2406893354e-06 -2.1415302426e-05 -1.4533602372e-05 -4.0191274371e-05

JOB 13
COORDS  7.9725742260e-01 -2.7880470093e+00 -3.2153010689e+00  2.0776442914e+00 -2.3020161703e+00 -3.9448431822e+00  1.1129669450e+00 -2.6788773021e+00 -1.7095017052e+00  2.8614033084e+00 -1.5433056672e+00 -2.8771964266e+00  3.3724540541e+00  1.8258546463e-01  1.2313075860e+00  3.0154062563e+00 -2.6541328056e-01 -1.9368490987e-01  3.0353441428e+00 -1.7882269336e+00 -2.8037051609e-01  2.6022636011e+00 -2.3631353359e+00 -1.6277793030e+00 -6.2015448570e-02 -2.1611163328e+00 -3.4584970171e+00  5.4481060311e-01 -3.8112794048e+00 -3.4970022746e+00  2.6627908293e+00 -3.1487155049e+00 -4.3161342551e+00  1.8592427992e+00 -1.6593022499e+00 -4.7989426391e+00  9.2225024711e-01 -3.5841466244e+00 -1.1319488309e+00  5.9856402177e-01 -1.8432794500e+00 -1.2327565731e+00  3.9362511787e+00 -1.4680006262e+00 -3.0493415995e+00  2.4510167604e+00 -5.5016944101e-01 -2.6987978951e+00  3.3781033149e+00  1.2732774023e+00  1.2907915153e+00  4.3652273125e+00 -1.7288405210e-01  1.5246186123e+00  2.6470897296e+00 -1.8947170843e-01  1.9614158340e+00  2.0243541514e+00  1.2269866758e-01 -4.5691477438e-01  3.7336740685e+00  1.6040655058e-01 -9.0040222215e-01  4.0491215635e+00 -2.1562893389e+00 -1.0333798619e-01  2.3798955145e+00 -2.2424746295e+00  4.6586775071e-01  3.1000351315e+00 -3.2496769201e+00 -1.7492367965e+00
ENERGY -3.309709571658e+02
GRADIENT -1.6001984938e-05  4.9162638276e-05 -1.7955476569e-05 -3.0485689409e-05  7.5240089002e-05  4.4852205016e-05 -1.1046735152e-04 -7.8116330269e-07 -6.9168477838e-06 -2.8731832547e-03  1.3124410168e-03  3.7514363263e-04  1.3348191030e-06  1.6548928493e-06 -5.4885848180e-06  2.9407650268e-03  8.7411363789e-05 -9.6420849664e-04 -5.4842192550e-03  5.3621510460e-04  1.5355325192e-03  5.5632792888e-03 -2.0161056174e-03 -9.5731707923e-04 -2.1429554030e-05 -3.1655082282e-05  3.0268018170e-06  2.5195242584e-05 -8.3820740783e-06 -1.3723607189e-07 -1.4729978010e-05 -2.9349630141e-05  2.0913204457e-05  4.8786188323e-05 -1.2277639175e-05 -1.8184477186e-05  1.1944208144e-05  4.3907188303e-06 -6.4767803746e-06  3.1624430856e-05  1.9611612477e-05  7.7118755169e-06 -1.1929502231e-06  3.9758790393e-05 -1.7568563275e-05 -7.1106669315e-06  1.0605634140e-05  7.8958617890e-06  7.7808208407e-07  3.7153305718e-07  3.0077290945e-06  3.8849990462e-07  9.5114986118e-07  1.2236527031e-06 -8.5307085283e-08 -9.2096678090e-07  2.4824521488e-06 -6.6930898683e-06 -1.4679047201e-05 -3.6436449565e-06 -2.5442446801e-06  1.4955721086e-05 -3.8161131962e-06 -2.4147693787e-05 -1.8221891366e-05 -1.3604288533e-06 -1.4772653167e-05  8.5671821257e-06  1.7668195817e-05  3.3316865670e-06 -6.6518724288e-06  2.3032857910e-05

JOB 14
COORDS  6.9487633660e-01 -2.6963562830e+00 -3.1894754162e+00  2.0167503065e+00 -2.4158443179e+00 -3.9448993173e+00  1.0585057150e+00 -2.6620424989e+00 -1.6885831373e+00  2.8693276652e+00 -1.6654562450e+00 -2.9273835680e+00  3.1794498881e+00  1.9611113879e-01  1.2016838024e+00  2.8140772577e+00 -2.7923826782e-01 -2.1245520436e-01  3.0564456737e+00 -1.7806310634e+00 -3.3845829655e-01  2.5623730164e+00 -2.4001738735e+00 -1.6375967694e+00 -4.7148130795e-02 -1.9257656875e+00 -3.4061343550e+00  2.6396282228e-01 -3.6566201821e+00 -3.4757249565e+00  2.5090759600e+00 -3.3478745497e+00 -4.2405109248e+00  1.8673824834e+00 -1.8244803842e+00 -4.8495482431e+00  8.6176906258e-01 -3.5900784922e+00 -1.1506471467e+00  5.7589605821e-01 -1.8422769771e+00 -1.1575948439e+00  3.9458398236e+00 -1.6811928048e+00 -3.1059385666e+00  2.5351211047e+00 -6.3607763859e-01 -2.8001613790e+00  3.0456755300e+00  1.2773228017e+00  1.2805006207e+00  4.2235382128e+00 -2.8851163965e-02  1.4410182985e+00  2.5462058494e+00 -2.7716611652e-01  1.9583845653e+00  1.7646603534e+00 -3.7737363446e-02 -4.1615521759e-01  3.4211351630e+00  2.6188160618e-01 -9.4410502967e-01  4.1262132860e+00 -1.9990429434e+00 -2.8252161002e-01  2.5578804519e+00 -2.3337369341e+00  4.6178873268e-01  3.0186367337e+00 -3.3140147942e+00 -1.7129335874e+00
ENERGY -3.309725587965e+02
GRADIENT  3.5953020966e-06  2.3571621563e-05  8.4872794332e-06 -2.3649700088e-05  5.5366498506e-05 -5.7505700582e-06 -1.2137889481e-04 -1.1374698692e-06 -9.1325944794e-06 -1.1727132630e-03  6.2535602241e-04  1.5642151684e-04  1.0124875059e-05  3.3058980721e-08  1.3708052776e-05  1.1803286271e-03  2.4482953539e-04 -5.8473506361e-04 -2.2193774048e-03 -4.8621103339e-06  8.2409478741e-04  2.3748693134e-03 -9.1182920604e-04 -4.6386788436e-04 -1.7335038088e-05 -1.3833859394e-05  4.4916563898e-07  1.5335183785e-05 -8.1035187718e-06 -1.6158121059e-06 -1.1763811117e-05 -1.6649583083e-05  1.7562060700e-05  2.9921657974e-05 -7.7669864906e-06 -7.6038249188e-06  4.1622414649e-06 -1.8054673110e-06 -8.3337236365e-06  2.9257775006e-05  8.0324060279e-06  3.6469859409e-06 -2.5316614252e-06  3.4435151043e-05 -2.1196641838e-05 -1.5488957083e-05 -2.9283171397e-06  1.0329937635e-05  4.0498541161e-05  4.2575890700e-06 -1.1428863895e-05 -9.9616350662e-06 -3.8712060804e-05  1.3897818351e-05 -2.6311409832e-05  3.0432952332e-05 -5.9348752301e-06 -9.7876223055e-06 -3.4093552762e-05  3.3721528867e-05 -2.9223526522e-05  2.5095458989e-05 -4.2767366933e-07  4.3134164714e-06  1.9651531784e-06  1.5500841682e-05 -1.8468599297e-06  3.9638663703e-07 -2.6864219672e-06 -1.2705580899e-05 -4.1332103152e-06  1.1855035064e-05

JOB 15
COORDS  7.0653242842e-01 -2.6332814750e+00 -3.2142600348e+00  2.0611291165e+00 -2.4744694776e+00 -3.9457485882e+00  1.0349691815e+00 -2.5814820741e+00 -1.7047618192e+00  2.9427070946e+00 -1.7448109824e+00 -2.9377309892e+00  3.2194794187e+00  1.9818535917e-01  1.2145931653e+00  2.6732653377e+00 -2.9822010611e-01 -1.3306683254e-01  3.0842959787e+00 -1.7511272761e+00 -3.5560738322e-01  2.5475781536e+00 -2.3923975063e+00 -1.6254231848e+00  2.9960599421e-02 -1.8160863722e+00 -3.4709233843e+00  2.1086691664e-01 -3.5666966159e+00 -3.4840654210e+00  2.4942290050e+00 -3.4489843197e+00 -4.1932351247e+00  1.9714603120e+00 -1.9113029732e+00 -4.8759074702e+00  7.8240140276e-01 -3.4882219688e+00 -1.1539018869e+00  5.7354408341e-01 -1.7315585858e+00 -1.2064962703e+00  4.0186782436e+00 -1.8557846275e+00 -3.0817474940e+00  2.6909139198e+00 -6.8636601683e-01 -2.8668082588e+00  2.9419229072e+00  1.2432609694e+00  1.3690389285e+00  4.3113836109e+00  1.3354072113e-01  1.2516401432e+00  2.8142106844e+00 -3.8313508609e-01  2.0485792447e+00  1.5836363896e+00 -1.9709421207e-01 -1.3782707071e-01  3.0631766675e+00  3.3639758077e-01 -9.3459156494e-01  4.1724338912e+00 -1.8421560443e+00 -4.1151232442e-01  2.7344090941e+00 -2.3835601393e+00  4.6519851114e-01  2.9526949770e+00 -3.3331029918e+00 -1.6495331980e+00
ENERGY -3.309726785959e+02
GRADIENT -1.9106244974e-05  3.5440554135e-05 -1.2870761739e-05  9.3730495178e-06  4.1029457549e-06 -1.2199810392e-05  7.3844534848e-05 -5.5153133299e-06  2.3199837357e-05  5.9380370901e-04 -4.2833047550e-04  2.0079706710e-05  4.7164479339e-07 -3.4893637124e-06 -2.3548275491e-07 -5.4676967954e-04 -2.2018033520e-04  3.3856967011e-04  1.1604150199e-03  1.2749228965e-04 -5.6807573511e-04 -1.2100686084e-03  5.5222056820e-04  1.7597991147e-04 -3.1424496041e-05 -3.5400908157e-05 -9.1457634223e-06  3.6501061442e-05 -2.5568056461e-05  6.3170118004e-06 -4.6143150310e-06  3.0419280823e-06 -2.6951299746e-05 -1.1248607603e-05  1.5346595309e-05  1.3669496090e-05 -2.2270497227e-05  6.3777437306e-06 -4.5641854440e-07  3.7815098251e-06  1.4259091741e-05 -4.2857753794e-06 -8.4192770380e-08 -2.1672365718e-05  7.8842531835e-06  2.4757806676e-05  1.9971893247e-06 -1.4304968500e-05  1.0272826887e-05  2.1997065390e-06 -1.3901797420e-05 -2.2531200003e-06 -1.9248959261e-05  5.2611561860e-06 -1.3588591918e-05  1.1537688482e-05  3.6270863262e-06 -1.5522564430e-05 -3.7742903229e-05  1.4570631730e-05 -4.8653623961e-05  2.1686951735e-05  5.1377707691e-06  1.6737721766e-06 -1.7896960918e-05  1.0159486089e-05 -2.7647282247e-05  1.3889899849e-06 -3.6017973053e-07  1.3379120185e-05 -7.7344596531e-07  2.1237433992e-05

JOB 16
COORDS  9.4792487267e-01 -2.8130850297e+00 -3.3278038133e+00  2.1644866981e+00 -2.1781806453e+00 -4.0375696825e+00  1.0825982548e+00 -2.3292620123e+00 -1.8881871777e+00  3.2463768347e+00 -2.0262474144e+00 -2.9462007740e+00  3.4929450852e+00  2.5740047185e-01  1.0025133961e+00  2.7200770230e+00 -3.4849255083e-01 -1.7851276498e-01  3.1299808240e+00 -1.8044370327e+00 -3.8186562222e-01  2.5733538096e+00 -2.4529305978e+00 -1.6397980451e+00 -2.5040867311e-03 -2.5035312540e+00 -3.7653753109e+00  9.8895892416e-01 -3.9066246487e+00 -3.3687938320e+00  2.5168375314e+00 -2.7894114658e+00 -4.8694594326e+00  1.9033118343e+00 -1.1960998685e+00 -4.4371588184e+00  5.4469097207e-01 -2.9104881952e+00 -1.1373636822e+00  8.2160181361e-01 -1.2756011984e+00 -1.7912261236e+00  4.1218787655e+00 -2.6607990759e+00 -3.0878650924e+00  3.5794934176e+00 -9.9721618619e-01 -2.8208449764e+00  3.1776666039e+00  1.2901567675e+00  1.1672704061e+00  4.5711168326e+00  2.6084913423e-01  8.1486831675e-01  3.3091341101e+00 -2.9876694703e-01  1.9270764854e+00  1.6465590169e+00 -2.8419187255e-01  2.1922538377e-02  2.9180477480e+00  2.3937276086e-01 -1.0817114706e+00  4.2162922450e+00 -1.9042053602e+00 -4.5498673386e-01  2.7903758750e+00 -2.4198593161e+00  4.5553534224e-01  2.7563512279e+00 -3.4555877713e+00 -1.5412092849e+00
ENERGY -3.309727922511e+02
GRADIENT -6.2586668212e-05 -3.4179776597e-05 -1.1136862164e-04  2.6766020553e-05 -2.1534896617e-05  9.3510478498e-05  4.1527103183e-05  2.9858294311e-05  4.0736780170e-05  4.2322653020e-04 -5.1377698036e-04  2.3415525302e-05  2.8168239894e-06 -1.6478665581e-07  5.3289025167e-06 -5.3549411092e-04 -2.0662878272e-04  3.3073459842e-04  9.6980686823e-04  7.4188420619e-05 -4.5093069290e-04 -8.6064827841e-04  6.4780479876e-04  5.7601519106e-05  8.5778650935e-06  1.0280864851e-05 -2.7485413657e-06  4.4240438805e-06  1.1145539754e-06  1.8620190335e-05  1.7598054607e-06  1.1039295113e-05 -1.9482422590e-05  7.3288427258e-06  7.7989297252e-06 -4.6854798065e-06  9.7499884636e-06 -1.0358936296e-05 -5.0853252624e-06 -8.1623939675e-06 -6.5869646034e-06 -4.1395479109e-06 -1.6229792134e-06 -4.4623841954e-06  4.5756106398e-06 -1.3390776880e-05  8.2184142204e-06  3.9243959176e-07  2.4104166571e-07 -8.4849168720e-07 -2.4632398644e-06  1.5295038873e-08 -2.8227771844e-07 -2.3033606205e-06  9.2746464118e-07  6.4048548065e-08 -1.8369575913e-06  1.2032799952e-06  4.2185766556e-07 -9.3351455687e-07 -2.6890533821e-07  1.4564384799e-08 -1.3287931960e-06 -1.5018385134e-06 -5.1139786921e-06 -3.1132697846e-06 -2.6705937737e-06  1.9259346702e-06  2.4898122204e-07 -9.7444412228e-07 -5.9552263057e-07  3.2461400660e-06

JOB 17
COORDS  2.0149679273e+00 -3.4493595274e+00 -3.3561749185e+00  8.2651853999e-01 -2.4605712416e+00 -3.4525880839e+00  2.7602814890e+00 -3.0129621201e+00 -2.0981357447e+00  1.2659809828e+00 -1.2034014527e+00 -2.6696120002e+00  3.1969114855e+00 -3.2719792329e-01  1.4967389697e+00  2.8227776208e+00 -1.2992974852e+00  3.6842182761e-01  3.1332812321e+00 -6.7396420879e-01 -9.8772643388e-01  2.6815726069e+00 -1.5025406599e+00 -2.1859010202e+00  1.6916615769e+00 -4.4888661530e+00 -3.2833609465e+00  2.6673287443e+00 -3.3700125055e+00 -4.2316868612e+00  5.8370475277e-01 -2.2235707284e+00 -4.4892060434e+00 -6.8701801052e-02 -2.8849924950e+00 -2.9946381811e+00  3.8057835630e+00 -3.3190862784e+00 -2.0362846691e+00  2.2366833746e+00 -3.3146221360e+00 -1.1912968887e+00  1.2989818893e+00 -2.8528425263e-01 -3.2570046404e+00  6.5964184278e-01 -1.0287165901e+00 -1.7802128125e+00  2.9968829235e+00 -7.8481719101e-01  2.4682113351e+00  2.6166141140e+00  5.9865275417e-01  1.4358717399e+00  4.2595161897e+00 -6.6820010598e-02  1.4631674199e+00  3.3840819831e+00 -2.2306238111e+00  4.8854655181e-01  1.7569199386e+00 -1.5469032982e+00  4.4071669816e-01  2.6572472663e+00  3.0275795763e-01 -1.1007721563e+00  4.2119602275e+00 -5.3719697907e-01 -1.0991702899e+00  3.3001669201e+00 -1.2400714979e+00 -2.9586112182e+00
ENERGY -3.309714615594e+02
GRADIENT  7.3104231858e-05 -3.9083669475e-05 -8.5217440343e-05  9.4819406920e-06  4.6709908064e-05  9.7503684391e-06  7.4474352657e-05 -2.0009824345e-06 -3.0798763397e-05  1.0316593158e-03  2.0956674941e-03 -1.8696510608e-03 -1.8403006149e-05 -8.0072573748e-06 -8.5727731170e-06  2.7268432363e-03 -1.3929792412e-03 -1.7688099112e-05 -3.2788954726e-03  2.7936150181e-03 -7.4558606070e-04 -4.4343207938e-04 -3.4670847880e-03  2.7051554558e-03 -2.2121283704e-06  2.8327249873e-06  3.3330634312e-05 -1.5414177186e-05  9.1939752673e-06  3.1102295521e-06 -2.1401438963e-05  1.6024914751e-05  1.5247934039e-05  1.7394911500e-05 -2.2421248162e-05  1.4882062233e-05  2.7425951576e-06 -2.9430378663e-05  7.2450312977e-05 -4.1176958425e-05  1.6846100878e-06 -3.4911331648e-05  1.3649936776e-05  7.6411285379e-07 -5.6718360621e-06  2.4119161124e-05  2.0873299273e-06  5.3760641991e-06  3.9778658422e-06 -5.3330172507e-07  3.0396838175e-06 -5.8258915677e-07  2.4410987752e-06  3.6371930317e-06 -2.1068222080e-06  6.7363594392e-07 -2.0907064055e-07 -1.7379474247e-05 -1.2492888462e-05  3.3763296116e-05 -1.4339805466e-05  1.2232468841e-05 -4.1140374612e-05 -5.3414481851e-08  3.3560423179e-05  1.9320188766e-05 -3.1801177761e-05  5.8439606405e-06 -2.0109514119e-05 -3.6003648274e-05 -3.5286019279e-05 -4.2994636264e-05

JOB 18
COORDS  1.9961679989e+00 -3.5067547739e+00 -3.3837133107e+00  8.9754071869e-01 -2.4515792544e+00 -3.6825636614e+00  2.6453898015e+00 -3.0390770156e+00 -2.0824550978e+00  1.2517367604e+00 -1.2238324475e+00 -2.8176830169e+00  3.3160298156e+00 -3.6552386915e-01  1.4420621213e+00  2.9233587800e+00 -1.3481735853e+00  3.2910995092e-01  3.0045517565e+00 -6.5553196315e-01 -1.0276769373e+00  2.6206793734e+00 -1.5301596776e+00 -2.2269163759e+00  1.5934780234e+00 -4.5151550419e+00 -3.2776669755e+00  2.7382325514e+00 -3.5364887374e+00 -4.1872036182e+00  8.7103125820e-01 -2.1986146669e+00 -4.7433962471e+00 -9.2624416818e-02 -2.8203646583e+00 -3.4104651766e+00  3.6718723386e+00 -3.3739786447e+00 -1.9288446616e+00  2.0452307503e+00 -3.2905253522e+00 -1.2083871679e+00  1.3152529020e+00 -2.7926602315e-01 -3.3590226051e+00  5.7382908226e-01 -1.0992913021e+00 -1.9715071865e+00  3.2645822751e+00 -8.6094378989e-01  2.4142502410e+00  2.6434678676e+00  4.9739073464e-01  1.4701357866e+00  4.3381466478e+00  2.3652412698e-03  1.3080358220e+00  3.5935716742e+00 -2.2127162021e+00  3.5111087100e-01  1.9065811691e+00 -1.7141400528e+00  5.1216152524e-01  2.3552437034e+00  2.2087338383e-01 -1.0690059467e+00  4.0283557479e+00 -3.2121166669e-01 -1.2108317223e+00  3.2974320645e+00 -1.3148295445e+00 -2.9641866430e+00
ENERGY -3.309692046398e+02
GRADIENT -2.8939805021e-05  5.7510823897e-05  8.9701650477e-05 -5.6804235112e-05 -5.0883469552e-05  3.4971776438e-06 -8.5249291226e-06 -1.2619097987e-04  4.6320082308e-06  1.3997480284e-03  2.0769407335e-03 -1.8701003667e-03  1.4664924947e-05  2.1599809889e-05  9.0883366810e-06  3.0040140323e-03 -9.4641511760e-04 -3.1583845788e-04 -3.7988751911e-03  2.1307008620e-03 -3.3436406730e-04 -6.3802835659e-04 -3.3004766624e-03  2.4459360005e-03  2.3998197074e-05 -1.1949871482e-05 -1.3885722881e-06 -9.0165294437e-06  4.7048969855e-06 -1.1047025668e-05  3.9484172943e-05 -1.3628505514e-06 -6.8215907312e-08 -1.4683400173e-05  2.6130235956e-05 -2.9177621914e-05  4.4326933639e-06  4.7558857796e-06 -2.4476398939e-05  2.0595646451e-05  2.8793656746e-05  2.1777558570e-05 -4.0112218060e-05 -3.8346491382e-06 -1.5510179939e-05  9.2294233597e-06  2.6272771114e-05  1.4382945984e-05 -7.3676007811e-06  4.5202720534e-08  4.7921034856e-07  1.2435799217e-06  1.1405029395e-06 -3.6106771374e-06  1.7019618185e-06 -5.5285846367e-06  4.6242230989e-06  7.8921632017e-06  7.4337652465e-06 -2.2271939863e-06  2.5792019055e-06  2.9568984513e-06  1.7428052554e-05  8.0854193693e-06  1.2037975465e-05 -2.9683039647e-05  5.4768838591e-06  8.9005601452e-06  2.5004185489e-05  3.1699412600e-05  4.5888687106e-05  5.9319881991e-05

JOB 19
COORDS  2.0343704666e+00 -3.5058512941e+00 -3.1730339821e+00  1.0629443565e+00 -2.3892606774e+00 -3.6509413456e+00  2.6123258435e+00 -3.0023789082e+00 -1.8486976246e+00  1.3118881248e+00 -1.1954875366e+00 -2.7128070730e+00  3.4936906638e+00 -2.9313328636e-01  1.5936618066e+00  3.1450958971e+00 -1.3126339521e+00  4.9919695862e-01  2.9568060209e+00 -5.9298514678e-01 -8.3386105079e-01  2.6399153437e+00 -1.4956980785e+00 -2.0375062689e+00  1.5351623899e+00 -4.4655425920e+00 -3.0319922246e+00  2.8344676329e+00 -3.6618183249e+00 -3.9016456064e+00  1.2566367436e+00 -2.1215009678e+00 -4.6910367177e+00  1.9468808129e-02 -2.7006150095e+00 -3.5851513463e+00  3.6155536021e+00 -3.3610476809e+00 -1.6196406719e+00  1.9529897751e+00 -3.2063154635e+00 -1.0054900220e+00  1.3790619749e+00 -2.2409097578e-01 -3.2045541031e+00  5.7414131786e-01 -1.1354554593e+00 -1.9103320974e+00  3.6117730717e+00 -8.0094816230e-01  2.5535915781e+00  2.7053725489e+00  4.5757814008e-01  1.7077215326e+00  4.4310044581e+00  2.2684139970e-01  1.3724387267e+00  3.9461211447e+00 -2.0544176069e+00  4.2214226266e-01  2.2294237964e+00 -1.8430763784e+00  7.7967978724e-01  2.1408398735e+00  1.2880687303e-01 -7.7044224598e-01  3.8634460174e+00 -4.4469071689e-02 -1.0973368397e+00  3.3662605506e+00 -1.3186310410e+00 -2.7366998431e+00
ENERGY -3.309677151128e+02
GRADIENT -3.5595583142e-05  5.2101812975e-05  7.7835400560e-05 -2.4610921875e-05 -2.8562765694e-05  2.2547971809e-05  5.6344946733e-05 -2.5274696349e-04 -4.1499824959e-05  4.5989947288e-04  5.0582823677e-04 -5.0503466789e-04 -2.0917795590e-05  2.5496454222e-05  1.3306646919e-05  8.6577196203e-04 -9.7187459524e-05 -1.8533615981e-04 -1.0995900865e-03  1.5001272489e-04 -7.8902504206e-06 -2.9801662587e-04 -5.4545610699e-04  6.1289951252e-04  2.3414203807e-05 -1.3931503457e-05 -1.0540304683e-05 -2.5738380511e-06  1.8168986128e-05 -1.8928752741e-05  2.9207844564e-05 -3.2410825840e-06 -2.6179545375e-06 -5.0410306675e-06  2.0987232009e-05 -2.2568907462e-05 -4.0335596701e-06  2.6268427960e-05  1.5596016879e-05 -2.3100063655e-05  5.0163885432e-05 -1.9132399612e-06 -2.0081656992e-05 -4.6598758762e-06 -1.7765571189e-05  5.9093376035e-06  2.8221231410e-05  9.1027304076e-06 -4.6892889862e-05  3.4037131350e-06  6.1918466483e-06  2.0110648375e-05  2.6237253496e-05 -3.0992692355e-05  2.2489435232e-05 -3.5627963968e-05  2.1776020464e-05  2.7074636796e-05  4.6428057108e-05 -7.9794999648e-06  1.9538878920e-05 -4.3262337543e-05  1.5032617208e-05  3.8332533184e-05  5.9591407835e-05  7.4777103045e-06  4.8314429085e-06  2.5509924660e-05 -4.0368122629e-07  2.8610639772e-05  3.2886273375e-06  3.6531783757e-05

JOB 20
COORDS  1.9621777801e+00 -3.4912449453e+00 -3.1289832195e+00  1.1539776016e+00 -2.3150789362e+00 -3.7498302444e+00  2.4624814859e+00 -2.9742426464e+00 -1.7761929777e+00  1.3212078948e+00 -1.1458926978e+00 -2.7695621053e+00  3.4947510763e+00 -2.7264742649e-01  1.6226203829e+00  3.2486601647e+00 -1.2976685408e+00  5.0580748003e-01  2.8280796039e+00 -5.7605807104e-01 -7.7281550428e-01  2.5852292082e+00 -1.4741934365e+00 -1.9929819035e+00  1.3569116946e+00 -4.3881034966e+00 -2.9899027666e+00  2.8037724723e+00 -3.7655668254e+00 -3.7697391109e+00  1.5384354449e+00 -2.0553054707e+00 -4.7381148225e+00  9.6318432119e-02 -2.5554229539e+00 -3.8668746875e+00  3.4216334519e+00 -3.3785747481e+00 -1.4552219172e+00  1.7269850942e+00 -3.1178124518e+00 -9.8451043475e-01  1.4288829575e+00 -1.6310494052e-01 -3.2311464116e+00  5.1978560053e-01 -1.1052647579e+00 -2.0295854523e+00  3.7866108770e+00 -7.8465271222e-01  2.5423871865e+00  2.5932400114e+00  3.1018118380e-01  1.8365177639e+00  4.2967324673e+00  4.2357727956e-01  1.3582669116e+00  4.1622929655e+00 -1.8774338830e+00  3.3558347371e-01  2.4691486293e+00 -1.9964674072e+00  8.2203403480e-01  1.8945489542e+00 -3.5360062232e-02 -6.0550250063e-01  3.5815352523e+00  1.5306143623e-01 -1.0775801223e+00  3.3760620728e+00 -1.3433624985e+00 -2.6302703785e+00
ENERGY -3.309683671584e+02
GRADIENT -2.4321919125e-07  7.2301160143e-05  4.0247598770e-05  3.9014379066e-06 -2.0523585676e-05  5.2111749179e-05  4.4234265887e-06 -1.6771216419e-04 -3.6818895691e-05 -1.4064612957e-03 -1.7544998405e-03  1.5080037320e-03 -1.7301797561e-06  3.2706060059e-06  7.4754070279e-06 -2.5796062279e-03 -2.5406548091e-04  7.0791242483e-04  3.1701291234e-03 -4.2803902427e-04 -4.3085651917e-04  8.3025121205e-04  2.4448509454e-03 -1.8429698180e-03 -2.3775367253e-06 -1.9319542750e-06  3.1020501733e-06 -9.1770415278e-06 -2.1755448733e-05 -4.9327466161e-06  8.2829141784e-06  6.3487077917e-06  2.7944619041e-06 -4.2160909080e-06  1.3477279327e-05 -2.7992046768e-05  8.8109868415e-06  3.4064409113e-05  5.7151662999e-07  1.5519672463e-06  9.7461710411e-06  6.2817254869e-06 -3.8310939347e-06 -3.0619592931e-06 -3.6331153050e-06 -1.6462058924e-06  8.1367439232e-06  1.2006760074e-05  5.0392014612e-06  1.2363991010e-06 -1.8236536578e-06 -1.2754059944e-06 -6.2257479334e-06  1.0435211748e-06 -2.1578905078e-06  2.0131111782e-06 -3.1692903026e-06 -9.0419351555e-06 -3.2471154646e-06  4.0823524710e-06 -1.4631904032e-05  7.1590911060e-06  1.3143167342e-06 -6.4823713935e-07  2.8848779415e-05  9.3451623066e-06 -1.3090934813e-05  2.2954452736e-05 -1.0539751365e-05  1.9432035048e-05  8.5657835733e-06  2.2906183041e-05

JOB 21
COORDS  1.9139156629e+00 -3.4939544585e+00 -3.0908312829e+00  1.2297882288e+00 -2.2918882305e+00 -3.8034567347e+00  2.3479108289e+00 -2.9636868988e+00 -1.7200784982e+00  1.3734779245e+00 -1.1118712840e+00 -2.8333576312e+00  3.5357403912e+00 -2.7438665137e-01  1.6259242942e+00  3.3695952653e+00 -1.2791265068e+00  4.7667270366e-01  2.7308417003e+00 -5.9194058843e-01 -7.2837999829e-01  2.5613785605e+00 -1.4774244590e+00 -1.9588889821e+00  1.2441993114e+00 -4.3466890039e+00 -2.9710040250e+00  2.7802820195e+00 -3.8408699878e+00 -3.6590639056e+00  1.7146063318e+00 -2.0751905453e+00 -4.7574593957e+00  1.7501039113e-01 -2.4774813573e+00 -4.0111374925e+00  3.2603593421e+00 -3.4067701612e+00 -1.3234721056e+00  1.5543400766e+00 -3.0452950464e+00 -9.7537569142e-01  1.5549100585e+00 -1.4358514619e-01 -3.3025059777e+00  5.2176194962e-01 -1.0247454078e+00 -2.1567747053e+00  3.9810476469e+00 -7.6713373612e-01  2.4932076616e+00  2.5713487209e+00  1.4023221192e-01  1.9362118320e+00  4.1887741414e+00  5.5630411059e-01  1.3410527838e+00  4.3496889506e+00 -1.6898459389e+00  2.0655308161e-01  2.7456928094e+00 -2.1127518463e+00  8.1008685859e-01  1.7284328007e+00 -2.4358412076e-01 -4.6910019666e-01  3.3111563071e+00  2.7504314307e-01 -1.0522781855e+00  3.4099705231e+00 -1.3894024692e+00 -2.5266003020e+00
ENERGY -3.309709329161e+02
GRADIENT -4.3727662694e-05  4.9728728924e-05  4.5440921165e-05 -2.0519565515e-05 -1.9280349512e-05  4.6043995119e-05 -2.8088625401e-05 -1.7025858604e-04  4.7048007407e-06 -2.5111872290e-03 -2.7267004424e-03  2.2898093478e-03 -2.3145126126e-05  1.2978509836e-05  2.4082380895e-05 -3.8972125417e-03 -1.2084372013e-03  1.3695701336e-03  4.5747404755e-03  5.1456011331e-04 -1.0687532306e-03  1.8808960339e-03  3.4146324169e-03 -2.7567154503e-03  2.1500564330e-05 -2.4494600113e-05 -1.0861747728e-05  3.9788374396e-06  1.9200653577e-05 -9.0894787157e-06  1.0486230668e-05 -1.5617215380e-05  1.3796955672e-06 -5.9042884948e-06  2.2989802689e-05 -1.8012301209e-05  4.7957903289e-08  1.2997855697e-05 -8.6268807930e-06  4.4982858154e-06  2.7589198663e-05  1.1970078904e-06 -1.3947307821e-05 -8.5325498708e-07 -5.5064821272e-07  1.0793820440e-05  6.4543092794e-06  2.5314853994e-05  1.0260457320e-05  7.1357111601e-06  2.1229079335e-06  9.7922669186e-07 -1.2653880463e-05  2.0111638786e-07 -1.5486819144e-06  1.0016233962e-06 -3.0888546934e-06 -9.8734501397e-06  1.2109530132e-05  2.4402214975e-05 -1.2891868623e-05  1.2889854382e-05  2.8688160074e-06  3.3760084756e-06  3.5344846647e-05 -2.4787112386e-06  1.4738403790e-06  1.2333944821e-05  1.1847547373e-05  2.1186466143e-05  2.2132380654e-05  4.0799873784e-05

JOB 22
COORDS  1.7679432352e+00 -3.5174357989e+00 -3.0227993776e+00  1.2527451019e+00 -2.2823111111e+00 -3.8162442599e+00  2.2172868944e+00 -2.9777891537e+00 -1.6561993094e+00  1.3589008497e+00 -1.1050100809e+00 -2.8427227306e+00  3.6081409278e+00 -2.4164306248e-01  1.6038918934e+00  3.4584307007e+00 -1.2334522663e+00  4.4180414102e-01  2.5905587244e+00 -6.3207997095e-01 -6.6107281676e-01  2.4802311515e+00 -1.5010916516e+00 -1.8992098923e+00  9.9475993177e-01 -4.2750796769e+00 -2.8880063485e+00  2.6007520281e+00 -3.9946246512e+00 -3.5432834177e+00  1.8649894815e+00 -2.1055011583e+00 -4.7034825903e+00  2.2219781331e-01 -2.4020264692e+00 -4.1533867684e+00  3.1146466398e+00 -3.4453881281e+00 -1.2534164105e+00  1.4235561137e+00 -3.0251408059e+00 -9.0778232568e-01  1.5939230613e+00 -1.4289118347e-01 -3.3004988622e+00  4.6747283451e-01 -9.9655582621e-01 -2.2220745756e+00  4.2163792576e+00 -6.8143834707e-01  2.3975179976e+00  2.6356192096e+00  1.7894665307e-02  2.0340836420e+00  4.0962587774e+00  6.8301687148e-01  1.2808723623e+00  4.4501168020e+00 -1.4855136385e+00  4.5224567108e-02  3.0096416455e+00 -2.1607321820e+00  8.0903180665e-01  1.5676244831e+00 -4.8323294268e-01 -3.0590180348e-01  2.9761418415e+00  3.3397005537e-01 -9.9680622748e-01  3.3654415063e+00 -1.4300447868e+00 -2.4119217351e+00
ENERGY -3.309737381573e+02
GRADIENT  9.5068125504e-06 -9.9064115115e-05 -4.4756471699e-05  4.4561473388e-07  7.3763398115e-05  6.5403698905e-05  8.6667604245e-06  8.1265642578e-05 -5.3591214178e-06 -2.1201720191e-03 -2.1228374311e-03  1.6490147305e-03  1.9040631782e-05 -7.8931130243e-07 -1.0640695589e-05 -2.7509509215e-03 -1.5274489780e-03  1.3228948556e-03  2.9786485679e-03  1.3541382062e-03 -1.1163833810e-03  1.8888290608e-03  2.2996031608e-03 -1.8762325612e-03  2.8302531558e-06  2.7578147196e-06  5.2545765735e-06 -7.2681977788e-06  3.8568559498e-06  1.6742624926e-06 -5.7255217240e-06 -5.9877297863e-06 -4.3264553351e-06  7.5417411920e-06  1.1072190745e-05 -1.0519604390e-05 -1.2849006863e-05 -7.0223178336e-06  1.4177745950e-05 -7.1262768247e-06 -1.4175112066e-05 -3.6741478760e-06 -1.3869661284e-05  2.1164194482e-06  4.5247269556e-06 -6.8825118432e-06 -2.8449402446e-06  3.6908275094e-06  5.0027975631e-06  2.5057635360e-07 -4.3755083177e-06  1.5644377139e-06 -4.9162624488e-06  4.2826148918e-06 -6.3727315803e-06  2.0319251636e-06 -3.6722696958e-06 -3.8937216087e-06 -2.4763632675e-05 -1.0683217013e-05 -1.1687468708e-05  1.0480895101e-05  1.0807889909e-05 -3.4836525966e-06 -2.7389103669e-05 -1.5129074708e-05 -5.0184079325e-06 -2.3703971548e-06 -5.0528789571e-06  9.7669098429e-06 -3.0252372492e-06  5.5585624999e-06

JOB 23
COORDS  1.7077126160e+00 -3.5271701580e+00 -3.0180399861e+00  1.3135475339e+00 -2.2674908636e+00 -3.8419482336e+00  2.1123901591e+00 -3.0121756360e+00 -1.6277067052e+00  1.4263783416e+00 -1.0902155620e+00 -2.8682841440e+00  3.6404611909e+00 -2.1113598197e-01  1.5970969644e+00  3.5435813920e+00 -1.1810360938e+00  4.1139869425e-01  2.5059761523e+00 -6.9581971631e-01 -5.9744336247e-01  2.4490676798e+00 -1.5474717560e+00 -1.8454470596e+00  8.8374122189e-01 -4.2362785936e+00 -2.9271101581e+00  2.5376659063e+00 -4.0556785005e+00 -3.4911186096e+00  1.9889677414e+00 -2.1311904526e+00 -4.6895876141e+00  3.0099378735e-01 -2.3310058304e+00 -4.2427772681e+00  2.9695209959e+00 -3.5190214248e+00 -1.1863090939e+00  1.2838639269e+00 -3.0280276623e+00 -9.1632125804e-01  1.7580614474e+00 -1.5064737838e-01 -3.3124710632e+00  5.0149331162e-01 -9.1580583435e-01 -2.3145702225e+00  4.3760294925e+00 -5.7169137652e-01  2.3196708432e+00  2.6809134164e+00 -1.1923552162e-01  2.1155934421e+00  3.9504395518e+00  7.8702458937e-01  1.2726904709e+00  4.5238526162e+00 -1.2646763075e+00 -7.5506488095e-02  3.2761854757e+00 -2.1777978439e+00  7.7555557220e-01  1.4987268442e+00 -7.0844590070e-01 -1.7293176270e-01  2.7233421880e+00  3.2275197394e-01 -9.3022657437e-01  3.3733354195e+00 -1.5075148602e+00 -2.2885976597e+00
ENERGY -3.309752767181e+02
GRADIENT -9.8766177335e-06  2.7685723626e-05  3.9496160785e-05 -1.1265578764e-05  2.5738574464e-05  4.8418427956e-05 -4.7877662322e-05 -2.2269347135e-04 -8.9178498933e-06 -6.6263312625e-04 -5.9383340598e-04  3.4255826684e-04 -2.7543725460e-05  1.5953401729e-05  8.0697080828e-06 -5.6901032549e-04 -5.3626663898e-04  3.2103630154e-04  6.5245287833e-04  5.8353334858e-04 -3.0643682781e-04  7.3180782204e-04  6.8514638377e-04 -5.6799102488e-04  3.1238201275e-05 -3.9608303476e-05 -6.8433932353e-07  2.4958370598e-05  4.5336331237e-05 -8.7428863639e-06 -1.5419088824e-07 -2.0542071496e-05 -6.0423466078e-06 -6.9317643947e-06  4.0699743478e-05  1.4526823551e-06 -1.5360838967e-05 -1.3340588270e-05  3.4247171031e-05 -7.9357849346e-06  5.4299809563e-05 -4.4067790304e-05 -2.8970158015e-05  1.5953661936e-05 -1.0414888249e-05  2.0410355028e-05 -3.4281583039e-06  3.3171259870e-05 -1.3372314327e-06  2.8711071098e-06  1.0566143704e-05  3.4115378641e-06  8.8302986361e-06  5.0943107823e-06  6.6738058164e-06 -6.4049842586e-06 -5.3432091459e-06 -3.7529249454e-06 -1.1414281676e-05  5.3482494939e-05 -3.3107178648e-05  3.6337173275e-06 -5.2376183915e-06  1.4635912243e-05 -6.3138393874e-07  1.0256823400e-05 -1.6659856317e-05 -9.9208912731e-06  1.2495754291e-05 -1.5764034249e-05 -1.4355090059e-05  2.7782228273e-05

