JOB 0
COORDS  7.0617538000e+00 -2.5190733095e+00 -7.3985391563e-01  6.3608321083e+00 -2.2029883995e+00 -1.9092687057e+00  6.5067151580e+00 -2.2215072714e+00  5.0918016848e-01  5.1039483025e+00 -1.5978486656e+00 -1.8345054625e+00  5.2551859831e+00 -1.6039959666e+00  5.8838797981e-01  4.5539770012e+00 -1.2937613148e+00 -5.8221178041e-01  1.9280955163e+00 -2.7036373722e+00  7.2195325475e-01  3.2660570068e+00 -6.5215464970e-01 -4.4585806547e-01  2.0903764964e+00 -2.5134738971e+00 -1.9078794044e+00  7.4584027278e-01 -7.3993130248e-01 -6.8096368588e-01  1.8914078389e+00 -1.6511123309e+00 -7.3592055358e-01  8.0373986043e+00 -2.9935958082e+00 -8.0251558986e-01  6.7879122009e+00 -2.4378251610e+00 -2.8804470233e+00  7.0510582067e+00 -2.4582120224e+00  1.4194222411e+00  4.5401337256e+00 -1.3818197014e+00 -2.7371545544e+00  4.8186551914e+00 -1.3421161226e+00  1.5481301316e+00  1.0777595979e+00 -3.3803425485e+00  6.2247355628e-01  1.8285503956e+00 -2.0762973084e+00  1.6073513880e+00  2.8619378830e+00 -3.2656625953e+00  7.2523552801e-01  3.1643673593e+00  1.3153383853e-01 -1.0947090473e+00
ENERGY -8.755559553401e+02
GRADIENT -2.6150927459e-05  1.1378365569e-05 -2.3792994266e-06  1.1171875448e-06 -3.3132789258e-06 -8.7693499099e-06  7.2456395077e-06 -7.1237610021e-06  1.7496539349e-05 -6.9015475717e-07  2.1196569676e-05 -7.9060456572e-06 -6.6410969321e-06 -1.8991303957e-05 -5.3182545633e-06 -1.7822930019e-05 -8.1650948351e-07 -5.9687518619e-06  7.6418852507e-04 -8.7901803283e-04 -6.5670502890e-04 -1.2217747737e-03  1.3059128465e-03  1.8287640330e-03  1.5898698972e-06  7.5068816879e-07  5.1347749615e-06 -1.1103182777e-05 -8.0192784853e-06  3.6320863651e-06 -7.8388860432e-04  8.4498549945e-04  5.4639577208e-04 -5.4467134437e-06 -4.4490132889e-07 -1.5234418638e-06 -5.7356379992e-06 -2.3153781472e-06 -3.9312166510e-06 -9.7316081914e-07  1.6419892640e-06  8.5885514619e-07 -4.4583108292e-06 -3.0455710637e-06 -6.0275623734e-06  6.8379640356e-06  4.2686517299e-06  6.7575804947e-07  6.8124247028e-07 -5.4281294582e-06  7.2890393153e-07  1.0705353491e-05  8.1887563735e-06 -7.1221995110e-06 -7.8505206661e-06 -9.7153025483e-06  4.0736192233e-07  1.2566235008e-03 -1.2540016051e-03 -1.7131784550e-03

JOB 1
COORDS  7.1119829686e+00 -2.5068046106e+00 -8.2332054875e-01  6.4041753982e+00 -2.1380559580e+00 -1.9731535672e+00  6.5511357200e+00 -2.2947514061e+00  4.4026732105e-01  5.1348359089e+00 -1.5658549364e+00 -1.8638709866e+00  5.2870996902e+00 -1.7087143692e+00  5.5431333084e-01  4.5795954811e+00 -1.3449718528e+00 -5.9679947048e-01  1.7899954696e+00 -2.6211069537e+00  8.4494227646e-01  3.2782387460e+00 -7.4752725731e-01 -4.3005960256e-01  2.1993362262e+00 -2.7479864213e+00 -1.7619865543e+00  7.9526360538e-01 -8.1817042885e-01 -8.6866538192e-01  1.9168775354e+00 -1.7511013146e+00 -7.2404544598e-01  8.0970375243e+00 -2.9570213218e+00 -9.1265509862e-01  6.8353246556e+00 -2.3081630532e+00 -2.9559533262e+00  7.1004547312e+00 -2.5737015953e+00  1.3354342470e+00  4.5653974664e+00 -1.3101697283e+00 -2.7526555616e+00  4.8466270220e+00 -1.5112738161e+00  1.5276863942e+00  9.4761317154e-01 -3.3082287359e+00  7.4869649505e-01  1.6141794859e+00 -1.8882013597e+00  1.6317291595e+00  2.7147235721e+00 -3.1755497583e+00  1.0081713672e+00  3.1350232881e+00  9.1182409493e-02 -9.9444201810e-01
ENERGY -8.755566659610e+02
GRADIENT  2.9415418732e-06 -2.3958323978e-06 -2.5469180198e-05  7.5577667520e-06  4.3582862192e-07  1.3926683121e-05 -2.8720838706e-05 -1.3961316644e-08  9.3190182144e-06 -2.0350481807e-05  6.1592704990e-06 -2.1942335583e-06  1.7276476807e-05 -2.6511198838e-05  1.1859658783e-05 -6.6648311172e-05  1.8391516647e-05 -1.2942738219e-05  1.7379544834e-04 -2.0611087218e-04 -7.4812392291e-05 -1.2059022292e-04  2.0347013884e-04  3.7267460539e-04 -6.1529167814e-06  7.8145337394e-06  1.9295452567e-05 -2.2069699347e-05  1.6808955587e-05  1.2768632021e-05 -1.4820199075e-04  1.9835307053e-04  1.9258320127e-05 -3.8490695553e-06 -4.8323167366e-06 -4.6582610701e-06 -5.3603229292e-06  1.2163959493e-06 -1.3106154744e-06 -4.6062680561e-07 -6.1313626772e-06 -7.7078472553e-06 -5.5790393266e-06  7.4020925549e-06  2.5419272351e-07 -1.8207480455e-05  7.7993944648e-06  5.3274673975e-06 -3.9007170195e-06  8.8014893946e-06 -3.2890507782e-07 -6.2109597983e-06  1.0370459316e-05 -3.3698974237e-06  1.0149133935e-05  4.6968522383e-06  4.2808579242e-06  1.9352522831e-04 -1.9995809597e-04 -3.3301439922e-04

JOB 2
COORDS  7.1729162555e+00 -2.4642368560e+00 -8.7966473333e-01  6.4584338317e+00 -2.0527046557e+00 -2.0107637853e+00  6.6027901634e+00 -2.3391511874e+00  3.9124516283e-01  5.1730542678e+00 -1.5238399178e+00 -1.8751477431e+00  5.3221519460e+00 -1.7963435034e+00  5.3122270832e-01  4.6080678761e+00 -1.3885665865e+00 -6.0064715349e-01  1.6348286921e+00 -2.5397466568e+00  9.1353643762e-01  3.2908596068e+00 -8.4070025075e-01 -4.1347661886e-01  2.3056602842e+00 -2.9488583221e+00 -1.6112639481e+00  8.5691178924e-01 -9.1833335833e-01 -1.0532280370e+00  1.9427577250e+00 -1.8461697302e+00 -7.1794685039e-01  8.1704356760e+00 -2.8813082377e+00 -9.8940083458e-01  6.8970368064e+00 -2.1565982301e+00 -2.9994900039e+00  7.1568043187e+00 -2.6530937296e+00  1.2718385595e+00  4.5987460528e+00 -1.2339634936e+00 -2.7503862972e+00  4.8733540906e+00 -1.6674462575e+00  1.5122629220e+00  7.8432947503e-01 -3.2162007068e+00  8.1183118473e-01  1.4087970708e+00 -1.7208338772e+00  1.5957000059e+00  2.5228753457e+00 -3.0901787495e+00  1.2266303863e+00  3.1129261848e+00  4.8097754797e-02 -8.7984124561e-01
ENERGY -8.755564043218e+02
GRADIENT -1.2606431554e-04  5.3154950265e-05 -2.2633528464e-06  3.2822779265e-05 -1.1050492309e-05 -4.7536376077e-05  1.1202435723e-04 -6.4879609908e-05  1.9989539477e-04  3.9344464976e-05 -3.0825378689e-05  5.2489407497e-05  1.2243724293e-04 -3.2527156751e-05 -2.3953674264e-04 -1.4554307744e-04  6.5299973433e-05  8.2086751857e-05 -4.3885489133e-04  5.4866606388e-04  1.6750213548e-04  5.1844209746e-04 -4.7175678752e-04 -1.4655805919e-03  1.4226453135e-05  3.8075661103e-05 -2.8089041179e-05  4.8734612990e-05  4.9258684941e-05 -3.0695891142e-05  4.4759249588e-04 -6.0997572375e-04  1.4810810257e-04 -1.4293328259e-05 -1.3275944999e-08  1.1458901301e-05 -1.0082782421e-06  2.7204451470e-07 -9.7817693128e-06  2.1526363265e-05 -1.4074023711e-05  1.3456788566e-05 -4.1039943620e-06  5.1929783148e-06  1.6790273219e-05  2.0276802636e-05 -3.4790744856e-06 -2.5800756179e-05  1.0113113745e-05 -3.6854574807e-06  1.9619200004e-06 -2.4146635606e-05 -9.8120476187e-06  9.1534993830e-06  7.8360236033e-06  2.1013220994e-05  1.8281413252e-05 -6.0287313166e-04  4.8545108648e-04  1.1635720335e-03

JOB 3
COORDS  7.2899337793e+00 -2.3422620391e+00 -9.5468146282e-01  6.7509442926e+00 -1.4702273396e+00 -1.9047941278e+00  6.4681865056e+00 -2.8393582020e+00  6.2392741187e-02  5.4038617115e+00 -1.1064606767e+00 -1.8447562560e+00  5.1264105644e+00 -2.4639512962e+00  1.4390941527e-01  4.5875917795e+00 -1.5948190161e+00 -8.1472880981e-01  1.4950878051e+00 -1.9212848813e+00  1.2139897289e+00  3.2379028483e+00 -1.1441442440e+00 -7.3535950954e-01  2.3554261583e+00 -3.5997154510e+00 -6.4071692806e-01  8.4796750200e-01 -1.6492168083e+00 -1.3410837300e+00  1.9187409369e+00 -2.2107021968e+00 -5.1192127888e-01  8.3350998101e+00 -2.6335354905e+00 -1.0072953094e+00  7.3741248240e+00 -1.0795930004e+00 -2.7047973652e+00  6.8738792641e+00 -3.5217761192e+00  8.0445980204e-01  4.9852014917e+00 -4.4218367206e-01 -2.5979240110e+00  4.5047822625e+00 -2.8607726882e+00  9.3921043346e-01  6.3562126576e-01 -2.5567608086e+00  1.4355340933e+00  1.2435897577e+00 -8.6770165535e-01  1.3332533339e+00  2.3461550037e+00 -2.1969372923e+00  1.8370427446e+00  2.9759275566e+00 -4.9033909127e-01 -1.4705748342e+00
ENERGY -8.755562815911e+02
GRADIENT  2.5860763001e-05  3.1011277934e-08 -2.0524883980e-06 -1.8035109933e-06 -1.1919861667e-05  1.4711568652e-05 -5.7546251299e-07  1.8142138737e-05 -1.4773099472e-05 -1.8870667047e-05  9.7870593193e-06 -9.7338493323e-06 -2.7556061858e-05 -1.3027981826e-05  1.5837319437e-05  4.0398340218e-05 -1.5334505411e-05 -1.4081913433e-05 -5.7693074535e-06  3.0072924509e-05 -1.4608782607e-05  9.4968994001e-06 -2.3159225824e-05 -4.3448782939e-05  3.0384268015e-05 -1.5575008059e-05 -2.1554395801e-05 -2.9676614378e-05 -1.6659270610e-05 -2.9853853746e-05  3.8867440229e-05 -4.9937030836e-05  6.1704895008e-05  7.4505433264e-06  3.6269507410e-06  2.0462511955e-06 -1.1315595807e-07  2.7746575932e-06  3.3039964026e-06  4.5904683630e-06  4.6342219588e-06 -3.8409790750e-07  2.3430048869e-06 -2.3925599892e-06 -1.7112193049e-06 -1.5743263178e-07  2.6394993312e-06  7.8604291368e-06 -1.0978403334e-05 -2.7765318771e-06 -1.2507433504e-05  2.3364047134e-05 -7.6457847602e-06 -6.3821879231e-06 -1.4722146938e-05 -4.3225986917e-05  1.0838177705e-05 -2.6898581935e-05  2.9354326001e-05  3.8098256554e-05

JOB 4
COORDS  7.3477168120e+00 -2.3764504293e+00 -1.0564047395e+00  6.7530035796e+00 -1.4992001931e+00 -1.9675338504e+00  6.5959138840e+00 -2.8680959210e+00  1.6802803820e-02  5.4148378268e+00 -1.1266557591e+00 -1.8159588988e+00  5.2673168155e+00 -2.4795298438e+00  1.9159486181e-01  4.6713029136e+00 -1.6088173988e+00 -7.3042418258e-01  1.3272351203e+00 -1.9047383420e+00  1.1452275540e+00  3.3278545349e+00 -1.1615345772e+00 -5.4691986559e-01  2.5317183537e+00 -3.6286318571e+00 -4.7046172675e-01  1.0443933053e+00 -1.7986501700e+00 -1.4780139569e+00  2.0145545659e+00 -2.2621260830e+00 -4.8023727168e-01  8.3846644753e+00 -2.6755005760e+00 -1.1811931059e+00  7.3238151834e+00 -1.1136259820e+00 -2.8080468677e+00  7.0487126455e+00 -3.5518518729e+00  7.2982606440e-01  4.9469305961e+00 -4.6388209868e-01 -2.5407810655e+00  4.6930331755e+00 -2.8587735104e+00  1.0302099858e+00  4.5579365470e-01 -2.5508062973e+00  1.2668330266e+00  1.0372122411e+00 -8.5437312608e-01  1.1737404045e+00  2.0828520017e+00 -2.1264155986e+00  1.8991486295e+00  3.0592316636e+00 -4.0114762557e-01 -1.1683388144e+00
ENERGY -8.755557693344e+02
GRADIENT  2.7118952047e-05 -8.8853275584e-06 -8.4865525746e-06 -1.0095311833e-05 -6.9218062747e-06  2.1630852879e-05 -1.3078757546e-05  3.7956907051e-06 -1.2666022974e-05 -5.5798535384e-06  3.6807397450e-06 -8.2260648104e-06  4.8536975594e-06  4.7715594175e-06 -2.6546365333e-07 -7.0004769116e-06  1.3434816312e-05 -2.0461055640e-05 -5.1806815542e-04  5.9961058302e-04 -3.4961900274e-04  6.1292115453e-04 -7.8601757318e-04 -1.4938779152e-03 -2.3444520614e-05  1.6368426037e-05 -1.1290846868e-05 -2.0323579949e-05  3.8862057837e-05 -2.3179133614e-05  5.4779970207e-04 -5.9685721020e-04  6.6330259700e-04  1.4485452703e-06 -6.0836721752e-06 -4.3756341340e-06  2.2722875696e-06  6.1869655496e-07  3.2528799293e-06 -2.1124194524e-06 -4.5422328925e-06 -8.6187515038e-06  1.4296580766e-06  9.0310219137e-06  3.1824980587e-06 -3.1449649493e-06  2.0746684554e-06 -2.3631131359e-06  7.0888888569e-06 -2.1337973440e-06  5.2462784346e-06 -1.1537277138e-05  3.1452762123e-06 -8.5631682986e-06  3.1043266524e-06  1.8904758136e-05 -1.4826535578e-06 -5.8620135231e-04  7.9845541579e-04  1.2276675063e-03

JOB 5
COORDS  7.3014210531e+00 -2.4008186227e+00 -1.2130992192e+00  6.6288632910e+00 -1.4937573959e+00 -2.0368426704e+00  6.6621959279e+00 -2.9069324645e+00 -7.5146885865e-02  5.3213843748e+00 -1.1042408745e+00 -1.7331745283e+00  5.3669450751e+00 -2.5025452014e+00  2.4986501253e-01  4.6931374286e+00 -1.6008892743e+00 -5.8381106443e-01  1.0986432825e+00 -1.7602745080e+00  1.0930625395e+00  3.3788460518e+00 -1.1469731925e+00 -2.3252189783e-01  2.5894252379e+00 -3.6032161738e+00 -1.1408108893e-01  1.2778410512e+00 -1.9318153660e+00 -1.5386097029e+00  2.0634516796e+00 -2.2591293484e+00 -3.4268044637e-01  8.3140434551e+00 -2.7115889340e+00 -1.4551361482e+00  7.1137322478e+00 -1.0979273272e+00 -2.9251647500e+00  7.1784106897e+00 -3.6130798425e+00  5.6969087579e-01  4.7881510849e+00 -4.1956099018e-01 -2.3892569519e+00  4.8727441030e+00 -2.8859285297e+00  1.1358826322e+00  2.0676249282e-01 -2.3894678501e+00  1.1012572158e+00  8.2316822515e-01 -7.1077373445e-01  9.8353925737e-01  1.7011036080e+00 -1.9211802736e+00  1.9866255564e+00  3.1099145644e+00 -3.2066738698e-01 -7.6619041991e-01
ENERGY -8.755550905246e+02
GRADIENT  9.2044568269e-05 -1.6829214992e-05 -2.9701066371e-05 -5.6696549808e-05 -4.5632978426e-05  9.4739389413e-05 -2.3679371495e-05  2.3982387983e-05 -3.4169452414e-06  5.6195176261e-06  6.8367118677e-05 -6.0407618144e-05  2.0512297651e-05 -2.5323193856e-05 -4.4692534100e-05 -9.1058092219e-05  9.2509130328e-06  2.3855148996e-05 -3.0226695559e-04  3.8413377022e-04 -3.3274938428e-04  5.8307650675e-04 -3.3350412342e-04 -1.0778629396e-03 -3.9688638420e-05  1.0818367465e-05 -2.6990184529e-05  4.1729313816e-06  6.2609871532e-07 -1.2831140379e-05  2.4993797430e-04 -4.8684615008e-04  5.8184651432e-04  8.3629723907e-06 -5.2318926472e-06  3.6413027204e-06 -3.2722437168e-06 -1.4251040323e-07  9.9750825848e-06  2.1803072738e-06  2.3510914110e-06 -9.2740857802e-06 -1.1105449043e-05  1.2410959641e-05 -6.4396424402e-06 -8.9858427880e-06  6.8897798127e-07 -1.4954821110e-06 -5.8193330912e-06 -1.6015221321e-07 -6.0804015126e-06 -1.8900637953e-05 -7.8233069907e-06 -1.8627581592e-05  5.9933664684e-06  1.2874666000e-05 -1.1110129639e-05 -4.4891738648e-04  4.3755693005e-04  8.4514206359e-04

JOB 6
COORDS  7.2871139644e+00 -2.3896780816e+00 -1.3223098424e+00  6.5649898913e+00 -1.4455372637e+00 -2.0580346693e+00  6.7243206621e+00 -2.9488738799e+00 -1.6896061741e-01  5.2817946167e+00 -1.0708907958e+00 -1.6500255813e+00  5.4542072091e+00 -2.5607953440e+00  2.5996370469e-01  4.7310058004e+00 -1.6209063574e+00 -4.8556960839e-01  9.9010160251e-01 -1.6321482624e+00  1.0020960289e+00  3.4397127365e+00 -1.1933575886e+00 -2.2356273013e-02  2.6116458828e+00 -3.6134931509e+00  2.4517749917e-01  1.5234986568e+00 -2.1520768624e+00 -1.5380518763e+00  2.1344259149e+00 -2.3097421703e+00 -2.1219452119e-01  8.2808005453e+00 -2.6883140944e+00 -1.6449338296e+00  6.9915098342e+00 -1.0095121959e+00 -2.9573924548e+00  7.2808492708e+00 -3.6837174154e+00  4.0656465706e-01  4.7066418140e+00 -3.5853825649e-01 -2.2374947193e+00  5.0149270307e+00 -2.9822679543e+00  1.1571710048e+00  9.3694603216e-02 -2.2529733635e+00  9.5607550554e-01  7.4886279422e-01 -6.0391705988e-01  7.2867038946e-01  1.4558883944e+00 -1.6857186970e+00  1.9854802004e+00  3.1553669899e+00 -3.2476600572e-01 -4.7671016410e-01
ENERGY -8.755545146105e+02
GRADIENT -1.0238255371e-04  4.0083722591e-05  2.9808469832e-05  4.8113866637e-05  3.8812109004e-05 -7.4690800704e-05  3.1394150033e-05 -5.0853533119e-05  4.4989767410e-05  4.7227621684e-05 -1.5587440314e-05  1.1520370719e-05  2.1461504801e-05 -2.5861710996e-05 -1.5072294456e-05 -1.1692147812e-04  6.3712993813e-05  1.9551081072e-05 -3.3193862694e-04  4.7841675422e-04 -5.7624589550e-04  8.8680131659e-04 -4.1596997559e-04 -1.6421699755e-03 -5.7844961933e-06  9.0832445912e-05 -4.6039447489e-05  1.7590088994e-06  1.3353371587e-05 -7.2476724858e-05  1.6636629024e-04 -6.6645686654e-04  9.8937282065e-04 -8.2515216722e-06  6.2637921452e-06  5.2490553491e-06  6.6905789619e-06  1.5069853032e-05 -6.2380431221e-06 -1.2824786191e-06 -7.3322773160e-06  7.6783158209e-06  1.1130478844e-05  7.2978964879e-06  4.8632004491e-08  5.5488131781e-06  6.6889272660e-09 -6.0658967176e-07 -2.3176287431e-06  9.0131021207e-06 -1.7997425328e-05  1.4165225067e-05  1.6245235050e-06 -1.2417860478e-05 -1.4619280400e-05  8.3884308674e-06  1.7770049797e-07 -6.1744389736e-04  4.7639841792e-04  1.2885607325e-03

JOB 7
COORDS  7.3000435789e+00 -2.3442412034e+00 -1.3863588177e+00  6.5642939760e+00 -1.3555416024e+00 -2.0465016059e+00  6.7628596123e+00 -2.9705512029e+00 -2.5570608413e-01  5.2927484324e+00 -1.0027259295e+00 -1.5862624781e+00  5.5050478100e+00 -2.6053902540e+00  2.2726920755e-01  4.7687513185e+00 -1.6200445556e+00 -4.4360884626e-01  9.2683261301e-01 -1.5025264833e+00  8.1607549648e-01  3.4886128348e+00 -1.2249967428e+00  7.4907009931e-02  2.5887506060e+00 -3.5838891216e+00  5.3008530586e-01  1.7542301425e+00 -2.3742181120e+00 -1.5436474309e+00  2.1969980206e+00 -2.3466751318e+00 -1.4412602329e-01  8.2844570526e+00 -2.6255031975e+00 -1.7504013140e+00  6.9708426942e+00 -8.6816642092e-01 -2.9285723747e+00  7.3302361431e+00 -3.7398719853e+00  2.6117915018e-01  4.7054363118e+00 -2.5665372901e-01 -2.1169622748e+00  5.0838212352e+00 -3.0773384072e+00  1.1078518301e+00  4.3002468217e-02 -2.1408902088e+00  7.6917860305e-01  7.1248153150e-01 -5.3659890851e-01  3.5616925277e-01  1.2758155575e+00 -1.3940107224e+00  1.8425875564e+00  3.1879398557e+00 -3.2613473262e-01 -3.0312050209e-01
ENERGY -8.755534510350e+02
GRADIENT -4.9389235747e-05  1.7356853542e-05  2.0686888811e-05  2.2147517231e-05  1.1817241991e-05 -2.7339325480e-05  3.0685101293e-05 -3.6724201127e-05  2.7287491028e-05 -1.6722880525e-05 -1.3250490155e-05  1.4864502350e-05  3.6656633215e-06  2.9959140390e-05 -1.3584021829e-05  6.5727966683e-05 -6.1662057252e-06 -2.4731021009e-05 -4.7534251122e-04  8.3576212671e-04 -1.3777471883e-03  1.0937952522e-03 -8.3019527298e-04 -3.3955465000e-03 -1.8617815129e-06 -5.1864056961e-05  2.1525873804e-05  5.2698685586e-06  6.3089128420e-06  1.7320409010e-05  4.1397683534e-04 -7.1782245144e-04  2.0108935842e-03 -1.8738997548e-06  2.0598502555e-06  7.6890434702e-06  2.2867540982e-06  4.0704062699e-06  3.2401319251e-07  2.8497430419e-06 -2.5841273671e-06  6.6824225369e-06  7.1841603056e-06 -2.1653646333e-06 -1.5225682201e-06 -1.4912213644e-07 -1.8336104661e-06 -3.8714814400e-06  8.6784372169e-06 -2.0306564187e-05  1.8669733920e-05 -1.1729694771e-05 -9.9552793439e-06 -1.0412652938e-05 -5.7231220322e-07 -4.6510251059e-07 -1.8626185226e-06 -1.0780348890e-03  7.7924946575e-04  2.7030967239e-03

JOB 8
COORDS  7.2920035811e+00 -2.3218628108e+00 -1.4411550484e+00  6.5644762880e+00 -1.2698630359e+00 -2.0056149937e+00  6.7562299823e+00 -3.0332337109e+00 -3.6151225769e-01  5.3029971568e+00 -9.3977534579e-01 -1.5032554034e+00  5.5101971203e+00 -2.6918535635e+00  1.6749329425e-01  4.7810336913e+00 -1.6434536528e+00 -4.1066730813e-01  8.9339343154e-01 -1.4252405317e+00  6.7588340676e-01  3.5141244844e+00 -1.2740637487e+00  1.4819979717e-01  2.5464780845e+00 -3.5231882704e+00  9.2085663831e-01  1.9327450612e+00 -2.7075814025e+00 -1.3995248314e+00  2.2394103030e+00 -2.4225225422e+00  7.0457483336e-03  8.2677725568e+00 -2.5858899863e+00 -1.8395624261e+00  6.9690118476e+00 -7.1490517804e-01 -2.8478088835e+00  7.3167826751e+00 -3.8515518436e+00  8.2415539426e-02  4.7226124711e+00 -1.4232542446e-01 -1.9623562768e+00  5.0937872945e+00 -3.2286203323e+00  1.0129295098e+00  2.4174752731e-02 -2.0843289241e+00  7.0223673358e-01  7.0160703941e-01 -5.8505848279e-01  6.7903886805e-03  1.1583352948e+00 -1.0971174906e+00  1.6811187148e+00  3.1828325727e+00 -3.6998794282e-01 -1.8611909167e-01
ENERGY -8.755517034461e+02
GRADIENT -1.8245062654e-05 -1.3897178965e-05  2.5388942773e-05 -2.0958064781e-06  2.0066503738e-05 -1.4422939244e-05  2.0879616806e-05  1.9672818831e-05 -2.4645594029e-05 -3.1597170938e-05  1.0273839070e-05 -1.6936877262e-05 -8.0978171058e-05 -1.6588039650e-05  1.1355329496e-05  1.9863094948e-04 -8.7606974135e-05 -1.8512420898e-06 -4.9805630846e-04  7.1402375463e-04 -2.0724162468e-03  1.1031905585e-03 -1.1330013576e-03 -5.0485526217e-03 -8.2188018533e-05 -1.6918353918e-04  8.9745988057e-05  6.0532406491e-05  1.1526527207e-06 -7.5135968064e-05  5.4342185675e-04 -2.7371631257e-04  3.2263595657e-03 -6.7404702693e-06  6.3202145561e-07 -6.8472836767e-06 -3.1161721928e-06  3.3453463817e-06  2.7788839319e-06 -1.2653069011e-05 -4.8972893101e-06 -5.9291669551e-06  1.2145622639e-05  1.1325245489e-05  1.1622302219e-05  1.5473507612e-05 -3.9630872635e-07  3.6564998876e-06 -4.6160573011e-06  2.4591773147e-07  1.6199956474e-05 -1.9723429154e-05  4.5064900674e-06  1.3626113195e-05  2.5941974522e-05 -1.7448770488e-05 -9.9458956563e-07 -1.2719491554e-03  9.4157780399e-04  3.8529088020e-03

JOB 9
COORDS  7.3061520701e+00 -2.2895126597e+00 -1.4888053470e+00  6.6008627737e+00 -1.1820401912e+00 -1.9688606241e+00  6.7590303923e+00 -3.0652849934e+00 -4.6044188726e-01  5.3497800285e+00 -8.6024739295e-01 -1.4361384399e+00  5.5250312163e+00 -2.7336215465e+00  1.0111581851e-01  4.8163140277e+00 -1.6296546111e+00 -3.9444489506e-01  9.1082030967e-01 -1.3517639031e+00  5.4167499655e-01  3.5651568643e+00 -1.2713182250e+00  1.9274406491e-01  2.5319155515e+00 -3.3514996767e+00  1.2976793889e+00  2.1110798745e+00 -2.9885065013e+00 -1.1704037531e+00  2.3038705917e+00 -2.4397545086e+00  1.7610617381e-01  8.2731950389e+00 -2.5462762617e+00 -1.9121843281e+00  7.0143455099e+00 -5.7572095354e-01 -2.7703848062e+00  7.3020347608e+00 -3.9264784490e+00 -8.0363412187e-02  4.7875161519e+00 -1.6623523944e-02 -1.8313223941e+00  5.1067639898e+00 -3.3177683896e+00  9.1451663218e-01  5.0832599742e-02 -2.0114050367e+00  6.6754655651e-01  7.4720551240e-01 -6.8374374900e-01 -3.0510853541e-01  1.1093747592e+00 -8.0803202725e-01  1.4661715736e+00  3.2133820985e+00 -3.6236201541e-01 -9.9547824721e-02
ENERGY -8.755495550956e+02
GRADIENT -2.5683866165e-04  6.5833450180e-05  1.1248712661e-04  2.3153188766e-05  3.5649583366e-05 -4.1573795147e-05  1.7028159451e-04 -2.4888721167e-04  9.4419766085e-05 -6.6085190408e-05  1.2152977374e-04 -4.0997359057e-05  1.0958010505e-05  7.3620913917e-05 -1.1189744173e-04  7.6768175104e-05 -2.1586982801e-05  5.8845697372e-05 -3.1000361430e-04  3.9289012169e-04 -2.3312089793e-03  9.9165761031e-04 -1.2931772849e-03 -5.7937532860e-03 -1.2934746045e-05 -8.8855621341e-06 -3.4753104388e-05  1.6941810450e-06  9.6367526790e-06 -3.1634900545e-05  2.9274786554e-04 -1.3108632526e-04  3.7719650857e-03 -2.8322246105e-05 -5.8999898621e-06  2.1031874053e-05 -2.0132116278e-05  2.4454667436e-05 -3.3000490507e-06  2.6648677065e-06 -3.1648746428e-05  1.3938759716e-05 -1.3064522680e-06  1.6753954636e-05 -6.0009999998e-06  2.1544418260e-05 -1.6640685405e-05 -1.4252708572e-05  8.2757569795e-07 -1.6242729462e-06 -8.2704941909e-06 -2.3985098544e-05 -2.1938184170e-05 -2.2020480180e-05  4.4862327465e-06  2.1612580465e-05 -1.8078902756e-05 -9.2751678515e-04  1.0292200921e-03  4.3577230987e-03

JOB 10
COORDS  7.2648720360e+00 -2.2831957892e+00 -1.5552105252e+00  6.5801983431e+00 -1.1263987114e+00 -1.9387046155e+00  6.7158512689e+00 -3.1150176405e+00 -5.7260607484e-01  5.3490065199e+00 -8.1150604251e-01 -1.3576557227e+00  5.5028504237e+00 -2.7932287211e+00  3.7388318297e-02  4.8136023819e+00 -1.6394590014e+00 -3.6256996609e-01  9.0344482056e-01 -1.3488011363e+00  4.0031410830e-01  3.5874574097e+00 -1.2909525809e+00  2.7127881602e-01  2.4377160923e+00 -3.1747809065e+00  1.6106497483e+00  2.2700515828e+00 -3.2202582826e+00 -9.1134460765e-01  2.3263652180e+00 -2.4586780527e+00  3.3981998010e-01  8.2159942543e+00 -2.5341054553e+00 -2.0163519950e+00  6.9942652853e+00 -4.7405053637e-01 -2.7029540830e+00  7.2422573606e+00 -4.0147976669e+00 -2.6574496871e-01  4.8045382414e+00  7.4699334417e-02 -1.6779214273e+00  5.0919088643e+00 -3.4228417482e+00  8.2080455554e-01  3.7653356597e-02 -1.9927605435e+00  5.6270605689e-01  8.1325237952e-01 -8.3031832190e-01 -5.5505570796e-01  1.0165653315e+00 -6.5909902889e-01  1.2385587502e+00  3.2317769048e+00 -3.6831417714e-01  3.7193284822e-02
ENERGY -8.755475771231e+02
GRADIENT  5.5265057944e-05 -1.3942389036e-05 -2.5110669084e-05 -2.5570301826e-06 -7.1753340923e-06  8.4841386031e-06 -5.7284316388e-05  8.3202784127e-05 -3.3976631387e-05  5.6274776430e-06  1.1373586463e-05  2.2616381692e-05 -5.3475567385e-05 -6.0830020308e-05  4.5424926342e-05 -4.3963447622e-05 -3.0717077540e-05  3.7464384470e-05 -9.8810813762e-05 -1.4429999583e-05 -1.9200092810e-03  6.9499269860e-04 -7.9535034327e-04 -4.5404483570e-03  3.8154915863e-05 -2.4884837624e-05 -4.1074523265e-05 -3.7442450602e-05  1.7824220143e-06 -1.8323983308e-06 -5.3241676727e-06  1.6424269834e-04  3.0445150273e-03  2.8039241423e-06  3.4570371158e-06 -7.0856976529e-06 -2.3500595978e-06 -2.4542884477e-06  2.2653804671e-06 -7.3022407760e-06  6.2131891599e-06 -1.3474198468e-06 -1.5337057379e-06 -3.2329192483e-06  3.3654219552e-06  1.4661135112e-06 -1.7116019245e-05  1.2539330368e-05 -3.7564579187e-07 -6.1261545673e-06  8.9985827926e-06 -7.7588671646e-06 -1.8182695922e-05 -5.0559883828e-07  8.8978948549e-06 -7.7972567500e-06  1.3217997597e-06 -5.2142272957e-04  6.2415522983e-04  3.4390587173e-03

JOB 11
COORDS  7.2181942695e+00 -2.2597003198e+00 -1.6882122795e+00  6.5153816114e+00 -1.0797891029e+00 -1.9479730395e+00  6.7294738354e+00 -3.1557941627e+00 -7.3046358510e-01  5.3252485840e+00 -8.0532227059e-01 -1.2690799068e+00  5.5587239953e+00 -2.8759887547e+00 -2.5375037295e-02  4.8491574776e+00 -1.6988088532e+00 -3.0029441115e-01  9.6759458814e-01 -1.4702238629e+00  1.9283712598e-01  3.6720608156e+00 -1.3855834887e+00  4.3765330309e-01  2.2913279008e+00 -3.0309707595e+00  1.8842348658e+00  2.5317026160e+00 -3.4921295758e+00 -5.9420945069e-01  2.3882384926e+00 -2.5413975726e+00  5.1009463925e-01  8.1371371497e+00 -2.4786804935e+00 -2.2247096284e+00  6.8834700787e+00 -3.7607950565e-01 -2.6898499195e+00  7.2700150543e+00 -4.0745699395e+00 -5.1961960300e-01  4.7695154924e+00  1.0439040282e-01 -1.4897326186e+00  5.1964675189e+00 -3.5610670458e+00  7.3476527552e-01  8.6282786109e-02 -2.1029490223e+00  3.1076719970e-01  1.0270797663e+00 -1.0867508179e+00 -8.2661784006e-01  9.4881867379e-01 -6.7015490698e-01  9.3537038648e-01  3.3122254351e+00 -4.5435438851e-01  2.4570239512e-01
ENERGY -8.755466008136e+02
GRADIENT  6.1135352828e-05 -1.2601834968e-05 -3.6249288877e-05 -1.6574635102e-05 -4.5668893516e-05  4.8239555461e-05 -2.9140022085e-05  3.1132028582e-05 -2.0107876039e-05 -2.9373371648e-05  2.8358181362e-05  1.4658749724e-05 -8.1191037032e-06 -1.1508914963e-05  1.2211194258e-05 -5.6288218570e-06 -8.6624713544e-06 -2.4576049172e-05 -4.2758836830e-06  5.3113676806e-06 -9.8680838152e-05  8.5556065281e-05  4.4711766680e-05 -1.7582403175e-04  4.9260019102e-07 -1.2278148021e-05  1.0817703592e-05 -7.0763404273e-05  1.2559812980e-05 -3.8971476589e-05 -2.7002714704e-05 -6.4859803944e-06  1.3514419110e-04  5.2986361348e-06 -4.5343300228e-07 -5.2674412058e-06  2.4819464358e-06 -1.2382552188e-06  1.3018514492e-05 -7.4822572607e-06  1.1718078253e-06 -9.4244864897e-06  3.1385181703e-06  6.8631421917e-06  5.2623949882e-06  6.9261205591e-07 -6.0858560162e-06 -1.3278598471e-05 -1.0621605450e-05 -3.0039065395e-06 -2.6715502567e-05  3.9569861015e-06 -4.0529077300e-06 -5.9962749975e-06  9.4569435787e-07 -1.3275275994e-05 -3.5796506593e-06 -2.0782280180e-05  1.5280643342e-05  1.4498540259e-04

JOB 12
COORDS  7.0838583858e+00 -2.2444449777e+00 -1.7705091404e+00  6.3820303674e+00 -1.0468123745e+00 -1.9333137465e+00  6.6712044361e+00 -3.1593841789e+00 -7.9467485892e-01  5.2657436411e+00 -7.7409065151e-01 -1.1379042312e+00  5.5750648805e+00 -2.8820277491e+00  2.2427690741e-02  4.8637375211e+00 -1.6877532608e+00 -1.5404667385e-01  1.1083123570e+00 -1.3667910482e+00 -4.2402317998e-02  3.7656230293e+00 -1.3744593785e+00  7.0675135423e-01  1.9913532502e+00 -2.6472965744e+00  2.0836245048e+00  2.6626770986e+00 -3.5489034891e+00 -1.9690335380e-01  2.3801824819e+00 -2.4235346673e+00  6.9303953677e-01  7.9456672425e+00 -2.4621306892e+00 -2.3952356519e+00  6.6935588464e+00 -3.2771657496e-01 -2.6862140766e+00  7.2134856261e+00 -4.0912532551e+00 -6.5931262589e-01  4.7123561477e+00  1.5334139732e-01 -1.2779774254e+00  5.2676296491e+00 -3.5833448948e+00  7.9075646728e-01  1.8835691241e-01 -1.9541443546e+00 -4.7709624634e-02  1.4000963267e+00 -1.1057652429e+00 -1.0609915822e+00  9.7998740547e-01 -4.8424246951e-01  5.8685131859e-01  3.4560177647e+00 -4.1651144367e-01  5.5098226217e-01
ENERGY -8.755476568687e+02
GRADIENT -7.1451848999e-06  3.1308316728e-06  4.8491398689e-06 -8.1957054488e-06 -1.9671145127e-05  2.2384724857e-05  1.7571706950e-05 -2.7956014359e-05  2.7406447218e-06 -2.5607119546e-05  4.0230781442e-05  4.9421760507e-06  1.0385798366e-06  1.2801965816e-05 -1.4879232135e-05  5.3490517373e-05  1.9346577604e-06  6.5334147731e-06 -6.4598293358e-04  8.0921773088e-04  2.3005867506e-03 -8.8572092773e-04  8.1000334776e-04  5.8139311504e-03 -2.2723700226e-06  7.8863753233e-06 -8.0970315578e-06 -6.1068569412e-05 -2.6007847059e-05 -1.2269967324e-05  9.9631503038e-04 -1.0430855074e-03 -3.5891540022e-03  4.5665311074e-07 -1.1463646619e-06  3.7269502237e-06 -1.7168090767e-06  3.1101673333e-06  7.3319808872e-06 -4.5643359137e-07 -4.1478512826e-06 -3.1885490250e-06 -2.3749914178e-06  5.8190933811e-06  4.2563854115e-06  3.1400400167e-06 -2.6161604440e-06 -9.1440067801e-06  4.9643697453e-06 -1.3459989838e-05 -4.6028042623e-05  9.0198067123e-06  1.8672504624e-05  1.0430505735e-06 -1.3203528416e-05 -1.3479576980e-05  8.8393435182e-06  5.3808369785e-04 -5.6537038875e-04 -4.5167215799e-03

JOB 13
COORDS  6.9569716315e+00 -2.2141542988e+00 -1.8440703580e+00  6.2554338349e+00 -1.0072919703e+00 -1.9123101664e+00  6.6070417090e+00 -3.1642228675e+00 -8.7706513015e-01  5.2002975645e+00 -7.6049057507e-01 -1.0293193598e+00  5.5717648004e+00 -2.9143692958e+00  2.4240582350e-02  4.8592433161e+00 -1.7107298298e+00 -5.6865296919e-02  1.2805527817e+00 -1.3980197038e+00 -2.4944053320e-01  3.8206751224e+00 -1.4295886627e+00  8.9204092921e-01  1.7877547596e+00 -2.3676360709e+00  2.1399242280e+00  2.7093631838e+00 -3.6372979296e+00  1.2880596813e-01  2.3752786304e+00 -2.3849321788e+00  8.0238549170e-01  7.7721016369e+00 -2.4115173222e+00 -2.5347950470e+00  6.5205064525e+00 -2.6060409882e-01 -2.6560583855e+00  7.1516828855e+00 -4.1024857143e+00 -8.1538854536e-01  4.6487047273e+00  1.7663558365e-01 -1.0915949888e+00  5.3085879700e+00 -3.6423856754e+00  7.8336918282e-01  3.4734394569e-01 -1.9568015429e+00 -3.4076836054e-01  1.7450004754e+00 -1.2678135651e+00 -1.2285761701e+00  1.0960804359e+00 -4.4298311033e-01  2.4496974957e-01  3.5511679857e+00 -4.4915279556e-01  8.0908451268e-01
ENERGY -8.755505282844e+02
GRADIENT -3.7015052389e-05  1.0768682860e-05  3.0936167898e-05  1.9739219518e-05  5.5111842921e-05 -5.3933469107e-05 -2.5485435695e-07 -3.4971424722e-06 -3.9482974355e-07  3.9811880737e-05 -6.1020465018e-05 -1.1574342802e-05  1.1323640800e-05 -2.6729107423e-05  9.6404878533e-06 -6.5258649090e-05  3.2250664268e-05 -2.4344124452e-07 -1.3925159123e-03  1.8118243563e-03  3.1666808091e-03 -9.3518553567e-04  9.4427401120e-04  9.1869816106e-03  7.5657012178e-06 -2.7560760009e-05 -3.8627833904e-05  4.2226381193e-05  2.8370090113e-05 -3.6330575585e-05  1.7157823683e-03 -2.3764963526e-03 -5.1902215654e-03 -3.3021362862e-06  7.3704650774e-06 -1.1187361639e-06  5.2510719513e-06  9.4543706290e-06 -3.2421622979e-06  6.9373229085e-08 -2.8004381550e-06 -2.3754073964e-06  8.1150664202e-06 -2.7876499052e-06  2.9758814805e-06 -2.2226553382e-06 -1.7001510590e-06  3.8845926742e-07 -1.4839111277e-05  2.4136131795e-05  3.8627128228e-05 -1.0351844809e-06 -3.4457936022e-05 -2.5839165051e-06  2.5700082581e-05  2.0523736552e-05 -2.4628770237e-05  6.2764457474e-04 -4.1785757331e-04 -7.0768651488e-03

JOB 14
COORDS  6.8468978730e+00 -2.1924613968e+00 -1.8946525935e+00  6.1808769973e+00 -9.6371685846e-01 -1.8842120530e+00  6.5053140878e+00 -3.1735170307e+00 -9.5600432594e-01  5.1683761791e+00 -7.2508974504e-01 -9.5044594599e-01  5.5127256550e+00 -2.9338495976e+00 -4.7946928768e-03  4.8349309297e+00 -1.7073358632e+00 -7.2055333287e-03  1.4170245296e+00 -1.4690730669e+00 -4.0081296345e-01  3.8382391261e+00 -1.4382652657e+00  9.9041129277e-01  1.6635244791e+00 -2.0585906385e+00  2.1530003874e+00  2.6788777836e+00 -3.6696407463e+00  4.4738597939e-01  2.3574486728e+00 -2.3169024114e+00  8.9320003322e-01  7.6293306877e+00 -2.3826751543e+00 -2.6241073979e+00  6.4409963488e+00 -1.9293551586e-01 -2.6047511457e+00  7.0239589573e+00 -4.1284116936e+00 -9.5507665749e-01  4.6445317168e+00  2.2974457055e-01 -9.4979056556e-01  5.2539957529e+00 -3.6852847689e+00  7.3220641367e-01  4.8598561559e-01 -2.0240384179e+00 -5.2976988462e-01  1.9969565731e+00 -1.4772820045e+00 -1.3254273723e+00  1.2059989339e+00 -4.5355788187e-01 -6.2891887393e-02  3.6085429594e+00 -4.4403373306e-01  9.8366093104e-01
ENERGY -8.755539743658e+02
GRADIENT -1.1575923663e-04  4.3246628460e-05  1.0299094401e-04  3.4001513084e-05  6.7807965380e-05 -7.1675101513e-05  6.7743329870e-05 -1.3811110964e-04  6.9968472927e-06  2.1665787543e-05 -3.9469986686e-05 -6.2109370535e-06  4.0753667541e-05  3.8012139334e-05 -5.8730711460e-05 -9.5731990655e-05  6.1454868002e-05  2.9509113853e-05 -1.5167879503e-03  2.2960254147e-03  2.6197807390e-03 -6.4833864205e-04  5.9735403517e-04  8.7576882707e-03  2.8511268864e-06 -2.1174922796e-05 -5.3423239591e-05  1.1569178521e-05 -1.3528810132e-05 -1.8544437124e-05  1.8083831959e-03 -2.9709634041e-03 -4.4750120626e-03 -1.0124953152e-05  4.8919727904e-06  1.1954477360e-05 -1.9079108072e-06  2.0507823914e-05  2.5174869529e-06  8.6855205377e-06 -1.5309360543e-05 -2.7963800276e-06  4.9625562818e-06 -2.2228330641e-06  6.8295062104e-06  1.0991710987e-05 -1.6614676858e-07 -1.1901222645e-05 -7.3443734840e-06  5.6998787320e-06  1.2944397149e-05  8.7929420207e-06 -2.6458044017e-05  1.6266397746e-05  7.2858316397e-06  2.4818029609e-06 -3.8501407653e-06  4.0864156824e-04  4.9737537876e-05 -6.8202969453e-03

JOB 15
COORDS  6.7657680802e+00 -2.1673903188e+00 -1.9517146120e+00  6.1648439978e+00 -9.0881698842e-01 -1.8570567902e+00  6.3930074775e+00 -3.1799186595e+00 -1.0598557091e+00  5.1862351937e+00 -6.7093213041e-01 -8.8798158598e-01  5.4352508983e+00 -2.9441743595e+00 -7.1911211931e-02  4.8221601371e+00 -1.6860715310e+00  8.5154580745e-03  1.5232405772e+00 -1.5991740635e+00 -4.8540424587e-01  3.8591002095e+00 -1.4198997546e+00  1.0365725032e+00  1.6203812868e+00 -1.7722758137e+00  2.1501413076e+00  2.6494401910e+00 -3.6622151176e+00  7.6366993928e-01  2.3600748513e+00 -2.2477972981e+00  9.8227290506e-01  7.5214861032e+00 -2.3561478076e+00 -2.7091555612e+00  6.4490976518e+00 -1.1317463519e-01 -2.5404906108e+00  6.8615323423e+00 -4.1583825803e+00 -1.1227738489e+00  4.7111423586e+00  3.0666391361e-01 -8.2331420921e-01  5.1528887928e+00 -3.7207270335e+00  6.2928896974e-01  5.8924154760e-01 -2.1544529730e+00 -5.8823398930e-01  2.1611567407e+00 -1.7611283562e+00 -1.3558100380e+00  1.3195046222e+00 -5.3944234058e-01 -3.2667997543e-01  3.6647979353e+00 -4.2152790933e-01  1.1104405270e+00
ENERGY -8.755567641057e+02
GRADIENT  4.5581231174e-05 -8.6283402168e-06 -4.5005929106e-05 -2.0550255078e-05 -4.8871393258e-05  5.8683362531e-05 -7.7827564104e-06  1.8078015301e-05  6.9900371760e-06  6.5204046703e-06  4.9103132025e-05 -2.1942515564e-05  1.9454863218e-05 -1.3164859437e-05 -2.6289435108e-05 -7.8890031774e-05  1.4919750595e-06  1.2891097629e-04 -1.1383734216e-03  1.9063691985e-03  1.5221952600e-03 -1.7806211170e-04  9.2114662256e-05  5.8304800964e-03 -1.7109555708e-06 -1.7101685818e-05 -6.6703539246e-05 -3.4361101036e-06 -9.8075099300e-06 -1.8976983468e-05  1.4275069827e-03 -2.2909140062e-03 -2.6309941892e-03  8.2172610725e-06 -8.4633080047e-07 -1.2517924975e-06  3.5347581424e-06 -1.4996734853e-06  1.1115509378e-05  4.4984910903e-06  3.1814923371e-06 -6.5455699966e-06 -7.6711248718e-06  1.8277794402e-07  1.4972786235e-05  9.1365677102e-06  1.1300742347e-05 -1.0185852752e-05  1.8309777563e-06 -3.0066821082e-06 -2.5367067418e-05  8.0050155265e-06 -1.7557918101e-05 -8.1871122091e-06  2.7177688240e-05 -7.9637882767e-06  1.5453203664e-06 -6.0854823434e-05  3.3162900507e-04 -4.6784189808e-03

JOB 16
COORDS  6.7109167463e+00 -2.1292806581e+00 -1.9726590302e+00  6.2023686956e+00 -8.3976633802e-01 -1.7901913074e+00  6.2622690396e+00 -3.1703726821e+00 -1.1519178806e+00  5.2397506626e+00 -5.9732050344e-01 -8.0683710854e-01  5.3213161956e+00 -2.9338861108e+00 -1.4745113872e-01  4.8003973520e+00 -1.6423229338e+00  1.9289861635e-02  1.6049651014e+00 -1.7659206996e+00 -5.5683348868e-01  3.8500518808e+00 -1.3745405384e+00  1.0535345787e+00  1.5641705131e+00 -1.5087142663e+00  2.0871883373e+00  2.6043186017e+00 -3.6104315921e+00  1.0598335154e+00  2.3437599063e+00 -2.1733928158e+00  1.0431936081e+00  7.4532695680e+00 -2.3200385842e+00 -2.7426296524e+00  6.5452842236e+00 -2.2044275546e-02 -2.4184325490e+00  6.6589835431e+00 -4.1737590510e+00 -1.2815954191e+00  4.8334442598e+00  4.0415330860e-01 -6.7672264973e-01  4.9823471321e+00 -3.7335426950e+00  5.0110704946e-01  6.6383522125e-01 -2.3151544392e+00 -6.1726720603e-01  2.2846937411e+00 -2.0843774073e+00 -1.3483214056e+00  1.4240547624e+00 -6.9090180986e-01 -5.9272533146e-01  3.6890994947e+00 -3.8001813831e-01  1.2040510757e+00
ENERGY -8.755583577911e+02
GRADIENT -2.4923724091e-05  1.7927006022e-05  2.9492864834e-05 -2.7110453526e-05 -7.1193981740e-05  5.1614466684e-05  4.1864519657e-05 -1.0759267353e-04 -1.0779335013e-05 -5.4239419253e-05  1.3801230431e-04 -5.9874416837e-06  1.5303423516e-05  4.9841693769e-05 -3.4471047261e-05  2.2654759301e-05 -2.5668959903e-05 -1.6665513794e-05 -4.9186068085e-04  8.8392841171e-04  4.5694063766e-04  8.9351746180e-05 -1.0465849363e-04  2.4028092686e-03 -1.8683589487e-05 -2.7248741494e-06 -1.6675266691e-05  7.6227081570e-06  2.5518462130e-06 -1.8053062064e-05  6.0557848772e-04 -1.0792917356e-03 -9.4432905758e-04  1.6863637842e-06 -9.2725292185e-06  7.8756715283e-06 -5.9405119973e-06  3.9138169088e-06  1.7744280841e-05  5.5437038257e-06 -9.8489191364e-06 -8.3565893646e-06 -8.7081263853e-06  1.4717515005e-05  1.1615608277e-05 -2.9875146342e-06 -1.2605870246e-05 -7.7454364766e-06  4.4373869875e-06 -3.7874769001e-06 -2.0371663347e-05 -7.8226149062e-06 -7.9224969397e-06 -1.4700568742e-05  1.9740109513e-05  1.7228912255e-06 -5.0300662350e-07 -1.6399384449e-04  2.7117046815e-04 -1.9300908534e-03

JOB 17
COORDS  6.6977350848e+00 -2.0999246964e+00 -1.9923453565e+00  6.2793514288e+00 -7.9172514166e-01 -1.7297704914e+00  6.1608306824e+00 -3.1567192541e+00 -1.2487772533e+00  5.3183723840e+00 -5.4420907703e-01 -7.4647502059e-01  5.2217435049e+00 -2.9192680884e+00 -2.4248277642e-01  4.7904274350e+00 -1.6064673661e+00  2.6566643355e-03  1.6498104497e+00 -1.9468946668e+00 -5.7684529062e-01  3.8378617383e+00 -1.3367785576e+00  1.0262190811e+00  1.5429956436e+00 -1.3360545588e+00  2.0210404768e+00  2.5856999800e+00 -3.5553040278e+00  1.2903408734e+00  2.3391157907e+00 -2.1297209228e+00  1.0842915419e+00  7.4378624156e+00 -2.2930692530e+00 -2.7637592138e+00  6.6903256173e+00  3.8514200574e-02 -2.2979422958e+00  6.4879538489e+00 -4.1756502343e+00 -1.4381932976e+00  4.9793929751e+00  4.7242910100e-01 -5.5735663306e-01  4.8226897321e+00 -3.7330309649e+00  3.5302448086e-01  7.0789202172e-01 -2.4978438183e+00 -5.8537624300e-01  2.3500401948e+00 -2.3758125382e+00 -1.2943714770e+00  1.4789496265e+00 -8.8711365103e-01 -7.6993696132e-01  3.7210569436e+00 -3.5870784714e-01  1.2793264775e+00
ENERGY -8.755585809939e+02
GRADIENT -6.4671176066e-05  1.9646140272e-05  6.2848322342e-05  1.0286898626e-05  1.0913502592e-05 -1.8587114980e-05  2.9848737465e-05 -8.7101756566e-05 -1.9028719784e-05 -2.7575732839e-06  4.7896742197e-05  2.0161753412e-05  5.7837833804e-06  4.0770013361e-05 -1.8002875944e-05  1.7896114192e-05 -4.9232165549e-05  2.2208213908e-05  2.4856703603e-04 -4.8072446247e-04 -1.4845812258e-04 -1.2992231746e-04  1.8810968154e-04 -1.2849324647e-03  3.9279973981e-05  8.5936150332e-06  9.4390273468e-06  1.5986151846e-05  1.2932267453e-05  2.2319687725e-05 -2.7672804295e-04  5.5820025464e-04  4.0656648101e-04 -9.7638057598e-06 -9.2104974636e-06  5.9692148888e-06 -6.2955602666e-06  6.6561249876e-06 -2.0972222326e-06 -2.5796435449e-06 -1.1396938287e-05  4.9032399695e-06  4.3243589394e-06  5.6293350062e-06 -5.2012137405e-06  7.3765064754e-06 -1.8829308579e-06 -5.8876184187e-06 -4.9387705108e-06  2.3044168735e-05  1.1907498711e-05  1.3956354706e-05  1.2851103161e-05  2.0149217615e-05 -1.7417954702e-05  7.2149224550e-06 -5.9590117986e-06  1.5656841023e-04 -2.3478890821e-04  9.8818850368e-04

JOB 18
COORDS  6.7142125453e+00 -2.0730404198e+00 -1.9914707910e+00  6.3704294740e+00 -7.5592125868e-01 -1.6702040475e+00  6.0830436743e+00 -3.1289594065e+00 -1.3256261259e+00  5.3905970856e+00 -4.9693393847e-01 -7.0940972781e-01  5.1240759836e+00 -2.8838252417e+00 -3.3969812651e-01  4.7673231280e+00 -1.5599950261e+00 -3.7668189428e-02  1.6184456579e+00 -2.0602806923e+00 -5.5707002021e-01  3.7908215490e+00 -1.2745914070e+00  9.5091883443e-01  1.5283679795e+00 -1.2216844334e+00  1.9888475230e+00  2.5763498563e+00 -3.4848563395e+00  1.4320555588e+00  2.3188458139e+00 -2.0824416620e+00  1.1075860722e+00  7.4687019463e+00 -2.2734437344e+00 -2.7468745040e+00  6.8540355394e+00  7.4581243278e-02 -2.1776430067e+00  6.3524753186e+00 -4.1560222762e+00 -1.5575132018e+00  5.1070583234e+00  5.2773082276e-01 -4.7879424833e-01  4.6633543575e+00 -3.7014841416e+00  2.0444007785e-01  6.9338911639e-01 -2.6372961557e+00 -5.1219886396e-01  2.3274791250e+00 -2.5298111363e+00 -1.2395606093e+00  1.4191290930e+00 -1.0257562100e+00 -8.3859576674e-01  3.7497231496e+00 -3.3706197837e-01  1.3382663017e+00
ENERGY -8.755575734001e+02
GRADIENT -2.1219331775e-05  1.7143529550e-05  1.9373384053e-05  1.4858379511e-05  1.1920726884e-05 -1.6414025032e-05  1.5606598146e-06 -3.5195990999e-05  1.1894913887e-06  1.5586581836e-06 -1.3203878850e-05 -2.5816108463e-06  2.3064901005e-05  6.8804111087e-06 -1.8899899471e-05  3.8959242295e-06  9.9171631186e-05  1.1898128286e-05  7.5024369520e-04 -1.4178169021e-03 -3.2800391533e-04 -1.1390837360e-03  9.2680662815e-04 -3.1332428537e-03  3.3408150980e-05  2.3424819206e-05  1.5381310649e-05 -5.5337793116e-06  3.5659375414e-05  5.9432466472e-06 -7.7762010193e-04  1.3709338201e-03  9.6527262051e-04 -2.7298516331e-06 -2.6360983551e-06  2.3573422687e-06 -4.3135311554e-06  4.6072615449e-06 -6.9101647785e-06  6.8474574137e-06 -3.2234498230e-06  3.7996539594e-06 -6.0680152625e-07 -4.5878487613e-07 -6.5599329095e-06  6.2804039081e-06  2.0062895314e-06  1.7669733709e-06  8.5859283279e-06 -1.7791524895e-05 -4.5884661108e-07  1.0947043408e-05  1.1000415766e-05 -7.7817172342e-07 -1.0498722413e-05 -7.4974451107e-06  1.8909084626e-05  1.1349600683e-03 -1.0218373902e-03  2.5141109726e-03

JOB 19
COORDS  6.8416637145e+00 -2.0771078383e+00 -1.9404364425e+00  6.5581432353e+00 -7.5326936222e-01 -1.5868886585e+00  6.0724757715e+00 -3.1079701512e+00 -1.3943146869e+00  5.5068765981e+00 -4.6419064592e-01 -7.1641543332e-01  5.0332687977e+00 -2.8363742576e+00 -4.9906614077e-01  4.7410896651e+00 -1.5048407119e+00 -1.6511643226e-01  1.4596490437e+00 -2.1959731265e+00 -4.6413016099e-01  3.6819152132e+00 -1.1541357143e+00  7.0920565599e-01  1.5795997216e+00 -1.2020217931e+00  2.0207903560e+00  2.7164489696e+00 -3.4248063602e+00  1.4938610617e+00  2.3303261925e+00 -2.0666557194e+00  1.1091676922e+00  7.6540060260e+00 -2.3004942466e+00 -2.6260681257e+00  7.1472064396e+00  6.1351056263e-02 -1.9999195516e+00  6.2919951554e+00 -4.1420282381e+00 -1.6470455369e+00  5.2717674481e+00  5.6780174036e-01 -4.6586775600e-01  4.4802742394e+00 -3.6475319746e+00 -3.9204982938e-02  6.0089063841e-01 -2.8478250287e+00 -2.9539727490e-01  2.1339467504e+00 -2.6383126888e+00 -1.1988318559e+00  1.1423748455e+00 -1.1976588874e+00 -7.6559775755e-01  3.7303903558e+00 -2.8631728022e-01  1.2327780630e+00
ENERGY -8.755564026140e+02
GRADIENT  2.7310870737e-06 -2.0188366973e-06 -4.8824312170e-07 -6.7260448655e-06 -2.0640205257e-06 -1.4560829667e-06  6.3568452742e-06  2.7001929942e-06 -2.4806434272e-06  1.0944236861e-05  2.4681253851e-06  4.6921818688e-06  6.9942521756e-06 -7.6498090520e-06 -1.1688442643e-05 -3.0225311381e-05 -3.0377174985e-05  1.3041197082e-05  3.9488479950e-04 -6.6589538218e-04 -1.5811491926e-04 -6.7233436863e-04  7.1851435044e-04 -1.5218582652e-03 -3.5951212596e-05 -2.0460153960e-05 -1.7802635633e-05 -2.7282593302e-05 -3.1964673215e-05 -1.7752351208e-05 -3.0809934703e-04  7.7060812376e-04  5.5247602308e-04  6.7611035641e-07  2.7287431344e-07 -7.8817343582e-07  1.6964235166e-09 -2.3846101806e-07  9.5340612149e-07  7.8150073050e-07 -7.9260825747e-07  1.1442594992e-07 -5.8746517136e-06  9.3903672816e-08 -5.2643123888e-06  8.1905519996e-06  7.7239113299e-06 -1.1312960831e-06  3.2728753242e-06 -1.8068686731e-05  1.3072894586e-06 -2.0739927654e-06 -1.7222367842e-05  1.1503036260e-05  4.5741964594e-06 -2.9437550354e-06  1.0041346708e-05  6.6124476276e-04 -7.2402945806e-04  1.1657330427e-03

JOB 20
COORDS  6.8780433315e+00 -2.1760464109e+00 -1.8757925030e+00  6.0337913982e+00 -1.0796777323e+00 -2.0786913951e+00  6.6876386628e+00 -3.0096128212e+00 -7.6760256049e-01  5.0046864927e+00 -8.1239946791e-01 -1.1710738128e+00  5.6512576582e+00 -2.7539671162e+00  1.3287277276e-01  4.8140558972e+00 -1.6487545140e+00 -6.5848584504e-02  1.3268244366e+00 -1.2259582680e+00 -4.0453746464e-01  3.7400458040e+00 -1.3430965236e+00  8.4138839782e-01  1.6977161397e+00 -2.1718697280e+00  2.0588365683e+00  2.5341866628e+00 -3.5315869338e+00  6.2576429108e-02  2.2934009729e+00 -2.2450186479e+00  7.2009803427e-01  7.6814022072e+00 -2.3812597963e+00 -2.5783248084e+00  6.1821023913e+00 -4.2775312110e-01 -2.9353770565e+00  7.3375959209e+00 -3.8664995539e+00 -6.1252998707e-01  4.3555134643e+00  4.9472815939e-02 -1.2985500544e+00  5.4754810400e+00 -3.4154823990e+00  9.7631632999e-01  3.7261671953e-01 -1.7358323462e+00 -5.4882121443e-01  1.8648716867e+00 -1.1515693541e+00 -1.3503663254e+00  1.1865533143e+00 -2.4842023232e-01  5.5669330440e-02  3.9919894291e+00 -1.3123408410e+00  1.8286390963e+00
ENERGY -8.755564044011e+02
GRADIENT  2.7938982892e-06 -4.1633541592e-06 -7.4683905284e-07 -1.5026949656e-05 -2.7904707596e-05  4.6493978030e-05  5.6752161779e-05 -7.1935037740e-05  9.0494806998e-06  8.9677388963e-06  1.8483568452e-05 -3.3204363056e-05  9.9261250339e-06  6.9529736741e-05 -1.0876562675e-04 -9.1819129959e-05  6.8772785692e-05  5.7558176460e-05 -2.6796045214e-04  3.6974235145e-04  5.4498438446e-04  8.0147093092e-04 -1.4311658313e-03 -1.6366731268e-05  1.3778931923e-05  8.8625425291e-06  2.9610039361e-05  1.1851343904e-05  2.3278312985e-05  2.3334691314e-05  2.4359073072e-04 -1.8088764324e-04 -7.1937477233e-04  1.0795342825e-06 -1.2571215185e-05  3.1262858436e-06  5.3888160390e-07 -6.2922415567e-06 -2.1466834884e-07  9.3675300149e-06 -6.7251902130e-06 -5.7540675600e-06  1.0846677371e-06 -3.3956568781e-07  8.9113292998e-06  9.9093768498e-07  1.4304913903e-05 -7.0121871960e-06 -2.4338570388e-06  8.7595709056e-06  6.2601263878e-06 -1.9539147967e-06  1.1777676771e-05 -1.7626730785e-07 -6.5793587291e-06 -4.3884873064e-07  4.8332102353e-06 -7.4695956238e-04  1.1903068545e-03  1.3731283421e-04

JOB 21
COORDS  6.7951059071e+00 -2.1481297524e+00 -1.9073178523e+00  5.9885214806e+00 -1.0135268448e+00 -2.0422456945e+00  6.6002740273e+00 -3.0212782636e+00 -8.3084036030e-01  4.9920889262e+00 -7.4814981817e-01 -1.0983225959e+00  5.5964596177e+00 -2.7676518081e+00  1.0642637958e-01  4.7967983451e+00 -1.6249384851e+00 -2.5521513488e-02  1.4559041745e+00 -1.3167051542e+00 -5.1458344665e-01  3.7554130300e+00 -1.3123240608e+00  9.2141053846e-01  1.6139298466e+00 -1.9784409768e+00  2.0762988113e+00  2.5448689049e+00 -3.5741639596e+00  3.2113575625e-01  2.2971358936e+00 -2.2102728331e+00  8.0008732891e-01  7.5736163455e+00 -2.3517895005e+00 -2.6376895458e+00  6.1415456733e+00 -3.3025254461e-01 -2.8732730977e+00  7.2216077469e+00 -3.9068033306e+00 -7.2829571627e-01  4.3732638389e+00  1.4189031926e-01 -1.1713132919e+00  5.4162249055e+00 -3.4591415389e+00  9.2430389309e-01  5.0555770849e-01 -1.8284750091e+00 -6.7564399650e-01  2.0705433447e+00 -1.3667601231e+00 -1.4139776766e+00  1.3009486709e+00 -2.8887143768e-01 -1.8804023702e-01  4.0503154451e+00 -1.3880184437e+00  1.8960238499e+00
ENERGY -8.755566647727e+02
GRADIENT -9.6276670398e-05  2.3355934809e-05  8.2412598788e-05  4.5478429692e-06 -4.1745414747e-05  3.4502169690e-05  4.1975117982e-05 -5.4672389404e-05  1.5681533458e-06 -1.6328220051e-04  2.1524753092e-04  3.0145411156e-06 -4.7493840393e-05 -8.4827867642e-05  1.2828966617e-04  2.0733007902e-04 -8.5466166520e-05 -1.7878939810e-04  8.4734722511e-05 -1.3731502617e-04 -1.3862785610e-04 -1.8810216218e-04  5.2086339312e-04  4.1755134365e-06 -7.1704738833e-06  8.1611264051e-06 -1.5292649024e-05  1.7623793238e-06 -7.0269748061e-06 -7.8282259846e-06 -1.2005065403e-04  6.1982032086e-05  2.1401801900e-04 -9.0812282030e-06 -1.2606940341e-05  1.3856832213e-05 -2.2894410113e-05  5.5250650867e-06  1.1395170112e-05 -1.0869219624e-05 -1.1809381707e-05  2.1703353636e-05 -1.4443062195e-05  2.9072916396e-05 -2.4086577750e-05  1.6837774501e-05 -2.4751184105e-05  9.1199800365e-06  3.0014290470e-07  7.4508443242e-06  7.1537859118e-06  2.0980540531e-06 -1.6060126247e-05 -3.0401203248e-08  2.4767503602e-05  1.7440656021e-05 -1.3045125453e-05  2.5948122505e-04 -3.9010831664e-04 -9.7769402770e-05

JOB 22
COORDS  6.7155183848e+00 -2.1210644708e+00 -1.9393352146e+00  5.9580846589e+00 -9.4662585956e-01 -2.0003508414e+00  6.5059325528e+00 -3.0347945343e+00 -9.0016982878e-01  4.9959998035e+00 -6.8319262703e-01 -1.0210815027e+00  5.5363741835e+00 -2.7814460184e+00  7.3143972087e-02  4.7844268748e+00 -1.6006156898e+00  1.4158077717e-02  1.5933515184e+00 -1.4277985098e+00 -5.9305810442e-01  3.7811868498e+00 -1.2795294010e+00  1.0040291125e+00  1.5357371873e+00 -1.7576176479e+00  2.0736340717e+00  2.5388128287e+00 -3.5793940752e+00  6.1289790267e-01  2.3015876427e+00 -2.1569132545e+00  8.9058678256e-01  7.4677267736e+00 -2.3232646059e+00 -2.6971453758e+00  6.1233275486e+00 -2.3114550316e-01 -2.8013815024e+00  7.0895396724e+00 -3.9502025175e+00 -8.5337055792e-01  4.4153010248e+00  2.3484003705e-01 -1.0374196732e+00  5.3448839453e+00 -3.5024342712e+00  8.6229592708e-01  6.4133441941e-01 -1.9373381852e+00 -7.5070501282e-01  2.2662615219e+00 -1.6137698552e+00 -1.4300953708e+00  1.4445934130e+00 -3.6211759913e-01 -4.2096901375e-01  4.1184700612e+00 -1.4536835573e+00  1.9534938691e+00
ENERGY -8.755559533294e+02
GRADIENT -6.6043705947e-05  2.8173783597e-05  4.8049451735e-05 -6.6174696715e-06 -7.3757476084e-05  7.3055814544e-05  1.5286149537e-04 -2.4936518297e-04  2.2196759615e-05 -5.1634194173e-05  6.1518083953e-05 -1.5817706828e-05  5.1986117432e-05  2.0787401250e-04 -2.1742947488e-04 -7.0634089994e-05 -1.7226920673e-05  6.2101799141e-05  5.7202808635e-04 -9.1917847537e-04 -7.1774614002e-04 -1.2420655069e-03  2.2369359663e-03  7.3561797698e-04 -2.0744733418e-05  2.0084980597e-05 -1.6678225365e-05 -2.7912478800e-05 -1.9431726869e-05 -2.7081390321e-05 -5.6643046472e-04  7.7557792349e-04  8.7030110740e-04 -2.7826083567e-06 -2.5637698265e-05  2.0243430558e-05 -9.9049229003e-06 -3.3941727282e-07  1.3031375575e-05  1.8421601874e-05 -2.4501257286e-05 -1.1733155395e-05 -8.6854296146e-06  3.1587744898e-06  1.5457631916e-05  1.0502879533e-05  9.1328566309e-06 -3.1935619388e-05  2.5758840318e-05 -2.4463710233e-05 -1.6443663283e-05  2.3248530569e-05  1.1003900227e-05  5.9400913021e-06  6.1864822644e-06  7.6973376391e-06 -3.5725599686e-07  1.1734416323e-03 -2.0192289272e-03 -7.8232596734e-04

JOB 23
COORDS  6.6277220149e+00 -2.0807150791e+00 -1.9613850359e+00  5.9367684674e+00 -8.6429564463e-01 -1.9407496306e+00  6.3869193755e+00 -3.0378419906e+00 -9.6927123784e-01  5.0093376092e+00 -6.0468578472e-01 -9.2792472850e-01  5.4527179833e+00 -2.7872987477e+00  3.9488627101e-02  4.7659077965e+00 -1.5659313443e+00  5.9469890237e-02  1.7285346303e+00 -1.5710193441e+00 -6.4947034645e-01  3.7997653335e+00 -1.2400814570e+00  1.0887379357e+00  1.4447995698e+00 -1.5099229066e+00  2.0242327741e+00  2.5079116912e+00 -3.5388988423e+00  9.3576605741e-01  2.2938316436e+00 -2.0847515513e+00  9.7990291178e-01  7.3531518408e+00 -2.2811514249e+00 -2.7453231369e+00  6.1266530080e+00 -1.1501483762e-01 -2.7045518112e+00  6.9203646854e+00 -3.9844018670e+00 -9.8495186362e-01  4.4775881475e+00  3.4144287600e-01 -8.8191578878e-01  5.2373255026e+00 -3.5388274986e+00  7.9323516939e-01  7.4835578444e-01 -2.0350369385e+00 -7.7188767179e-01  2.4229324162e+00 -1.9409898082e+00 -1.4025848344e+00  1.6471350842e+00 -4.8437979624e-01 -6.6934690662e-01  4.1684176177e+00 -1.4999224826e+00  2.0075625502e+00
ENERGY -8.755543533260e+02
GRADIENT -1.6363023889e-05  4.0803693249e-06  1.6836964724e-05  1.3476424495e-05  2.4313073665e-05 -2.8223131312e-05 -5.7621236714e-06  6.2258229966e-06 -7.4399804500e-06  1.4783715539e-05 -8.7657269035e-06  2.1110187297e-05 -2.0909285309e-05 -3.5886073979e-05  1.5508145310e-05  3.5855603196e-05 -5.2266708476e-06 -4.5629039348e-05  1.0322437647e-03 -1.7100876999e-03 -9.0273925746e-04 -1.9652511345e-03  3.1340357726e-03  1.6467814378e-03  8.2772031492e-06 -4.5327751889e-06 -5.9701304095e-07 -4.8988590086e-06 -1.3886449781e-05 -1.2591416470e-06 -9.1693394833e-04  1.6244160556e-03  8.4213807856e-04 -3.8735849754e-08  3.5720195005e-06 -1.4135043048e-06  3.4338519858e-06  4.1099904848e-06 -1.0844935066e-06 -3.5837325594e-06 -3.9101366991e-06 -2.1171006868e-06  1.7927112830e-06 -2.4284567766e-06 -4.3382313894e-06 -1.6871630024e-06 -7.4670214802e-06 -4.4407927779e-06  3.2729783181e-07  2.9570786512e-06 -1.1290082068e-05  2.7509124941e-06 -1.7937807476e-06 -1.6077701126e-06 -1.6359889956e-07  1.9829980264e-07 -1.0997674772e-05  1.8284925632e-03 -3.0529193059e-03 -1.5970613115e-03

