JOB 0
COORDS -8.3333975323e-01  1.2106547284e+00  1.2998900206e+00 -3.1914221420e-01 -2.7641570967e+00  2.1408107635e+00  1.4436100169e+00  9.5117116719e-01  3.7582886096e-01  1.0768466353e+00  1.5087424609e+00  2.8355931235e+00  5.3884418536e-01  7.4786162838e-01  1.6079853103e+00 -1.8779701880e+00  1.6566509885e+00  1.0553621708e+00 -4.5615057400e-01 -1.3206826232e+00  1.8257795719e+00  6.1087399114e-01 -6.9648926280e-01  1.9436007199e+00  7.9396969353e-01 -3.1153411793e+00  2.8398452512e+00 -1.2153802684e+00 -3.5080109766e+00  1.7948002856e+00  2.4498613342e+00  5.8760986207e-01  6.0051521908e-01  1.0498815217e+00  4.0465512715e-01 -4.8433346679e-01  1.4943284044e+00  2.0134687900e+00  1.2602521179e-01  2.0885520159e+00  1.1622235604e+00  3.0625177628e+00  4.3790443991e-01  1.3394646813e+00  3.7056497171e+00  1.1048410247e+00  2.5800836710e+00  2.6240575759e+00  9.7375756340e-01 -4.1036401086e+00  2.9548730907e+00  1.5608492395e+00 -2.4570698785e+00  2.8999237956e+00
ENERGY -4.896142767796e+02
GRADIENT -6.0115638615e-06 -6.7639416133e-06  4.0224408554e-06  1.6473780467e-04 -1.2316875063e-04 -2.3207479538e-04 -4.0648760428e-06  2.1693287852e-06 -7.3591704426e-06  5.7207572842e-06  1.0139315409e-05 -1.2306169518e-05  2.4262365164e-05  1.9283599945e-05  1.0106028936e-05  3.9856484740e-06  1.1685625700e-05  8.3994447709e-06  4.5148785513e-05 -6.1850982706e-05 -2.5503352582e-04 -6.8540383940e-05  1.1207362725e-04  2.7445478579e-04  3.4952768703e-05  2.9638237158e-05 -4.9529210227e-05 -1.5027970208e-04  3.0680373287e-05  2.5914162045e-04 -2.8937127018e-06 -5.0945161716e-06 -5.2494934137e-06 -8.3041140211e-06  4.2247998531e-06  7.6579716937e-08  3.5847090297e-06  1.6904907756e-06  1.6767187925e-06  7.1831646277e-06  5.0339399083e-06 -5.9881477296e-06  9.6689977970e-06 -1.3332178197e-06  2.8972606480e-06  1.0310022546e-06  3.6780979920e-06  4.6703217461e-06 -3.4321622292e-05  1.5572918675e-06  1.0945598258e-05 -1.2897358292e-05  3.6123227581e-07  1.5703273911e-05

JOB 1
COORDS -8.4331085552e-01  1.2008102952e+00  1.3614774231e+00 -2.6163153301e-01 -2.7859319365e+00  2.0506985086e+00  1.3943296044e+00  9.6968018583e-01  3.3626897488e-01  1.1289698925e+00  1.4852762338e+00  2.8183033128e+00  5.4357294278e-01  7.4207975581e-01  1.6020694343e+00 -1.9028665107e+00  1.6401892498e+00  1.1761518906e+00 -4.2564297490e-01 -1.3410510428e+00  1.7889169010e+00  6.3647985545e-01 -7.0834993974e-01  1.9102673950e+00  6.7118502939e-01 -3.1047567397e+00  2.9930200584e+00 -9.9291648019e-01 -3.5606029682e+00  1.4670868381e+00  2.4106599443e+00  6.0756385672e-01  5.1271335101e-01  9.6702329394e-01  4.3388607086e-01 -5.1451321428e-01  1.4297273494e+00  2.0359921824e+00  1.0120036512e-01  2.1507581904e+00  1.1399636981e+00  2.9967751724e+00  5.2757090018e-01  1.2994439296e+00  3.7116016089e+00  1.1439674090e+00  2.5601560347e+00  2.6241410747e+00  8.9611915347e-01 -4.0871688712e+00  3.0850395412e+00  1.3967342218e+00 -2.4261720061e+00  3.1912738084e+00
ENERGY -4.896143501445e+02
GRADIENT  4.1336335892e-06  1.5527114656e-05  4.5708500161e-06 -9.1788029992e-06  1.0309519827e-04 -2.5096184874e-05  1.1087096632e-05  1.3309483103e-05  1.5973282555e-05 -1.5901563627e-06  1.8678781327e-06  1.8651588367e-05  1.5962355452e-06 -2.8196952788e-06 -1.6725298947e-05  5.7216201028e-06  4.3004158211e-07 -1.3873425189e-05 -1.9254282461e-05 -5.5290757270e-05  3.6280673237e-05 -2.8357561993e-06  8.4678463757e-08 -5.0931719137e-05 -2.0922996545e-05 -3.9791580680e-05  3.5547573163e-05  9.6380812507e-06  1.4687799001e-06  5.8217336658e-06  3.8383037980e-06  5.8245355908e-06  3.3062751834e-06  8.0126192696e-06 -6.0213543171e-08 -7.2732407529e-07  1.5925986268e-06  1.3895407257e-06 -6.0934238116e-06 -6.6608824036e-07  6.5056473384e-07  3.2561699880e-06 -4.1807878099e-06  5.4723278237e-06 -3.6080621237e-06  6.5481928735e-06  2.7802672545e-06 -2.7637063538e-06  9.5698930685e-06  2.8906488548e-06 -5.0776791638e-06  6.4292706184e-06  1.0685137852e-06 -8.9576041186e-06

JOB 2
COORDS -8.2644082506e-01  1.2385392659e+00  1.4335613902e+00 -1.8799400283e-01 -2.7596657757e+00  1.9434276472e+00  1.3584739627e+00  1.0144973025e+00  2.9647778554e-01  1.2149645258e+00  1.5156943862e+00  2.7918372396e+00  5.7119281770e-01  7.8060550302e-01  1.6017333222e+00 -1.8973548200e+00  1.6735640887e+00  1.3146863651e+00 -3.7285248376e-01 -1.3167945481e+00  1.7278540240e+00  6.7800760791e-01 -6.7446126474e-01  1.8925501786e+00  4.6128068572e-01 -3.0823766061e+00  3.0998329118e+00 -6.7643868277e-01 -3.5330280574e+00  1.1443867182e+00  2.3797576004e+00  6.4390789712e-01  4.1855000810e-01  8.8478099648e-01  4.8783424253e-01 -5.3513780848e-01  1.3896533255e+00  2.0826668321e+00  6.9142203319e-02  2.2447196364e+00  1.1703749923e+00  2.9159350935e+00  6.5980207228e-01  1.3224410625e+00  3.7133169574e+00  1.2185215795e+00  2.5922663363e+00  2.6069194167e+00  7.0764808170e-01 -4.0581613672e+00  3.2120606906e+00  1.0831100801e+00 -2.3927172615e+00  3.5040485786e+00
ENERGY -4.896142663074e+02
GRADIENT -1.7465866104e-05 -2.9982981064e-05  3.3359176320e-06 -8.8920758680e-05 -1.9397522750e-04  8.0681422689e-05 -1.3745813264e-05 -1.1825729334e-06 -1.4458589294e-05 -8.3533326747e-07 -4.5217066141e-06 -6.2550174552e-06  6.1127040274e-06 -1.5726419014e-05 -1.6487022518e-05  2.1612716096e-06  1.6740597645e-05  1.3340147572e-05 -1.9769572881e-05  2.0149978211e-04  8.3824743624e-05 -7.9197312443e-06 -2.5242867737e-05 -8.9804362579e-05 -6.8565166564e-05 -5.2234191565e-05  6.1822984777e-05  1.3867892271e-04  9.1269432832e-05 -3.4987512954e-05 -5.7672175549e-06 -3.3588866274e-06 -3.9388049584e-06 -1.0499403672e-05  1.2774827451e-06  2.1021289756e-06 -3.5361984006e-06 -1.4947451640e-06  3.6442360169e-06  1.4251558542e-06 -1.7986528558e-06 -8.6733435256e-07  4.7809191015e-06  5.5159785782e-07  3.0788260488e-06 -1.9594323584e-06 -3.9153001259e-06 -3.6397570821e-06  3.4080081709e-06  3.9482415508e-06 -3.8697961354e-05  2.8209022093e-05  1.5724011385e-05 -4.2088159571e-06

JOB 3
COORDS -8.3134370288e-01  1.2167768248e+00  1.5088733952e+00 -8.8534682957e-02 -2.7678435500e+00  1.9045151986e+00  1.2993619178e+00  1.0433912981e+00  2.6300165164e-01  1.2694430175e+00  1.5228134255e+00  2.7665557396e+00  5.8157845079e-01  7.8585281686e-01  1.6032307449e+00 -1.9179911460e+00  1.6246859195e+00  1.4516350338e+00 -3.1307997307e-01 -1.3319440071e+00  1.7301147951e+00  7.2967815943e-01 -6.7121384308e-01  1.8734768668e+00  2.9684220328e-01 -3.1188286251e+00  3.1649125492e+00 -3.3751400665e-01 -3.5198625094e+00  9.8345715556e-01  2.3312220469e+00  6.8887485028e-01  3.3212264025e-01  7.9458081888e-01  5.1416893173e-01 -5.4841146209e-01  1.3018791175e+00  2.1136349951e+00  4.3164946723e-02  2.3091279652e+00  1.1930000025e+00  2.8382419825e+00  7.6281482100e-01  1.3137684864e+00  3.7124048626e+00  1.2466365419e+00  2.6007868639e+00  2.5913865425e+00  5.4811457263e-01 -4.0898720344e+00  3.3049625602e+00  7.5127225352e-01 -2.4274047451e+00  3.7475344735e+00
ENERGY -4.896141377378e+02
GRADIENT  9.8352466059e-06 -2.2652766730e-05 -3.8375377368e-06 -3.5640923762e-04  1.0145571978e-04  1.0468394936e-04 -7.9892131701e-06 -2.0912806260e-05  4.8416254045e-06  6.3561306543e-08 -6.5413279668e-06 -1.8271175991e-06 -1.9353089113e-05  4.3270234511e-05 -9.8377349123e-06 -3.0319232114e-06  8.5825513193e-08  1.0956438242e-05  4.8949612980e-05 -3.6847147529e-05  2.7666388080e-04  6.8375275289e-05 -8.3913493081e-06 -2.1366072530e-04 -3.6195306922e-05 -4.0207987629e-05 -3.8653162945e-05  2.5861226740e-04 -1.4420440728e-05 -1.2600035210e-04 -4.5853695405e-06 -2.6138798915e-06 -1.0236679192e-06 -6.0902957488e-06  4.6393404907e-06 -1.1508864355e-06  2.9012029804e-06  1.3496877610e-06  1.6539147598e-06 -1.0045262798e-06  6.0346441799e-06 -4.3996254596e-06  2.8216025119e-06 -3.3756893561e-06  4.2450347089e-06 -1.0230331436e-05  3.1530925934e-08  4.7233553166e-06  1.9314709586e-05 -6.0771654870e-06  3.8642829281e-05  2.4001449792e-05 -4.0611058415e-06  1.5422038869e-06

JOB 4
COORDS -8.3585450288e-01  1.1232588873e+00  1.6547821629e+00  1.3217090942e-01 -2.8128219017e+00  1.9702355371e+00  1.1937304361e+00  1.0348639917e+00  2.3786345809e-01  1.3428714963e+00  1.5574652902e+00  2.7286297299e+00  6.0081221967e-01  7.6786826555e-01  1.6360788886e+00 -1.9467515244e+00  1.4626352583e+00  1.6946399068e+00 -1.6363854144e-01 -1.3948855419e+00  1.7982912769e+00  8.4403452095e-01 -6.7712196141e-01  1.9106378559e+00  2.7634167463e-01 -3.1798045266e+00  3.2729988512e+00  1.6419887109e-01 -3.5469503709e+00  1.0018339223e+00  2.2433891479e+00  7.2953368882e-01  2.2766120071e-01  6.5117538649e-01  4.6728833166e-01 -5.2151767093e-01  1.1276861514e+00  2.1001060083e+00  3.8841062623e-03  2.3987117627e+00  1.2753207875e+00  2.7211911629e+00  9.2561265894e-01  1.3420050431e+00  3.7157478748e+00  1.2552831723e+00  2.6299472365e+00  2.5405139105e+00  2.6516711272e-01 -4.1692991843e+00  3.4861123306e+00  8.7880974734e-02 -2.5218019472e+00  4.0167233156e+00
ENERGY -4.896140208830e+02
GRADIENT -2.3039384301e-05 -7.0113703124e-05  2.2401981676e-05  1.1798542468e-03  1.6560065486e-04  1.7669710464e-04 -6.1198917149e-06 -1.3007339105e-05 -6.4117318131e-06  3.8342872897e-06 -1.5628957672e-05  4.7076811349e-06 -4.3599374281e-06 -3.4604389040e-05 -1.5406405728e-05  7.8304175935e-06  3.4953223386e-05 -9.9278486154e-06 -1.9143958600e-04 -5.4844260166e-05 -1.0042198700e-03 -1.1859295987e-04  4.8866093155e-05  7.9461190851e-04  2.9595794075e-05  4.8580129821e-05  5.9082166432e-05 -8.3390148203e-04 -1.3751679205e-04  9.4448957211e-05  2.1665498109e-06  2.0614791542e-06  2.9546215223e-06  3.9413148427e-06 -7.7405144082e-06  4.1094854641e-07 -5.3562679030e-06 -6.5504154260e-06 -2.5408727447e-06 -1.6197078650e-06 -5.7978720410e-06  1.9892921066e-06 -3.4845246566e-06  4.6103156475e-06  1.5599030125e-06 -4.8263792934e-06 -7.8324471869e-06 -8.7482812311e-06 -3.4816007034e-05 -2.8375407989e-06 -7.4067898195e-05  2.8025180342e-06  3.4340699987e-06 -6.3427412144e-07

JOB 5
COORDS -8.1682701249e-01  1.1118390995e+00  1.7124061779e+00  2.4174523069e-01 -2.8017683943e+00  1.9896381187e+00  1.1531453702e+00  1.0701056771e+00  2.1073328357e-01  1.3971179756e+00  1.5854024331e+00  2.6956282466e+00  6.2473516881e-01  7.8613926566e-01  1.6313892638e+00 -1.9337369188e+00  1.4214739927e+00  1.7997023856e+00 -9.0518657491e-02 -1.3897060368e+00  1.8406415345e+00  9.0874599933e-01 -6.5451138180e-01  1.8867996703e+00  1.5785402828e-01 -3.2220713277e+00  3.2836662816e+00  4.9262776063e-01 -3.4870337494e+00  1.0176690360e+00  2.2062761498e+00  7.8254069273e-01  1.5474898698e-01  5.8922763554e-01  4.9703688985e-01 -5.2868707206e-01  1.0591581532e+00  2.1352644541e+00 -1.3914518711e-02  2.4570283910e+00  1.3247253979e+00  2.6407760342e+00  1.0278740980e+00  1.3555659551e+00  3.6983971505e+00  1.2798204589e+00  2.6567948200e+00  2.5175720343e+00  1.2930335218e-01 -4.2220005355e+00  3.4414938352e+00 -2.7439222890e-01 -2.6226810066e+00  3.9747682791e+00
ENERGY -4.896144290733e+02
GRADIENT  1.4336963268e-05  4.6817557183e-05 -9.9457790641e-06  9.4925779633e-04  3.1947462347e-04  2.8321904535e-04  3.2926336788e-06  9.7141439775e-07 -2.8027260118e-06 -6.2311306403e-06  5.0540290243e-06 -7.7354542862e-06  6.5373340035e-06  1.4865281915e-05  7.7520532065e-06 -6.7167764029e-06 -3.2570796661e-05 -1.6853075110e-08 -1.9439229086e-04 -2.2391149817e-04 -8.6346540644e-04 -8.2725525224e-05  6.4147022218e-05  6.5053817013e-04  3.6268524052e-05 -8.4987864673e-06 -3.9533941148e-06 -6.9941022697e-04 -1.9450890711e-04 -7.1251049748e-05 -4.7003751487e-07 -7.4212079966e-06  2.0038179160e-06 -1.2813002338e-06 -4.2593850882e-06  2.5734902020e-06  5.1556430422e-06 -3.7011192762e-06 -1.1047490479e-06 -1.2195851605e-06  2.3423033924e-06  1.7089471905e-06 -5.6900251946e-07 -6.4805365092e-07  6.9314945400e-07 -1.2742946203e-07  2.2334252345e-06  1.5923064257e-06 -6.3408517069e-06 -2.2688333506e-06  4.8208864713e-05 -2.8555089855e-05 -9.6390633887e-06  7.1697949498e-06

JOB 6
COORDS -8.0515581267e-01  1.0868367986e+00  1.7652760350e+00  3.3194089970e-01 -2.8016630087e+00  2.0754979125e+00  1.1104613025e+00  1.0740164538e+00  1.9434931276e-01  1.4346723444e+00  1.6027314559e+00  2.6671529835e+00  6.3836733985e-01  7.8565078767e-01  1.6339444479e+00 -1.9238887179e+00  1.3777955273e+00  1.8869202063e+00 -3.1145230928e-02 -1.3943236300e+00  1.9264670746e+00  9.5830521400e-01 -6.4701321359e-01  1.8833714871e+00  3.3912376838e-02 -3.2621208665e+00  3.3244358875e+00  7.8013914992e-01 -3.4489240253e+00  1.1497745127e+00  2.1668669151e+00  8.0897897362e-01  1.0267837235e-01  5.3398893876e-01  4.8578399387e-01 -5.2318455732e-01  9.8488747866e-01  2.1358278159e+00 -3.0745188992e-02  2.4958030472e+00  1.3573559651e+00  2.5770740139e+00  1.1033783371e+00  1.3726721361e+00  3.6829498336e+00  1.2951187067e+00  2.6711362945e+00  2.4870685416e+00  2.3979089536e-02 -4.2669413791e+00  3.4495795856e+00 -5.6999352799e-01 -2.7086846677e+00  3.9190956360e+00
ENERGY -4.896147725492e+02
GRADIENT -8.5090480207e-06 -1.8313443064e-05  5.2218828327e-06  9.3215700143e-04  2.8706526956e-04  4.5642202145e-04 -1.3032642212e-07  1.6387634290e-05 -1.4076502227e-06  6.7692341902e-06 -1.4733996266e-07  6.9921075904e-07  2.0201381549e-05  1.2918497002e-05 -3.6035255165e-06  6.9090078857e-06  2.1609983847e-05  8.0352949165e-07 -2.8004827011e-04 -2.5627210138e-04 -8.9334382704e-04 -2.9948209701e-05  1.0421401612e-04  6.1631517930e-04  2.6396241293e-05  4.2261767838e-05  4.3472931792e-05 -6.4978900379e-04 -1.9700480420e-04 -2.1653877219e-04  1.1563743241e-06  1.5945793420e-05  1.1300434942e-06  4.4365820272e-06 -2.3364240043e-06  2.1559477540e-07 -1.1503590515e-05  3.5510949010e-06 -5.3157280719e-06 -2.0942372604e-06 -6.9236567380e-06  4.3288738024e-06 -6.4900484066e-06  5.9389453474e-06 -1.0980311252e-06  9.9337735280e-06  3.1518755854e-06 -8.7900737918e-07 -2.0717034294e-05  1.8860407074e-06 -5.3800550987e-05 -2.0315630247e-05 -5.9768639435e-07 -2.3375621361e-06

JOB 7
COORDS -7.8731413386e-01  1.0796753827e+00  1.8180822956e+00  4.1671950548e-01 -2.7886437728e+00  2.1577787340e+00  1.0731171069e+00  1.0871780913e+00  1.8220101225e-01  1.4768482805e+00  1.6243375676e+00  2.6413007926e+00  6.5468119999e-01  7.9523936907e-01  1.6377253488e+00 -1.9057486679e+00  1.3559392313e+00  1.9723657920e+00  2.5404898753e-02 -1.3835837024e+00  2.0068382075e+00  1.0024591978e+00 -6.3075432964e-01  1.8777237503e+00 -8.4242284889e-02 -3.2948701970e+00  3.3207511857e+00  1.0483003249e+00 -3.3927670000e+00  1.3138509163e+00  2.1277224277e+00  8.3083466106e-01  5.3640825662e-02  4.7701566856e-01  4.9415439394e-01 -5.1511465040e-01  9.3016346472e-01  2.1477647367e+00 -3.8225619188e-02  2.5372105442e+00  1.3930918859e+00  2.5130818299e+00  1.1851251185e+00  1.3905400674e+00  3.6682557789e+00  1.3161995785e+00  2.6904508000e+00  2.4651735310e+00 -5.3577567844e-02 -4.2997583119e+00  3.4380464058e+00 -8.0800625633e-01 -2.7804775610e+00  3.8064659420e+00
ENERGY -4.896151194488e+02
GRADIENT  5.4587946423e-06  1.7470265505e-05 -7.7506515467e-06  9.8575648692e-04  3.5289731077e-04  7.4599292756e-04  1.8493320814e-06 -6.8582889539e-06 -9.6067087863e-07 -2.1825262692e-06 -6.8496046232e-06  3.3277440746e-06 -2.3718950431e-05 -3.4389743750e-05  1.0360914861e-05 -4.9340251661e-06 -1.3777406799e-05 -6.7449664770e-07 -3.3513986061e-04 -1.5733122359e-04 -1.1204420136e-03  3.9221985153e-05  5.9398062864e-05  7.0534624817e-04 -1.9957741095e-05 -5.4886779616e-06 -2.7540324775e-05 -6.8383137858e-04 -2.1489768560e-04 -3.5352289714e-04 -2.2057416006e-06 -6.2344217985e-06 -2.1858370581e-06 -3.8606216395e-06  5.4129768834e-06 -3.1848181009e-06  3.9210227465e-06  6.1040393325e-07  4.1531667634e-06  3.0754247148e-08 -3.5559106106e-07 -2.3247357469e-06  1.7269669312e-06 -4.4963848559e-06  8.6621578883e-08 -3.9741168526e-06 -3.9378996697e-06  3.5749505215e-07  7.5471815793e-06 -9.4668794673e-07  6.7625506721e-06  1.1545951974e-05 -1.4223824258e-06 -8.8055262068e-08

JOB 8
COORDS -7.7795923701e-01  1.0722090286e+00  1.8460226613e+00  4.6993650270e-01 -2.7848215273e+00  2.2014722439e+00  1.0359866249e+00  1.1065073184e+00  1.5970968797e-01  1.5065106410e+00  1.6197702091e+00  2.6116459622e+00  6.6012681233e-01  7.9593880348e-01  1.6229805037e+00 -1.8937376676e+00  1.3428398886e+00  2.0270737613e+00  5.9680074050e-02 -1.3772836173e+00  2.0585735355e+00  1.0231880611e+00 -6.2828404145e-01  1.8389728859e+00 -2.0465542113e-01 -3.3415883979e+00  3.2463732310e+00  1.2522878294e+00 -3.3441769095e+00  1.4599254011e+00  2.0896379876e+00  8.6398895481e-01  9.0322047068e-04  4.2863929149e-01  5.1323387597e-01 -5.2771730758e-01  8.7396792067e-01  2.1671473101e+00 -4.6799546030e-02  2.5636259223e+00  1.3910702128e+00  2.4552984003e+00  1.2403476066e+00  1.3784088381e+00  3.6437195401e+00  1.3396460620e+00  2.6866697033e+00  2.4461175656e+00 -1.4216750217e-01 -4.3439426811e+00  3.3679655007e+00 -9.9936905286e-01 -2.8520210478e+00  3.6368351220e+00
ENERGY -4.896154961479e+02
GRADIENT -7.3948481847e-06 -1.6553168958e-05 -4.0910636987e-05  7.8424034437e-04  4.0807242959e-04  7.8713618143e-04 -9.9515084100e-07 -9.9231594983e-06 -1.0208713481e-05 -1.6759616135e-06  1.5756068595e-06 -1.3684526151e-05  5.0217827830e-06  1.9070239553e-05  2.2584402285e-05  4.9651857475e-06 -1.3622250914e-06  2.1763377626e-05 -3.1303641773e-04 -2.3955121553e-04 -1.0039275223e-03  6.9305298638e-05  5.6981741686e-05  6.2531352172e-04  1.9153032650e-05 -4.4325943338e-05 -2.8473565164e-05 -5.0670230645e-04 -2.0081829338e-04 -4.1242936601e-04  5.6767089938e-06  4.6222888141e-06  1.2768584055e-06  8.3359825770e-06 -8.4803903154e-06 -2.6719795214e-08 -9.6502795451e-07 -3.1252791359e-06 -2.6436273292e-06 -2.5566360091e-06 -3.7510946760e-07  3.1166146333e-06 -5.5415284726e-06  2.1560529646e-06 -8.3344727581e-07 -2.8701969893e-06  6.5197489938e-08 -9.3756197836e-07 -8.2303752509e-06 -1.0646166419e-05  3.2454205575e-05  3.1751493187e-06 -6.2234866693e-06 -4.3290678833e-07

JOB 9
COORDS -7.5981503300e-01  1.0643919043e+00  1.8849248597e+00  5.4357989087e-01 -2.7776577567e+00  2.2729692690e+00  1.0016885891e+00  1.1140354909e+00  1.4587880039e-01  1.5446215929e+00  1.6252151177e+00  2.5827285876e+00  6.7306472430e-01  7.9698822497e-01  1.6189908267e+00 -1.8731441573e+00  1.3278529715e+00  2.0900985674e+00  1.0921039565e-01 -1.3702761655e+00  2.1191573010e+00  1.0533376243e+00 -6.2296191256e-01  1.8240729285e+00 -2.9420474807e-01 -3.3832699239e+00  3.1576965223e+00  1.4688152307e+00 -3.2915951417e+00  1.6785760246e+00  2.0512520860e+00  8.7793940464e-01 -4.5884662498e-02  3.7664549220e-01  5.1972931726e-01 -5.2469340499e-01  8.2691103057e-01  2.1741940692e+00 -5.2508492718e-02  2.5977610933e+00  1.4028427712e+00  2.3939466191e+00  1.3111763235e+00  1.3809568889e+00  3.6219571201e+00  1.3661159771e+00  2.6911607914e+00  2.4230421887e+00 -2.0392833194e-01 -4.3792451477e+00  3.3066160213e+00 -1.1339105800e+00 -2.9059428241e+00  3.4577973869e+00
ENERGY -4.896158349024e+02
GRADIENT  7.2922752939e-06  5.9870921725e-06  4.7412828333e-05  5.5534252183e-04  1.8827337870e-04  7.7872227777e-04  2.0353008405e-06  6.4459044383e-06  8.2968944740e-06 -1.9899197102e-06 -4.7455149593e-06  1.6440182439e-05 -1.6312770221e-05 -3.8125263476e-05 -2.2802314765e-05 -9.0613329793e-06 -2.0430244946e-06 -3.0512279502e-05 -2.8433805817e-04 -6.8583935021e-05 -8.1982334023e-04  8.0301974351e-05  4.5670901636e-05  4.6760650703e-04  1.0208097793e-05  1.0217562706e-05  1.5809446856e-06 -3.7838912883e-04 -1.3072362962e-04 -4.1145554461e-04 -5.2006225116e-06 -1.0418922457e-05  4.9211926883e-07 -7.2970073857e-06  4.0043647369e-06  8.4181234926e-07  2.2469837735e-06 -1.7693795870e-06  2.7223875171e-06  3.4588527371e-07  2.6105604372e-06 -2.1150676176e-06  2.7205349968e-06 -2.3413073138e-06  1.3675979584e-06 -3.7155112915e-06 -2.0199347104e-06 -7.3536157616e-07 -4.4257366821e-06  2.2346067769e-06  7.7052968866e-06 -1.2325863514e-06  5.1343094040e-06  4.2480529472e-06

JOB 10
COORDS -7.5903312107e-01  1.0675400735e+00  1.9449115548e+00  5.7276120308e-01 -2.7650518450e+00  2.3840252594e+00  9.4349617448e-01  1.0957778525e+00  1.4846323736e-01  1.5677773676e+00  1.6375829472e+00  2.5587148211e+00  6.6466980746e-01  7.9651740561e-01  1.6353486297e+00 -1.8657670172e+00  1.3334964061e+00  2.1804030722e+00  1.2465030940e-01 -1.3580756776e+00  2.2066583796e+00  1.0532543318e+00 -6.1940824029e-01  1.8483546385e+00 -4.0330284178e-01 -3.4206469813e+00  3.0654644108e+00  1.6136093294e+00 -3.2347954733e+00  1.9739669229e+00  1.9866925925e+00  8.5934992993e-01 -7.5033758406e-02  2.9766102002e-01  4.9251410929e-01 -4.9391544936e-01  7.5984924429e-01  2.1530186017e+00 -5.7382969611e-02  2.6140169080e+00  1.4109613042e+00  2.3393174548e+00  1.3676738636e+00  1.4080879313e+00  3.6081478917e+00  1.3846845969e+00  2.7012901917e+00  2.3893558128e+00 -2.9918328233e-01 -4.4094787337e+00  3.2471369816e+00 -1.2700227203e+00 -2.9486033805e+00  3.2859744088e+00
ENERGY -4.896160548667e+02
GRADIENT  6.4410078406e-06  8.6083378355e-06  3.9283534130e-06  2.8532963596e-04 -1.5359197078e-04  6.0245433415e-04 -1.5817622090e-05 -4.9037679594e-06  4.1480591027e-06  6.5349613579e-06  3.3276803492e-05 -3.5071646292e-06  3.0883870538e-06 -9.8554078962e-06 -4.8750733721e-05 -2.7510510636e-06 -4.4696336600e-06  1.0156968386e-07 -7.5269723102e-05  1.4705229375e-04 -6.3865680778e-04  6.5290481051e-05  9.0912887047e-05  3.3095019670e-04 -1.2502726375e-05 -1.1851975115e-04 -9.2429164211e-07 -2.9328051144e-04  3.2879822156e-05 -2.5253943354e-04  2.3024263954e-06  3.9217521923e-06 -4.0055382384e-06 -4.6851477449e-06  9.4779591356e-06 -1.0592639524e-06  9.5101348178e-06  6.4890594958e-06 -1.7485260685e-06 -2.1325133507e-06 -4.5004354108e-06  9.3414306176e-07  4.4023611347e-06 -5.3232721035e-06 -2.2650254026e-06 -3.2760368346e-06 -1.0156856648e-06  9.0133652066e-07  5.0996178779e-05 -4.7756657147e-06 -3.1469542696e-05 -3.1328209024e-06  2.1368704718e-05  8.9331561622e-06

JOB 11
COORDS -7.4336263432e-01  1.0857019732e+00  1.9802389086e+00  6.1840367714e-01 -2.7334295134e+00  2.4617924604e+00  9.0783939212e-01  1.1048161216e+00  1.3802978254e-01  1.6014193456e+00  1.6556575909e+00  2.5271062005e+00  6.7131433908e-01  8.1179809529e-01  1.6333983584e+00 -1.8447874299e+00  1.3531382445e+00  2.2378565600e+00  1.5883578920e-01 -1.3296368431e+00  2.2734569532e+00  1.0656414976e+00 -6.0223000127e-01  1.8436906576e+00 -4.4126702637e-01 -3.4431630076e+00  2.9296642785e+00  1.7329713614e+00 -3.1556785640e+00  2.2351834806e+00  1.9471940645e+00  8.7774326518e-01 -1.1140349565e-01  2.5158972738e-01  4.9098094593e-01 -4.8359159239e-01  7.0725962874e-01  2.1585544440e+00 -6.9696452725e-02  2.6407963070e+00  1.4238996448e+00  2.2820640806e+00  1.4280476834e+00  1.4338836167e+00  3.5829004496e+00  1.4173861744e+00  2.7188348065e+00  2.3550086324e+00 -3.2994560078e-01 -4.4273676045e+00  3.1307918036e+00 -1.3274551733e+00 -2.9831749425e+00  3.0899816257e+00
ENERGY -4.896161352721e+02
GRADIENT -3.3101276896e-05  3.2879998534e-05 -4.9247776102e-05  7.4131414106e-05 -8.1463779041e-05  7.0487306021e-05  3.6985537668e-05 -1.9904060834e-05 -9.0323992116e-05 -5.1786190928e-05 -1.2317632317e-04 -1.3515744639e-04  8.0388193528e-05  2.4161347938e-05  2.8917747040e-04  7.5000041818e-06 -2.2948497866e-06  7.2668652543e-07 -2.5298321464e-05  4.7427687771e-05 -5.1663849048e-06 -5.0604192100e-05  7.7706212067e-05 -8.1843375599e-05 -2.8157328643e-05 -3.7063114991e-06 -7.8393736523e-05 -3.5767531122e-05  1.5101235317e-06 -2.3487898864e-05  3.5435127947e-06  1.2807636074e-05  7.8088143719e-06  1.4990155724e-05 -2.7816357497e-05  3.7236365736e-06 -3.6948585188e-05 -1.3134062252e-05  7.3370701076e-06  1.3388328788e-06  1.2816658968e-05  6.3027583974e-06  8.5048040321e-06  2.0359155784e-05  2.1337569830e-05 -2.9330785982e-06  1.2245637256e-05  2.4423264047e-05  1.9811619354e-06  1.9568346956e-06  2.6216725961e-05 -1.1020419717e-05 -1.0125728881e-06  2.6595862165e-05

JOB 12
COORDS -7.3499698096e-01  1.0885655140e+00  2.0194055580e+00  6.3182133040e-01 -2.7177892638e+00  2.5604084891e+00  8.6698517615e-01  1.0878796688e+00  1.3576339153e-01  1.6286205145e+00  1.6431177365e+00  2.5030576406e+00  6.6803650562e-01  8.0282593630e-01  1.6372619855e+00 -1.8303955829e+00  1.3624231048e+00  2.2953645053e+00  1.7413440210e-01 -1.3184249371e+00  2.3560728497e+00  1.0582624100e+00 -6.1279641181e-01  1.8492698131e+00 -4.6938891034e-01 -3.4722155340e+00  2.8152002083e+00  1.7826660559e+00 -3.1009820038e+00  2.5240964798e+00  1.8964574893e+00  8.4747462654e-01 -1.4081455004e-01  1.8685488583e-01  4.8040357613e-01 -4.6624567834e-01  6.7372340679e-01  2.1431277650e+00 -7.1115631354e-02  2.6593627096e+00  1.3997989821e+00  2.2338497640e+00  1.4790291723e+00  1.4285082579e+00  3.5638323766e+00  1.4503241353e+00  2.7068378029e+00  2.3282302441e+00 -3.5977909718e-01 -4.4572447633e+00  3.0133591457e+00 -1.3767630448e+00 -3.0326190930e+00  2.8925277956e+00
ENERGY -4.896160534542e+02
GRADIENT  2.2801971237e-05  1.2336454402e-05  6.6114914137e-05 -1.3974598536e-04  4.6576238441e-05 -6.3039484417e-04  1.1871503902e-05  1.9021792072e-05  1.1383706209e-05  6.6090613729e-07  1.7068061230e-06  1.8771779160e-05 -9.5366298004e-06  1.6277442974e-06 -4.0830857700e-05 -1.5546507831e-05 -9.6751348835e-06 -5.0865826600e-05  1.6457332063e-04  7.0513391945e-05  5.7136452259e-04 -1.1061465230e-04 -1.1218051977e-04 -3.1218067634e-04  7.1055758275e-05 -1.3636419535e-05  1.0057861350e-04  6.6805580240e-05  3.5976129544e-05  3.3057308891e-04 -3.1397157582e-06 -5.7105181331e-06 -1.1688494549e-06 -5.7073221875e-06  9.9929216174e-06 -3.2493968622e-08  5.5460337549e-06  4.4578619334e-06 -2.4319054945e-06  2.7140531214e-06  9.9525845284e-06 -5.3643438398e-06  3.1303282550e-06 -2.8688260098e-06 -2.5272167698e-06  1.0496001550e-07  4.7990375236e-06  2.8514131361e-07 -4.3819575688e-05 -1.7583169186e-05 -2.5825416824e-05  7.5575929168e-06 -5.2661712160e-06 -3.6053431716e-05

JOB 13
COORDS -7.0419714915e-01  1.1112230845e+00  2.0681238416e+00  6.6273272330e-01 -2.6821225806e+00  2.6620595755e+00  8.3591843275e-01  1.0683221865e+00  1.3471658947e-01  1.6779329105e+00  1.6550683629e+00  2.4673241593e+00  6.8361696878e-01  8.0926996805e-01  1.6460272046e+00 -1.7883898619e+00  1.3968906677e+00  2.3746042207e+00  2.0466334821e-01 -1.2928786687e+00  2.4313369059e+00  1.0709401786e+00 -6.0582130861e-01  1.8705813108e+00 -4.3073512346e-01 -3.4918846832e+00  2.6639067207e+00  1.8150255523e+00 -3.0154026738e+00  2.8481819798e+00  1.8555856623e+00  8.2025712722e-01 -1.7013354352e-01  1.3552962230e-01  4.5315243175e-01 -4.3552548238e-01  6.3918305561e-01  2.1204613360e+00 -8.4149573079e-02  2.6977003132e+00  1.3961814964e+00  2.1721125779e+00  1.5582449743e+00  1.4606456004e+00  3.5356971256e+00  1.5048152214e+00  2.7171999141e+00  2.2782527362e+00 -3.1194507362e-01 -4.4659257426e+00  2.9076812976e+00 -1.3556280752e+00 -3.0826009348e+00  2.6721100702e+00
ENERGY -4.896158349090e+02
GRADIENT -1.7499843053e-05 -1.3259850047e-05 -3.9191127036e-05  5.3190802014e-05 -2.0977806975e-04 -9.5151257464e-04 -9.8030329877e-06 -1.0768579463e-05 -9.8117303088e-06 -3.2384512342e-06  1.9859439456e-06 -1.0288973100e-05  2.2131967879e-06 -2.3532665720e-05  3.9865514502e-05  7.1275619294e-06  1.0623789809e-05  2.7110683554e-05  1.8449426467e-04  3.0273525921e-04  7.9512921539e-04 -1.7550297363e-04 -1.5630777180e-04 -4.1425476690e-04  6.4979394167e-06  7.2911568989e-06 -9.8793163414e-06 -9.6982843795e-05  9.1885181916e-05  5.5880790227e-04  1.1860716288e-06  3.1807157692e-06  4.2431133361e-07  1.9049384504e-06 -3.0237138760e-06 -1.4659259271e-06 -2.5278614989e-06 -1.0664280210e-06  3.3034207328e-06 -3.4560181713e-06 -9.0388305240e-06  6.5452762510e-06 -7.1068485722e-06  4.1531794931e-06  1.5265706825e-06  7.0209173857e-07 -2.9467924298e-06 -2.4859993359e-06 -7.7549532082e-06 -5.8755166423e-07 -4.5490553426e-06 -3.9526428878e-06  3.1230664126e-06 -4.8448186539e-06

JOB 14
COORDS -7.0076662695e-01  1.1361329911e+00  2.1036850122e+00  6.3741945154e-01 -2.6510887467e+00  2.7567535718e+00  7.8932803335e-01  1.0561993923e+00  1.3440984144e-01  1.7009109294e+00  1.6385722013e+00  2.4423714899e+00  6.7064091372e-01  8.0819057926e-01  1.6499691869e+00 -1.7755411533e+00  1.4383935964e+00  2.4269191881e+00  1.9428223428e-01 -1.2689360236e+00  2.5054202624e+00  1.0382516241e+00 -6.1319526839e-01  1.8766968718e+00 -4.0464534796e-01 -3.5004467406e+00  2.5340715351e+00  1.7485564284e+00 -2.9493054872e+00  3.1457092186e+00  1.7965879196e+00  7.8884277275e-01 -1.9451018257e-01  6.4412271123e-02  4.5038833919e-01 -4.1492099690e-01  6.0535264829e-01  2.1102202371e+00 -8.6296163704e-02  2.7081062984e+00  1.3600481531e+00  2.1226869593e+00  1.6047374547e+00  1.4497906455e+00  3.5140578345e+00  1.5427596677e+00  2.7029509979e+00  2.2527953061e+00 -2.9484811618e-01 -4.4659462535e+00  2.8154282942e+00 -1.3387927217e+00 -3.1218532050e+00  2.4460659656e+00
ENERGY -4.896154961578e+02
GRADIENT  1.5516771123e-05  1.3284555924e-06  3.9223416652e-05  2.1597535080e-04 -3.7306113700e-05 -1.1598970781e-03  5.6715679049e-06  7.3758744891e-06  1.1058742290e-05  5.5479556611e-06 -4.8845043165e-06  1.2964559191e-05 -9.5675819432e-06  8.0003521446e-06 -2.7329364447e-05 -6.0388174973e-06 -9.9681628038e-06 -1.7335264228e-05  2.7398156291e-04  2.2332331349e-04  1.0180070600e-03 -2.6704538207e-04 -2.0843412514e-04 -5.3367771370e-04  3.8952446211e-05 -3.0267012446e-05  2.7069170346e-05 -1.9449760045e-04  4.2905776459e-05  6.5273124779e-04 -3.8038753502e-06 -1.2788644827e-06 -9.2566529341e-07 -4.5394870378e-06  2.9502117573e-06  2.5207970248e-06 -2.0614641907e-06  7.6826826213e-07  2.0546458029e-06  3.6612168207e-06  2.9938110735e-06 -5.7677719147e-06  8.1377110066e-06 -8.6842342980e-06 -8.5260600163e-07  8.7038066037e-07 -1.7164267205e-06  3.6321274252e-06 -2.5311685296e-05 -2.2530806118e-05 -1.6009820238e-05  3.4106125620e-06 -6.2700930205e-06  2.5201682616e-06

JOB 15
COORDS -6.9532098816e-01  1.1553383432e+00  2.1267586323e+00  6.1483702945e-01 -2.6306594982e+00  2.8186240153e+00  7.4830364993e-01  1.0517364670e+00  1.2526735095e-01  1.7234059738e+00  1.6076512991e+00  2.4141189521e+00  6.5857233902e-01  8.0223327394e-01  1.6419167958e+00 -1.7593881312e+00  1.4738081374e+00  2.4693362913e+00  1.9221769784e-01 -1.2497079487e+00  2.5647152649e+00  1.0011302174e+00 -6.2869014775e-01  1.8589855504e+00 -3.4555570314e-01 -3.5022898641e+00  2.3971514949e+00  1.6551007592e+00 -2.9103946368e+00  3.3804719429e+00  1.7442448529e+00  7.7026679205e-01 -2.2567272288e-01  3.2855276988e-03  4.5783065806e-01 -4.1010548620e-01  5.7513369407e-01  2.1086067658e+00 -9.0287153137e-02  2.7175891132e+00  1.3042306954e+00  2.0765279185e+00  1.6419163830e+00  1.4218223128e+00  3.4874737813e+00  1.5885769660e+00  2.6753874380e+00  2.2253634372e+00 -2.6031425270e-01 -4.4646509023e+00  2.6989688669e+00 -1.2708453683e+00 -3.1480990560e+00  2.1904128203e+00
ENERGY -4.896151194626e+02
GRADIENT  8.0550335180e-06  1.9852195369e-05 -2.2496289141e-06  4.1701792658e-04 -9.7092997267e-05 -1.2122512832e-03 -2.8460887950e-06 -7.3361683944e-06  1.1966357792e-06  2.9789307356e-06 -6.2585810969e-06  2.2503547147e-06 -2.1966621165e-05 -3.3214090637e-05  1.7971891577e-05 -3.0914257128e-06 -1.2610463670e-05  7.4935399744e-06  3.0526301805e-04  3.5020382129e-04  1.0844926967e-03 -3.3384206352e-04 -2.3621186599e-04 -5.7882125074e-04 -2.3375399122e-06  8.5563910879e-06  3.3357384309e-05 -3.7657334311e-04  2.8026057486e-05  7.0446063516e-04  1.2836108383e-06  6.4049337472e-07  1.8870764665e-06  1.9281860564e-06 -4.3150693347e-06  8.6865071354e-07 -3.1263652371e-06 -3.2114157001e-06  3.3682722316e-06 -6.3634614931e-08 -4.5000820692e-06  5.3177914279e-06 -2.2673037250e-06  6.6519957284e-06  2.2175406764e-06  1.1362964326e-06 -1.5723338761e-06 -5.3946163095e-06  3.1272841683e-06 -4.4533069885e-06 -8.6162406549e-06  1.0038944746e-05 -2.6184325456e-06 -5.2735008449e-06

JOB 16
COORDS -6.8442047113e-01  1.1852938995e+00  2.1730322716e+00  5.8620450554e-01 -2.5992509541e+00  2.9296089637e+00  7.0172866545e-01  1.0266041261e+00  1.3592672731e-01  1.7505396885e+00  1.5864382707e+00  2.3911411502e+00  6.4772381363e-01  7.9696849196e-01  1.6569755433e+00 -1.7337548026e+00  1.5304278274e+00  2.5346904393e+00  1.8636670947e-01 -1.2203038635e+00  2.6589076226e+00  9.6255700831e-01 -6.4057475408e-01  1.8838040946e+00 -2.5066003218e-01 -3.4878766384e+00  2.3207648902e+00  1.5171655141e+00 -2.8635730029e+00  3.6646177400e+00  1.6805316299e+00  7.1679667889e-01 -2.3862011241e-01 -7.1729063916e-02  4.4522057123e-01 -3.7228823291e-01  5.4826534045e-01  2.0846945272e+00 -8.8322848113e-02  2.7284586893e+00  1.2599865663e+00  2.0281744019e+00  1.6955092388e+00  1.4108496531e+00  3.4678640374e+00  1.6327490688e+00  2.6551475184e+00  2.1965520038e+00 -2.0399652168e-01 -4.4486150030e+00  2.6373533597e+00 -1.1341173083e+00 -3.1563933869e+00  1.9543822779e+00
ENERGY -4.896147725363e+02
GRADIENT -9.5957283440e-06 -1.9532465187e-05  5.8955031317e-06  5.2670203102e-04 -3.3218718340e-05 -9.3820165741e-04  5.6307973412e-06 -1.1627112306e-06 -3.7330130483e-06 -1.4470797937e-06  1.5711863272e-05 -5.1555292713e-06  1.7837345930e-05  1.1871358851e-05 -1.2574366113e-05  4.5686971021e-06  1.9378100965e-05 -1.1741562414e-05  2.4814741295e-04  1.6165780006e-04  9.2444332186e-04 -3.5279011082e-04 -1.5170029298e-04 -4.9444991102e-04 -4.7138518462e-06  1.7667110712e-05 -6.3730224912e-05 -4.1950368249e-04 -1.5125400724e-05  5.7576898632e-04 -3.3199318487e-06 -7.7510912880e-06  6.0976156995e-07 -5.5532887650e-06  6.6364455282e-06  1.7392656438e-06  8.5460337999e-06  1.9208853748e-06 -5.7112218856e-06 -1.5848186220e-06  1.3889464805e-05 -7.8530571411e-06  3.9292818022e-06 -2.6672533238e-06 -1.6483752851e-06 -7.4544405503e-06  6.5624793422e-06  8.4730882143e-06  9.6049189702e-06  2.5979183022e-05  5.0666659967e-05 -1.5986888534e-05  2.7415330805e-06  1.2427547392e-05

JOB 17
COORDS -6.7027080204e-01  1.2308495462e+00  2.2089857106e+00  5.5338692183e-01 -2.5538919760e+00  3.0409527893e+00  6.5725102638e-01  1.0037901997e+00  1.4050799252e-01  1.7790828344e+00  1.5714521527e+00  2.3583908407e+00  6.3742709815e-01  8.0016327639e-01  1.6656805896e+00 -1.7028591898e+00  1.6064194491e+00  2.5880517801e+00  1.7918766145e-01 -1.1742843879e+00  2.7525437200e+00  9.1958898423e-01 -6.4283810231e-01  1.9096079505e+00 -1.2886399768e-01 -3.4493709946e+00  2.2722860486e+00  1.3444205403e+00 -2.8108978829e+00  3.9272195984e+00  1.6188311157e+00  6.6597844101e-01 -2.5397725229e-01 -1.4192133961e-01  4.3227743099e-01 -3.3845712707e-01  5.2132595540e-01  2.0611595548e+00 -9.7901110566e-02  2.7386495111e+00  1.2105073950e+00  1.9790987756e+00  1.7441902101e+00  1.4170551107e+00  3.4391769501e+00  1.6875367639e+00  2.6393227395e+00  2.1459383934e+00 -1.1528714682e-01 -4.4167365656e+00  2.5716220831e+00 -9.2079352867e-01 -3.1353265859e+00  1.7264373325e+00
ENERGY -4.896144290890e+02
GRADIENT  1.6098033401e-05  5.0235578424e-05 -1.4847621624e-05  6.2586170136e-04  6.3583399234e-05 -8.2913658778e-04 -2.3814696047e-06  8.4032773916e-06  6.6831226269e-06  4.5202518175e-06  1.0284622246e-06 -7.2037970650e-07 -1.2659395050e-06  7.1036308705e-06 -1.5851555716e-05 -4.8571353987e-06 -3.1859173657e-05  1.4004217343e-05  3.0151882654e-04  1.6927948317e-04  8.4430846826e-04 -4.1020065295e-04 -1.9497804608e-04 -4.7648021269e-04  3.3356280931e-05 -9.9587920226e-06 -1.2123825538e-05 -5.3590444747e-04 -6.5985552874e-05  4.9021762049e-04 -2.0997278488e-06  1.6294850377e-06 -1.6113138253e-06 -8.4741148438e-07 -7.8856580446e-07  8.2903129381e-08 -1.2234787288e-06  1.4689468482e-06 -2.0051421454e-06 -5.2342922742e-07 -7.4395366666e-06  1.7622504019e-06 -1.8580622673e-06 -4.7658422757e-06  5.8403916349e-07  5.3639818455e-06 -3.3687782621e-06 -2.4825966485e-07 -2.9399043836e-05 -2.0708061769e-05 -3.2157021351e-05 -2.6698851454e-05 -8.2443375053e-06  1.2768062969e-05

JOB 18
COORDS -6.5845288260e-01  1.2667460616e+00  2.2577614205e+00  4.7128296183e-01 -2.5432614663e+00  3.1161366805e+00  5.9751317679e-01  9.7140859962e-01  1.5444400640e-01  1.8038787880e+00  1.5237834334e+00  2.3313317135e+00  6.1677440466e-01  7.8446665888e-01  1.6816824258e+00 -1.6650234523e+00  1.6880816733e+00  2.6579476638e+00  1.3913195769e-01 -1.1532999851e+00  2.8240893606e+00  8.5496127986e-01 -6.6546467365e-01  1.9336864353e+00 -2.7488062223e-02 -3.4205708116e+00  2.2027835181e+00  1.0798944567e+00 -2.8204513534e+00  4.1312868340e+00  1.5339854579e+00  5.9541770466e-01 -2.6521047877e-01 -2.3623652987e-01  4.2485912088e-01 -2.9397087300e-01  4.9188807702e-01  2.0303740054e+00 -9.1955182542e-02  2.7392471901e+00  1.1286113592e+00  1.9263134810e+00  1.7966716513e+00  1.3799588558e+00  3.4141195883e+00  1.7408645549e+00  2.5922464128e+00  2.1116412202e+00 -2.8573277247e-02 -4.4028797166e+00  2.4471408140e+00 -6.4563977173e-01 -3.1031604508e+00  1.4687872002e+00
ENERGY -4.896140208740e+02
GRADIENT -2.6427629423e-05 -7.6280891722e-05  1.8583652602e-05  8.9494716473e-04 -5.8581906345e-05 -8.0355824423e-04  3.1325404630e-06 -1.6610321133e-05  1.2011414664e-06 -1.0939120269e-06 -7.9075573208e-06  1.3992356875e-05  1.0053470139e-05 -2.1777569336e-05  2.8525166775e-05  9.4326238643e-06  3.8828641515e-05 -7.1698609510e-06  3.5614786402e-04  3.8008038401e-04  8.8182847040e-04 -5.1209879414e-04 -2.6492355785e-04 -5.6222292888e-04 -1.0779097659e-05  1.6216732511e-05 -8.0023253623e-05 -7.4184236351e-04 -6.5765257360e-05  4.1008722311e-04 -1.6650623372e-06 -5.9655881398e-06  1.6213684731e-06 -4.3357228987e-06  3.8528405469e-06 -1.3840718122e-06  1.3240777997e-06 -2.8900984225e-06  1.2167853776e-05  1.5838896961e-07  2.7780578910e-07 -4.2757024830e-06  3.9320696320e-06 -7.7196660122e-06  8.7020732168e-07 -2.6041346830e-06 -4.3209542680e-06  7.2025143672e-06  8.5100293601e-06  3.1393580522e-05  7.5189563718e-05  2.0568452891e-06  3.0455832007e-06 -2.3915490031e-06

JOB 19
COORDS -5.8990209808e-01  1.4118360285e+00  2.3287111602e+00  3.1093115990e-01 -2.4486492490e+00  3.2622821702e+00  5.2027408382e-01  9.3262248674e-01  1.7773735133e-01  1.8813287527e+00  1.5100589263e+00  2.2543588812e+00  6.1601909445e-01  8.1712216626e-01  1.7097771101e+00 -1.5342250799e+00  1.9321251197e+00  2.7623227522e+00  3.8749017576e-02 -1.0498209362e+00  2.9276320854e+00  7.7656541655e-01 -6.3067792178e-01  2.0197038444e+00  3.9131448502e-02 -3.3228014820e+00  2.2512039227e+00  6.5673762415e-01 -2.7280974201e+00  4.3928528814e+00  1.4079030421e+00  4.8244609881e-01 -2.7428521343e-01 -3.6961729667e-01  4.1905674270e-01 -1.9555031171e-01  4.6292960125e-01  1.9835290401e+00 -1.1472947363e-01  2.7666074720e+00  1.0398032716e+00  1.8180833910e+00  1.9288314163e+00  1.4184660765e+00  3.3418443820e+00  1.8688639991e+00  2.5691370309e+00  1.9861315115e+00  2.9637513579e-01 -4.2892826711e+00  2.4104086117e+00  4.6649513767e-02 -2.9853134262e+00  1.2972590319e+00
ENERGY -4.896141378525e+02
GRADIENT  8.0509186341e-06  2.8666718361e-06  5.5664260591e-06 -3.6387283110e-04  7.2501672310e-05  1.0624437588e-04  1.3516095050e-06  2.2622386152e-06  5.2172460657e-06 -4.2218785147e-06 -7.9143778364e-06  4.5649108552e-06 -8.6081108899e-06  2.9435680439e-05  2.2132575164e-07 -9.3652173683e-06 -1.1671126733e-05 -3.9770519172e-06 -7.9319966586e-05 -1.2078049166e-04 -2.4968783134e-04  1.4412501287e-04  4.3485459656e-05  1.7289495323e-04  1.5098968999e-05 -4.1982782150e-05 -2.4052017039e-05  2.8740347593e-04  1.1988731530e-05 -3.4080516710e-05  2.0996871402e-07  5.3163551346e-06 -1.3366560723e-06  3.0175728935e-06 -7.2390274565e-06 -2.7875634780e-06 -9.7497748326e-06 -7.9927933751e-07  2.1272371990e-06 -2.0460984148e-06 -2.7533612088e-06  3.5061909189e-06 -6.1669609444e-06  2.0857021887e-06  2.8654741665e-07 -7.7393425129e-07 -1.3938263125e-06 -4.2705240434e-06 -2.5013659040e-06  6.5979530292e-06  1.2768294246e-06 -2.7159846470e-06 -7.0483756549e-06 -9.3152892156e-06

JOB 20
COORDS -5.5892444163e-01  1.4568446914e+00  2.3695318316e+00  2.0585798116e-01 -2.4460373689e+00  3.2832208680e+00  4.6207939373e-01  9.2120672065e-01  1.8792288673e-01  1.9096414579e+00  1.4625926543e+00  2.2151922107e+00  6.0300430893e-01  8.1213459365e-01  1.7173215443e+00 -1.4656114503e+00  2.0207022692e+00  2.8280491286e+00 -1.0466449005e-02 -1.0285990493e+00  2.9589316455e+00  7.1874817254e-01 -6.3760425074e-01  2.0318601408e+00  1.9749440747e-01 -3.2791218260e+00  2.2028679694e+00  2.9726506333e-01 -2.7692794824e+00  4.4506536415e+00  1.3180807869e+00  4.3688789619e-01 -2.8927702539e-01 -4.5731591171e-01  4.3788174351e-01 -1.5238506865e-01  4.3365276201e-01  1.9718074521e+00 -1.0982758008e-01  2.7632889130e+00  9.5861072375e-01  1.7541451672e+00  1.9889967192e+00  1.3775348494e+00  3.3013770209e+00  1.9257334606e+00  2.5195731701e+00  1.9391626923e+00  4.5669118122e-01 -4.2422279189e+00  2.3775295906e+00  4.2348109635e-01 -2.8881053893e+00  1.2967191496e+00
ENERGY -4.896142615708e+02
GRADIENT  1.4259014293e-05  4.1076051893e-05 -4.2272437280e-05 -4.1391934131e-04  8.9372727452e-05 -3.1488795938e-06  5.5924272270e-06  3.0843108337e-05  5.5024620983e-06 -1.1095226749e-05 -2.0459752854e-05  2.9798112170e-05 -8.9988580289e-05 -4.1636943119e-05 -4.7112011188e-05 -2.9091073323e-05 -3.0264720847e-05  1.0018471963e-05 -1.7567418628e-05 -1.8104941356e-04 -2.3409976154e-04  2.0977140572e-04 -1.0828387706e-04  4.7465487946e-05  1.9494724810e-04  3.8895816072e-04  6.7921829705e-05  2.0711533411e-04 -9.5748137082e-05  2.4946005482e-04 -2.0561904982e-06 -9.8916134426e-06  1.1488454267e-05 -6.3547428931e-07  6.0098821419e-06 -8.0992715452e-07  1.2109372587e-05 -6.7095818435e-07 -1.0107314511e-05 -6.1080917623e-06 -4.4436368622e-07  5.8516262477e-06 -1.2650379571e-05  2.1325954228e-06  5.3281962431e-06 -1.1729978073e-05 -2.5391574779e-07 -2.1343925049e-06 -3.6573457608e-05 -7.1022791497e-05 -1.5844303258e-04 -8.7510192927e-05 -1.3122427763e-05  6.5368850569e-05

JOB 21
COORDS -5.2685895603e-01  1.4637040000e+00  2.4486828252e+00  8.1314681930e-02 -2.4987468324e+00  3.2466579865e+00  3.7720765809e-01  8.9763844180e-01  2.2261054491e-01  1.9298675395e+00  1.4036408865e+00  2.1796395175e+00  5.8548463432e-01  7.8576901639e-01  1.7452216025e+00 -1.3862361333e+00  2.0628543235e+00  2.9512238967e+00 -9.2985458410e-02 -1.0633344763e+00  2.9428198463e+00  6.7611509104e-01 -6.6504514741e-01  2.0523178591e+00  4.3183459980e-01 -3.2801846039e+00  2.1854099545e+00 -1.5336247974e-01 -2.8778629462e+00  4.3765676814e+00  1.1970015808e+00  3.9107478371e-01 -2.9360126933e-01 -5.6943569076e-01  4.3879426691e-01 -7.3237181324e-02  3.6395229284e-01  1.9489872337e+00 -7.3666846589e-02  2.7479695934e+00  8.8319799524e-01  1.6746267713e+00  2.0621937889e+00  1.3131419832e+00  3.2602850510e+00  1.9559763919e+00  2.4613424483e+00  1.9073939533e+00  6.9082145433e-01 -4.2348361999e+00  2.3993288466e+00  8.6958142964e-01 -2.8314725863e+00  1.3896485153e+00
ENERGY -4.896143501384e+02
GRADIENT -2.2601800990e-06  1.0950209375e-05 -1.4251373879e-05 -7.6719094889e-06  1.0420954485e-04 -1.7786427874e-05 -1.0326930801e-05 -5.2721542872e-06 -1.3805974038e-05 -4.0573144437e-07  4.6932652886e-06 -2.2575442701e-05  1.1737615719e-05  5.2638783198e-06  1.2614824694e-05  1.2733497359e-05  5.8708122848e-06  8.8605749590e-06 -2.7380881746e-05 -6.4829741321e-05  6.5019489875e-06  2.1967635218e-05  2.2015173262e-05  3.7944491660e-05 -3.0122620485e-05 -4.6764211150e-05 -4.4474946579e-07  4.7387051366e-06 -2.8644399704e-06 -9.0321021230e-06 -2.2955461126e-06 -5.4486557532e-07 -2.4129971617e-06 -2.3285170893e-06  6.8305799420e-06  2.6060197312e-06  6.4523699233e-06  2.8809520273e-06 -2.5927626482e-06  9.8448421808e-07  3.3378632728e-06 -6.8000832637e-06  7.0336432761e-06 -6.8480776737e-07 -3.4709055324e-06  4.4407737988e-06  3.5425497262e-06  3.0056669819e-06  9.7139213427e-06  3.6274965498e-06 -1.7748906888e-06  9.5751903311e-06  3.4955264722e-06  3.0571564689e-06

JOB 22
COORDS -4.8801820033e-01  1.4964914207e+00  2.4863480936e+00 -1.6397433071e-02 -2.5085212714e+00  3.1988699061e+00  3.2129688535e-01  9.1818736369e-01  2.2657915545e-01  1.9539047697e+00  1.3649590903e+00  2.1320566942e+00  5.7780850918e-01  7.8923943854e-01  1.7408337304e+00 -1.3053429408e+00  2.1238190964e+00  3.0233766991e+00 -1.4020979598e-01 -1.0560229277e+00  2.9221938815e+00  6.3586414742e-01 -6.6468449741e-01  2.0352905360e+00  6.1567685451e-01 -3.2422627799e+00  2.2433273400e+00 -5.1652564795e-01 -2.9362471663e+00  4.2202480019e+00  1.1080256119e+00  3.9228408545e-01 -3.2077911741e-01 -6.4732100939e-01  4.8805433253e-01 -3.9253952977e-02  3.2820160273e-01  1.9718382237e+00 -6.1644897668e-02  2.7389453475e+00  8.2467543767e-01  1.5963253873e+00  2.1207847955e+00  1.2647252458e+00  3.2070841725e+00  2.0012016469e+00  2.4231137811e+00  1.8646190682e+00  8.2486196198e-01 -4.2062944193e+00  2.4650652032e+00  1.1614057914e+00 -2.7610373231e+00  1.5393203717e+00
ENERGY -4.896142766823e+02
GRADIENT -2.3536379183e-06 -5.7696084529e-06  5.6093828643e-06  2.6956577383e-04 -3.8749675088e-05  1.3880156725e-04  9.3815034557e-06  1.2855155921e-05  2.6370998534e-06  2.0560173004e-07  3.4293052942e-06  7.6127446066e-06  9.1387794365e-06  8.7919563492e-06 -2.5111537406e-05 -4.2584064649e-06  5.0133552279e-06 -1.4799011979e-05  1.7857111230e-04  4.9224938645e-05  1.9196983041e-04 -2.1057475143e-04 -3.4547182612e-06 -2.2046823549e-04  5.7859969702e-05  4.5186786787e-05  1.0724937192e-05 -2.6239152603e-04 -5.9416618841e-05 -1.3131643301e-04  9.0440044650e-06  6.9474218285e-06 -1.1317741292e-06  7.4201610129e-06 -4.2978907427e-06 -7.0090900111e-06 -2.9288563866e-06  1.0949692351e-06 -4.7742985313e-06  6.8470457599e-07 -2.7908015620e-06  8.3482027793e-06 -7.6233141183e-06  5.6016307970e-06  2.4975006112e-06  1.8490234846e-06 -1.8426414146e-07 -4.6751935828e-06 -3.7671176900e-05  7.6464228478e-07  8.2810652611e-06 -2.1334854423e-05 -5.1936850221e-06 -6.2482118955e-06

JOB 23
COORDS -8.0852620978e-01  1.2245165940e+00  1.2308500966e+00 -3.8364055596e-01 -2.7202510640e+00  2.2454596587e+00  1.5057300520e+00  9.5124018774e-01  4.1291334170e-01  1.0319750451e+00  1.5246099497e+00  2.8505503591e+00  5.4620639212e-01  7.5819018973e-01  1.6041146928e+00 -1.8364968932e+00  1.6708042560e+00  9.2422660150e-01 -4.8880528232e-01 -1.2822421369e+00  1.8871375287e+00  5.9681730374e-01 -6.8351376868e-01  1.9531265144e+00  8.5400418387e-01 -3.1616810610e+00  2.5829366124e+00 -1.3988830720e+00 -3.3876411059e+00  2.2090321565e+00  2.5033601446e+00  6.0003084749e-01  6.8951486870e-01  1.1577370549e+00  3.8934973019e-01 -4.5709846230e-01  1.5593548542e+00  2.0100279965e+00  1.4936579107e-01  2.0249442419e+00  1.1652773456e+00  3.1334628669e+00  3.4578787426e-01  1.3739709481e+00  3.6873134800e+00  1.0877708277e+00  2.5929056456e+00  2.6291277160e+00  9.6734177383e-01 -4.1314985789e+00  2.8416271278e+00  1.6383439832e+00 -2.5232767741e+00  2.5908612443e+00
ENERGY -4.896141405405e+02
GRADIENT -9.9953706325e-06  1.8128141914e-05  6.3295106394e-05 -1.0872304617e-05  1.6894169830e-04 -4.7203986380e-06 -6.6243672114e-06  1.1393021163e-05  1.9564865707e-06  4.7851654820e-06 -1.4574352491e-05  5.2051831549e-06  3.0524881608e-06  1.4640704639e-05 -3.7646413588e-05  3.2779231158e-06 -1.8755860029e-05 -3.0403172577e-05 -2.7624050223e-05 -9.9014457857e-05  8.6421144980e-05  1.9668656412e-05 -1.0875809531e-05 -5.2108279956e-05 -2.3710651955e-05 -5.0884097385e-05 -3.2149718656e-05  1.7235549714e-05 -3.8174359471e-05 -2.9078843342e-05  2.8198235710e-06  2.0609608393e-05  4.7443453231e-06  6.5482476075e-06 -1.5061191046e-05  5.9371341250e-06 -1.7409772081e-05 -1.8070274905e-06 -1.6224511928e-05 -9.4972577207e-06 -1.1393844431e-05  9.6079570784e-06 -1.1047091650e-05  1.3158634861e-05 -5.3615947872e-06  1.5055276884e-05 -1.4297175981e-06 -6.5011035010e-06  5.0297804155e-05  3.9612288186e-06  2.1694106173e-05 -2.4175002887e-06 -1.2055203451e-05  2.2432396353e-05

