18
0 1 C5H7N5O
C                     1.901888244054    -0.153545827513     0.113212749599
C                    -0.128980831859     1.156537752478     1.826262758729
C                    -0.628420392218     0.793642267458     3.909459308514
C                    -1.526774306131     1.167673388067    -0.272841381241
C                    -0.121011762389     1.131988190337     0.314611528586
N                     3.047283742376    -0.108520843862     0.345607674113
N                    -1.086194605277     0.692209263382     2.571847895630
N                     0.960538852993     1.646323224145     2.525244689210
N                     0.727307186651     1.228624371083     3.852975635230
N                     0.587241501783    -0.091308303321    -0.164386507527
O                    -1.237985638177     0.567954087300     4.934660861733
H                    -2.122254425799     0.328235756994     0.094502645617
H                    -2.034091840587     2.086708101434     0.029115128637
H                    -1.469035245518     1.129655991258    -1.363118042230
H                     0.464327474440     1.979849683445    -0.051934245175
H                     1.891052548390     1.413803844103     2.171908992846
H                     1.010682060890     1.899571949290     4.561658344016
H                     0.083156305805    -0.953530879708     0.032995918273

38.893094421316995
       0.1136        0.1473       -0.1525
       0.0049       -0.0897        0.0435
      -0.1133        0.1167        0.0529
      -0.0364       -0.1834        0.0692
      -0.0216       -0.0632        0.0388
       0.1391        0.2705       -0.2616
      -0.1456        0.2272        0.0581
       0.1548       -0.4271        0.0433
       0.0242       -0.3336        0.0501
       0.0940        0.0289       -0.0309
      -0.2229        0.4030        0.0665
       0.0172       -0.0780        0.0083
      -0.0390       -0.0756        0.0396
      -0.0147       -0.0327        0.0191
      -0.0325        0.0014        0.0149
       0.0269       -0.1759        0.0135
       0.0656       -0.1105        0.0098
       0.0538       -0.0121       -0.0239

79.04368840536925
       0.0780       -0.0906       -0.2199
       0.0206       -0.0251        0.0894
      -0.1000        0.0096        0.0668
       0.1463        0.1138        0.0196
       0.1131       -0.0589        0.0922
       0.1752       -0.1074       -0.6839
       0.0311       -0.1374        0.0374
      -0.1113        0.1730        0.1637
      -0.1643        0.2211        0.1733
      -0.0029       -0.1459        0.1668
      -0.1825       -0.0173        0.0294
       0.0073        0.0541       -0.0032
       0.0709        0.0522       -0.0037
       0.0586        0.0289        0.0068
       0.0664       -0.0377        0.0331
      -0.0140        0.0779        0.0658
      -0.0955        0.0886        0.0395
       0.0121       -0.0313        0.1104

123.5844972418415
      -0.0389       -0.0393        0.1782
      -0.0919        0.2346       -0.0329
       0.0123       -0.0156       -0.0542
       0.0760        0.0444       -0.2009
      -0.0072       -0.0146       -0.0185
       0.0094        0.2690       -0.1157
      -0.1409        0.3406       -0.0282
       0.0231       -0.0149       -0.0545
       0.0745       -0.1938       -0.1032
      -0.1097       -0.2823        0.4755
       0.1320       -0.2501       -0.0442
      -0.0361        0.0794       -0.0013
       0.0612        0.0706       -0.1663
       0.0616       -0.0946       -0.0523
       0.0503       -0.0607       -0.0510
      -0.0079       -0.0168       -0.0432
       0.0631       -0.0969       -0.0025
      -0.0114       -0.0499        0.2870

152.07846865571486
      -0.1207       -0.0734       -0.0108
       0.0659       -0.2538       -0.0089
       0.0380       -0.0295        0.0188
       0.1169        0.3402       -0.0754
       0.0666       -0.1599       -0.0073
      -0.1861        0.5122        0.1413
       0.1201       -0.3440        0.0104
       0.0121       -0.1069       -0.0356
       0.0183        0.0284        0.0033
      -0.1327       -0.2804       -0.0779
      -0.0295        0.2570        0.0429
      -0.0601        0.1542       -0.0476
       0.1276        0.1488       -0.0149
       0.0477        0.1141       -0.0218
       0.0873       -0.0803        0.0289
       0.0100       -0.0142       -0.0026
      -0.0161        0.0396       -0.0208
      -0.0271       -0.0664        0.0415

189.882211204277
      -0.0885       -0.0802       -0.0112
       0.2895        0.1070       -0.0462
      -0.0244        0.0105       -0.1522
      -0.1313       -0.1046        0.4479
       0.0774       -0.0118       -0.0305
      -0.1161        0.1625        0.0304
       0.2095        0.1085       -0.2039
       0.2306        0.0653        0.1133
      -0.0117        0.0462        0.0888
      -0.1020       -0.1389       -0.0074
      -0.2645       -0.1269       -0.3487
      -0.0110        0.0154        0.2748
       0.0111        0.0049        0.1050
      -0.1581       -0.1265        0.1268
       0.0011       -0.0249       -0.0907
       0.0734        0.0058        0.0678
      -0.0374        0.0134        0.0368
      -0.0331       -0.0173        0.0729

239.41490431684818
       0.0500        0.0980        0.0181
      -0.0523       -0.0124        0.0005
       0.0207       -0.0749        0.0033
      -0.0562        0.0045        0.0075
      -0.0423        0.0677       -0.0056
       0.0700       -0.1037       -0.0114
       0.0342       -0.2048        0.0030
      -0.0817        0.0383       -0.0010
       0.0357       -0.1445       -0.0338
       0.0569        0.1303       -0.0018
      -0.0277        0.1773        0.0316
      -0.1653        0.2870        0.4104
       0.1680        0.2465       -0.4302
      -0.0357       -0.5120        0.0186
      -0.0236        0.0287        0.0017
      -0.0213        0.0460       -0.0211
       0.0144       -0.0543        0.0041
       0.0213        0.0258       -0.0242

252.54483394878253
       0.0129       -0.0901       -0.1749
       0.0128       -0.0993        0.0332
      -0.0752        0.1593        0.1126
       0.0772        0.0029       -0.0430
       0.0568       -0.1411       -0.0136
      -0.0464        0.0980        0.0716
      -0.1678        0.3711        0.1170
       0.0851       -0.2107       -0.0012
      -0.1501        0.3525        0.1092
       0.0458       -0.0542       -0.3133
       0.1218       -0.3687        0.1378
      -0.0633        0.1181        0.1163
       0.1140        0.1011       -0.1633
       0.0278       -0.1714       -0.0065
       0.0230       -0.0341        0.0217
       0.0205       -0.1431        0.0485
      -0.0332        0.1378       -0.0157
       0.0044       -0.0339       -0.1921

311.95444333420966
       0.2223        0.0947        0.1066
      -0.1296       -0.1264       -0.0922
      -0.0552        0.0325       -0.0900
      -0.1817        0.3110        0.3756
      -0.0342       -0.1161       -0.0114
       0.2763       -0.1015        0.0299
      -0.1844        0.0087       -0.0499
      -0.1100       -0.1475       -0.2497
      -0.0783        0.0909       -0.2083
       0.1862       -0.0920        0.1241
       0.1118       -0.0329       -0.0189
      -0.1015        0.1335        0.1253
       0.0837        0.1229        0.2438
      -0.1945        0.1749        0.0989
      -0.0037       -0.0318        0.0116
      -0.0340       -0.0484       -0.0721
      -0.0148        0.0499       -0.0833
       0.1002       -0.0455        0.0740

370.5575736471798
      -0.0665        0.2975        0.1585
       0.0940       -0.1437       -0.0141
       0.0595        0.0101       -0.0120
      -0.1143        0.0056       -0.1873
      -0.1682        0.1217        0.0213
      -0.0110       -0.1354       -0.0551
       0.1476       -0.1583       -0.0086
       0.2826       -0.3867       -0.0846
      -0.0144        0.3322        0.0847
      -0.0918        0.1386        0.2546
      -0.0903       -0.0676       -0.1355
      -0.0396       -0.0048       -0.0797
      -0.0691        0.0016       -0.1145
       0.0432       -0.0247       -0.0499
      -0.0583        0.0437        0.0117
       0.0633       -0.2385        0.0301
      -0.0895        0.2242       -0.0705
       0.0182        0.0441        0.2165

448.4760982701256
      -0.1220       -0.3980        0.3127
      -0.0704       -0.0369       -0.0181
      -0.0343       -0.0362       -0.0987
       0.2144       -0.0870        0.1658
       0.1656        0.2472        0.1081
      -0.0440        0.1955       -0.2039
      -0.1077       -0.1149       -0.0878
      -0.0340       -0.1859       -0.1339
      -0.0892        0.0981       -0.1277
       0.0061        0.2503        0.1636
       0.1278        0.0482       -0.0033
       0.1495       -0.0605        0.1113
      -0.0184       -0.0618        0.0192
       0.0369       -0.0791        0.0491
       0.0504        0.0875        0.0715
      -0.0192       -0.0821       -0.0425
      -0.0647        0.0759       -0.0657
      -0.1702        0.0953       -0.2992

482.8701555405528
       0.0466       -0.2521        0.3287
      -0.0078       -0.0057        0.0482
       0.1124        0.0436        0.0811
      -0.2816        0.0997       -0.1607
      -0.2396       -0.1627        0.0074
       0.1590        0.0955       -0.1522
       0.1135        0.0662        0.1650
       0.0645        0.1179       -0.0105
       0.2376       -0.0137        0.0795
       0.1337        0.0252        0.0070
      -0.2671       -0.0842       -0.1815
      -0.1818        0.0727       -0.1091
       0.0012        0.0710       -0.0319
      -0.0441        0.0883       -0.0481
      -0.1012       -0.0245       -0.0003
       0.0089        0.0197       -0.0175
       0.0555        0.0274       -0.0024
      -0.0371       -0.0478       -0.4507

527.9036418796784
       0.0037        0.0783       -0.3508
      -0.1625       -0.0838        0.1155
       0.1193        0.0575        0.0178
       0.2394       -0.0434        0.1292
       0.0401       -0.0463        0.2901
      -0.1041       -0.0279        0.1453
      -0.0872        0.0231        0.2279
      -0.0977        0.0397       -0.2467
       0.3614        0.0291       -0.1158
      -0.0488        0.0565        0.1663
      -0.2959       -0.0933       -0.3139
       0.0617       -0.0157        0.0195
       0.0409       -0.0143       -0.0079
       0.1324       -0.0377        0.0424
       0.0333       -0.0030        0.1423
      -0.0556        0.0183       -0.1508
       0.0446        0.1181       -0.1107
       0.0054       -0.0126       -0.0410

559.0183994826381
       0.0008       -0.0200       -0.0308
      -0.0074       -0.0129       -0.0129
      -0.0126        0.1768        0.1622
       0.0283        0.0002        0.0164
       0.0025        0.0329        0.0339
      -0.0040        0.0071        0.0022
       0.1771       -0.1402        0.0656
       0.1353        0.1289       -0.1366
      -0.2883        0.1417       -0.2747
       0.0033        0.0256        0.0592
      -0.1678       -0.1239        0.0812
       0.0158       -0.0046        0.0073
      -0.0007       -0.0042        0.0024
       0.0098       -0.0037        0.0051
       0.0037        0.0119        0.0211
      -0.0223       -0.2832       -0.0072
       0.5427       -0.4508        0.1249
      -0.0080        0.0089       -0.0007

565.8499939669451
       0.1990       -0.3263       -0.5659
      -0.0545        0.2046        0.0037
       0.0134       -0.1174       -0.0353
      -0.2141        0.0471       -0.0847
      -0.1034        0.1293       -0.0262
       0.0539        0.0847        0.2439
       0.0340       -0.1026       -0.0865
       0.1000       -0.0346        0.0712
      -0.0968        0.0337        0.0585
       0.0722        0.0181        0.3871
       0.0830        0.0747        0.0461
      -0.0607        0.0133       -0.0237
      -0.0622        0.0127       -0.0180
      -0.0700        0.0248       -0.0259
      -0.0433        0.0284       -0.0479
      -0.0108       -0.1870        0.0268
      -0.1056        0.0467        0.0117
      -0.0361       -0.0171       -0.1748

610.8549822785018
      -0.1123        0.3523       -0.0151
       0.1477       -0.1055        0.0442
      -0.0655        0.0270       -0.2233
       0.0895       -0.0312        0.0414
      -0.0737       -0.3162        0.2483
      -0.1166       -0.0925       -0.0196
      -0.0435        0.0430       -0.2044
       0.0963        0.1404        0.1056
      -0.1806       -0.0580       -0.0424
      -0.0426        0.0256        0.2570
       0.2586        0.0703       -0.0862
      -0.0888        0.0318       -0.0834
       0.0853        0.0352       -0.0264
       0.1484        0.0295        0.0159
      -0.0342       -0.0854        0.0608
       0.0247       -0.0389        0.0688
      -0.0532       -0.1037        0.0706
       0.0066       -0.1131       -0.4508

679.5758556613351
      -0.0167        0.0634        0.1306
      -0.2671        0.2773        0.0982
       0.1498       -0.2148       -0.0025
       0.0879       -0.0168        0.0560
       0.0087       -0.0841        0.0467
       0.0215       -0.0099       -0.0524
      -0.1182       -0.0769       -0.0246
       0.1401        0.2493        0.0268
       0.0272       -0.0073        0.0523
       0.0021       -0.1007       -0.2546
       0.0094        0.0930       -0.0750
       0.0091        0.0035        0.0093
       0.0445        0.0024        0.0269
       0.0180        0.0069        0.0163
       0.0217       -0.0382        0.0158
      -0.1458       -0.6813       -0.0295
      -0.1703        0.0764        0.0123
       0.0435       -0.0295        0.0535

694.8908356355511
       0.1065       -0.3201       -0.0092
       0.0927       -0.2745        0.1280
      -0.0152        0.1387       -0.1964
      -0.1440        0.0161        0.0106
      -0.1889        0.0661        0.3946
       0.1109        0.0760        0.0267
      -0.1378        0.0325       -0.0681
       0.0368        0.1437        0.0830
      -0.0536       -0.0390       -0.0204
       0.0037        0.0903       -0.2057
       0.1919        0.0230       -0.2180
      -0.1092        0.0020       -0.1151
      -0.0894        0.0220       -0.1282
       0.1760       -0.0173        0.0147
      -0.1027        0.0779        0.1792
       0.0012       -0.0299        0.0351
      -0.0038       -0.0862        0.0600
       0.0261        0.0989        0.3799

770.5409999853831
      -0.0259        0.0214       -0.0222
       0.0731       -0.4209       -0.0758
      -0.1559        0.4372        0.0879
      -0.0373        0.0184       -0.0731
       0.1027        0.0931       -0.2405
      -0.0392        0.0022        0.0011
      -0.0767       -0.0639       -0.0988
      -0.0053        0.3365       -0.0320
       0.1939       -0.2572        0.1606
       0.0025        0.0532        0.1727
       0.0383       -0.1434        0.0731
       0.0782       -0.0130        0.0847
      -0.0283       -0.0246        0.0400
      -0.1596       -0.0238       -0.0280
       0.0641        0.0350        0.0045
      -0.0809       -0.3082        0.0166
      -0.1158        0.0982       -0.0379
      -0.0410        0.0293       -0.0124

789.4579727947574
      -0.0093        0.0495        0.0026
      -0.2606        0.0977        0.0413
       0.2205        0.3657       -0.1254
       0.0013        0.0085       -0.0399
       0.0611        0.0187       -0.1225
      -0.0084       -0.0110       -0.0043
      -0.0835       -0.1969        0.0583
      -0.2269       -0.2610        0.3173
       0.0180        0.0791        0.2637
       0.0043       -0.0626       -0.0050
       0.2292        0.0081       -0.4226
       0.0520       -0.0065        0.0551
      -0.0042       -0.0172        0.0415
      -0.1059       -0.0065       -0.0161
       0.0541       -0.0177       -0.0307
      -0.0642        0.0033        0.0488
       0.2164       -0.1388        0.1355
      -0.0011       -0.0270       -0.0575

800.2151224407496
      -0.0166        0.0139       -0.0186
       0.0488       -0.4612       -0.0617
       0.3957       -0.4606        0.0238
      -0.0326        0.0205       -0.0669
       0.0756        0.0740       -0.1718
      -0.0269        0.0007        0.0009
      -0.1367        0.3341        0.1063
      -0.1133        0.1278        0.0609
      -0.1200        0.1464        0.0412
       0.0040        0.0287        0.1267
      -0.0343        0.1592       -0.1416
       0.0686       -0.0131        0.0677
      -0.0327       -0.0232        0.0293
      -0.1275       -0.0241       -0.0244
       0.0585        0.0280        0.0243
      -0.0174       -0.0593        0.1036
       0.0564       -0.1332        0.1309
      -0.0297        0.0208       -0.0005

902.7943680210952
      -0.0570       -0.1507       -0.0383
      -0.0407        0.0209       -0.0924
       0.0698        0.0163        0.0386
       0.1718       -0.2423        0.0241
      -0.0134       -0.3019       -0.1641
      -0.1218        0.0365       -0.0129
       0.0558        0.0236       -0.0220
      -0.0681       -0.0203        0.0139
      -0.0176       -0.0179        0.0770
       0.0550        0.4288        0.0973
       0.0029        0.0023       -0.0070
      -0.2689        0.1244       -0.0765
       0.4482        0.1015        0.1629
      -0.0091        0.1665       -0.0040
      -0.2346        0.0473       -0.1031
      -0.0205       -0.0379        0.0234
       0.0011       -0.0026        0.0170
      -0.0174        0.1823        0.2373

958.6537859773451
       0.0088       -0.0060        0.0001
      -0.0137        0.0119       -0.0283
       0.0626        0.1553       -0.0765
       0.0422        0.0248       -0.0162
      -0.0340        0.0040       -0.0132
       0.0126        0.0018        0.0022
       0.4675        0.1248        0.5037
      -0.1306       -0.0118       -0.0693
      -0.4065       -0.2692       -0.1597
      -0.0118       -0.0021       -0.0081
       0.0928       -0.0006       -0.1609
       0.0589       -0.0087        0.0381
      -0.0151       -0.0145        0.0146
      -0.0305       -0.0159       -0.0052
       0.0229        0.0004        0.0470
      -0.0229       -0.0813        0.0660
      -0.3537        0.0505       -0.0647
      -0.0003       -0.0009        0.0067

997.0035977256965
       0.0469        0.0137        0.0034
       0.0373       -0.0485       -0.2917
       0.1820        0.0471        0.1642
       0.0803        0.0297        0.2852
      -0.1782        0.1439       -0.0079
       0.0894       -0.0019        0.0179
       0.2239        0.1345       -0.2606
      -0.3959       -0.0805       -0.0236
       0.0096       -0.0459        0.1732
      -0.0697       -0.1296       -0.0079
      -0.0317       -0.0123        0.0692
      -0.0403       -0.0400       -0.1448
      -0.0611        0.0358       -0.1523
       0.4116       -0.0031        0.1017
      -0.1409        0.0405       -0.1418
      -0.1357       -0.1656        0.0219
       0.0666        0.0499       -0.0352
      -0.0228       -0.0500       -0.0770

1065.7461286447653
      -0.0684       -0.0185        0.0035
       0.0976        0.1069       -0.0401
       0.0040       -0.0358        0.0339
      -0.3129        0.0544       -0.1231
       0.3771       -0.2834        0.2414
      -0.1435        0.0050       -0.0314
       0.2292        0.1147       -0.1957
      -0.3357       -0.1044        0.0725
       0.0635        0.0170       -0.0480
       0.1390        0.1897        0.0247
      -0.0149        0.0023        0.0564
      -0.0464       -0.0164       -0.0243
      -0.1759       -0.0257       -0.0516
      -0.1188       -0.0487       -0.0370
       0.2310       -0.1006        0.2149
      -0.1503       -0.1565       -0.0457
       0.0952        0.0664       -0.1033
       0.0651        0.0537        0.0865

1106.2376317570756
       0.0773       -0.0584       -0.0023
      -0.1272        0.0537       -0.1898
       0.1457        0.0361        0.1141
       0.2090        0.1192       -0.1467
      -0.3311       -0.2332        0.1668
       0.1478        0.0149        0.0366
       0.1023        0.0469       -0.2760
       0.0641       -0.0069       -0.1948
      -0.0823       -0.0514        0.2649
      -0.2130        0.1266       -0.0316
      -0.0204       -0.0075        0.0514
       0.2760       -0.0077        0.2238
      -0.0340       -0.0820        0.1447
      -0.2195       -0.0955       -0.0464
       0.0486       -0.0682        0.2848
       0.0653        0.1040        0.0150
      -0.0242       -0.0316        0.0929
      -0.0105        0.0108        0.0289

1129.7886924318184
       0.1273        0.0416        0.0065
       0.1916       -0.0377        0.1207
      -0.2477       -0.1117       -0.1526
       0.1235       -0.1081       -0.1608
      -0.1302        0.0907        0.0575
       0.2869        0.0001        0.0621
       0.1388        0.0808        0.0270
      -0.2372       -0.0453        0.2603
       0.1764        0.0976       -0.1859
      -0.4010       -0.0527       -0.0530
       0.0338        0.0197        0.0162
      -0.0003        0.0615        0.1082
       0.1805       -0.0130        0.1491
      -0.1922        0.0545       -0.0583
      -0.0470        0.0285        0.0067
      -0.1409       -0.1740       -0.0267
       0.1747        0.0717       -0.1468
      -0.1977        0.0243       -0.0647

1141.9197754209301
       0.1490        0.0000        0.0057
      -0.0487        0.0156        0.0031
       0.0172        0.0127       -0.0041
      -0.1219        0.1004        0.1449
       0.2703       -0.3251       -0.2004
       0.3113        0.0150        0.0744
      -0.1020       -0.0590        0.1076
       0.0983        0.0226       -0.0330
      -0.0206       -0.0038       -0.0063
      -0.4859        0.2529        0.0136
      -0.0032       -0.0017       -0.0219
       0.0001       -0.0742       -0.1281
      -0.1864        0.0032       -0.1514
       0.1879       -0.0803        0.0526
       0.0987       -0.1461       -0.1481
       0.0366        0.0263        0.0084
      -0.0464       -0.0335        0.0453
      -0.2550        0.1399        0.0012

1156.8144153021976
      -0.0191       -0.0177        0.0030
       0.0956        0.0089        0.0714
      -0.3730       -0.1887       -0.3104
       0.0147        0.0561        0.0278
      -0.0229       -0.0356       -0.0820
      -0.0438        0.0014       -0.0099
       0.1393        0.0543        0.2073
      -0.0748        0.0180       -0.3588
       0.0372        0.0575        0.4972
       0.0680        0.0341        0.0170
       0.1247        0.0593       -0.0289
       0.0507       -0.0229       -0.0052
      -0.0514       -0.0038       -0.0286
       0.0374       -0.0283        0.0108
      -0.0258       -0.0110       -0.0550
      -0.1240       -0.0701       -0.3364
       0.1541       -0.1033        0.1958
       0.0445       -0.0025        0.0202

1171.0501757887157
      -0.0445       -0.1131       -0.0057
       0.0199       -0.0198       -0.0078
      -0.1506       -0.0554       -0.0890
       0.1694        0.2833        0.0873
      -0.3144       -0.2745       -0.2247
      -0.1254        0.0166       -0.0271
       0.0022        0.0001        0.0866
      -0.0183        0.0036        0.3152
       0.1506        0.0750       -0.2288
       0.1866        0.1857        0.0618
       0.0055        0.0048        0.0079
       0.3217       -0.0939        0.0695
      -0.2114       -0.0474       -0.0424
       0.0950       -0.1654        0.0371
      -0.1234       -0.0906       -0.1284
      -0.0132       -0.0740        0.1131
       0.0823        0.0495       -0.1085
       0.2029       -0.0247        0.0828

1287.0404859225262
       0.0028        0.0275       -0.0075
      -0.3014       -0.0111       -0.3765
      -0.2401       -0.0927       -0.1666
      -0.0521       -0.0909        0.1333
      -0.0176        0.0163       -0.1650
      -0.0054       -0.0026        0.0015
       0.1314        0.0318        0.1278
       0.1101        0.0406        0.1194
       0.1805        0.0663        0.0244
       0.0210       -0.0743        0.0173
       0.0241        0.0124        0.0447
      -0.0946       -0.0194       -0.0782
       0.0587        0.0454       -0.0609
       0.1203        0.0427        0.0431
       0.1798        0.1399        0.5491
       0.1202       -0.0008        0.2802
       0.0822       -0.0053        0.0202
      -0.0941        0.0381       -0.0043

1338.0209262372036
       0.0027       -0.0944        0.0124
       0.0052       -0.0392       -0.0362
      -0.0280       -0.0194       -0.0169
      -0.0468       -0.1595        0.0227
      -0.1943        0.1943        0.0220
       0.0250        0.0122        0.0033
      -0.0189       -0.0084        0.0390
      -0.0033        0.0289       -0.0326
      -0.0129       -0.0243        0.0454
      -0.1056        0.2112       -0.0176
       0.0193        0.0089       -0.0174
      -0.0635       -0.0003        0.0168
       0.1577        0.0423        0.0270
       0.1002        0.1011        0.0112
       0.5837       -0.4617       -0.1751
       0.0420       -0.0078        0.1143
       0.0849        0.0484       -0.0753
       0.3510       -0.1678       -0.0030

1364.6215475787606
      -0.0007       -0.0171        0.0033
      -0.0241       -0.0597       -0.0027
       0.0131        0.0947       -0.0030
      -0.0251       -0.0391        0.0165
      -0.0844        0.0370       -0.0748
       0.0094        0.0014        0.0014
       0.1048        0.0399       -0.0770
      -0.0270       -0.1224        0.1619
       0.2161        0.1826       -0.2293
      -0.0193        0.0331        0.0098
      -0.0893       -0.0479        0.1133
       0.0095       -0.0164        0.0145
       0.0615        0.0243        0.0079
       0.0670        0.0267        0.0084
       0.1308       -0.0519        0.0745
      -0.1490       -0.0007       -0.3504
      -0.4648       -0.3160        0.5009
       0.0609       -0.0309       -0.0015

1400.3227566029318
      -0.0030        0.0041       -0.0045
       0.1577        0.0441        0.2953
       0.1334        0.0146        0.1044
      -0.0630       -0.0350        0.0872
      -0.1796       -0.0368       -0.3750
       0.0044       -0.0017        0.0012
      -0.0513        0.0033       -0.1040
       0.0686        0.0113        0.1048
      -0.2366       -0.0827        0.0063
       0.0373       -0.0157        0.0277
       0.0120        0.0072       -0.0585
       0.0663       -0.0875       -0.0233
       0.1224        0.0800       -0.0309
       0.1562        0.0166        0.0321
       0.1880        0.0588        0.4105
      -0.1326        0.0716       -0.4287
       0.1235        0.1388       -0.2378
      -0.0664        0.0425        0.0061

1429.2793859297417
       0.0004        0.0124        0.0022
       0.0078        0.0214       -0.0512
      -0.0107       -0.0036       -0.0103
      -0.3987        0.0443       -0.2125
       0.1110       -0.0188        0.0756
      -0.0030       -0.0014       -0.0010
      -0.0281       -0.0173        0.0383
      -0.0159        0.0028       -0.0383
       0.0225        0.0013        0.0107
      -0.0049       -0.0224       -0.0034
       0.0016        0.0011       -0.0015
       0.3547       -0.1593        0.2949
       0.3465        0.1325        0.3316
       0.5005       -0.0698       -0.0187
      -0.1027        0.0589       -0.0442
       0.0270       -0.0172        0.0859
      -0.0008       -0.0079        0.0150
      -0.0206        0.0037       -0.0047

1463.422249969642
       0.0091       -0.1054        0.0400
      -0.0316       -0.0068       -0.0044
       0.0060       -0.0028        0.0008
      -0.0362       -0.0076        0.0296
       0.2363        0.0033       -0.0628
       0.0615        0.0159        0.0078
       0.0118        0.0074       -0.0057
       0.0277        0.0045        0.0194
      -0.0247       -0.0082        0.0035
      -0.3560        0.1037        0.0234
      -0.0003        0.0003        0.0007
       0.0715       -0.0912       -0.0794
       0.0732        0.0858       -0.1222
      -0.1052        0.0339       -0.0030
      -0.2502        0.2981        0.1430
      -0.0093        0.0150       -0.0487
       0.0180        0.0172       -0.0288
       0.6121       -0.4079       -0.0557

1484.957471315569
      -0.0001        0.0050        0.0020
      -0.3212       -0.1911       -0.3726
      -0.0267       -0.0293       -0.0227
      -0.0018        0.0074       -0.0595
       0.1023        0.0324        0.1924
      -0.0018       -0.0015        0.0010
       0.1037        0.0624        0.0430
       0.2872        0.0743        0.3402
      -0.1265       -0.0276        0.0388
      -0.0061        0.0100       -0.0067
       0.0093        0.0024        0.0123
      -0.0752        0.0922        0.0757
      -0.0770       -0.0778        0.1087
       0.0607       -0.0242       -0.0089
      -0.0447       -0.0519       -0.1950
      -0.1159        0.1024       -0.5071
       0.1100        0.1187       -0.1739
       0.0036       -0.0010       -0.0013

1503.012252322899
      -0.0010       -0.0019        0.0027
      -0.0044       -0.0064        0.0150
      -0.0007        0.0018       -0.0012
       0.0143        0.1601        0.0194
      -0.0094        0.0904       -0.0051
       0.0040       -0.0000        0.0001
       0.0108        0.0032       -0.0089
      -0.0045       -0.0029       -0.0057
       0.0011        0.0008       -0.0012
      -0.0145       -0.0074       -0.0031
      -0.0010       -0.0008        0.0027
      -0.1466       -0.0789       -0.4968
       0.1605       -0.0167        0.4200
      -0.0798       -0.6892        0.0244
       0.0587       -0.0028        0.0167
       0.0004        0.0011        0.0013
      -0.0053       -0.0021        0.0043
       0.0317       -0.0266       -0.0171

1514.7378080135757
       0.0012       -0.0287        0.0107
       0.1051        0.0595        0.0638
       0.0195        0.0076        0.0109
       0.0862       -0.0130       -0.1185
       0.0324       -0.0105       -0.1714
       0.0111        0.0042        0.0003
      -0.0571       -0.0307        0.0188
      -0.0457       -0.0107       -0.0486
       0.0053        0.0001       -0.0080
      -0.0765        0.0292        0.0173
      -0.0025       -0.0004       -0.0087
      -0.3677        0.3958        0.2682
      -0.3523       -0.3301        0.3521
       0.3485       -0.0501       -0.0047
      -0.0007        0.0953        0.1430
       0.0063       -0.0190        0.0507
      -0.0135       -0.0139        0.0175
       0.1530       -0.0985       -0.0115

1638.111161453208
      -0.0017       -0.0002        0.0012
       0.5148        0.2230       -0.5457
       0.1199        0.0432       -0.0309
       0.0201       -0.0021       -0.0040
      -0.0614       -0.0221        0.1066
       0.0048       -0.0009       -0.0002
      -0.3900       -0.1852        0.3265
      -0.0510        0.0048        0.0683
      -0.0221       -0.0062        0.0257
      -0.0056        0.0059        0.0056
      -0.0480       -0.0170        0.0247
       0.0125       -0.0166       -0.0328
       0.0203        0.0116       -0.0226
      -0.0724       -0.0055       -0.0051
       0.0147        0.0092        0.1127
      -0.0785       -0.0743       -0.1253
      -0.0215       -0.0106        0.0245
       0.0030       -0.0039       -0.0052

1837.6057520190368
       0.0024        0.0002        0.0006
      -0.0557       -0.0268        0.1109
       0.3938        0.1519       -0.6950
      -0.0006       -0.0001       -0.0020
       0.0018        0.0007       -0.0147
      -0.0027       -0.0005       -0.0012
       0.0034        0.0042        0.0048
      -0.0125        0.0088        0.0069
      -0.0284       -0.0255        0.0580
       0.0031       -0.0011       -0.0034
      -0.2778       -0.1049        0.4674
       0.0009        0.0008        0.0051
      -0.0004       -0.0005        0.0021
       0.0044        0.0017        0.0003
       0.0000       -0.0027       -0.0085
       0.0036       -0.0107        0.0272
       0.0602        0.0448       -0.0633
      -0.0029        0.0025        0.0042

2319.128893170894
      -0.7847       -0.0181       -0.1481
      -0.0060        0.0014       -0.0022
      -0.0004       -0.0005       -0.0034
      -0.0016        0.0023        0.0004
       0.0141       -0.0107        0.0032
       0.5715        0.0212        0.1138
       0.0017        0.0011        0.0017
      -0.0024        0.0018        0.0011
       0.0021       -0.0012        0.0017
       0.1387       -0.0005        0.0107
      -0.0003       -0.0000        0.0015
       0.0007        0.0003        0.0001
      -0.0023       -0.0011       -0.0001
       0.0016       -0.0010       -0.0005
      -0.0077        0.0005        0.0022
       0.0088        0.0008        0.0033
      -0.0005        0.0015       -0.0001
       0.0359        0.0037        0.0268

3068.038758352873
       0.0002        0.0004        0.0000
      -0.0011       -0.0005        0.0026
      -0.0001       -0.0000        0.0000
      -0.1549       -0.0031       -0.0697
       0.0062        0.0012        0.0000
      -0.0001       -0.0000       -0.0000
       0.0008        0.0001        0.0000
       0.0003        0.0001       -0.0006
      -0.0000        0.0000       -0.0000
       0.0005       -0.0008        0.0002
       0.0001        0.0000       -0.0002
       0.3109        0.4508       -0.1988
       0.2445       -0.4572       -0.1516
      -0.0371        0.0197        0.5814
      -0.0059       -0.0067        0.0028
      -0.0002        0.0001        0.0004
       0.0000       -0.0001       -0.0004
      -0.0011        0.0024       -0.0006

3105.524990037105
      -0.0026       -0.0007       -0.0014
      -0.0030       -0.0018       -0.0021
      -0.0002       -0.0002       -0.0011
       0.0110        0.0383       -0.0230
      -0.1497       -0.2136        0.0968
       0.0018        0.0005        0.0006
       0.0011        0.0003       -0.0007
       0.0006        0.0005        0.0001
       0.0005        0.0001        0.0005
       0.0053        0.0029       -0.0014
       0.0000       -0.0000        0.0004
      -0.0521       -0.0799        0.0370
       0.0273       -0.0499       -0.0205
      -0.0056        0.0051        0.0636
       0.5048        0.7350       -0.3270
      -0.0001       -0.0011        0.0026
       0.0003        0.0004        0.0006
      -0.0107       -0.0108        0.0059

3163.0984306183564
       0.0005       -0.0003        0.0001
       0.0011        0.0001        0.0002
      -0.0002       -0.0001        0.0004
       0.0395        0.2913       -0.0815
       0.0209        0.0320       -0.0128
      -0.0004        0.0000       -0.0001
      -0.0004       -0.0003       -0.0004
      -0.0004       -0.0001       -0.0000
      -0.0001        0.0000       -0.0002
       0.0002       -0.0012        0.0002
       0.0001        0.0000       -0.0001
      -0.3982       -0.5552        0.2463
       0.2673       -0.4709       -0.1639
      -0.0108        0.0186        0.2009
      -0.0719       -0.0997        0.0427
       0.0005        0.0001       -0.0005
      -0.0003       -0.0001       -0.0002
       0.0037       -0.0020        0.0000

3166.3025534250055
      -0.0010        0.0002        0.0002
       0.0023        0.0002        0.0007
      -0.0001        0.0000        0.0008
       0.1184       -0.0916       -0.2722
       0.0074        0.0071       -0.0068
       0.0004       -0.0000        0.0000
      -0.0008       -0.0001       -0.0001
       0.0000       -0.0001        0.0001
      -0.0001        0.0001       -0.0001
      -0.0007        0.0011        0.0008
       0.0001        0.0000       -0.0003
      -0.1164       -0.1787        0.0631
      -0.2548        0.4739        0.1458
      -0.0400        0.0215        0.7346
      -0.0219       -0.0291        0.0137
      -0.0009        0.0002       -0.0001
      -0.0002       -0.0004       -0.0002
       0.0000       -0.0009       -0.0012

3487.0925556467623
      -0.0061       -0.0004       -0.0015
       0.0003       -0.0033       -0.0039
      -0.0014       -0.0024       -0.0012
       0.0002       -0.0000        0.0000
       0.0002        0.0019        0.0016
       0.0032        0.0006        0.0010
      -0.0044       -0.0021        0.0040
       0.2468       -0.0469       -0.0886
      -0.0034        0.0002        0.0020
       0.0008       -0.0036        0.0006
      -0.0008       -0.0002        0.0013
      -0.0004       -0.0003        0.0003
       0.0006       -0.0005        0.0002
      -0.0003       -0.0001       -0.0009
      -0.0000       -0.0002        0.0006
      -0.8847        0.2042        0.3228
      -0.0009       -0.0049       -0.0069
       0.0065        0.0100       -0.0018

3536.4118868889823
       0.0002        0.0003       -0.0032
       0.0000       -0.0007        0.0005
      -0.0003       -0.0000        0.0004
      -0.0013       -0.0008        0.0006
       0.0036        0.0025       -0.0046
      -0.0043        0.0006       -0.0006
       0.0000        0.0001       -0.0002
       0.0030       -0.0005       -0.0010
       0.0002        0.0005        0.0004
       0.1336        0.2195       -0.0407
       0.0001        0.0001       -0.0002
       0.0003        0.0021       -0.0014
       0.0002       -0.0003       -0.0001
      -0.0002        0.0003       -0.0004
      -0.0069       -0.0129        0.0048
      -0.0108        0.0028        0.0041
      -0.0007       -0.0018       -0.0018
      -0.4849       -0.8162        0.1748

3576.7012099180856
      -0.0003       -0.0000       -0.0000
      -0.0003        0.0013       -0.0040
      -0.0053        0.0019       -0.0006
       0.0000       -0.0000        0.0001
      -0.0003       -0.0001        0.0005
       0.0002        0.0000        0.0000
      -0.0010       -0.0010       -0.0009
      -0.0047        0.0003       -0.0042
       0.0842        0.1693        0.1878
      -0.0002       -0.0007       -0.0001
      -0.0003       -0.0005        0.0009
      -0.0000        0.0000       -0.0000
       0.0000        0.0000        0.0000
      -0.0001       -0.0001       -0.0005
       0.0003        0.0004       -0.0004
       0.0077       -0.0016       -0.0005
      -0.2793       -0.6351       -0.6690
       0.0013        0.0021       -0.0003

