28
0 1 C11FH13O3
C                     0.245847096072    -2.795756332897    -0.288537650259
C                    -0.458103214326    -3.194632205685    -1.428746238960
C                     0.210287225657    -0.524074140527    -1.083379524360
C                     0.600267861844    -1.452266946311    -0.109850506712
C                    -0.510571125899    -0.896196194644    -2.225027719800
C                    -0.811893368851    -2.255798190231    -2.386533657423
C                    -3.398634091669     0.100769414981    -0.683687195406
C                    -2.808204097556     1.480200667671    -0.980287550473
C                    -3.250815689694     0.434173497801    -2.976645434297
C                     1.405447016332    -1.008153706021     1.090449539326
C                    -2.033707235911     0.119107463969    -3.846407188333
O                    -3.393848544461    -0.551176692449    -1.960023826965
O                    -3.180471093689     1.702237733635    -2.345286040049
O                    -0.795759061925     0.102494474924    -3.121097122127
F                    -1.471363875349    -2.684225845723    -3.498460114403
H                     0.523342560264    -3.537204007879     0.456032485776
H                    -0.733802130707    -4.232204850959    -1.593216249685
H                     0.466513776483     0.527064742008    -0.978035564672
H                    -2.787868373627    -0.488672934109     0.005132930706
H                    -4.426914442860     0.167529091579    -0.307365887803
H                    -3.244448971412     2.279371455182    -0.376695691340
H                    -1.718890043477     1.487590427991    -0.873392949591
H                    -4.140986691410     0.441282283651    -3.622784655403
H                     2.472652600087    -0.947035981005     0.845831051459
H                     1.093938689584    -0.018511530180     1.439091353482
H                     1.298209500422    -1.709256448971     1.923125068812
H                    -1.914680077872     0.923609527435    -4.575702203825
H                    -2.204185734400    -0.821053984745    -4.373665979326

25.074874019024897
       0.0677       -0.0868       -0.0797
       0.1859       -0.1022       -0.1484
      -0.1508       -0.0421        0.0539
      -0.1028       -0.0559        0.0235
      -0.0402       -0.0563       -0.0103
       0.1311       -0.0839       -0.1093
       0.1739        0.2912        0.1610
       0.0587        0.2823       -0.1157
      -0.0863       -0.0448        0.0935
      -0.2375       -0.0284        0.1039
      -0.1297       -0.1149        0.0577
       0.0425        0.1197        0.2944
      -0.1274        0.0638       -0.1217
      -0.1143       -0.0599        0.0122
       0.3156       -0.1198       -0.2258
       0.0319       -0.0287       -0.0312
       0.0936       -0.0365       -0.0666
      -0.0783       -0.0061        0.0383
       0.0865        0.1236        0.0484
       0.0637        0.0836        0.0829
       0.0235        0.1006       -0.0537
       0.0206        0.1059       -0.0709
      -0.0386       -0.0549        0.0455
      -0.0707        0.0707        0.0416
      -0.1365       -0.0413        0.0641
      -0.0308       -0.0459        0.0032
      -0.0488       -0.0519       -0.0057
      -0.0435       -0.0469        0.0432

39.380378458463184
       0.0085       -0.0115       -0.0100
       0.0343       -0.0009       -0.0185
      -0.0107        0.0025        0.0302
      -0.0051       -0.0016        0.0123
      -0.0014        0.0077        0.0102
       0.0293        0.0122       -0.0152
       0.0478        0.0258        0.0141
      -0.0259        0.0451       -0.0473
      -0.0333       -0.0272       -0.0015
       0.0418       -0.0721        0.0065
      -0.0113        0.0007        0.0172
      -0.0072       -0.0025        0.0309
      -0.1076       -0.0082       -0.0435
      -0.0272        0.0330        0.0468
       0.0513        0.0103       -0.0274
       0.0014       -0.0047       -0.0032
       0.0122       -0.0001       -0.0105
      -0.0102        0.0015        0.0139
       0.0330        0.0195       -0.0025
       0.0195       -0.0029        0.0211
      -0.0106        0.0120       -0.0146
      -0.0062        0.0283       -0.0271
      -0.0079       -0.0241       -0.0027
       0.0775       -0.5724        0.1466
       0.4024        0.2153       -0.3254
      -0.4242        0.2597        0.1835
      -0.0053        0.0013        0.0058
       0.0061       -0.0008        0.0040

46.0457034529675
      -0.1420        0.1177        0.0363
      -0.0376        0.0251        0.0035
      -0.0612        0.0559       -0.1431
      -0.1506        0.1307       -0.0376
       0.0132       -0.0323       -0.1578
       0.0418       -0.0433       -0.0925
      -0.1450       -0.0527        0.0956
       0.1042       -0.1294        0.2624
       0.0741        0.0541        0.1381
      -0.2598        0.2206        0.0023
      -0.0915       -0.0680       -0.0433
       0.0960       -0.0065        0.0910
       0.3946        0.0057        0.2544
       0.0377       -0.1364       -0.3015
       0.1662       -0.1299       -0.1539
      -0.0614        0.0512        0.0352
      -0.0054        0.0032        0.0173
      -0.0187        0.0181       -0.0601
      -0.1112       -0.0477        0.0607
      -0.0644        0.0233       -0.0385
       0.0403       -0.0282        0.0714
       0.0256       -0.0885        0.1233
      -0.0027        0.0670        0.0720
      -0.0601       -0.0115        0.0481
      -0.0359        0.1022       -0.0736
      -0.1540        0.1198        0.0378
      -0.0466       -0.0342       -0.0316
      -0.0733       -0.0251        0.0106

49.601595104082435
      -0.2250        0.0810        0.0608
      -0.1917        0.0833        0.0375
      -0.0026        0.0474       -0.0437
      -0.1267        0.0592        0.0190
       0.0106        0.0547       -0.0521
      -0.0703        0.0685       -0.0193
       0.5824       -0.2211        0.0618
       0.2180       -0.0800       -0.0566
      -0.0030       -0.0932        0.0186
      -0.1814        0.0589        0.0552
       0.0123        0.0678       -0.0318
       0.1210       -0.1429        0.0054
      -0.1814       -0.1225        0.0482
       0.0454        0.0576       -0.0800
      -0.0733        0.1012       -0.0351
      -0.0956        0.0271        0.0325
      -0.0772        0.0284        0.0205
       0.0177        0.0098       -0.0192
       0.2881       -0.0463       -0.0720
       0.2134       -0.1296        0.1493
       0.0551       -0.0564        0.0216
       0.0697        0.0474       -0.0925
      -0.0042       -0.0566        0.0113
      -0.0512        0.0333        0.0263
      -0.0685        0.0102        0.0217
      -0.0514        0.0089        0.0091
      -0.0128        0.0431        0.0140
       0.0163        0.0323       -0.0362

102.64706398863898
      -0.1725        0.0123        0.0153
      -0.1831        0.0464        0.0081
       0.1100       -0.0069       -0.0700
      -0.0095       -0.0255       -0.0342
       0.0967        0.0268       -0.0670
      -0.0261        0.0497       -0.0394
      -0.1648        0.1251        0.0931
      -0.2975        0.1503        0.0132
       0.1051       -0.2081        0.0877
       0.0317       -0.0857       -0.0401
       0.0889        0.0067       -0.0112
       0.5670       -0.1365        0.2592
      -0.1514       -0.1168       -0.0830
       0.1502        0.0292       -0.0981
      -0.0783        0.1136       -0.0464
      -0.0825        0.0033        0.0162
      -0.0901        0.0216        0.0131
       0.0539       -0.0067       -0.0240
      -0.0990        0.1022        0.1279
      -0.0950        0.0109       -0.0951
      -0.1386        0.0532       -0.0467
      -0.0890        0.0812        0.0482
       0.0088       -0.1416        0.0526
       0.0061       -0.0167       -0.0233
       0.0104       -0.0316        0.0093
       0.0213       -0.0396       -0.0225
      -0.0113        0.0320        0.0243
       0.0449        0.0171       -0.0361

133.24471480945272
       0.3307       -0.0597       -0.1870
       0.2739       -0.0602       -0.1502
      -0.0441       -0.0088       -0.0119
       0.0303        0.0003       -0.0383
      -0.0131       -0.0237       -0.0272
      -0.0350       -0.0225       -0.0026
       0.0395       -0.0199       -0.0242
      -0.0184        0.0124        0.0212
       0.0710       -0.0014       -0.0122
      -0.3400        0.1066        0.1723
       0.0507        0.0620       -0.0536
       0.2392       -0.0254       -0.0206
       0.0693       -0.0003       -0.0016
       0.0249       -0.0063       -0.0225
      -0.5371        0.0102        0.2739
       0.1407       -0.0232       -0.0767
       0.1036       -0.0224       -0.0534
      -0.0515        0.0050        0.0135
       0.0030        0.0045        0.0091
       0.0001       -0.0228       -0.0343
      -0.0293       -0.0046       -0.0001
      -0.0073        0.0208        0.0267
       0.0084       -0.0093        0.0128
      -0.0744        0.0310        0.1551
      -0.1398        0.0370       -0.0050
      -0.1776        0.0517        0.0574
       0.0197        0.0359        0.0052
       0.0153        0.0304       -0.0382

179.05695944432264
       0.0280       -0.0295        0.0369
       0.0262       -0.0860        0.0506
      -0.3263       -0.0229        0.1043
      -0.1208        0.0086        0.0435
      -0.1934       -0.0920        0.0523
      -0.0605       -0.1244        0.0354
       0.1904       -0.1227       -0.0395
      -0.3040        0.1493        0.1507
       0.0851        0.1731       -0.0285
       0.1544        0.0935       -0.1766
       0.0578        0.1604       -0.0603
       0.2500        0.0885       -0.1459
       0.0084        0.1541        0.0759
       0.0188       -0.1189       -0.0381
       0.0849       -0.2481       -0.0155
       0.0550       -0.0067       -0.0047
       0.0456       -0.0346        0.0113
      -0.1230        0.0006        0.0264
       0.1465       -0.0036       -0.0643
       0.0651       -0.1652        0.0374
      -0.2309       -0.0233        0.0298
      -0.0964        0.1758        0.1315
       0.0173        0.0481        0.0008
       0.0263        0.0130       -0.1355
       0.0790        0.0398       -0.0568
       0.1051        0.0507       -0.0234
       0.0553        0.0572        0.0006
      -0.0200        0.0611       -0.0375

193.7178479650631
       0.0179        0.0207       -0.0559
       0.0069        0.0526       -0.0601
      -0.3650        0.1212        0.2300
      -0.1555        0.0466        0.0784
      -0.2449        0.1193        0.1552
      -0.1039        0.1077        0.0471
      -0.0009        0.0159       -0.0406
       0.2492       -0.1131       -0.0796
       0.0118       -0.1448       -0.0310
       0.1425       -0.0665       -0.0816
      -0.0719       -0.1178       -0.0979
       0.2896       -0.1370        0.0367
       0.3255       -0.1430       -0.1038
      -0.2116        0.0826        0.1062
      -0.0122        0.1929       -0.0339
       0.0622       -0.0100       -0.0534
       0.0433        0.0095       -0.0500
      -0.1243        0.0370        0.0902
      -0.0766       -0.0027        0.0484
      -0.0252        0.0654       -0.0885
       0.1111       -0.0028       -0.0343
       0.0703       -0.0858       -0.0220
      -0.0369       -0.0354        0.0467
       0.0247       -0.0468       -0.1033
       0.0958       -0.0144        0.0108
       0.0855       -0.0274       -0.0246
      -0.0277       -0.0367       -0.0316
       0.0177       -0.0448       -0.0180

234.6038324878259
       0.0171        0.0411       -0.0588
      -0.0171        0.0689       -0.0379
       0.0605        0.0935        0.0159
       0.0361        0.0287       -0.0140
       0.0569        0.0921        0.0065
       0.0049        0.1095        0.0134
       0.1298       -0.0825        0.0717
      -0.3020        0.1465        0.0813
       0.0303       -0.0933       -0.0018
      -0.0004       -0.1724        0.0879
      -0.0599       -0.2966       -0.0328
      -0.2791        0.0062        0.0390
       0.4300       -0.0750       -0.1378
      -0.0111       -0.0369       -0.1109
      -0.0480        0.2219        0.0202
       0.0046        0.0074       -0.0216
      -0.0155        0.0238       -0.0160
       0.0155        0.0268        0.0157
       0.1685        0.0135       -0.0611
       0.0774       -0.1331        0.1456
      -0.2745        0.0042       -0.0583
      -0.1030        0.1869        0.1916
       0.0062        0.0119        0.0013
       0.0054       -0.0576        0.0478
       0.0108       -0.0615        0.0682
      -0.0272       -0.0881       -0.0102
      -0.0455       -0.1341       -0.0671
      -0.0201       -0.1197        0.0578

269.6523656840894
      -0.0841       -0.0142        0.0388
      -0.0739        0.0238        0.0257
       0.2463       -0.1002       -0.1606
       0.1412       -0.0535       -0.0971
      -0.0285        0.0037       -0.0255
       0.0051       -0.0187       -0.0582
       0.0653       -0.0495       -0.0739
      -0.0488        0.0279        0.0233
      -0.0690        0.0380       -0.0520
      -0.0877        0.0823        0.0042
      -0.1060       -0.0290       -0.0034
       0.2459       -0.0097       -0.0863
       0.2310        0.0329       -0.0536
      -0.4237        0.3368        0.4827
       0.0542       -0.2607       -0.0363
      -0.0832        0.0028        0.0399
      -0.0551        0.0137        0.0201
       0.0770       -0.0298       -0.0528
       0.0248       -0.0042       -0.0182
       0.0113       -0.0498       -0.0345
      -0.0789       -0.0130       -0.0107
      -0.0201        0.0490        0.0671
      -0.0578        0.0258        0.0371
      -0.0127        0.0513        0.0641
      -0.0764        0.0213       -0.0371
      -0.0556        0.0390        0.0100
      -0.0072       -0.0506       -0.0433
       0.0252       -0.0497        0.0570

288.54935151264465
      -0.0415       -0.1282       -0.0380
      -0.0654       -0.0694       -0.0832
      -0.0718       -0.1411        0.0484
      -0.0625       -0.1142        0.0068
       0.0286       -0.0732        0.0281
      -0.0479       -0.0395       -0.0801
      -0.0188        0.0380        0.0991
      -0.0240        0.0246       -0.0200
       0.1168       -0.1648        0.0398
      -0.0308        0.4283       -0.2296
       0.2406        0.0070        0.1381
      -0.2786       -0.0482        0.1356
       0.1584       -0.1381       -0.0854
       0.1760        0.1106        0.2554
      -0.1028        0.1304       -0.1625
      -0.0124       -0.0514       -0.0246
      -0.0233       -0.0183       -0.0304
      -0.0306       -0.0403        0.0248
       0.0215        0.0208        0.0140
       0.0107        0.0154        0.0697
      -0.0334        0.0226       -0.0449
      -0.0103        0.0221        0.0324
       0.0660       -0.0492       -0.0320
      -0.0215        0.1535       -0.1137
      -0.0522        0.1572       -0.1996
       0.0587        0.2367        0.0371
       0.0424        0.0454        0.0831
       0.1280        0.0239       -0.0149

319.71013555326374
      -0.1017        0.1412       -0.0329
       0.0992        0.1416       -0.1067
      -0.1443        0.1072        0.0066
      -0.1791        0.1394        0.0341
       0.0630        0.0969       -0.1537
       0.0833        0.0496       -0.1837
      -0.0243        0.0286        0.0713
       0.0156       -0.0039       -0.0047
       0.0725       -0.0877        0.0327
       0.0482       -0.1932       -0.0099
       0.1537        0.0693        0.0557
      -0.1766       -0.0238        0.0895
       0.0510       -0.0800       -0.0213
       0.1658        0.3521        0.0422
      -0.1513       -0.5883        0.1339
      -0.0343        0.0393       -0.0099
       0.0341        0.0406       -0.0362
      -0.0641        0.0365        0.0031
       0.0003        0.0089        0.0150
       0.0011        0.0217        0.0392
       0.0076        0.0129       -0.0177
       0.0036       -0.0062        0.0046
       0.0419       -0.0315       -0.0190
       0.0020       -0.0914       -0.0644
       0.0841       -0.0671        0.0917
       0.0338       -0.1176       -0.0522
      -0.0146        0.0247        0.0113
       0.1041        0.0060        0.0189

360.55571840889775
       0.3035        0.0240       -0.2104
      -0.3377        0.1077        0.1658
      -0.0732        0.0524       -0.0081
       0.2887        0.0174       -0.1891
      -0.2057        0.0413        0.0737
      -0.3897        0.0617        0.1520
      -0.0144        0.0270        0.0505
       0.0115        0.0019       -0.0117
       0.0534       -0.0791        0.0194
      -0.0799       -0.0469        0.0895
       0.1014        0.1190       -0.0049
      -0.0818       -0.0314        0.0702
       0.0455       -0.0731       -0.0255
       0.1035        0.0332       -0.0426
       0.2337       -0.2295       -0.1345
       0.1660       -0.0058       -0.1029
      -0.1137        0.0320        0.0702
      -0.0416        0.0207       -0.0091
      -0.0033        0.0109        0.0169
      -0.0013        0.0171        0.0195
       0.0035        0.0117       -0.0181
       0.0025       -0.0010        0.0042
       0.0252       -0.0304       -0.0073
       0.0079        0.0099        0.1679
      -0.0859       -0.0310        0.0182
      -0.1242       -0.0360       -0.0061
       0.0065        0.0899        0.0558
       0.0573        0.0653       -0.0708

396.14396290617225
      -0.0688        0.0995        0.1324
       0.1775       -0.0925        0.0350
       0.0891       -0.0062       -0.1239
      -0.0077        0.0979        0.0240
      -0.0924       -0.1135        0.0068
       0.0580       -0.1336        0.0086
      -0.0035        0.0441        0.0452
      -0.0104        0.0336       -0.0493
      -0.0999       -0.1491        0.0157
       0.0390       -0.0744        0.0732
      -0.0588        0.4169       -0.1135
      -0.1295       -0.0784        0.0809
       0.2510       -0.1192       -0.1222
      -0.1747       -0.1391        0.0135
       0.0068        0.0816       -0.0298
      -0.0454        0.0556        0.0747
       0.0978       -0.0426        0.0310
       0.0458       -0.0010       -0.0895
       0.0120        0.0248        0.0116
       0.0062        0.0159        0.0308
      -0.0419        0.0201       -0.0545
      -0.0076        0.0284        0.0409
      -0.0490       -0.0328        0.0321
       0.0122       -0.0409        0.0205
       0.0396       -0.0313        0.0748
      -0.0032       -0.0627       -0.0151
      -0.0065        0.3573        0.2281
       0.0459        0.2722       -0.3323

434.8876090848348
      -0.0176        0.3216       -0.0555
       0.0191        0.0246       -0.0415
      -0.0006        0.0643       -0.0394
       0.0887        0.2872        0.0892
      -0.0504       -0.2395        0.0633
      -0.1424       -0.1870       -0.1998
       0.0030       -0.0076       -0.0137
       0.0048       -0.0045        0.0137
       0.0948        0.0344       -0.0061
       0.1469        0.0149        0.2339
       0.1359       -0.1482        0.1303
       0.0367        0.0241       -0.0232
      -0.0817        0.0316        0.0370
       0.0019       -0.2067        0.2562
      -0.2517        0.0435       -0.4389
      -0.0114        0.0941       -0.0123
       0.0665       -0.0245        0.0837
      -0.0452        0.0398       -0.1148
      -0.0037       -0.0050       -0.0022
      -0.0015       -0.0025       -0.0103
       0.0134       -0.0041        0.0158
       0.0028       -0.0075       -0.0129
       0.0474        0.0052       -0.0284
       0.0470       -0.0244        0.0809
       0.0792       -0.0096        0.1410
       0.0073       -0.0569        0.0119
       0.0821       -0.0870       -0.0038
       0.0065       -0.0581        0.0795

471.35920192131925
      -0.1405        0.0612       -0.0014
       0.2585       -0.0975       -0.1585
       0.2516        0.0695       -0.2131
      -0.2194        0.0705       -0.0829
      -0.2682        0.0632        0.1993
      -0.3577        0.0705        0.2789
      -0.0016        0.0020        0.0225
      -0.0066       -0.0003        0.0187
       0.1110        0.0026       -0.0043
      -0.1371       -0.0680       -0.1874
       0.1435       -0.0774        0.0558
      -0.0054        0.0172        0.0114
      -0.0636       -0.0085        0.0265
       0.0765       -0.0228        0.0666
       0.1491       -0.0036        0.0728
       0.0157        0.0393       -0.0011
       0.2729       -0.0620       -0.1616
       0.2446       -0.0118       -0.1637
       0.0011        0.0005        0.0052
      -0.0003       -0.0026        0.0066
       0.0047        0.0023        0.0064
      -0.0003       -0.0037       -0.0035
       0.0519       -0.0098       -0.0277
      -0.0457       -0.0480       -0.0882
       0.0013       -0.0196       -0.0193
      -0.0318       -0.0372       -0.0688
       0.0423       -0.0623       -0.0274
       0.0316       -0.0461        0.0616

493.0952872289766
       0.0532        0.1130       -0.0828
      -0.1000       -0.1810        0.1783
      -0.1705        0.2292       -0.0924
      -0.0601        0.1472       -0.3504
       0.1157       -0.1216       -0.0235
       0.2808       -0.1596        0.0573
       0.0005        0.0046       -0.0040
       0.0114        0.0010        0.0040
       0.0726        0.0035       -0.0018
      -0.2275       -0.1724       -0.3238
       0.1260       -0.0323        0.1038
      -0.0087        0.0079       -0.0061
      -0.0289        0.0075        0.0182
      -0.0481       -0.0569        0.2537
       0.0701        0.1945        0.1841
       0.0342        0.1185        0.0525
      -0.1217       -0.0408        0.1370
      -0.1534        0.0872       -0.0025
      -0.0043       -0.0016        0.0005
      -0.0001        0.0070       -0.0028
       0.0098       -0.0001        0.0062
       0.0033       -0.0015       -0.0062
       0.0375       -0.0005       -0.0222
      -0.0545       -0.0693       -0.0491
      -0.0458       -0.0674       -0.0269
      -0.1185       -0.1117       -0.1535
       0.0617       -0.0113        0.0314
       0.0368       -0.0059        0.0254

588.2356590326817
      -0.3282        0.0535       -0.0215
       0.0720        0.0460       -0.2396
      -0.0594        0.1221        0.1660
       0.4160       -0.0995       -0.2396
      -0.2901        0.1188        0.3069
       0.2208        0.0771       -0.1397
       0.0011        0.0131        0.0138
       0.0108        0.0033        0.0163
       0.0714       -0.0080       -0.0126
       0.0317        0.0349       -0.0257
       0.0722       -0.0243       -0.0138
      -0.0180        0.0150        0.0009
      -0.0348       -0.0226        0.0275
       0.0121       -0.2244       -0.0331
      -0.0349       -0.1106        0.1237
      -0.2975        0.0279        0.0807
      -0.0543        0.0339       -0.0689
      -0.0243        0.0344        0.0743
      -0.0041       -0.0017        0.0031
       0.0002        0.0093        0.0015
       0.0060        0.0031        0.0037
       0.0033        0.0043        0.0001
       0.0313       -0.0029       -0.0176
       0.0413        0.0771        0.1513
      -0.1113       -0.0029       -0.0774
      -0.0714        0.0300       -0.0008
       0.0459        0.0144        0.0236
      -0.0048        0.0144       -0.0384

614.8248969463075
      -0.0276        0.0394       -0.3597
      -0.2181        0.0392       -0.1973
       0.2284        0.2167        0.1436
      -0.1954        0.0565        0.1073
       0.2715        0.0002        0.1549
      -0.0025        0.1040       -0.0200
       0.0124       -0.0412       -0.1175
      -0.0084        0.0139       -0.0868
      -0.1244        0.0155        0.0809
      -0.0247        0.0537       -0.0175
      -0.1184        0.0509        0.2672
       0.0556       -0.1045       -0.0486
       0.0900        0.1081       -0.0830
      -0.0254       -0.3545        0.1019
       0.0541       -0.1870        0.1105
       0.0530       -0.0263       -0.1657
      -0.0769        0.0204       -0.0846
       0.0790        0.0593        0.0475
       0.0008        0.0052       -0.0175
       0.0004       -0.0111       -0.0412
      -0.0150       -0.0174       -0.0051
      -0.0034        0.0090       -0.0111
      -0.0373        0.0117        0.0258
      -0.0276        0.0070       -0.0974
       0.0261        0.0349       -0.0299
       0.0592        0.0529        0.0344
       0.0128        0.0902        0.1695
      -0.0692        0.0798       -0.0312

651.9324081785566
       0.0571       -0.0290       -0.1542
      -0.1279        0.0509       -0.0453
       0.1332        0.0483        0.0168
      -0.1486        0.0178        0.1104
       0.0619        0.0105        0.0216
       0.0809        0.0521       -0.0414
       0.0223        0.1426        0.1305
       0.0608        0.0522        0.2304
       0.1300       -0.0657       -0.1894
       0.0065        0.0292        0.0423
       0.1829       -0.1189       -0.4797
      -0.0659        0.2261       -0.0151
      -0.1750       -0.2628        0.2315
      -0.2657       -0.1348        0.1062
       0.0332       -0.0462        0.0647
       0.0485       -0.0346       -0.0830
      -0.0828        0.0281       -0.0181
       0.0543        0.0103        0.0084
      -0.0384       -0.0294        0.0151
       0.0024        0.0788        0.0165
      -0.0219        0.0294        0.0201
       0.0178        0.0651        0.0649
       0.0327        0.0142       -0.0506
      -0.0133       -0.0045       -0.0583
       0.0348        0.0203        0.0085
       0.0499        0.0261        0.0333
       0.1253        0.0225       -0.0681
       0.0801        0.0016       -0.2186

670.4014363023856
       0.0104       -0.0025       -0.0457
      -0.0350       -0.0019       -0.0132
       0.0286        0.0227        0.0106
      -0.0292        0.0077        0.0205
      -0.0030        0.0015        0.0224
       0.0374        0.0017       -0.0166
      -0.1544       -0.1891        0.3514
      -0.1982       -0.3089       -0.1391
       0.0265        0.1275       -0.0735
       0.0018        0.0082        0.0102
       0.0579        0.0063       -0.1246
       0.1147        0.3139        0.2104
       0.0512        0.1562       -0.2589
      -0.0453       -0.0340        0.0298
       0.0064       -0.0104        0.0189
       0.0058       -0.0040       -0.0177
      -0.0277        0.0034        0.0008
       0.0238        0.0038       -0.0038
       0.1725        0.0370       -0.0035
      -0.0084       -0.2766        0.2442
       0.1919        0.0375       -0.0368
      -0.0504       -0.3537       -0.1214
      -0.0066       -0.0349       -0.0030
      -0.0024        0.0002       -0.0107
       0.0065        0.0048        0.0013
       0.0100        0.0062        0.0074
       0.0481        0.0059       -0.0280
       0.0164        0.0065       -0.0447

714.0490500156035
       0.2986       -0.0481        0.0648
      -0.0152        0.3598        0.1566
       0.0969       -0.1800       -0.1140
      -0.1948       -0.0188        0.1099
      -0.4235        0.0788        0.1742
       0.3241        0.0674       -0.2514
       0.0004       -0.0173       -0.0341
      -0.0053        0.0145       -0.0376
       0.0894        0.0050        0.0508
      -0.1275       -0.0609       -0.1107
       0.0361       -0.0014        0.1276
      -0.0183       -0.0819       -0.0006
       0.0033        0.0559       -0.0243
       0.0020       -0.1312       -0.0148
      -0.0682        0.0053       -0.0504
       0.0393       -0.0324        0.0169
      -0.1705        0.1378        0.1190
       0.2095       -0.0877       -0.1244
       0.0025        0.0111        0.0019
      -0.0003       -0.0043       -0.0120
       0.0005       -0.0042        0.0016
      -0.0006        0.0012       -0.0112
       0.0462       -0.0081       -0.0108
      -0.0512       -0.0536       -0.1041
       0.0162       -0.0125       -0.0033
       0.0005       -0.0293       -0.0377
       0.0086       -0.0053        0.0325
      -0.0263        0.0042        0.0392

731.6787319695966
      -0.0093        0.0468        0.2447
       0.2003        0.5058        0.0348
      -0.0888       -0.1576        0.0532
       0.1040       -0.0907       -0.0594
       0.2840       -0.0698       -0.1755
      -0.2445        0.2268        0.0253
      -0.0054       -0.0044        0.0029
      -0.0069       -0.0094        0.0069
       0.0377       -0.0078       -0.0042
      -0.1327       -0.1069       -0.2178
       0.0390       -0.0658        0.0514
       0.0198        0.0572       -0.0120
      -0.0165        0.0091        0.0025
      -0.1356       -0.2877        0.1318
      -0.0009       -0.0215       -0.0568
      -0.0044       -0.0339        0.0218
       0.1460        0.1374       -0.0653
      -0.1669       -0.0245        0.1239
       0.0067       -0.0053       -0.0096
      -0.0006       -0.0140        0.0059
       0.0124        0.0025        0.0049
      -0.0013       -0.0159       -0.0056
       0.0229        0.0051       -0.0178
      -0.0332       -0.0181       -0.0352
      -0.0614       -0.0348       -0.0750
      -0.0572       -0.0362       -0.0714
       0.0661        0.0512        0.1011
      -0.0100        0.0406       -0.0874

764.5891579733265
      -0.1113        0.0451       -0.2004
      -0.0787        0.0973       -0.1662
      -0.2047       -0.3077       -0.2722
      -0.0117        0.0438        0.0158
      -0.1128       -0.1509       -0.2435
       0.0019        0.0740       -0.0030
      -0.0079       -0.0209       -0.0144
      -0.0125        0.0232       -0.0407
       0.2096        0.0064        0.0578
       0.1584        0.0882        0.2221
       0.0901       -0.0023        0.0941
      -0.0467       -0.1366        0.0207
      -0.0178        0.1151       -0.0136
      -0.1483       -0.0525        0.0469
       0.2491        0.1608        0.4180
      -0.0441       -0.0407       -0.1078
      -0.0374        0.0436       -0.1093
      -0.1251       -0.0662       -0.1598
       0.0078        0.0248        0.0143
      -0.0018       -0.0085       -0.0039
       0.0188       -0.0003        0.0137
      -0.0019       -0.0114       -0.0252
       0.0902       -0.0082       -0.0190
       0.0503        0.0095        0.0799
       0.0614        0.0178        0.1036
       0.0268       -0.0025        0.0403
       0.0134       -0.0077        0.0166
      -0.0176        0.0049        0.0280

797.5647396076085
       0.0087       -0.0490        0.0612
       0.0063       -0.0558        0.0355
       0.0729        0.1264        0.0669
       0.0024       -0.0214       -0.0015
       0.0641        0.0605        0.0121
      -0.0151       -0.0058        0.0274
      -0.0136       -0.0480        0.0243
      -0.0181        0.0959       -0.0206
       0.2369       -0.0015        0.0747
      -0.0143       -0.0116       -0.0183
       0.1060       -0.0513       -0.3111
      -0.1622       -0.5548        0.1259
      -0.0379        0.5496        0.0071
      -0.1673        0.0109        0.0027
      -0.0611       -0.0489       -0.1084
       0.0250       -0.0039        0.0203
       0.0201       -0.0202        0.0002
      -0.0013        0.0365        0.0823
       0.0122        0.0813        0.0773
      -0.0029       -0.0029        0.0040
       0.0622       -0.0201        0.1092
      -0.0001       -0.0221       -0.0564
       0.0505        0.0057        0.0651
      -0.0063        0.0049       -0.0131
      -0.0096        0.0004       -0.0211
       0.0065        0.0109        0.0076
       0.0491       -0.0034       -0.0772
       0.0177       -0.0107       -0.0975

808.8504354238876
       0.2451       -0.0408       -0.1506
       0.2733       -0.0492       -0.1601
      -0.0078       -0.0052        0.0073
      -0.0694        0.0196        0.0519
       0.0514       -0.0201       -0.0263
      -0.2470        0.0402        0.1306
      -0.0004        0.0009        0.0001
      -0.0002        0.0009        0.0019
      -0.0106        0.0028       -0.0033
      -0.0354        0.0146        0.0228
      -0.0000       -0.0033       -0.0125
       0.0008       -0.0131        0.0047
       0.0012        0.0117        0.0020
       0.0015        0.0016        0.0048
       0.0587       -0.0068       -0.0176
      -0.5450        0.0985        0.2953
      -0.4717        0.0847        0.2531
      -0.0442        0.0066        0.0213
       0.0011        0.0036        0.0019
      -0.0002        0.0007       -0.0002
       0.0008       -0.0011        0.0031
      -0.0002       -0.0006       -0.0003
      -0.0065        0.0022        0.0042
      -0.0323       -0.0431       -0.1037
       0.0706        0.0195        0.0335
       0.0663       -0.0068        0.0081
       0.0027        0.0004       -0.0017
       0.0030        0.0001       -0.0065

841.6486296828617
      -0.0309        0.1468       -0.0983
       0.0022        0.1228       -0.0361
      -0.0780       -0.1854        0.0166
       0.0268        0.0292        0.0137
      -0.0223       -0.1409        0.0718
       0.0076       -0.0133       -0.0429
       0.0317       -0.0086        0.0573
       0.0402       -0.0103        0.1301
      -0.5795       -0.0248       -0.1248
      -0.0314       -0.0145       -0.0612
       0.0829       -0.1066       -0.2407
       0.0257       -0.0994        0.0705
       0.0399        0.2408       -0.0320
       0.3501        0.0083        0.1258
       0.0637        0.0517        0.1156
      -0.0095        0.0191       -0.0542
       0.0123        0.0289        0.0256
       0.0549       -0.0629       -0.1103
      -0.0431       -0.0325        0.0366
       0.0021        0.0506       -0.0085
      -0.0370       -0.0587        0.0794
       0.0087        0.0442        0.0416
      -0.2664        0.0069        0.1026
      -0.0048       -0.0056        0.0025
      -0.0183       -0.0096       -0.0127
      -0.0296       -0.0170       -0.0316
       0.1180       -0.0293       -0.0509
       0.1807       -0.0450       -0.0905

882.2584666795817
      -0.0513       -0.0382        0.0574
       0.1085       -0.0328       -0.0482
      -0.3659        0.1064        0.2075
       0.0381       -0.0094       -0.0479
       0.1627       -0.0076       -0.1247
      -0.0307        0.0246        0.0222
      -0.0128        0.0190       -0.0647
      -0.0090        0.0354        0.0400
       0.0586       -0.0941        0.0437
       0.0610        0.0037       -0.0199
      -0.0217       -0.0859        0.0297
       0.0079        0.0498       -0.0479
      -0.0172        0.0491        0.0205
      -0.0750        0.0068        0.0344
      -0.0033       -0.0086       -0.0213
       0.1144       -0.0297       -0.0492
      -0.1802        0.0317        0.0776
       0.6507       -0.1070       -0.3736
       0.0365        0.0148       -0.0464
       0.0007       -0.0505        0.0015
       0.0339        0.0161        0.0303
       0.0006       -0.0507        0.0025
       0.0299       -0.0125       -0.0060
       0.0461        0.0392        0.1282
      -0.0759       -0.0245       -0.0190
      -0.0720       -0.0003       -0.0174
      -0.0396        0.0456        0.0807
       0.0210        0.0157       -0.0733

889.4428704000512
      -0.0307        0.0966       -0.0440
       0.0271        0.0624       -0.0192
      -0.0292       -0.0512        0.0898
       0.0300       -0.0032        0.0282
       0.0682       -0.0856        0.0308
      -0.0242       -0.0218       -0.0111
      -0.0866        0.1604        0.1391
      -0.0713        0.1593       -0.1131
      -0.0508        0.2825       -0.0838
      -0.0306       -0.0314       -0.0589
      -0.0388        0.2586       -0.0970
      -0.0052       -0.3818       -0.0961
       0.0812       -0.3464        0.1768
       0.0434       -0.0487        0.0473
       0.0209        0.0109        0.0328
       0.0184        0.0092       -0.0434
      -0.0081        0.0150        0.0493
       0.0894       -0.0324       -0.0403
       0.1483        0.1960        0.0121
      -0.0024       -0.1098        0.1132
       0.1279        0.2200       -0.1524
      -0.0148       -0.1141       -0.0305
      -0.0307        0.1518       -0.0028
      -0.0073        0.0075       -0.0051
      -0.0338       -0.0086       -0.0423
      -0.0149        0.0039       -0.0076
       0.1216       -0.1172       -0.2181
      -0.1422       -0.0261        0.1958

904.0733478643314
      -0.0301        0.0089        0.0146
       0.0439        0.0184       -0.0214
      -0.0503        0.0279        0.0655
       0.0112       -0.0071        0.0018
       0.0680       -0.0280       -0.0226
      -0.0203        0.0048        0.0047
       0.1128       -0.1808        0.1901
       0.0761       -0.2326       -0.1063
       0.0820        0.3185       -0.0747
       0.0026       -0.0119       -0.0195
       0.0153        0.2192       -0.0425
      -0.0574       -0.0130        0.2447
      -0.0327       -0.0647       -0.2431
      -0.0715       -0.0636        0.0127
       0.0031       -0.0042       -0.0022
       0.0504       -0.0136       -0.0341
      -0.0618        0.0186        0.0362
       0.1249       -0.0179       -0.0555
      -0.2390       -0.1538        0.2116
      -0.0056        0.2823       -0.0904
      -0.2829       -0.1998       -0.0797
       0.0091        0.2810        0.0270
       0.0241       -0.0199       -0.0214
       0.0055        0.0117        0.0195
      -0.0252       -0.0066       -0.0203
      -0.0135        0.0054       -0.0001
       0.0952       -0.0764       -0.1538
      -0.1255       -0.0035        0.1497

936.0038720169513
       0.2767       -0.0461       -0.1625
      -0.2904        0.0591        0.1612
      -0.1329        0.0218        0.0902
       0.0146       -0.0017       -0.0005
       0.0732       -0.0198       -0.0411
       0.0555       -0.0105       -0.0323
       0.0044       -0.0088        0.0077
       0.0025       -0.0086       -0.0093
       0.0274        0.0248        0.0047
      -0.0191        0.0032        0.0008
      -0.0165        0.0154       -0.0151
      -0.0061       -0.0063        0.0126
      -0.0054       -0.0114       -0.0123
      -0.0207       -0.0023        0.0180
      -0.0195        0.0052        0.0163
      -0.4923        0.0875        0.2662
       0.5206       -0.0929       -0.2732
       0.2097       -0.0389       -0.1182
      -0.0098       -0.0036        0.0114
      -0.0006        0.0126       -0.0044
      -0.0172       -0.0076       -0.0091
       0.0005        0.0125        0.0014
       0.0092        0.0024       -0.0007
      -0.0106       -0.0161       -0.0277
       0.0159        0.0053        0.0037
       0.0200       -0.0044       -0.0001
       0.0037       -0.0019       -0.0103
      -0.0197        0.0023        0.0046

947.3266266224913
      -0.0676        0.4251       -0.2406
       0.0278        0.0249        0.0164
       0.0685       -0.2787        0.2061
       0.0967       -0.0289        0.1677
       0.0306       -0.1126        0.1185
      -0.0307       -0.1422       -0.0216
       0.0209        0.0048       -0.1467
      -0.0406       -0.0699       -0.0645
       0.2603       -0.0885        0.1421
      -0.1095       -0.1524       -0.1325
      -0.1957        0.0049       -0.1482
      -0.0438        0.1287        0.0467
      -0.0292        0.0237        0.0256
       0.0075        0.1717       -0.0540
       0.0530        0.0387        0.0856
      -0.0118        0.1051       -0.0982
       0.0995       -0.0499        0.2410
       0.0520       -0.0923        0.0770
       0.0111        0.0202       -0.0299
       0.0090        0.0073       -0.0323
      -0.0292       -0.0758        0.0401
      -0.0114       -0.0133       -0.0216
       0.0747       -0.0451        0.0420
      -0.0498        0.0352       -0.0930
      -0.1035       -0.0140       -0.1934
       0.0270        0.0577        0.0510
      -0.1674        0.0304       -0.0298
      -0.0785        0.0030       -0.0402

959.8101907340601
      -0.0091        0.0776       -0.0425
       0.0041       -0.0080        0.0044
       0.0099       -0.0501        0.0337
       0.0162       -0.0058        0.0293
       0.0024       -0.0046        0.0141
      -0.0056       -0.0263       -0.0031
      -0.1509       -0.3958        0.3122
       0.2231        0.4407        0.1531
       0.0402       -0.0305       -0.0149
      -0.0177       -0.0286       -0.0197
      -0.0621       -0.0209        0.0306
       0.0268       -0.0200       -0.1729
      -0.0618        0.0295       -0.2001
       0.0003        0.0367       -0.0225
       0.0070        0.0062        0.0116
      -0.0031        0.0236       -0.0123
       0.0187       -0.0136        0.0472
       0.0101       -0.0176        0.0200
      -0.1683       -0.3636       -0.0090
      -0.0766       -0.1272        0.0087
       0.1277        0.3104       -0.1476
       0.0730        0.1246       -0.0289
       0.0367       -0.0151       -0.0452
      -0.0087        0.0074       -0.0165
      -0.0186       -0.0022       -0.0359
       0.0072        0.0124        0.0126
      -0.0560        0.0230        0.0348
      -0.0081        0.0077       -0.0184

1013.6556739721448
      -0.0099       -0.1040        0.0276
      -0.0273       -0.0176       -0.0411
       0.0308       -0.1079        0.0724
       0.0041        0.0926       -0.0203
       0.0323       -0.0469        0.0866
       0.0056        0.0481       -0.0065
      -0.0587       -0.1950       -0.1457
      -0.0082        0.0964       -0.3066
       0.0823        0.0650        0.2966
      -0.0133        0.2804       -0.1192
      -0.1087       -0.0522       -0.2440
      -0.0311        0.1219        0.0985
       0.0078       -0.0729        0.1646
       0.1404        0.0099        0.1208
      -0.0028       -0.0160       -0.0027
      -0.0051       -0.0573       -0.0147
      -0.0461        0.0150       -0.0840
       0.0100       -0.0379        0.0523
      -0.0317       -0.0719       -0.0409
      -0.0209       -0.0463       -0.0408
      -0.0273        0.0287       -0.1075
       0.0009        0.0722       -0.0836
      -0.0389        0.0700        0.1764
       0.0370       -0.1438        0.0890
       0.1408       -0.0016        0.3238
      -0.1822       -0.2076       -0.2981
      -0.0142        0.0205       -0.0270
      -0.0320       -0.0088       -0.0807

1027.5866160128132
      -0.0244        0.0257       -0.0456
      -0.0258       -0.0667       -0.0169
       0.0552       -0.1905        0.1510
       0.0385        0.0635        0.0448
       0.0433        0.0080        0.0506
      -0.0049        0.0137       -0.0066
       0.0654        0.2019        0.1319
       0.0074       -0.1025        0.3631
       0.0674       -0.0933       -0.2531
      -0.0406        0.2541       -0.1537
      -0.1075        0.0961        0.1059
       0.0061       -0.1033       -0.1164
      -0.0358        0.0664       -0.2310
      -0.0439        0.0120       -0.0669
      -0.0015       -0.0110       -0.0005
      -0.0135       -0.0168       -0.0334
       0.0104       -0.0287        0.0211
       0.0621       -0.0807        0.1563
       0.0300        0.0675        0.0352
       0.0218        0.0433        0.0333
       0.0363       -0.0298        0.1283
       0.0002       -0.0852        0.0790
       0.0828       -0.1089       -0.1681
       0.0253       -0.1407        0.0667
       0.1194       -0.0040        0.2858
      -0.1790       -0.1987       -0.2938
      -0.0740       -0.0061       -0.0138
      -0.0771        0.0116        0.0733

1047.7393312828888
      -0.0008       -0.0793        0.0446
       0.0069        0.0781       -0.0147
       0.0018        0.1095       -0.0147
       0.0177       -0.0014       -0.0349
       0.0186       -0.0908        0.0094
      -0.0103       -0.0072       -0.0085
      -0.0427       -0.0679       -0.3655
       0.0659        0.1057        0.3038
       0.0100       -0.1666        0.1462
      -0.0243       -0.0158        0.0369
       0.0121        0.3458       -0.1536
      -0.0771        0.1146        0.2008
      -0.0153       -0.0413       -0.2216
       0.0139       -0.1125        0.0835
       0.0083        0.0078        0.0114
      -0.0024       -0.0477       -0.0103
      -0.0260        0.0390       -0.0606
      -0.0265        0.0457       -0.0665
       0.0400       -0.0445       -0.1702
       0.0087       -0.1041       -0.0236
       0.1053        0.0527        0.1191
       0.0235       -0.0847        0.0290
      -0.0528       -0.3095        0.1167
      -0.0196       -0.0024       -0.0468
       0.0210        0.0124       -0.0126
       0.0451        0.0168        0.0350
       0.0618       -0.1281       -0.2837
      -0.0910       -0.0478        0.2513

1060.04618229949
       0.0800       -0.0062       -0.0489
       0.0060       -0.0027        0.0102
       0.0801       -0.0204       -0.0418
      -0.3301        0.0585        0.1860
       0.0009        0.0171       -0.0052
      -0.0061        0.0091        0.0072
      -0.0089       -0.0152       -0.0509
       0.0077        0.0157        0.0249
      -0.0151       -0.0049        0.0094
       0.3619       -0.0762       -0.2259
       0.0317        0.0281        0.0012
      -0.0058        0.0105        0.0380
       0.0019       -0.0087       -0.0141
      -0.0198       -0.0183       -0.0060
      -0.0046       -0.0043       -0.0116
      -0.0915        0.0267        0.0566
      -0.0009       -0.0015        0.0130
      -0.0832        0.0105        0.0766
       0.0055       -0.0046       -0.0215
       0.0016       -0.0136        0.0003
       0.0130        0.0082        0.0100
       0.0029       -0.0047        0.0000
      -0.0107       -0.0279        0.0119
       0.2139        0.2027        0.4983
      -0.3573       -0.1374       -0.1363
      -0.3210        0.0335       -0.0692
       0.0220       -0.0140       -0.0219
       0.0014       -0.0033        0.0231

1082.3292827276935
       0.0314       -0.1539        0.0942
       0.0024        0.1387       -0.0432
       0.0044        0.1709       -0.0767
      -0.0372        0.0340       -0.0180
       0.0175       -0.1995        0.1210
      -0.0252       -0.0428       -0.0360
       0.0959        0.1389        0.3030
      -0.0752       -0.0901       -0.0296
       0.1701       -0.1956        0.0564
       0.0320       -0.0546        0.0062
      -0.3772        0.0544       -0.1827
      -0.0154        0.0187       -0.3290
      -0.0051        0.0886       -0.0201
       0.2863        0.0179        0.2213
       0.0212        0.0135        0.0342
      -0.0204       -0.0798        0.0055
      -0.0683        0.0786       -0.1437
      -0.1351        0.1045       -0.2234
      -0.0500       -0.0145        0.1047
      -0.0092        0.0662       -0.0382
      -0.0128       -0.0546        0.0353
      -0.0236       -0.0295       -0.0159
       0.0605       -0.0146       -0.0071
       0.0121        0.0435        0.0298
      -0.0440       -0.0099       -0.0591
       0.0048        0.0348        0.0441
      -0.1720        0.0197       -0.0532
      -0.1380       -0.0124        0.0104

1094.590889610948
       0.0167       -0.0374        0.0442
      -0.0077        0.0196       -0.0206
      -0.0135        0.0298       -0.0612
      -0.0136        0.0142       -0.0189
      -0.0049       -0.0389        0.0638
       0.0013       -0.0036       -0.0083
      -0.0524       -0.0257       -0.2526
       0.0834       -0.0187        0.3110
       0.1324        0.4382       -0.0931
       0.0102       -0.0315        0.0180
      -0.2487       -0.2513       -0.0600
       0.0060       -0.1438        0.2612
      -0.1158       -0.1730       -0.2605
       0.1964        0.0984        0.1105
       0.0026       -0.0041        0.0056
       0.0163        0.0050        0.0253
      -0.0349        0.0237       -0.0703
      -0.0767        0.0352       -0.1001
       0.0813        0.1090       -0.0544
       0.0306       -0.0060        0.0615
       0.0206        0.0644       -0.0121
       0.0233       -0.0103        0.0376
       0.0550        0.1288       -0.0524
       0.0003        0.0196        0.0002
      -0.0129       -0.0011       -0.0299
       0.0158        0.0217        0.0328
      -0.0703        0.1220        0.1969
      -0.0701        0.0493       -0.2340

1138.5161533685343
      -0.0837       -0.2268       -0.0713
       0.0957        0.2170        0.0989
       0.0687        0.2923        0.0254
       0.0041       -0.0438        0.0257
      -0.0314       -0.1906        0.0229
      -0.1016       -0.1977       -0.1282
      -0.0717       -0.0264       -0.0345
       0.0629        0.0090       -0.0377
      -0.0181        0.0113       -0.1046
      -0.0057        0.0606       -0.0390
       0.0611       -0.0243        0.0638
       0.0280       -0.0130        0.0819
      -0.0058        0.0238        0.0584
      -0.0568        0.1115       -0.1027
       0.0667        0.0662        0.1053
      -0.2440       -0.4325       -0.3038
       0.2027       -0.0332        0.3845
      -0.0197        0.1054       -0.0569
       0.0291        0.0056       -0.0414
       0.0017       -0.0202        0.0602
      -0.0362       -0.0125       -0.0291
       0.0142        0.0425        0.0384
       0.0103        0.0320       -0.0501
       0.0090       -0.0246        0.0227
       0.0150        0.0012        0.0492
      -0.0312       -0.0347       -0.0587
      -0.0799        0.0029        0.0093
       0.0455        0.0058       -0.0153

1154.3425692786825
      -0.0385       -0.0261       -0.0601
       0.0383        0.0198        0.0588
      -0.0076        0.0267       -0.0231
      -0.0420       -0.0367       -0.0648
      -0.0303        0.0565       -0.0564
       0.0001        0.0028       -0.0013
       0.3921       -0.0590       -0.0057
      -0.3647        0.0687        0.1512
      -0.0304        0.1355        0.1625
       0.0221        0.0218        0.0349
       0.0398       -0.0712       -0.0125
      -0.1057        0.0370       -0.0724
       0.0736       -0.1465       -0.1233
       0.0099       -0.0045        0.0174
       0.0002        0.0036       -0.0007
      -0.0534       -0.0746       -0.0704
       0.0902       -0.0384        0.1803
       0.0426       -0.0119        0.0803
      -0.1734       -0.0144        0.2547
      -0.0032        0.1092       -0.3543
       0.2501        0.1553        0.1211
      -0.0789       -0.2134       -0.2643
      -0.0382        0.0200        0.0851
       0.0084        0.0015        0.0159
       0.0158        0.0054        0.0235
       0.0122        0.0050        0.0108
       0.0758        0.0121        0.0433
       0.0131        0.0036       -0.0464

1173.8035323309227
       0.0861        0.0025        0.1535
      -0.0838       -0.0134       -0.1365
       0.0566        0.0426        0.1000
       0.1755        0.0926        0.2748
       0.0499       -0.1960        0.1386
      -0.0675       -0.1225       -0.0927
       0.1287       -0.1329       -0.0871
      -0.1466        0.1092       -0.0424
      -0.0405       -0.0212       -0.2731
      -0.0902       -0.0391       -0.1457
       0.0964        0.0107        0.1071
      -0.0247        0.0298        0.2063
       0.0850        0.0082        0.1628
      -0.1448        0.1361       -0.2005
       0.0402        0.0291        0.0689
       0.0392        0.0157        0.0615
      -0.1616        0.0718       -0.3261
      -0.1181        0.0770       -0.2549
      -0.0814       -0.0340        0.0888
      -0.0024        0.0219       -0.1331
       0.1153        0.0742        0.0516
      -0.0289       -0.0577       -0.1224
       0.0256        0.0130       -0.1293
      -0.0288       -0.0268       -0.0525
      -0.0441       -0.0157       -0.0567
      -0.0576       -0.0440       -0.0776
      -0.1071       -0.0061       -0.0089
       0.0438        0.0142        0.0012

1206.045968276462
       0.0503        0.0043        0.0904
      -0.0550       -0.0486       -0.0796
       0.0495        0.0522        0.0662
       0.1524        0.0600        0.2435
      -0.0137       -0.0364       -0.0062
      -0.0665       -0.0974       -0.0952
      -0.0286        0.1401        0.0935
       0.0824       -0.1308        0.1143
      -0.0323        0.1584        0.4843
      -0.0711       -0.0251       -0.1138
       0.2347       -0.0778        0.0113
      -0.0013       -0.0294       -0.3152
      -0.1022       -0.0803       -0.2815
      -0.1623        0.0773       -0.1559
       0.0384        0.0317        0.0653
      -0.0153       -0.0544       -0.0118
      -0.0555        0.0051       -0.1048
      -0.0675        0.0543       -0.1212
       0.0513        0.0612       -0.0139
       0.0032        0.0108        0.0462
      -0.0687       -0.0099       -0.0802
       0.0118       -0.0094        0.1068
      -0.1010        0.0266        0.2710
      -0.0228       -0.0229       -0.0425
      -0.0338       -0.0105       -0.0434
      -0.0461       -0.0381       -0.0655
       0.0767       -0.0081        0.0175
       0.1169       -0.0094       -0.0353

1227.278421199526
      -0.0600        0.0203       -0.1094
       0.0251       -0.1546        0.0909
      -0.0657       -0.1461       -0.0674
       0.1439        0.0635        0.2254
       0.0708        0.2506        0.0226
       0.2302        0.2728        0.3487
       0.0109       -0.0052       -0.0051
      -0.0013       -0.0029       -0.0109
       0.0106       -0.0225       -0.0234
      -0.0520       -0.0232       -0.0726
      -0.0465        0.0208       -0.0118
      -0.0067        0.0020        0.0139
       0.0006        0.0149        0.0199
       0.0061       -0.0699        0.0327
      -0.1257       -0.0962       -0.2063
      -0.1520       -0.2206       -0.2063
       0.0446       -0.0637        0.1023
      -0.2564        0.0627       -0.4631
      -0.0053       -0.0055        0.0030
       0.0008       -0.0003       -0.0087
       0.0079        0.0171       -0.0212
      -0.0025       -0.0123        0.0279
       0.0082       -0.0316       -0.0133
      -0.0218       -0.0167       -0.0487
      -0.0334       -0.0029       -0.0586
      -0.0359       -0.0417       -0.0571
       0.0887        0.0060        0.0164
      -0.0155       -0.0060        0.0216

1232.2882492805284
      -0.0014        0.0001       -0.0021
       0.0017        0.0104        0.0003
       0.0030        0.0010       -0.0016
      -0.0162       -0.0094       -0.0228
      -0.0003       -0.0072       -0.0000
      -0.0035       -0.0048       -0.0057
       0.1437       -0.0998       -0.0333
       0.1829       -0.0740       -0.0194
      -0.0071       -0.0270       -0.0585
       0.0064        0.0030        0.0078
      -0.0237        0.0001        0.0041
      -0.1165        0.0810        0.0241
      -0.1090        0.1139        0.0551
       0.0133       -0.0071        0.0093
       0.0020        0.0018        0.0032
       0.0085        0.0152        0.0107
       0.0017        0.0026        0.0017
       0.0039       -0.0032        0.0259
       0.0148        0.3207        0.3240
      -0.0974       -0.2993       -0.3657
      -0.0862        0.1828       -0.3853
       0.0188       -0.1489        0.4533
      -0.0144       -0.1165        0.0020
       0.0028        0.0028        0.0062
       0.0039        0.0006        0.0065
       0.0029        0.0038        0.0053
      -0.0234        0.0030        0.0012
       0.0150       -0.0031        0.0004

1252.8348086477858
      -0.0002        0.0012       -0.0003
      -0.0003       -0.0062        0.0022
      -0.0013       -0.0012       -0.0024
       0.0103        0.0080        0.0147
       0.0015        0.0048       -0.0019
       0.0075        0.0038        0.0124
      -0.1676       -0.1181        0.0835
       0.1763        0.1449        0.0004
      -0.0343        0.0164        0.0115
      -0.0047       -0.0036       -0.0056
       0.0059        0.0009        0.0016
      -0.0404        0.0890       -0.0746
       0.0467       -0.1374       -0.0701
      -0.0031       -0.0004       -0.0043
      -0.0040       -0.0022       -0.0065
      -0.0083       -0.0137       -0.0107
      -0.0027       -0.0001       -0.0061
      -0.0075        0.0028       -0.0134
       0.0914        0.4019        0.2860
      -0.1289       -0.3623       -0.1413
      -0.0096       -0.3018        0.4245
       0.0745        0.2865       -0.2716
       0.0165        0.0162       -0.0413
      -0.0018        0.0003       -0.0031
      -0.0015       -0.0000       -0.0046
      -0.0012       -0.0014       -0.0022
       0.0071        0.0009        0.0015
       0.0001       -0.0010        0.0036

1277.3922118838623
      -0.0328        0.1103       -0.0954
       0.1042        0.0919        0.1620
      -0.0056        0.0047       -0.0121
       0.0045        0.1436       -0.0386
      -0.0852       -0.1669       -0.0938
       0.1771       -0.1547        0.3762
       0.0092       -0.0050       -0.0091
      -0.0058       -0.0160        0.0283
      -0.0030        0.0348        0.0323
       0.0043       -0.0408        0.0199
       0.0175        0.0375       -0.0089
       0.0088       -0.0091       -0.0007
      -0.0179       -0.0129       -0.0372
      -0.0099       -0.0092       -0.0107
      -0.0848       -0.0127       -0.1534
      -0.1775       -0.2350       -0.2393
      -0.1935        0.1622       -0.4116
       0.1606       -0.0707        0.2968
       0.0014        0.0152        0.0131
       0.0068        0.0176        0.0051
      -0.0030        0.0164       -0.0219
      -0.0007       -0.0037       -0.0059
       0.0139        0.1208       -0.0104
      -0.0080        0.0312       -0.0220
      -0.0133        0.0035       -0.0470
       0.0072        0.0182        0.0284
      -0.2197        0.0245       -0.0287
       0.2336       -0.0560        0.0580

1304.01905787049
       0.0564        0.0410        0.0909
      -0.0181       -0.1044       -0.0010
      -0.0124        0.0564       -0.0468
       0.1275        0.1956        0.1525
      -0.1358        0.0582       -0.2082
      -0.0403       -0.0941       -0.0487
      -0.0153        0.0117        0.0181
       0.0003        0.0174       -0.0450
       0.0038       -0.0183       -0.0760
      -0.0409       -0.0720       -0.0406
      -0.0816       -0.1234        0.0292
      -0.0157        0.0059       -0.0162
       0.0457        0.0278        0.0952
       0.1113        0.0930        0.0698
       0.0299        0.0232        0.0458
      -0.1119       -0.2046       -0.1348
      -0.0738        0.0031       -0.1346
       0.1291       -0.0374        0.2365
      -0.0010       -0.0241       -0.0220
      -0.0066       -0.0108        0.0030
      -0.0035       -0.0083        0.0041
       0.0011        0.0130       -0.0076
      -0.0251       -0.3190        0.0115
      -0.0259        0.0220       -0.0605
      -0.0361       -0.0018       -0.0886
      -0.0201       -0.0061       -0.0060
       0.4613       -0.0155        0.1223
      -0.4414        0.0931       -0.1091

1315.650463710992
       0.0275       -0.0909        0.0859
      -0.0480       -0.2065       -0.0240
       0.0500        0.0364        0.0612
       0.1566        0.2582        0.1832
      -0.1728        0.0793       -0.3138
      -0.0894        0.1842       -0.2198
       0.0526        0.0380       -0.0065
       0.0160        0.0361       -0.0258
      -0.0358       -0.1105        0.0559
      -0.0511       -0.0805       -0.0548
      -0.0854        0.0847       -0.0687
       0.0231       -0.0055        0.1322
      -0.0491       -0.0078       -0.0880
       0.0996       -0.1804        0.1679
       0.0558        0.0224        0.0961
      -0.0105       -0.0684        0.0026
       0.0290       -0.0943        0.0835
       0.0594       -0.0043        0.1190
      -0.0311       -0.0893       -0.0480
      -0.0260       -0.1048       -0.0990
      -0.0246       -0.0607        0.0625
      -0.0052       -0.0990        0.0978
       0.1287        0.4521       -0.1803
      -0.0311        0.0262       -0.0718
      -0.0445       -0.0035       -0.1021
      -0.0242       -0.0090       -0.0105
      -0.0854       -0.0059       -0.0601
       0.1502       -0.0537        0.0734

1330.3612380253264
      -0.0257       -0.1207       -0.0010
       0.0028       -0.1225        0.0439
       0.0627       -0.0093        0.1058
       0.0673        0.2086        0.0455
      -0.1077       -0.0469       -0.1756
      -0.0375        0.2215       -0.1321
      -0.0815       -0.1189       -0.0453
      -0.0438       -0.1024        0.0951
       0.0504        0.1417       -0.0826
      -0.0224       -0.0530       -0.0172
      -0.0626        0.0060       -0.0007
      -0.0037        0.0044       -0.1147
       0.0692        0.0400        0.1410
       0.0431       -0.1292        0.0782
       0.0226        0.0055        0.0399
       0.0216        0.0062        0.0366
       0.0281       -0.0554        0.0646
       0.0194       -0.0008        0.0338
       0.0773        0.2005        0.0984
       0.0455        0.2102        0.1377
       0.0399        0.1556       -0.1773
       0.0104        0.2043       -0.2357
      -0.0649       -0.4318        0.0857
      -0.0171        0.0304       -0.0386
      -0.0205       -0.0003       -0.0609
      -0.0050        0.0060        0.0103
      -0.2603        0.0334       -0.0083
       0.2774       -0.0588        0.0314

1351.512355669361
      -0.1696       -0.2487       -0.2144
       0.1578       -0.0271        0.2951
       0.1685       -0.1049        0.3151
      -0.0522        0.2863       -0.1896
      -0.0961       -0.3763       -0.0210
       0.0368        0.3376       -0.0256
       0.0198        0.0367        0.0258
       0.0151        0.0448       -0.0401
      -0.0255       -0.0043        0.0157
       0.0076       -0.0437        0.0277
       0.1174       -0.0577        0.0367
      -0.0005       -0.0055       -0.0063
      -0.0171       -0.0247       -0.0399
      -0.0554        0.1533       -0.1231
      -0.0276       -0.0159       -0.0492
       0.0592        0.1095        0.0745
      -0.0194        0.0334       -0.0574
      -0.0626        0.0139       -0.0934
      -0.0273       -0.0547       -0.0180
      -0.0073       -0.0506       -0.0165
      -0.0056       -0.0545        0.0710
      -0.0041       -0.0705        0.0952
      -0.0312        0.0308        0.0386
      -0.0031        0.0655        0.0032
       0.0144        0.0046       -0.0257
       0.0313        0.0443        0.0593
       0.0765       -0.0061        0.0283
      -0.2304        0.0556       -0.0490

1385.2676989541476
       0.0192        0.0057        0.0330
      -0.0204       -0.0228       -0.0294
      -0.0169        0.0037       -0.0301
       0.0142        0.0188        0.0194
       0.0004        0.0249       -0.0152
      -0.0089        0.0149       -0.0212
      -0.0017       -0.1339        0.0469
       0.0266        0.3122       -0.1995
       0.1926        0.1067       -0.2249
      -0.0019       -0.0090       -0.0006
      -0.0990        0.0059        0.0839
      -0.0236        0.0125       -0.0471
      -0.0679       -0.1166       -0.0186
       0.0207       -0.0451        0.0070
       0.0054        0.0001        0.0107
      -0.0070       -0.0207       -0.0059
       0.0086       -0.0161        0.0201
       0.0171       -0.0086        0.0350
      -0.0342        0.0000        0.0861
       0.0492        0.1686        0.1350
      -0.0049       -0.2051        0.3309
      -0.0253       -0.3385        0.3689
      -0.2334       -0.1047        0.3541
      -0.0034        0.0047       -0.0099
      -0.0034        0.0004       -0.0114
      -0.0066       -0.0026       -0.0019
      -0.0468        0.0117        0.0344
       0.1891       -0.0241        0.0181

1390.2597800536535
       0.0069        0.0171        0.0064
      -0.0043       -0.0035       -0.0070
      -0.0081       -0.0009       -0.0156
       0.0015       -0.0145        0.0065
       0.0021        0.0263        0.0023
       0.0023       -0.0121        0.0083
      -0.0662       -0.3364       -0.0761
       0.0014        0.1269       -0.0139
      -0.2149       -0.0911        0.2054
       0.0005        0.0020        0.0007
       0.1870       -0.0194       -0.1200
       0.0799        0.0740       -0.0904
       0.0003       -0.0027       -0.0374
       0.0023        0.0097        0.0478
      -0.0009       -0.0019       -0.0021
      -0.0059       -0.0075       -0.0078
      -0.0019       -0.0009       -0.0019
      -0.0010       -0.0014        0.0029
       0.1003        0.2847        0.2010
       0.1014        0.4507        0.2224
       0.0385        0.0239        0.0471
      -0.0114       -0.1307        0.1810
       0.1891        0.0675       -0.3075
       0.0001       -0.0018       -0.0003
      -0.0004        0.0006       -0.0006
      -0.0015       -0.0032       -0.0032
      -0.1183        0.0406       -0.0136
      -0.2966        0.0173        0.0186

1398.766282168521
       0.0084        0.0129        0.0109
      -0.0139       -0.0068       -0.0229
      -0.0093        0.0062       -0.0189
       0.0084       -0.0172        0.0193
       0.0013        0.0299       -0.0136
       0.0079        0.0064        0.0123
       0.0581        0.1866        0.0776
       0.0195        0.0984       -0.1481
      -0.1867        0.3344        0.1568
       0.0005        0.0033       -0.0004
       0.1605       -0.0832       -0.1292
       0.0020       -0.0969        0.0023
       0.0576       -0.0649        0.0506
       0.0027       -0.0468        0.0679
      -0.0023       -0.0025       -0.0031
      -0.0011       -0.0020       -0.0008
       0.0081       -0.0090        0.0174
      -0.0024        0.0016        0.0025
      -0.0834       -0.2182       -0.1248
      -0.0449       -0.2086       -0.1005
      -0.0603       -0.1381        0.1266
      -0.0101       -0.1439        0.1107
       0.1753       -0.4664       -0.2970
      -0.0009       -0.0067       -0.0058
      -0.0060       -0.0004       -0.0025
      -0.0047       -0.0055       -0.0063
      -0.3565        0.0939        0.0143
      -0.0402       -0.0254       -0.0078

1415.1180562697452
       0.0615        0.0239        0.1023
      -0.0481       -0.0750       -0.0628
      -0.0767       -0.0526       -0.1111
       0.0041        0.0980       -0.0264
       0.0706        0.0628        0.0896
      -0.0065        0.0764       -0.0346
       0.0093        0.0543        0.0013
      -0.0066       -0.0679        0.0483
       0.0284       -0.0584       -0.1814
       0.0213       -0.0335        0.0436
       0.3541       -0.0289       -0.0426
      -0.0252        0.0019        0.0125
      -0.0207        0.0088       -0.0215
       0.0041       -0.0361        0.0728
      -0.0009       -0.0176        0.0028
      -0.0451       -0.0993       -0.0469
       0.0167       -0.0435        0.0446
       0.0404       -0.0453        0.0708
      -0.0222       -0.0217       -0.0074
      -0.0121       -0.0859       -0.0219
       0.0259        0.0356       -0.0381
       0.0055        0.0875       -0.0584
      -0.2544        0.1627        0.3219
      -0.0141        0.0341       -0.0600
      -0.0160        0.0080       -0.0555
      -0.0419       -0.0134       -0.0010
      -0.4671        0.1470        0.0655
      -0.4651        0.0150        0.1198

1425.4949642414317
      -0.0401       -0.0272       -0.0604
       0.0247        0.0524        0.0287
       0.0194        0.0501        0.0183
      -0.0224       -0.0928       -0.0263
      -0.0372       -0.0326       -0.0479
       0.0131       -0.0209        0.0312
      -0.0009       -0.0028        0.0016
       0.0016        0.0025        0.0007
       0.0014       -0.0009        0.0004
       0.2585        0.1605        0.3224
      -0.0144       -0.0039        0.0017
       0.0005        0.0002       -0.0014
       0.0001       -0.0001       -0.0000
       0.0116        0.0068        0.0056
      -0.0028        0.0045       -0.0069
       0.0417        0.0785        0.0488
       0.0071        0.0184        0.0056
      -0.0002        0.0211       -0.0016
       0.0021        0.0028        0.0016
      -0.0003        0.0036       -0.0004
      -0.0038       -0.0017        0.0004
       0.0006       -0.0033       -0.0009
       0.0029       -0.0021       -0.0034
      -0.0644       -0.2079       -0.4992
      -0.4141        0.0028       -0.2601
      -0.3398       -0.2491       -0.2196
       0.0251        0.0007        0.0081
       0.0032       -0.0024        0.0010

1446.908210555326
       0.1218       -0.0064        0.2194
      -0.0705       -0.0990       -0.0955
      -0.1045       -0.2239       -0.1019
      -0.0964        0.3393       -0.2817
       0.2419       -0.0123        0.4065
      -0.0511        0.1133       -0.1294
       0.0019       -0.0014       -0.0049
       0.0022        0.0051       -0.0035
      -0.0186        0.0178        0.0902
       0.0728       -0.1118        0.1420
      -0.0655        0.0341        0.0459
       0.0076       -0.0005       -0.0121
       0.0040       -0.0027       -0.0080
      -0.0825        0.0494       -0.1163
       0.0066       -0.0243        0.0207
      -0.1019       -0.2282       -0.1001
       0.0151       -0.0585        0.0477
       0.0334       -0.1066        0.0751
      -0.0042        0.0041        0.0066
       0.0058        0.0059        0.0115
      -0.0062       -0.0033       -0.0004
      -0.0008       -0.0184        0.0139
       0.0874       -0.0331       -0.1050
      -0.0364        0.2049       -0.1418
       0.0523        0.0389       -0.1130
      -0.1439       -0.0057        0.0304
       0.0799       -0.1249       -0.1279
       0.1558        0.0570       -0.1348

1501.1135567041665
      -0.0035        0.0319       -0.0151
       0.0149       -0.0390        0.0408
      -0.0182        0.0348       -0.0481
       0.0158       -0.0409        0.0542
      -0.0240        0.0149       -0.0466
       0.0140        0.0578        0.0063
       0.0015        0.0043        0.0008
      -0.0026       -0.0067       -0.0034
      -0.0013        0.0055        0.0024
      -0.0260        0.0642       -0.0188
       0.0468        0.0220        0.2234
      -0.0005       -0.0000       -0.0107
      -0.0028       -0.0054       -0.0115
       0.0481       -0.0336        0.0837
      -0.0077       -0.0101       -0.0128
      -0.0045       -0.0005       -0.0137
      -0.0089       -0.0042       -0.0156
       0.0110        0.0039        0.0245
      -0.0038       -0.0006        0.0027
       0.0004       -0.0056        0.0012
       0.0193        0.0021        0.0088
      -0.0015        0.0150        0.0156
      -0.0257        0.0098        0.0429
       0.0311       -0.2174        0.0969
      -0.1335       -0.0154       -0.0437
       0.1885       -0.0347       -0.0187
      -0.2090       -0.4009       -0.4373
      -0.0684        0.3343       -0.5287

1507.2277765920828
      -0.0006        0.0190        0.0018
      -0.0014       -0.0097        0.0003
       0.0022        0.0105        0.0142
       0.0674       -0.0264        0.0049
      -0.0200        0.0092       -0.0349
       0.0071        0.0042        0.0096
      -0.0007       -0.0013        0.0033
      -0.0019       -0.0019       -0.0019
      -0.0001        0.0005       -0.0024
       0.1095       -0.0497       -0.1475
       0.0087        0.0017        0.0314
      -0.0002        0.0001       -0.0010
      -0.0003       -0.0008       -0.0014
       0.0116       -0.0091        0.0185
      -0.0017       -0.0006       -0.0021
      -0.0103       -0.0085       -0.0118
      -0.0009       -0.0021       -0.0046
      -0.0068        0.0074       -0.0200
       0.0055        0.0004       -0.0036
      -0.0024        0.0037       -0.0063
       0.0073        0.0011        0.0035
      -0.0009        0.0058        0.0045
      -0.0061        0.0021        0.0088
      -0.0535       -0.0060       -0.3290
      -0.1424       -0.2627        0.5417
      -0.3662        0.4594        0.3137
      -0.0328       -0.0550       -0.0599
      -0.0150        0.0473       -0.0736

1514.729905719812
       0.0613        0.0586        0.0989
      -0.0061       -0.0906        0.0202
      -0.0195       -0.0679       -0.0166
      -0.0421        0.1268       -0.1229
       0.0683       -0.0394        0.1252
      -0.0408        0.0988       -0.1047
       0.0053        0.0061       -0.0142
       0.0037        0.0042        0.0051
      -0.0019       -0.0016        0.0141
       0.0099        0.1200       -0.0451
      -0.0220       -0.0003       -0.0703
       0.0019        0.0003       -0.0024
       0.0008        0.0018        0.0020
      -0.0349        0.0201       -0.0536
       0.0095       -0.0046        0.0197
      -0.0552       -0.1125       -0.0717
      -0.0170       -0.0238       -0.0251
      -0.0001       -0.0292        0.0174
      -0.0300        0.0004        0.0242
       0.0127       -0.0169        0.0330
      -0.0176       -0.0020       -0.0088
       0.0018       -0.0164       -0.0103
       0.0201       -0.0050       -0.0272
       0.0636       -0.5820        0.1142
      -0.4527       -0.1484        0.0600
       0.3865        0.1138        0.1226
       0.0747        0.1161        0.1245
       0.0442       -0.1038        0.1579

1525.3203614220818
       0.0081        0.0194        0.0078
       0.0110       -0.0145        0.0252
       0.0092       -0.0188        0.0221
      -0.0197        0.0062       -0.0346
       0.0116        0.0219        0.0087
      -0.0179       -0.0106       -0.0299
      -0.0740       -0.0857        0.1928
      -0.0765       -0.0950       -0.1003
       0.0082        0.0391       -0.0113
       0.0041        0.0080        0.0074
      -0.0034       -0.0051       -0.0071
      -0.0088       -0.0050        0.0438
      -0.0110       -0.0148       -0.0282
      -0.0031       -0.0048       -0.0014
       0.0044        0.0033        0.0073
      -0.0127       -0.0186       -0.0173
      -0.0109        0.0029       -0.0218
      -0.0050       -0.0028       -0.0156
       0.4299        0.0122       -0.3343
      -0.1703        0.2530       -0.4496
       0.3574        0.0605        0.1514
      -0.0419        0.2890        0.2775
      -0.0067       -0.0201        0.0080
       0.0043       -0.0269        0.0088
      -0.0208       -0.0027       -0.0051
       0.0229       -0.0008        0.0031
      -0.0117        0.0162        0.0149
       0.0186       -0.0122        0.0131

1537.8263077882743
      -0.0014       -0.0040       -0.0004
      -0.0003       -0.0034        0.0011
      -0.0051       -0.0039       -0.0119
       0.0008        0.0073       -0.0011
       0.0068       -0.0083        0.0172
       0.0061        0.0169        0.0060
      -0.0563       -0.0936        0.1450
       0.1150        0.1680        0.1309
       0.0088       -0.0134       -0.0391
      -0.0006        0.0005       -0.0019
       0.0191        0.0017        0.0153
      -0.0112        0.0002        0.0183
       0.0161        0.0109        0.0230
      -0.0049        0.0036       -0.0064
      -0.0038       -0.0035       -0.0056
      -0.0003       -0.0016       -0.0006
       0.0022       -0.0020        0.0033
      -0.0066       -0.0003        0.0031
       0.3294        0.0409       -0.2156
      -0.1191        0.2071       -0.3144
      -0.5005       -0.1134       -0.1546
       0.0582       -0.4088       -0.3607
      -0.0266        0.0048        0.0279
       0.0015       -0.0096        0.0047
      -0.0073       -0.0029        0.0009
       0.0090        0.0032        0.0034
      -0.0196       -0.0062       -0.0071
      -0.0241        0.0117       -0.0064

1549.7329594455678
       0.0382        0.2321       -0.0102
       0.1713       -0.1636        0.3639
       0.1272       -0.0906        0.2486
      -0.1589       -0.1610       -0.2211
       0.0138        0.3450       -0.0811
      -0.2086       -0.1459       -0.3397
       0.0040        0.0047       -0.0131
       0.0073        0.0127        0.0062
       0.0059       -0.0002       -0.0217
       0.0387        0.0248        0.0621
       0.0066        0.0065       -0.0032
       0.0002       -0.0021        0.0033
       0.0010        0.0014        0.0089
       0.0169       -0.1023        0.0602
       0.0555        0.0463        0.0878
      -0.1127       -0.1190       -0.1578
      -0.1333        0.0467       -0.2602
      -0.1290        0.0459       -0.2292
      -0.0290       -0.0008        0.0220
       0.0106       -0.0178        0.0287
      -0.0340       -0.0083       -0.0110
       0.0039       -0.0277       -0.0301
      -0.0164        0.0011        0.0192
       0.0038        0.0606       -0.0013
       0.0573        0.0265        0.0091
      -0.0374       -0.0212       -0.0127
      -0.0503       -0.0028       -0.0128
      -0.0034        0.0040       -0.0019

1642.9828019896543
      -0.1793       -0.3899       -0.1902
       0.0536        0.2199        0.0229
      -0.0243       -0.1845        0.0185
       0.0879        0.4326        0.0067
       0.1055        0.4297        0.0496
      -0.0584       -0.4752        0.0410
       0.0006       -0.0006       -0.0021
       0.0001        0.0030       -0.0015
       0.0015        0.0008       -0.0116
      -0.0145       -0.0337       -0.0164
       0.0117        0.0076        0.0021
      -0.0006       -0.0012        0.0033
       0.0001        0.0001        0.0032
      -0.0003       -0.0624        0.0290
       0.0131        0.0330        0.0130
       0.0840        0.1032        0.1148
       0.0168        0.0735        0.0065
      -0.0235       -0.0487       -0.0299
      -0.0035        0.0003        0.0028
       0.0013       -0.0017        0.0031
      -0.0029       -0.0019        0.0005
       0.0002       -0.0044       -0.0030
      -0.0098        0.0012        0.0113
      -0.0011       -0.0607       -0.0072
      -0.0777       -0.0249       -0.0282
       0.0594        0.0366        0.0427
      -0.0345       -0.0097       -0.0178
      -0.0085        0.0131       -0.0137

1662.4055877074945
       0.1567        0.0866        0.2507
      -0.2056        0.1059       -0.4097
       0.2330       -0.1134        0.4377
      -0.1546        0.1058       -0.2951
      -0.1682        0.0129       -0.2859
       0.1205       -0.1618        0.2691
      -0.0002       -0.0006       -0.0009
       0.0014        0.0028        0.0007
      -0.0004       -0.0015       -0.0153
       0.0219       -0.0009        0.0388
       0.0204       -0.0097        0.0289
      -0.0012       -0.0007        0.0019
       0.0000       -0.0001        0.0021
       0.0160        0.0010        0.0158
      -0.0110        0.0017       -0.0202
      -0.0281       -0.0955       -0.0151
       0.0616       -0.0364        0.1288
      -0.0915        0.0367       -0.1586
      -0.0013        0.0002        0.0009
       0.0006       -0.0011        0.0012
      -0.0061       -0.0022       -0.0014
       0.0012       -0.0040       -0.0070
      -0.0141        0.0045        0.0170
       0.0078       -0.0147        0.0209
      -0.0191        0.0016       -0.0167
       0.0397        0.0071        0.0220
      -0.0139       -0.0230       -0.0145
      -0.0340        0.0285       -0.0339

3033.50196963832
      -0.0000       -0.0001       -0.0000
       0.0001       -0.0000        0.0002
      -0.0000        0.0003        0.0002
       0.0001        0.0002        0.0001
       0.0004        0.0000       -0.0004
      -0.0003       -0.0002       -0.0004
       0.0218        0.0085       -0.0172
      -0.0054       -0.0043        0.0005
      -0.2304        0.0010       -0.1550
      -0.0027       -0.0010       -0.0020
      -0.0023        0.0025        0.0187
       0.0038        0.0053       -0.0046
       0.0024       -0.0066       -0.0022
       0.0032       -0.0002        0.0015
       0.0001        0.0004        0.0001
      -0.0000        0.0001       -0.0001
      -0.0001       -0.0003       -0.0001
      -0.0001       -0.0011       -0.0002
       0.0334       -0.0298        0.0337
      -0.1092        0.0066        0.0356
      -0.0093        0.0161        0.0120
       0.0259        0.0000        0.0013
       0.7770       -0.0059        0.5390
       0.0134        0.0007       -0.0034
      -0.0030        0.0089        0.0030
      -0.0011       -0.0062        0.0071
       0.0047        0.0520       -0.0424
      -0.0138       -0.0607       -0.0286

3037.2393258482048
       0.0012       -0.0003        0.0023
      -0.0005       -0.0006       -0.0005
       0.0016        0.0017        0.0019
       0.0023        0.0012        0.0028
      -0.0007       -0.0007       -0.0005
       0.0003        0.0007        0.0006
      -0.0027       -0.0008        0.0019
      -0.0004        0.0003        0.0000
       0.0042       -0.0000        0.0027
      -0.1356       -0.0553       -0.1025
       0.0002       -0.0004       -0.0010
      -0.0001       -0.0001        0.0002
       0.0000        0.0002        0.0001
      -0.0002        0.0003       -0.0004
      -0.0002       -0.0001       -0.0004
      -0.0024        0.0051       -0.0064
       0.0000        0.0002       -0.0003
      -0.0024       -0.0084       -0.0018
      -0.0030        0.0025       -0.0031
       0.0121       -0.0007       -0.0041
       0.0005       -0.0010       -0.0006
       0.0010       -0.0001        0.0000
      -0.0140        0.0001       -0.0095
       0.6737        0.0333       -0.1686
      -0.1577        0.4600        0.1568
      -0.0565       -0.3067        0.3544
      -0.0004       -0.0024        0.0019
       0.0006        0.0035        0.0018

3050.056180802796
      -0.0001        0.0001       -0.0003
       0.0001        0.0001        0.0002
      -0.0002       -0.0000       -0.0000
       0.0001        0.0000        0.0000
       0.0005       -0.0006        0.0001
       0.0001        0.0001        0.0000
      -0.1818       -0.0504        0.1452
       0.0209       -0.0103       -0.0127
      -0.0294        0.0030       -0.0238
       0.0022        0.0006        0.0006
      -0.0002       -0.0008        0.0042
       0.0026        0.0052        0.0082
       0.0005       -0.0007       -0.0011
       0.0002        0.0002       -0.0001
      -0.0001        0.0001       -0.0001
       0.0002       -0.0005        0.0006
      -0.0001       -0.0004       -0.0002
       0.0003        0.0001        0.0000
      -0.2218        0.1968       -0.2247
       0.8339       -0.0574       -0.2864
      -0.0287        0.0462        0.0400
      -0.0390       -0.0006       -0.0048
       0.1003       -0.0025        0.0722
      -0.0096       -0.0006        0.0023
       0.0014       -0.0041       -0.0014
       0.0004        0.0025       -0.0030
       0.0006        0.0116       -0.0092
      -0.0021       -0.0097       -0.0047

3077.299283443422
       0.0000        0.0001       -0.0001
       0.0000        0.0002       -0.0000
       0.0008        0.0060        0.0007
       0.0000       -0.0002        0.0001
      -0.0006        0.0004       -0.0000
      -0.0002       -0.0003       -0.0003
       0.0239       -0.0096        0.0137
      -0.1800       -0.1104       -0.0908
       0.0086        0.0044        0.0076
      -0.0010        0.0009        0.0006
      -0.0010       -0.0015        0.0005
       0.0001        0.0004        0.0013
      -0.0011        0.0012       -0.0085
       0.0003        0.0003        0.0007
       0.0001        0.0001        0.0002
       0.0001       -0.0004        0.0005
      -0.0001        0.0000        0.0001
      -0.0066       -0.0167       -0.0017
      -0.0502        0.0429       -0.0550
      -0.0259        0.0016        0.0104
      -0.2110        0.3535        0.2661
       0.8319       -0.0075        0.0640
      -0.0257       -0.0001       -0.0184
       0.0021        0.0003       -0.0004
       0.0014       -0.0040       -0.0013
       0.0000        0.0005       -0.0004
       0.0006        0.0037       -0.0031
       0.0012       -0.0018       -0.0014

3107.049221453823
      -0.0001       -0.0000       -0.0002
       0.0003        0.0006        0.0006
      -0.0005        0.0003       -0.0007
       0.0003       -0.0000        0.0003
       0.0018       -0.0030        0.0040
      -0.0004        0.0008       -0.0010
      -0.0016        0.0005        0.0006
       0.0021       -0.0038       -0.0027
      -0.0252        0.0020       -0.0135
       0.0173       -0.0050       -0.0120
       0.0045        0.0036       -0.2277
       0.0000        0.0002        0.0013
      -0.0001       -0.0003        0.0011
      -0.0050        0.0016       -0.0033
       0.0012       -0.0025        0.0012
      -0.0000        0.0004       -0.0005
      -0.0007       -0.0020       -0.0006
       0.0002       -0.0006        0.0002
       0.0009       -0.0010        0.0014
       0.0049       -0.0007       -0.0021
      -0.0073        0.0137        0.0102
      -0.0005        0.0001        0.0002
       0.0808       -0.0021        0.0481
      -0.0480       -0.0030        0.0111
      -0.0109        0.0364        0.0119
      -0.0017       -0.0163        0.0180
      -0.0861       -0.5503        0.4869
       0.0884        0.5448        0.2846

3109.4170034060003
       0.0006       -0.0020        0.0017
      -0.0000       -0.0005        0.0003
       0.0003        0.0036        0.0007
       0.0033        0.0007        0.0023
      -0.0002        0.0005       -0.0002
      -0.0001        0.0001        0.0000
       0.0027       -0.0013        0.0006
      -0.0018        0.0007        0.0003
       0.0019       -0.0002        0.0009
       0.2358       -0.0769       -0.1722
      -0.0003       -0.0006        0.0163
      -0.0001       -0.0000       -0.0000
       0.0000        0.0001       -0.0000
       0.0003       -0.0000        0.0001
      -0.0000        0.0001       -0.0002
      -0.0016        0.0055       -0.0062
       0.0002        0.0006       -0.0000
      -0.0016       -0.0109       -0.0022
      -0.0040        0.0039       -0.0046
      -0.0054        0.0003        0.0020
       0.0011       -0.0022       -0.0017
       0.0050       -0.0000        0.0003
      -0.0060        0.0002       -0.0035
      -0.6390       -0.0399        0.1489
      -0.1614        0.5382        0.1760
      -0.0238       -0.2359        0.2615
       0.0062        0.0396       -0.0351
      -0.0063       -0.0383       -0.0200

3128.697153298209
      -0.0000       -0.0001        0.0001
      -0.0000       -0.0001       -0.0001
      -0.0002       -0.0020       -0.0001
      -0.0001        0.0001        0.0000
      -0.0002        0.0006       -0.0005
      -0.0001       -0.0003       -0.0002
      -0.2144        0.1380       -0.1215
       0.0715       -0.0785       -0.0547
       0.0028        0.0005        0.0062
       0.0023        0.0007       -0.0023
      -0.0000        0.0004        0.0021
       0.0025       -0.0007       -0.0006
      -0.0007       -0.0008        0.0015
       0.0003       -0.0004        0.0004
       0.0001        0.0001        0.0001
       0.0000       -0.0001       -0.0000
       0.0001        0.0003        0.0001
       0.0018        0.0064        0.0005
       0.4611       -0.4503        0.5123
       0.2785       -0.0110       -0.1026
      -0.1451        0.2628        0.1943
      -0.1067       -0.0014       -0.0106
      -0.0127        0.0002       -0.0095
      -0.0063       -0.0002        0.0015
      -0.0006        0.0029        0.0008
      -0.0006       -0.0049        0.0057
       0.0009        0.0047       -0.0042
      -0.0009       -0.0066       -0.0037

3132.8436460067433
       0.0019       -0.0058        0.0068
      -0.0003        0.0008       -0.0006
      -0.0010       -0.0058       -0.0013
       0.0007        0.0039       -0.0004
       0.0007        0.0005        0.0009
      -0.0001       -0.0007        0.0002
       0.0007       -0.0004        0.0004
      -0.0010        0.0013        0.0010
       0.0001        0.0000        0.0000
       0.0018        0.2828       -0.1200
      -0.0000       -0.0003        0.0002
      -0.0000       -0.0000       -0.0000
      -0.0000       -0.0000       -0.0000
      -0.0001       -0.0001       -0.0000
       0.0000       -0.0001        0.0000
      -0.0070        0.0166       -0.0199
      -0.0010       -0.0039       -0.0007
       0.0042        0.0163        0.0037
      -0.0013        0.0015       -0.0016
      -0.0010        0.0000        0.0003
       0.0025       -0.0045       -0.0033
       0.0013        0.0000        0.0002
      -0.0002       -0.0000       -0.0001
      -0.0967        0.0121        0.0169
       0.1696       -0.5049       -0.1826
      -0.0819       -0.4874        0.5773
       0.0001        0.0009       -0.0008
       0.0000        0.0003        0.0002

3145.781838913342
      -0.0003        0.0006       -0.0008
       0.0002        0.0005        0.0001
       0.0018        0.0095        0.0010
       0.0001       -0.0003        0.0004
      -0.0002       -0.0003       -0.0001
      -0.0001       -0.0003       -0.0004
      -0.1061        0.0516       -0.0358
      -0.2202        0.1577        0.1070
      -0.0050       -0.0000       -0.0028
       0.0002       -0.0009        0.0009
       0.0000        0.0022       -0.0033
       0.0013       -0.0018       -0.0009
       0.0026       -0.0012       -0.0004
       0.0000        0.0004        0.0004
       0.0001        0.0001        0.0002
       0.0009       -0.0022        0.0023
      -0.0003       -0.0011       -0.0002
      -0.0081       -0.0296       -0.0031
       0.1725       -0.1701        0.1926
       0.1893       -0.0061       -0.0686
       0.2990       -0.5449       -0.4022
       0.4608        0.0096        0.0400
       0.0094       -0.0006        0.0059
      -0.0011       -0.0001        0.0002
      -0.0000        0.0003        0.0002
       0.0005        0.0029       -0.0034
      -0.0016       -0.0102        0.0093
       0.0007        0.0017        0.0010

3170.0787360060563
       0.0001       -0.0001        0.0001
       0.0003        0.0011        0.0004
      -0.0004       -0.0016       -0.0003
      -0.0000       -0.0000       -0.0001
      -0.0017        0.0010       -0.0005
      -0.0005        0.0003       -0.0009
      -0.0011        0.0007       -0.0016
      -0.0013        0.0014        0.0014
      -0.0030       -0.0057       -0.0005
      -0.0001       -0.0003        0.0004
      -0.0503       -0.3106        0.0162
       0.0006        0.0010       -0.0007
      -0.0002        0.0016        0.0009
       0.0012        0.0014       -0.0002
       0.0013       -0.0027        0.0013
      -0.0001        0.0006       -0.0006
      -0.0011       -0.0036       -0.0006
       0.0014        0.0056        0.0008
       0.0029       -0.0025        0.0031
       0.0002        0.0004        0.0005
       0.0026       -0.0042       -0.0033
       0.0022        0.0002        0.0002
       0.0080        0.0010        0.0043
       0.0000       -0.0000        0.0001
       0.0001       -0.0002        0.0000
       0.0002        0.0011       -0.0013
       0.0748        0.4457       -0.4048
       0.0973        0.6351        0.3458

3192.778544442304
      -0.0640        0.1763       -0.1736
      -0.0179       -0.0850       -0.0048
       0.0239        0.0915        0.0122
      -0.0023       -0.0100       -0.0010
      -0.0019        0.0007       -0.0034
      -0.0011       -0.0004       -0.0020
       0.0009       -0.0003        0.0001
       0.0043       -0.0014       -0.0007
       0.0001        0.0000        0.0002
       0.0004        0.0087       -0.0050
      -0.0003       -0.0014       -0.0002
       0.0000        0.0000       -0.0000
      -0.0001       -0.0000       -0.0001
       0.0003       -0.0005        0.0006
       0.0002        0.0002        0.0002
       0.2166       -0.5813        0.5828
       0.0743        0.2901        0.0408
      -0.0752       -0.3063       -0.0334
      -0.0009        0.0010       -0.0011
      -0.0022        0.0000        0.0008
      -0.0031        0.0052        0.0038
      -0.0120       -0.0004       -0.0010
      -0.0000       -0.0001       -0.0001
      -0.0023        0.0008        0.0008
       0.0041       -0.0125       -0.0037
      -0.0021       -0.0173        0.0224
       0.0004        0.0015       -0.0012
       0.0004        0.0029        0.0016

3193.9742311888895
       0.0202       -0.0615        0.0568
       0.0093        0.0405        0.0037
       0.0643        0.2621        0.0283
       0.0049       -0.0027        0.0096
      -0.0058        0.0003       -0.0101
       0.0003       -0.0021        0.0010
       0.0012       -0.0002        0.0001
       0.0102       -0.0030       -0.0015
       0.0001        0.0002        0.0001
      -0.0019        0.0040        0.0024
      -0.0004       -0.0019        0.0005
       0.0000       -0.0001       -0.0001
      -0.0002       -0.0001       -0.0002
       0.0008       -0.0004        0.0008
       0.0002        0.0002        0.0002
      -0.0722        0.1957       -0.1951
      -0.0358       -0.1390       -0.0198
      -0.2126       -0.8711       -0.0931
      -0.0013        0.0014       -0.0013
      -0.0030       -0.0002        0.0011
      -0.0068        0.0115        0.0083
      -0.0291       -0.0008       -0.0024
      -0.0006       -0.0001       -0.0004
      -0.0001        0.0002       -0.0016
       0.0042       -0.0162       -0.0077
      -0.0005        0.0010       -0.0043
       0.0009        0.0024       -0.0019
       0.0001        0.0032        0.0013

3216.5470479595615
      -0.0310        0.0648       -0.0771
       0.0692        0.2620        0.0406
      -0.0025       -0.0120       -0.0008
      -0.0019       -0.0052       -0.0016
      -0.0002       -0.0015        0.0001
       0.0052       -0.0065        0.0117
       0.0003       -0.0001       -0.0000
       0.0001       -0.0002       -0.0002
       0.0002        0.0000        0.0000
       0.0006        0.0012       -0.0018
       0.0004        0.0011        0.0006
      -0.0001       -0.0000       -0.0000
       0.0000        0.0000        0.0000
      -0.0001        0.0005       -0.0003
      -0.0011       -0.0000       -0.0020
       0.0854       -0.2231        0.2276
      -0.2246       -0.8578       -0.1296
       0.0088        0.0372        0.0036
      -0.0000        0.0000       -0.0002
      -0.0008        0.0001        0.0003
      -0.0003        0.0007        0.0006
      -0.0001       -0.0001       -0.0000
      -0.0006        0.0001       -0.0002
      -0.0004        0.0003        0.0007
       0.0000        0.0012        0.0012
      -0.0003       -0.0042        0.0059
      -0.0002       -0.0005        0.0003
      -0.0006       -0.0035       -0.0020

