JOB 0
COORDS  1.8889278509e+00 -1.0084497619e+00 -1.8067494516e-01  1.8347983726e+00  1.9104496753e-01  5.3635001540e-01  1.9025940004e+00 -2.2298091272e+00  5.0355771577e-01  1.3322133000e+00 -3.2244825809e-01  8.4636452961e+00  5.7282418043e-01  8.1474987106e-01  8.7584479560e+00  1.7794531102e+00  1.7042477079e-01  1.9323617307e+00  1.8577165681e+00 -2.2518855556e+00  1.8974753665e+00  1.5684445328e+00 -6.7627133055e-01  7.1367659256e+00  7.5436747858e-02  1.5595906872e+00  7.6876583071e+00  1.7819752842e+00 -1.0527841634e+00  2.6220245572e+00  1.0208409864e+00  1.5023302750e-01  6.1401097516e+00  1.7412682164e+00 -1.1544231157e+00  4.1191666910e+00  2.8950329618e-01  1.2439306165e+00  6.4047330132e+00  1.1924067581e+00 -6.2442219237e-02  4.7621144176e+00  2.1550239074e+00 -2.1503857821e+00  4.7105766789e+00  1.9288759624e+00 -9.9124366173e-01 -1.2667115117e+00  1.8441823001e+00  1.1418807529e+00  1.0325767300e-02  1.9516791571e+00 -3.1631448440e+00 -5.1000232432e-02  1.7393025461e+00 -9.3665929760e-01  9.2627666018e+00  3.6962977466e-01  1.1160465434e+00  9.7815146503e+00  1.7739884845e+00  1.1132593735e+00  2.4730729107e+00  1.8819563514e+00 -3.1880149671e+00  2.4464005854e+00  2.1386957489e+00 -1.5530890704e+00  6.8633867902e+00 -5.2336716572e-01  2.4519992728e+00  7.8625128556e+00  6.7068077134e-01  6.0750557316e-01  4.2087897799e+00
ENERGY -6.481619972279e+02
GRADIENT -2.2394425500e-06 -1.7616372155e-05  1.1973318780e-05 -6.1490450906e-06  2.5014897601e-05 -1.6077558300e-06 -2.5179255818e-06  7.5854445454e-05  2.6979184638e-05 -6.5498774970e-05  1.1869026504e-04 -1.4520385641e-04 -5.2700894935e-05  4.8656878660e-05  2.0666552844e-04  1.8428096515e-05  3.6918003068e-05  1.8150617420e-05  1.5392075441e-06 -1.2488101237e-04  9.1532226000e-05  4.9527451348e-05 -8.1945681091e-05 -2.3174372272e-05  1.1736860121e-04 -1.0693969554e-04 -3.2940280399e-05  4.4049571531e-05 -1.1494083778e-04 -1.7393482007e-04 -3.1744502129e-05 -1.6804020241e-05  1.5634977465e-05  1.5796669985e-03  7.6680317309e-04  1.2721756340e-04 -3.1086699955e-05  1.5293084706e-05 -3.2290242543e-05  1.4507883886e-03  9.8821010373e-04 -1.5180518929e-04 -1.5031732829e-03 -5.4802387445e-04 -1.5294483611e-04  1.3371793128e-06  7.0079178166e-06  1.2131562274e-06 -3.1979945460e-06  4.9020071111e-06  3.4561554436e-06  3.2849260364e-06  2.7681019916e-06  1.4885548109e-05 -7.4343938064e-06  2.0528039193e-05 -9.3579764656e-06 -8.3036686333e-06  9.6600681461e-06  1.9458512783e-05  4.4273598983e-06  1.3800962870e-05 -1.1990692409e-05  7.9558020895e-06 -2.3698946108e-05  6.3102444059e-06  1.3432182003e-05 -4.0433777603e-06 -1.5945605257e-05  3.5129567942e-06 -1.4279561982e-05  4.2161548941e-06 -1.5589875020e-03 -1.0462325540e-03  2.1182974740e-04

JOB 1
COORDS  1.9223583644e+00 -1.0006840260e+00 -1.8659060955e-01  1.9345796861e+00  1.9559837157e-01  5.3793066710e-01  1.8414054544e+00 -2.2252088804e+00  4.8791342857e-01  1.4320302430e+00 -2.4794098846e-01  8.4357347654e+00  5.6917055192e-01  8.0961565293e-01  8.7434916941e+00  1.8529614841e+00  1.6975122901e-01  1.9325797675e+00  1.7683384352e+00 -2.2536681624e+00  1.8803814836e+00  1.6724573308e+00 -5.8310560799e-01  7.1051521878e+00 -2.3751331755e-02  1.4945647401e+00  7.6818727461e+00  1.7611622130e+00 -1.0559462605e+00  2.6115315277e+00  1.0238136224e+00  1.7828386417e-01  6.1176309582e+00  1.6819894332e+00 -1.1546653411e+00  4.1052990521e+00  1.9299690568e-01  1.1940972669e+00  6.3952368314e+00  1.2058477533e+00 -1.2432320393e-02  4.7349467033e+00  1.9877979057e+00 -2.1818496464e+00  4.7057255758e+00  1.9835383113e+00 -9.7944766081e-01 -1.2716039753e+00  2.0161092933e+00  1.1467435032e+00  1.8686742733e-02  1.8378882847e+00 -3.1557116640e+00 -7.3521836216e-02  1.9150722639e+00 -8.1465163993e-01  9.2275980117e+00  3.5905521479e-01  1.0943636111e+00  9.7698952939e+00  1.8968996960e+00  1.1030641383e+00  2.4869686224e+00  1.7166195010e+00 -3.1927995738e+00  2.4224081183e+00  2.3161717820e+00 -1.4059011655e+00  6.8267658209e+00 -7.0560906747e-01  2.3230480297e+00  7.8667093826e+00  5.6804451618e-01  5.7483994792e-01  4.2071819285e+00
ENERGY -6.481603422932e+02
GRADIENT -3.4371797050e-06 -1.3069000589e-05  9.1315678627e-06 -5.9567651934e-07  7.1013578647e-05 -3.4274161937e-05  2.5678499461e-06  1.0303858142e-04  5.3151576195e-05 -8.4190367550e-05  9.8679566392e-05 -1.3649313844e-04 -3.6380858176e-05  3.9580757848e-05  1.7514470967e-04  1.6708312025e-05 -2.5630422602e-05 -5.8363354651e-06 -1.1519088254e-05 -1.5424850422e-04  8.6271590160e-05  8.4989438423e-05 -8.7750446481e-05 -1.5410570507e-06  9.3415559212e-05 -8.6945824465e-05 -2.2652713615e-05  5.5140123121e-05 -1.2083658125e-04 -1.3058242193e-04 -6.9358840321e-05  1.0683083539e-04  5.2427220052e-05  5.4465777442e-03  1.6008274530e-03  1.3931121394e-03 -1.6914477969e-05  2.5733996070e-06 -3.6600327825e-05  3.4632605554e-03  2.8169857520e-03 -3.0130795454e-03 -4.5995086464e-03 -1.6298402100e-03 -5.7992992203e-04  1.9465389675e-06  1.2361075518e-05  1.3863107243e-06  1.8272999218e-07  7.3138703436e-06 -1.6174375676e-06  7.8256263086e-07  3.7980546987e-06  1.6888278657e-05 -1.0035080786e-05  1.3161318301e-05 -9.3280964732e-06 -1.1403232994e-05  3.7461098866e-06  1.7502074784e-05  6.4996254213e-06  3.1051430965e-06 -1.8103613195e-05  3.3281616247e-06 -2.6871820330e-05  1.4610005244e-05  1.3558032187e-06  3.8362137776e-06  2.9080129359e-07  5.1933794093e-06 -1.5517671833e-05  4.6787016501e-06 -4.3344683963e-03 -2.7659547317e-03  2.1883911462e-03

JOB 2
COORDS  1.9938866269e+00 -1.0070130305e+00 -1.6907514719e-01  2.0536291650e+00  1.8169295999e-01  5.6574203001e-01  1.8064393962e+00 -2.2286218392e+00  4.8999217341e-01  1.5479061416e+00 -1.8375041604e-01  8.4061469130e+00  5.9209280090e-01  7.7909707869e-01  8.7510366839e+00  1.9157786570e+00  1.5244752212e-01  1.9558670851e+00  1.6753422239e+00 -2.2608445116e+00  1.8779142329e+00  1.7659581494e+00 -4.9043047485e-01  7.0657590772e+00 -1.1180483407e-01  1.3984512953e+00  7.7180698341e+00  1.7190051156e+00 -1.0694593773e+00  2.6189286125e+00  1.0019217815e+00  1.9708310464e-01  6.1077553565e+00  1.5709391367e+00 -1.1626239516e+00  4.1053698718e+00  8.2164540192e-02  1.1197365688e+00  6.4219305725e+00  1.1688312824e+00  3.0857665563e-02  4.7169063502e+00  1.7415134053e+00 -2.2123724117e+00  4.7159375065e+00  2.0994225709e+00 -9.8284232597e-01 -1.2506570911e+00  2.2151659635e+00  1.1287262276e+00  5.7804877141e-02  1.7643956644e+00 -3.1529196468e+00 -8.0058442190e-02  2.1189722373e+00 -6.9648269572e-01  9.1758807921e+00  3.9559303452e-01  1.0408988162e+00  9.7861915642e+00  1.9915543110e+00  1.0739704842e+00  2.5254533055e+00  1.5376075846e+00 -3.1977837650e+00  2.4086675824e+00  2.4820068049e+00 -1.2424933135e+00  6.7626451951e+00 -8.6761944770e-01  2.1519710218e+00  7.9334569542e+00  4.3660807268e-01  5.4133510087e-01  4.2295607603e+00
ENERGY -6.481571512649e+02
GRADIENT -4.1791494088e-06 -3.2027116651e-05 -2.9011644545e-06  2.6139418274e-05  6.6957203535e-05 -3.2222675699e-05  1.1663278573e-07  1.2208838004e-05 -3.0392168243e-05  9.0120533725e-05 -7.4379630423e-05  1.1643784155e-04  5.6711466978e-05 -7.7535613063e-05 -2.5419164416e-04 -3.9608900980e-05 -1.5345833870e-04  1.5765516684e-05 -1.9576895312e-05  4.7304340648e-05 -2.6046376551e-05 -4.9137667418e-05  2.3520104311e-05  1.8446683515e-05 -1.7261385163e-04  1.7669921637e-04  4.5370427200e-05  5.2614954989e-05  6.4562482460e-05  3.8804140871e-05  1.3493539534e-04 -6.2927205707e-05  6.2122557659e-05  8.9323926283e-03  1.6261191321e-03  3.0490214751e-03  1.7545018988e-06  1.4248594635e-06  5.8401875120e-05  4.2543405379e-03  4.6559232547e-03 -6.0156252971e-03 -7.3649929356e-03 -1.9113004731e-03 -1.1152202907e-03 -4.8292588159e-06  8.9845958305e-06 -1.8313835283e-08  6.7098691981e-06  2.7774162146e-06 -4.3840591509e-06  1.4343072063e-06 -1.0537403043e-06 -1.4467142923e-06  1.5446183162e-05 -2.1344079073e-05  1.8455753831e-06  2.0639678257e-06 -6.7643691752e-06 -2.6196048752e-05  1.0887839649e-06  2.2713718744e-06 -3.6529676232e-06 -3.5460999725e-06  1.9670829339e-05  5.7675918177e-06  1.7144937945e-05  6.9361039589e-07 -1.3988358539e-06 -4.2931711585e-06  2.7792118035e-05  4.9842440486e-06 -5.9277870587e-03 -4.3800797553e-03  4.1411092617e-03

JOB 3
COORDS  2.1018034282e+00 -1.0334834589e+00 -1.6771633707e-01  2.1581706901e+00  1.5123271165e-01  5.7382140390e-01  1.8238054189e+00 -2.2485486289e+00  4.7206829224e-01  1.6508341479e+00 -1.3200155162e-01  8.3196538849e+00  6.4438175396e-01  7.5184226711e-01  8.7292576689e+00  1.9301987303e+00  1.2517334266e-01  1.9519811055e+00  1.5994215278e+00 -2.2781952411e+00  1.8476310948e+00  1.8097430852e+00 -4.1320762232e-01  6.9664369411e+00 -1.6673325850e-01  1.3163187597e+00  7.7455741897e+00  1.6436981907e+00 -1.0898735813e+00  2.5948896042e+00  9.3704341131e-01  2.1265380449e-01  6.0607030861e+00  1.3937904260e+00 -1.1713810107e+00  4.0653371926e+00 -3.1791975183e-02  1.0566469861e+00  6.4369442818e+00  1.0511578860e+00  6.4983612947e-02  4.6596041542e+00  1.4184457402e+00 -2.2302497835e+00  4.6789368474e+00  2.2789227166e+00 -1.0118978105e+00 -1.2400049169e+00  2.3866210948e+00  1.0921328814e+00  8.0384293512e-02  1.7831114007e+00 -3.1690513854e+00 -1.0414761642e-01  2.3061912074e+00 -6.0033422467e-01  9.0494712231e+00  4.9105183977e-01  9.9393693453e-01  9.7764337256e+00  1.9977174291e+00  1.0391879870e+00  2.5337121657e+00  1.3870695976e+00 -3.2095237578e+00  2.3635367272e+00  2.5676734596e+00 -1.1029271661e+00  6.6168424956e+00 -9.6519726287e-01  2.0068649362e+00  8.0119915254e+00  2.3927941403e-01  5.1307968966e-01  4.2376856911e+00
ENERGY -6.481527253886e+02
GRADIENT  1.3285481340e-05 -7.6350525951e-07 -7.8635269178e-05 -5.4263810915e-06 -1.6187306261e-05  1.4741254441e-05  6.0241505172e-06  9.2245322286e-05  5.8101113138e-05  1.8761663570e-05 -1.1439248647e-05  2.7904403166e-05  8.9194118311e-06 -7.9070169318e-06 -2.9696653114e-05 -2.0007909521e-06 -1.1505174099e-05  2.8796104302e-06 -1.4531413133e-05 -6.1922701996e-05  3.1066027216e-05 -1.3667694370e-05  2.9484870611e-05  8.1163132473e-06 -2.2520464170e-05  1.6773342229e-05  1.6870286873e-05  2.2927376995e-05 -1.4134549586e-05 -1.8996824585e-05 -2.7213852717e-05  8.3897090108e-05  4.3850011954e-05  1.1957939064e-02  8.4011785337e-04  5.3583487068e-03  1.3420458872e-05 -1.6836324850e-05  4.8975438366e-06  3.6902440891e-03  5.5048761172e-03 -1.0155288752e-02 -9.2893834772e-03 -1.5510571083e-03 -2.2490238293e-03  2.2188966890e-06  7.6973313297e-06 -6.1942674560e-06 -1.6009269039e-06 -3.5371214414e-06 -1.6189225494e-06  3.1544464274e-06  1.0727048495e-05  8.2776523759e-06  4.1059217327e-06  1.8876616328e-06  4.6231919767e-06  1.2114469874e-06 -7.5658948542e-07 -6.0004743550e-07 -4.3874483017e-07  2.5357524173e-06  8.8247130462e-07  3.1588042548e-06 -1.9035938302e-06  1.2312170318e-05  2.3723971140e-08  8.0346933823e-06  4.1267899637e-06 -1.2962123538e-06  3.4369335873e-07  3.8975019160e-06 -6.3390742617e-03 -4.8768670818e-03  7.0047788290e-03

JOB 4
COORDS  2.2507182017e+00 -1.0516236359e+00 -1.2123232341e-01  2.2662077046e+00  1.3177704828e-01  6.2431451014e-01  1.8948848123e+00 -2.2623701924e+00  4.8850183635e-01  1.7636905043e+00 -8.6052805785e-02  8.2173054279e+00  7.4002757565e-01  7.3131960827e-01  8.7148326638e+00  1.9227220731e+00  1.0916756936e-01  1.9783073755e+00  1.5526515681e+00 -2.2884210469e+00  1.8391165628e+00  1.8317857574e+00 -3.4423135303e-01  6.8527438924e+00 -1.7897215411e-01  1.2508344977e+00  7.8045680799e+00  1.5595248417e+00 -1.1010991030e+00  2.5910278451e+00  8.5253763332e-01  2.3028613030e-01  6.0247790693e+00  1.1841321496e+00 -1.1719564960e+00  4.0319426895e+00 -1.3413370100e-01  1.0077054110e+00  6.4858977528e+00  8.8058242679e-01  9.6609685848e-02  4.6166404641e+00  1.0690401898e+00 -2.2294672842e+00  4.6331038855e+00  2.5187587931e+00 -1.0328194952e+00 -1.1745651004e+00  2.5517612395e+00  1.0684428759e+00  1.5308919157e-01  1.8850082527e+00 -3.1809114167e+00 -9.2158338884e-02  2.5023206028e+00 -5.1766563280e-01  8.8878550745e+00  6.5541028948e-01  9.5622672845e-01  9.7735652105e+00  1.9514678938e+00  1.0187793922e+00  2.5693170675e+00  1.2754304965e+00 -3.2153080699e+00  2.3317563780e+00  2.6057296258e+00 -9.7877397615e-01  6.4365950937e+00 -9.9454659406e-01  1.8887689337e+00  8.1411795593e+00 -1.6378239821e-03  4.7772109325e-01  4.2737722551e+00
ENERGY -6.481476048591e+02
GRADIENT -2.0882794889e-05 -2.6837390491e-06  8.4188008949e-05  1.1741735117e-05  5.2379549709e-05 -2.6841663278e-05  7.7216399125e-07 -1.9983405073e-05 -1.8055972905e-05 -1.3587310349e-05  1.4516219176e-05  3.1145083340e-06  8.6659296250e-06 -3.3664571118e-06 -2.7181787360e-06 -2.2931739205e-05  9.8688858807e-06  1.5119840694e-05  1.7736729553e-06 -3.6806596503e-05  3.3514096264e-05  4.0996476774e-05 -2.9090990739e-05 -4.0133569982e-05  4.6506427146e-06 -9.9495352383e-06 -2.5008841978e-05  4.2599676395e-05  6.1443462566e-06 -5.5959479794e-05 -1.8421330018e-05  9.6396363421e-05  1.2377428203e-04  1.2798479365e-02 -1.2229276926e-04  7.0234819209e-03 -1.6230843283e-05  7.1679294101e-06 -4.2032401693e-05  2.2767769445e-03  5.8635491737e-03 -1.2111176577e-02 -9.6917046376e-03 -8.2615314050e-04 -3.2674236115e-03 -2.6737181783e-06  3.0366097821e-06  1.1238435570e-05 -3.1425144264e-06  1.0000579113e-05  5.6606041284e-06 -7.3299376229e-07 -6.6024508316e-06  9.8969492803e-06  3.9497613733e-06  2.3053482767e-06 -1.5636874047e-06  3.7710244222e-06  2.6067070617e-06  4.1875684637e-06  1.1059012102e-05  1.0887980414e-05 -4.2520953557e-06  2.5068935966e-07 -6.2676346346e-06  1.9074519883e-06  5.8765215151e-06 -3.6102861482e-06  6.0417898128e-06  1.4639396583e-06 -5.8432125610e-07 -2.3014698082e-06 -5.3958124983e-03 -4.9799067974e-03  8.3618523789e-03

JOB 5
COORDS  2.4346392879e+00 -1.0676141159e+00 -2.3771620401e-02  2.3771891075e+00  1.1476762200e-01  7.2114252913e-01  2.0031348310e+00 -2.2767028456e+00  5.3978823712e-01  1.8879044543e+00 -4.6911810930e-02  8.0582702607e+00  8.7855012781e-01  7.0724512929e-01  8.6720870104e+00  1.8865235087e+00  9.3559409076e-02  2.0290287793e+00  1.5139700100e+00 -2.3019386405e+00  1.8438255078e+00  1.8261004755e+00 -2.8584560888e-01  6.6903982203e+00 -1.5711851987e-01  1.1833186352e+00  7.8698632828e+00  1.4496099210e+00 -1.1150180139e+00  2.5955620189e+00  7.3362407357e-01  2.3756625642e-01  5.9763974746e+00  9.2125662733e-01 -1.1794122612e+00  3.9845602391e+00 -2.4014029505e-01  9.5365048844e-01  6.5502992393e+00  6.3386892788e-01  1.0964454305e-01  4.5717569886e+00  6.7895110933e-01 -2.2304509131e+00  4.5541884657e+00  2.8169040630e+00 -1.0497545086e+00 -1.0412923281e+00  2.7182988560e+00  1.0498081566e+00  2.8499878281e-01  2.0493100276e+00 -3.1938308604e+00 -4.1308360969e-02  2.7161424015e+00 -4.4162826905e-01  8.6412103474e+00  8.9309100159e-01  9.1739738710e-01  9.7370731593e+00  1.8480510602e+00  1.0004843093e+00  2.6229920568e+00  1.1752008854e+00 -3.2271052403e+00  2.2998821264e+00  2.5914187588e+00 -8.6528936495e-01  6.1848604512e+00 -9.6567408839e-01  1.7726277376e+00  8.2994820810e+00 -3.0714069151e-01  4.1924529376e-01  4.3240325711e+00
ENERGY -6.481427033734e+02
GRADIENT  6.6756591438e-06 -9.4166524205e-07 -2.0313331370e-05 -7.3519847370e-07  1.9450321816e-06  3.3270794749e-06 -5.4288415273e-07  2.8106702354e-05  1.8929682342e-05 -3.3347206706e-05  2.1998309704e-05 -1.8436009734e-05  1.6771354358e-05 -8.3557790034e-06 -1.2841588231e-05  1.0962022834e-05 -9.2113870927e-06 -4.1849073224e-06 -8.4043727601e-06 -1.5502330897e-05  8.4523982040e-06  3.2802482550e-05 -1.2424894292e-05 -7.2334804383e-06 -6.2327407868e-05  5.5232614460e-05  6.5218110198e-05  9.7226163004e-06  2.4445528415e-05  1.2777185206e-05  4.0246712877e-05 -2.1638131629e-05 -4.3944908599e-05  1.0530120462e-02 -9.3267468437e-04  6.9027301640e-03  4.2004514786e-05 -8.1897402530e-06  4.8439264287e-05  6.4613290961e-04  5.1697299994e-03 -1.0960317081e-02 -7.8260163571e-03 -6.9680897446e-05 -3.4749720743e-03  4.1988690365e-07  3.1648400101e-06 -1.0530417491e-06 -7.7603020372e-09 -1.6806066361e-07 -1.4905919277e-06 -1.8788145916e-07  3.9876868353e-06  3.3335091269e-06  2.0043511054e-06  3.6309763660e-06 -5.4209794939e-06 -5.2532598830e-06  9.5520434742e-06 -3.5606121612e-06 -3.0817113319e-06 -3.9983162068e-07  6.8211330223e-08  1.0891319791e-06 -5.1471487458e-07  5.1935914910e-06 -3.0926519118e-08  3.2217568641e-06 -1.0154001338e-06  1.0395470429e-06  5.3236292513e-06  1.8649326239e-05 -3.3585875490e-03 -4.2041663379e-03  7.5093205970e-03

JOB 6
COORDS  3.1066118385e+00 -5.4036986086e-01  1.3066564587e+00  2.4260324780e+00  4.3641418223e-01  2.0418919027e+00  2.6849992238e+00 -1.8748815459e+00  1.3556189787e+00  2.3598485381e+00 -2.2388226308e-01  6.8484867957e+00  1.9927695183e+00  1.0377570235e+00  7.3359841483e+00  1.3378163796e+00  8.0427236225e-02  2.8401591432e+00  1.5856320483e+00 -2.2300543267e+00  2.1367917594e+00  1.4900021602e+00 -9.1134875111e-01  6.0106123872e+00  7.5267779526e-01  1.5484848019e+00  6.9532532159e+00  9.1383671382e-01 -1.2571008530e+00  2.8938391914e+00  2.7787185872e-01 -2.8801936746e-01  5.6585281957e+00 -2.9106463292e-01 -1.6814917740e+00  3.6737534200e+00 -8.9741095390e-02  9.1386828981e-01  6.1240729473e+00 -6.5668936321e-01 -9.3155109381e-01  4.8358875124e+00 -9.3825132661e-01 -2.6679988676e+00  3.3626981151e+00  3.9604321492e+00 -2.6218814784e-01  6.9410483887e-01  2.7450060223e+00  1.4741382433e+00  1.9956434892e+00  3.2099665520e+00 -2.6331524087e+00  7.8079669996e-01  3.3087854301e+00 -6.7216092174e-01  7.1312118849e+00  2.6405435085e+00  1.6018140905e+00  7.9997729025e+00  8.1697339873e-01  8.4389192362e-01  3.4088030211e+00  1.2314818810e+00 -3.2558001171e+00  2.1725303102e+00  1.7289220037e+00 -1.9018483318e+00  5.6380160780e+00  4.1541862437e-01  2.5167874448e+00  7.3197512046e+00 -1.4849538857e+00 -3.5300646768e-01  4.7145282658e+00
ENERGY -6.481433188031e+02
GRADIENT -1.8366158711e-05 -8.5852636896e-06  9.7023368503e-06 -1.4448866257e-05 -7.6053313252e-05  5.6044427679e-06 -3.7809841495e-05  5.9487667534e-05  4.4552879894e-05 -8.1257838664e-05  1.9359474881e-05 -2.8898112670e-05  3.7101723473e-06 -7.8283918939e-06 -1.3916859153e-05 -1.2536845188e-04  1.8254633124e-04  1.4435423663e-04 -1.2431594452e-04 -2.5405337134e-04  1.3602715729e-05  4.5934730264e-05 -8.5095939504e-05 -2.3220693781e-06  8.8807267776e-07  1.1520343407e-04  8.0888137761e-05  2.5533061071e-04  8.8376531527e-05 -1.4723043054e-04  4.3408598462e-05 -5.1768956334e-05 -3.3549438413e-05 -4.9212249086e-03  7.7615780566e-03 -6.6802106271e-03  5.7047433774e-05 -1.3081416457e-05  3.1548493887e-05 -4.1885332401e-03 -9.7373906473e-03  5.3139414105e-03  4.4391630075e-03 -4.1370382083e-03  4.0605844295e-03 -1.6616411768e-06 -5.2129812963e-06  8.6727652954e-08 -1.4459360916e-05 -5.7661507622e-06  1.6440291120e-05 -2.3676126241e-05 -1.0845102975e-05  1.4454986463e-05 -4.9821451856e-06 -2.0997348277e-06 -5.9020855578e-06 -1.4947852987e-06  9.6391139440e-06 -3.0232892461e-06  7.9344085240e-06  3.5414057647e-05 -6.3131919515e-06 -1.0634410708e-06 -3.9866308010e-05 -4.6298898127e-06 -1.0010884632e-05 -6.0502467239e-06  6.9694519426e-06  1.8855094504e-05  1.6367143911e-05  1.2632963941e-05  4.7345585098e-03  6.1665440145e-03 -2.7537832633e-03

JOB 7
COORDS  3.1343694688e+00 -6.0502833687e-01  1.3436543290e+00  2.4724332839e+00  3.9643574360e-01  2.0628042580e+00  2.6678651763e+00 -1.9244497302e+00  1.3879658436e+00  2.4132949600e+00 -1.4047577093e-01  6.7844785195e+00  1.9839243301e+00  1.0668419038e+00  7.3515127204e+00  1.3599045662e+00  7.7652173828e-02  2.8430695373e+00  1.5419602982e+00 -2.2404938353e+00  2.1490350366e+00  1.5566302012e+00 -8.4339557147e-01  5.9454779429e+00  6.9656500920e-01  1.5083552198e+00  7.0466257408e+00  8.9173029173e-01 -1.2446792643e+00  2.8932784755e+00  2.9277843084e-01 -2.8736326206e-01  5.6738393871e+00 -3.4521261124e-01 -1.6223854759e+00  3.6479482888e+00 -1.3583999520e-01  8.5863045030e-01  6.2192962265e+00 -6.3822237181e-01 -9.4767415919e-01  4.8580385705e+00 -1.0792310804e+00 -2.5203428580e+00  3.2605565241e+00  4.0075273464e+00 -3.5699991249e-01  7.4560558807e-01  2.8243520070e+00  1.4235484088e+00  2.0176782078e+00  3.1771043375e+00 -2.7013287952e+00  8.2391425360e-01  3.4004941961e+00 -5.3693697853e-01  7.0069686290e+00  2.6199422828e+00  1.6400698146e+00  8.0188430446e+00  8.5162307788e-01  8.5871517153e-01  3.3994902256e+00  1.1511420119e+00 -3.2531890837e+00  2.1766503077e+00  1.8459885929e+00 -1.7943381395e+00  5.5118386432e+00  3.0981719469e-01  2.4300091691e+00  7.4784683312e+00 -1.5402814101e+00 -4.7819828920e-01  4.8707739241e+00
ENERGY -6.481472386923e+02
GRADIENT -1.1172471458e-04 -3.9636266458e-05  8.1031179587e-05  3.8499831656e-05  1.4488453531e-04 -5.5791557601e-06  2.4687610972e-05 -1.9059488344e-05 -2.9931515357e-05 -8.2734748641e-05  3.5894353272e-05 -6.3202298410e-06  1.6137089347e-05  3.7938034797e-06  1.1846564581e-05  2.6656652277e-05 -3.3378842437e-05 -5.5329079602e-05 -2.4371558863e-05 -1.9497010250e-05  3.2213195003e-05  2.2184406756e-05 -1.0458435167e-04 -3.6236711225e-05 -2.4672951259e-05  1.0309752053e-06 -7.6562842460e-06  2.9384501168e-05  3.3233362983e-07  3.1983141323e-06  6.3081272485e-05  7.0539733831e-05  9.9993394833e-05 -4.6640339112e-03  8.9660558356e-03 -6.2093492847e-03 -4.5733170245e-05 -9.3656184629e-06  1.8889709238e-06 -2.9830264464e-03 -1.1173695384e-02  5.3286123746e-03  4.0209494770e-03 -4.8838629951e-03  3.6972839031e-03 -1.4951023880e-05  5.8080518027e-06  1.3234837483e-05 -2.9000359149e-06  1.6239696825e-05  2.0337308077e-06 -7.0949727350e-06 -1.0661240952e-05  5.0148145606e-06 -1.4296669771e-05 -7.8963526814e-07 -6.2754572074e-06 -1.1245140078e-05  6.1202555151e-06  5.4185933469e-06  1.4121958352e-05 -1.5575836852e-06 -1.4817166201e-05  4.1003904945e-06 -6.8450562293e-06 -3.2411691703e-06  1.2188839707e-05 -3.2788561245e-06  6.8981219426e-06 -5.5248552437e-06  2.5999846700e-07 -2.8798422413e-06  3.6257228585e-03  7.0502067551e-03 -2.8791305035e-03

JOB 8
COORDS  3.1440327541e+00 -6.9120788055e-01  1.3379926590e+00  2.5167747286e+00  3.4094630689e-01  2.0449236159e+00  2.6308217597e+00 -1.9925295048e+00  1.3953816983e+00  2.4626938288e+00 -4.6076695539e-02  6.7600110737e+00  1.9721537402e+00  1.0825306154e+00  7.4294573756e+00  1.3929956551e+00  7.0586152723e-02  2.8274920693e+00  1.4931314695e+00 -2.2609344875e+00  2.1579062022e+00  1.6261343669e+00 -7.4457522754e-01  5.8968579116e+00  6.4657357334e-01  1.4514476046e+00  7.2011990781e+00  8.8077041692e-01 -1.2342352630e+00  2.8912473089e+00  3.1830480218e-01 -2.6114381173e-01  5.7072422247e+00 -3.6869479299e-01 -1.5583690345e+00  3.6503454553e+00 -1.6855693473e-01  8.0575842356e-01  6.3543832240e+00 -6.0239504628e-01 -9.1562326300e-01  4.8753245394e+00 -1.1723968824e+00 -2.3835953931e+00  3.2330033043e+00  4.0257379357e+00 -4.8061515168e-01  7.3813703261e-01  2.9039924100e+00  1.3546885797e+00  1.9878545806e+00  3.1121921211e+00 -2.7926770911e+00  8.3944871540e-01  3.4816006998e+00 -3.8792726008e-01  6.9218896465e+00  2.5913018424e+00  1.6491889048e+00  8.1179136099e+00  9.0986131394e-01  8.7434354638e-01  3.3743014639e+00  1.0654117712e+00 -3.2584049750e+00  2.1940912990e+00  1.9655446687e+00 -1.6381787741e+00  5.3857567195e+00  2.1239100461e-01  2.3074080976e+00  7.7152668893e+00 -1.5538747872e+00 -5.8312843139e-01  5.0054030936e+00
ENERGY -6.481508151873e+02
GRADIENT -7.5475822603e-05 -2.1151391003e-05  4.9605284211e-05 -8.4949120496e-06 -6.8755156422e-05  8.9487620213e-06 -3.0038820899e-05  8.6095060746e-05  6.5644669319e-05  2.8174831604e-04 -9.7042002632e-05  4.4185433955e-05 -2.0975278337e-04 -1.6688275804e-04 -2.1577401284e-04 -1.8160365923e-04  2.7528424213e-04  2.0847962345e-04 -1.9642190981e-04 -4.2412545129e-04 -2.5388222520e-05 -5.9188296108e-05  1.1378617818e-04  6.8874788892e-05 -1.0308293595e-04  1.6269812800e-04  8.3746029270e-05  3.7202666184e-04  9.7818007422e-05 -4.5202679885e-04  3.5839556737e-06 -6.3456182431e-05  4.1617375647e-05 -3.4422965189e-03  8.0707529878e-03 -4.7969156865e-03  1.6444254428e-05 -2.1182466199e-05 -3.5523187936e-06 -1.2841781442e-03 -9.7267649671e-03  4.6888384426e-03  3.1068050301e-03 -4.3307658311e-03  2.8580386932e-03 -4.6171315541e-06  2.8057042471e-06  5.6386060005e-06 -3.1163780483e-05  1.6154118059e-06  2.7888865616e-05 -2.7436597133e-05 -1.2139553497e-05  2.1267691525e-05  1.8693592741e-05 -1.6536099510e-05  3.0996174415e-07 -2.3151180096e-05 -1.7556964296e-05 -2.4214729088e-05 -5.7611226088e-06  6.7010978692e-05  6.4826403509e-07  3.5781943511e-06 -6.4770332585e-05 -1.3192092682e-05  1.3712023850e-05  1.8917239969e-05  2.7152947153e-05 -3.6661483279e-05  1.0875862326e-05 -2.9303364194e-06  1.8030234528e-03  6.1384878402e-03 -2.6836687976e-03

JOB 9
COORDS  3.1626000087e+00 -7.6868553709e-01  1.3059277237e+00  2.5571727411e+00  2.9565961969e-01  1.9837837807e+00  2.6208036930e+00 -2.0561311773e+00  1.3987250121e+00  2.5075778070e+00  4.5838735226e-02  6.7380887734e+00  1.9714815849e+00  1.0833142789e+00  7.5108425333e+00  1.4275441185e+00  7.0580945622e-02  2.7724445483e+00  1.4768934986e+00 -2.2786010035e+00  2.1675229517e+00  1.6915740246e+00 -6.3153314589e-01  5.8382845636e+00  6.1928621208e-01  1.3840616074e+00  7.3463637700e+00  8.8734192212e-01 -1.2202358855e+00  2.8727494189e+00  3.5214556020e-01 -2.1683555164e-01  5.7208871595e+00 -3.6805835181e-01 -1.4926373399e+00  3.6421691467e+00 -1.7901419723e-01  7.5919328707e-01  6.4694003741e+00 -5.6126218157e-01 -8.4400888232e-01  4.8597257667e+00 -1.2244335026e+00 -2.2622312093e+00  3.2178618252e+00  4.0484558271e+00 -5.9373047142e-01  7.0078602129e-01  2.9655130939e+00  1.2991198511e+00  1.8986262312e+00  3.0840594313e+00 -2.8815820075e+00  8.6482461525e-01  3.5488577259e+00 -2.4571761425e-01  6.8474628912e+00  2.5752971592e+00  1.6294324414e+00  8.2288898162e+00  9.6096440780e-01  8.9827357062e-01  3.2977484066e+00  1.0275097014e+00 -3.2652904304e+00  2.2287801372e+00  2.0722518508e+00 -1.4581323219e+00  5.2504881349e+00  1.4821859354e-01  2.1647853286e+00  7.9413383259e+00 -1.5334205509e+00 -6.6167282410e-01  5.0918634556e+00
ENERGY -6.481534017908e+02
GRADIENT -8.4253589679e-06 -1.2131257812e-05  4.9943262475e-06  5.1591790881e-06  3.3025374207e-05  3.8560391325e-06 -1.4988352620e-06  2.8214629218e-05  9.8401315928e-06 -1.3359704936e-04  3.9721499081e-05 -3.0940597190e-06  1.6667602645e-05 -5.0779394355e-06  1.0514627227e-06 -1.0402174170e-06 -1.3130636149e-06 -2.1289993870e-05 -2.1401057008e-05 -4.1048992804e-05  1.6620653087e-05  5.1325393806e-05 -1.1007137709e-04 -1.0347973409e-04 -3.7695567080e-05  6.2251058541e-05  4.6120356657e-05  1.6158805169e-05 -3.2464234662e-05 -5.0835355119e-05  5.0063901610e-05  1.9877434076e-05  4.0268245020e-05 -2.1766669033e-03  5.1386491685e-03 -3.0769518038e-03 -5.0272861865e-06 -6.6716156292e-06  1.7093166375e-05  2.5058020497e-04 -6.2586704227e-03  3.1640254657e-03  1.6644884665e-03 -2.7602786908e-03  1.7251905901e-03 -1.3831754643e-07  5.1279406431e-06  2.4787842511e-06  6.8374895831e-07  2.2699878409e-06 -9.1046359121e-07 -1.9441616739e-06 -9.0725740709e-07  3.8157302721e-06 -1.8550332434e-05 -4.7796690056e-06 -9.9310979984e-06 -1.8897260896e-05  7.7416073735e-06  3.6025539987e-06 -3.4497077433e-07 -7.4739026866e-07 -1.4268704106e-07  1.5499844540e-06 -9.2871977945e-06 -3.8448562236e-06  4.0817428979e-06 -8.0054496634e-06 -6.2626665243e-06 -2.9589335704e-07  5.7352789876e-06  5.2047186687e-06  3.1480510672e-04  3.8784181935e-03 -1.8044051793e-03

JOB 10
COORDS  3.1784644017e+00 -8.1970340699e-01  1.2785671508e+00  2.5892572506e+00  2.7234329260e-01  1.9261056255e+00  2.6219301891e+00 -2.0967925030e+00  1.4156811450e+00  2.5462870516e+00  1.2067281927e-01  6.7549642121e+00  1.9784561854e+00  1.0573438329e+00  7.6260849277e+00  1.4616824434e+00  8.4830258746e-02  2.7276008828e+00  1.4800373815e+00 -2.2822000474e+00  2.1975758607e+00  1.7456915858e+00 -5.1224378051e-01  5.8088598247e+00  6.0986965553e-01  1.3032312283e+00  7.5105894280e+00  9.0757066017e-01 -1.1956064057e+00  2.8726023500e+00  3.8601355496e-01 -1.5579638172e-01  5.7497173045e+00 -3.4452824779e-01 -1.4262838465e+00  3.6600283149e+00 -1.7473166302e-01  7.2058635881e-01  6.5943787574e+00 -5.2569469254e-01 -7.2812427350e-01  4.8458158836e+00 -1.2299536125e+00 -2.1727486116e+00  3.2507316757e+00  4.0622899480e+00 -6.7444391303e-01  6.6271394810e-01  3.0080374137e+00  1.2679966180e+00  1.8066607456e+00  3.0721195842e+00 -2.9440319051e+00  9.0527439183e-01  3.6017014258e+00 -1.3022470225e-01  6.8216718943e+00  2.5700235506e+00  1.5664517528e+00  8.3806008086e+00  1.0072344329e+00  9.3306013728e-01  3.2304923859e+00  1.0200076067e+00 -3.2613531683e+00  2.2919174093e+00  2.1571053986e+00 -1.2636708871e+00  5.1468045697e+00  1.1332707521e-01  2.0019528348e+00  8.1819285802e+00 -1.4895409718e+00 -7.0961856751e-01  5.1674395305e+00
ENERGY -6.481545863906e+02
GRADIENT  1.3178858364e-04  2.2618785146e-05 -9.6866796205e-05  4.7450645077e-05  9.8421002367e-05 -8.3993381858e-06 -1.0258954908e-04  1.6193136963e-04  1.1920917690e-04 -1.0222873536e-05  1.1147804605e-05  4.3603182918e-06  2.5359364911e-05  2.4168765178e-05  3.4161372550e-05  7.8080670035e-05 -2.6418589590e-04 -1.6821969714e-04  1.9033630783e-05 -4.1602600840e-05 -2.7893132112e-05 -2.4295053847e-05 -1.8424638804e-06  2.3840902688e-05  2.3538622964e-05 -3.0088643540e-05 -7.4763985786e-05 -1.1491958733e-04 -1.2429059590e-04  5.8702760083e-05  6.2040838639e-06 -1.4442358944e-05  9.4879816994e-05 -3.8787601726e-04  1.0356273778e-03 -5.4986440211e-04 -1.6341417050e-05  4.5568761557e-05 -1.6872524816e-05  1.1597163886e-04 -1.0451449251e-03  5.5419794015e-04  2.7729474397e-04 -4.2324399239e-04  3.9087940050e-04  1.2047461730e-05  2.2788236666e-05 -6.3054975255e-06  2.2339203721e-05  5.0939091747e-07 -2.2315114187e-05  1.4508805218e-06  2.1264664790e-05  5.0689974654e-06 -4.2502913808e-06  3.5391731700e-06  3.5664374536e-06  4.8529520933e-06  2.5639318226e-06  1.3805917501e-06  1.6574933319e-05 -3.3468482448e-05 -1.9526366619e-05 -2.3743727131e-05  6.9448487844e-06  1.7590848934e-05 -4.8523075772e-07  7.2404084049e-07 -1.3311546266e-05 -4.9036400736e-06 -1.4384659068e-05 -2.0973459768e-06 -1.2956251293e-04  5.1002456854e-04 -3.4306315134e-04

JOB 11
COORDS  3.1872551694e+00 -8.8364198533e-01  1.2589104161e+00  2.5951074876e+00  2.3277581812e-01  1.8609013617e+00  2.6311694343e+00 -2.1546931506e+00  1.4438228572e+00  2.5415502190e+00  1.7988672014e-01  6.7385832523e+00  1.9495733660e+00  1.0318769992e+00  7.6765831934e+00  1.4650506814e+00  7.7022066899e-02  2.6655896094e+00  1.4861404222e+00 -2.3094965052e+00  2.2281881787e+00  1.7550115675e+00 -4.1781615073e-01  5.7570985670e+00  5.7072615767e-01  1.2294184717e+00  7.5912547621e+00  9.1198709203e-01 -1.1975645193e+00  2.8582874719e+00  3.8209213114e-01 -1.1386370302e-01  5.7349018408e+00 -3.4387169789e-01 -1.3942794702e+00  3.6485879262e+00 -2.0039499594e-01  6.7876436806e-01  6.6453586271e+00 -5.3416511236e-01 -6.4246646660e-01  4.7999952409e+00 -1.2499584875e+00 -2.1145206733e+00  3.2365070857e+00  4.0729950558e+00 -7.6196777266e-01  6.4075052551e-01  3.0137759943e+00  1.2231722886e+00  1.7033984370e+00  3.0832825836e+00 -3.0211450751e+00  9.6859014471e-01  3.6063638350e+00 -3.4527460432e-02  6.7780044146e+00  2.5301512807e+00  1.5119646408e+00  8.4581869835e+00  1.0082247029e+00  9.4326773936e-01  3.1347695372e+00  1.0261427790e+00 -3.2846136778e+00  2.3580794148e+00  2.1915638173e+00 -1.1053326089e+00  5.0448171543e+00  5.4647415568e-02  1.8595736936e+00  8.3138188618e+00 -1.4589406768e+00 -7.7813647427e-01  5.2011190377e+00
ENERGY -6.481538064838e+02
GRADIENT  5.0315043503e-05 -8.3862977854e-06 -3.8710774319e-05 -2.4639958494e-05 -1.7942146493e-05  6.4506475267e-06 -1.9225140578e-05  4.7545290194e-05  1.9770221958e-05  3.3560892999e-05 -1.3090041780e-05 -1.1642328092e-05 -2.4068861420e-05  1.9329265398e-07 -8.6539845287e-06  2.1786402693e-05 -1.7586865076e-05 -5.1840995744e-06 -1.2654847357e-05 -2.6743386642e-05 -9.2635008315e-06  1.9272297983e-06  1.1520017871e-05  2.2183951448e-05  1.0427239343e-05 -1.2093754191e-05 -1.0115759933e-05 -1.7062428097e-05  3.8925655288e-05  4.6911774929e-05 -1.9056836270e-06  1.7649715150e-05 -4.0280151009e-05  2.2810194674e-03 -5.1821656369e-03  3.6540431280e-03 -1.8411245656e-05 -7.8790593727e-06 -1.7174762097e-05 -2.3482121450e-03  5.6849205728e-03 -3.7628065471e-03 -1.3950123586e-03  2.8998710498e-03 -2.0805779526e-03  3.9004665577e-06  3.6611629761e-06 -4.7415690417e-06  3.0002901217e-07 -6.1235889807e-06 -4.1568337091e-06 -7.4786308246e-07  4.1525812496e-06 -4.4264251341e-07  2.2827446023e-06  4.4523481019e-07  6.7474155395e-07  8.2150338062e-08 -3.1167705855e-06 -4.1711308453e-06 -5.9255970585e-06 -4.1364426400e-06 -2.6391458425e-06 -4.2786445161e-06  1.3786132300e-06  3.4235371232e-06 -5.4246234571e-07 -8.4655831861e-07  3.1973182688e-06 -8.4315603985e-06 -3.5638047163e-06 -5.7775259878e-06  1.4307774421e-03 -3.4563555019e-03  2.2101281301e-03

JOB 12
COORDS  6.3157568114e-01 -1.6432532587e+00  1.0535741241e+00  3.8790569612e-01 -4.3684548794e-01  1.7202418128e+00  1.7993034337e+00 -2.3667930232e+00  1.3222487437e+00 -1.3618287543e-01 -7.3129824011e-01  6.5139459912e+00 -3.3229033115e-01  3.1845642726e-01  7.4184799533e+00  1.2968295465e+00  3.2287046725e-02  2.6702625545e+00  2.7208701535e+00 -1.8862360439e+00  2.2548210538e+00  9.9832013937e-01 -7.4076861925e-01  5.7080589777e+00  6.4454158658e-01  1.3129261795e+00  7.4791034388e+00  2.4638870965e+00 -6.9517670805e-01  2.9470066418e+00  1.8974125162e+00  3.3562315669e-01  5.8193253530e+00  3.4990389129e+00 -1.8796703067e-01  3.9020115641e+00  1.7334114726e+00  1.3331875096e+00  6.6991812409e+00  3.0811295317e+00  4.3770588212e-01  5.0685660466e+00  4.6981360769e+00 -2.6628070750e-01  3.6478159416e+00 -8.1480933468e-02 -2.0132321685e+00  3.2133647838e-01 -5.0874764566e-01  1.3638972014e-01  1.5002506465e+00  1.9949400330e+00 -3.2984235729e+00  7.9804132424e-01 -8.5124095388e-01 -1.5471060471e+00  6.4469831981e+00 -1.2016457493e+00  3.5711062690e-01  8.0674356857e+00  1.1052989480e+00  9.6734361537e-01  3.1878300356e+00  3.6443865836e+00 -2.4215081628e+00  2.4545017878e+00  1.1861125522e+00 -1.5591300016e+00  5.0245553745e+00  5.5388196692e-01  2.1370892363e+00  8.1847974657e+00  3.8016720588e+00  9.9852851340e-01  5.5146921667e+00
ENERGY -6.481545856869e+02
GRADIENT -1.8547375187e-05 -6.3431117051e-05 -4.3402786367e-05 -1.9181270516e-04  1.8635378314e-04 -2.9847543624e-05 -2.8618923537e-05  8.7593954498e-05  1.2720436394e-05 -1.3862866941e-04 -1.7918565397e-04 -2.8078464930e-05  6.5374100907e-05  2.2693093695e-05 -2.8461548862e-05  3.7058717414e-05 -4.8101939405e-04 -2.4778805081e-04 -1.9996767604e-04  7.9676800054e-05 -3.6070116234e-06 -7.4125668979e-06  2.4336116496e-04  1.2079284130e-04  2.7054883699e-05 -3.4646277129e-05 -8.6289572919e-05  3.8597613996e-04 -2.9502272752e-05  2.9612100909e-04  1.8321100776e-04  1.5582526664e-06 -3.8838115133e-06 -1.6671155168e-04  1.1913779008e-03 -6.7090206916e-04 -3.0062261091e-05  3.4997476742e-05  6.2638651985e-05  4.2846033299e-04 -9.5130660469e-04  6.8946307104e-04 -4.7048256437e-06 -6.0437353701e-04  3.8498282017e-04 -1.7339043849e-05  1.7179572601e-05  3.1706903050e-06 -3.4855953405e-05 -1.5066024935e-05 -3.9892720430e-05 -1.7561975661e-05  4.4960412352e-06 -3.9877184274e-06 -1.8525485357e-05 -1.2234363727e-05 -6.9025913198e-07  1.6850210429e-06 -1.5953066579e-05 -9.1985881689e-06  4.3959285709e-05 -6.1979699506e-05 -4.1740279880e-05 -1.7778989461e-06  3.0204059374e-05  1.2509710463e-05 -1.9597198089e-06 -3.5853152110e-06 -5.4515581512e-05  1.9889603062e-05  2.2252565916e-06 -1.0431347530e-05 -2.6165017786e-04  5.4993892226e-04 -3.0955770151e-04

JOB 13
COORDS  5.9727095131e-01 -1.5806044276e+00  1.0860427156e+00  3.7369584373e-01 -3.9461138473e-01  1.7947823677e+00  1.7681716439e+00 -2.3161578117e+00  1.3042511693e+00 -7.6261443754e-02 -7.8374070212e-01  6.5198533475e+00 -3.5158687629e-01  3.3524894388e-01  7.3154284265e+00  1.3056190283e+00  4.3355148812e-02  2.7373283890e+00  2.7127166578e+00 -1.8669242161e+00  2.2289571417e+00  1.0920852554e+00 -8.1876021249e-01  5.7661317454e+00  5.8096684918e-01  1.3726657701e+00  7.3226267419e+00  2.4761936950e+00 -6.9623101384e-01  2.9628504287e+00  1.9419911434e+00  3.0162551356e-01  5.8136029070e+00  3.5391936838e+00 -2.2289840133e-01  3.9052631451e+00  1.7015516093e+00  1.3688936536e+00  6.5870630388e+00  3.1542049648e+00  3.6235358562e-01  5.1093372876e+00  4.7306814890e+00 -3.3199141494e-01  3.6329722357e+00 -1.3449582212e-01 -1.9258145782e+00  3.6017000552e-01 -5.2606433326e-01  1.8728644555e-01  1.6138166610e+00  1.9476810026e+00 -3.2319369174e+00  7.4734080708e-01 -7.5720761917e-01 -1.6305802845e+00  6.4995793490e+00 -1.2491403323e+00  3.9530682385e-01  7.9230599544e+00  1.1286295893e+00  9.6325944845e-01  3.2861202288e+00  3.6388387448e+00 -2.4102880387e+00  2.3911491037e+00  1.3449742923e+00 -1.6846447322e+00  5.1661687278e+00  4.2627484399e-01  2.2534055318e+00  7.9437553154e+00  3.7974174704e+00  1.0650184393e+00  5.4625476207e+00
ENERGY -6.481534017590e+02
GRADIENT  2.2732725297e-05 -1.8025325061e-07  1.5804605169e-05 -2.7153453189e-06  8.3270730981e-06  5.2482513563e-06 -1.3738730545e-05  1.8519794471e-06 -4.4624332999e-06  6.2041311840e-05  8.2297228450e-05  1.2931188055e-05  2.3176771850e-06 -1.3007462082e-05 -9.0526303569e-06 -4.3758282559e-06  4.2996758467e-05  4.3888260193e-06  4.0069908169e-05 -1.7286927034e-05  2.2758887455e-05  2.0395013339e-05 -7.8820883532e-05 -8.2625075265e-05 -1.5524788554e-05  7.3946695811e-05  5.3438218431e-05 -9.8832867142e-06 -3.6911487589e-05 -7.5300515666e-05 -1.7424277014e-05 -3.1487154927e-05  6.2622910101e-06 -8.1878530391e-04  5.5673342407e-03 -2.9639782364e-03 -3.5343994263e-06 -9.8324387122e-06  2.9887994497e-05  3.0069329963e-03 -5.3644166650e-03  3.3498967849e-03  3.8521096616e-05 -3.2955055619e-03  1.5952976594e-03 -7.9436472177e-08  1.8968471697e-06  2.5548320563e-06  1.9626427849e-06  2.7697841571e-06  2.4412830729e-06  2.8545760481e-06 -1.5121827353e-06  3.6864994871e-06  1.5749881001e-05  5.2542748037e-06 -6.2607259830e-06  1.1288903844e-05  1.5031555297e-05  4.0293271728e-06 -4.9744598843e-07  4.9058887615e-06  4.4889257965e-06  3.4586311996e-06 -1.1668723775e-05 -6.1329506658e-06 -1.3918730931e-06 -4.8821619846e-06 -4.0567843012e-07 -4.0038582082e-06  5.7102673398e-06  5.1676136365e-06 -2.2734188348e-03  3.0580104772e-03 -1.9987938307e-03

JOB 14
COORDS  5.4121178146e-01 -1.5103694950e+00  1.1023951686e+00  3.5685244674e-01 -3.3876030316e-01  1.8451923508e+00  1.7018037039e+00 -2.2737803756e+00  1.2765427102e+00  1.6576771156e-02 -8.3239368001e-01  6.5351890028e+00 -3.3245409027e-01  3.4171054431e-01  7.2151038705e+00  1.3178987711e+00  5.6440997508e-02  2.7773076796e+00  2.6742266565e+00 -1.8663498527e+00  2.1910505739e+00  1.2074080159e+00 -8.7785270957e-01  5.8192779387e+00  5.4860608810e-01  1.4207584501e+00  7.1468895632e+00  2.4794988657e+00 -7.0944363218e-01  2.9593960777e+00  2.0026018545e+00  2.8254682001e-01  5.7818103973e+00  3.5758382915e+00 -2.8324605862e-01  3.8863776276e+00  1.6894191312e+00  1.4050786234e+00  6.4418901235e+00  3.2312693182e+00  3.1959060704e-01  5.1053889816e+00  4.7548516432e+00 -4.7123519302e-01  3.6108323008e+00 -2.1313188945e-01 -1.8231858320e+00  3.8497306069e-01 -5.3503789986e-01  2.6473303411e-01  1.6994836597e+00  1.8506289989e+00 -3.1789013485e+00  6.9375385693e-01 -6.2477143861e-01 -1.7088609936e+00  6.5765199067e+00 -1.2491258117e+00  4.1392796980e-01  7.7921006698e+00  1.1697930722e+00  9.6628317112e-01  3.3504232302e+00  3.5920815330e+00 -2.4319146084e+00  2.3205136581e+00  1.5208339596e+00 -1.7798582534e+00  5.3063139324e+00  3.3323656313e-01  2.3470902606e+00  7.6769498495e+00  3.7872684482e+00  1.1352710835e+00  5.3471100765e+00
ENERGY -6.481508156278e+02
GRADIENT -9.4401135178e-06  1.8504067800e-05  2.1640584562e-05 -1.8997733670e-04  1.3174159435e-04 -4.5673304959e-05  5.0796794278e-05 -3.0934182505e-05 -9.2530732122e-06 -1.4274577126e-04 -2.4628821908e-04 -1.8133638428e-05  1.8049164328e-04  2.5692384282e-05 -8.9914822728e-05  6.8313823599e-06 -4.2274400590e-04 -2.2087873266e-04 -2.5962596498e-04  1.4833315777e-04 -9.7447495182e-05 -1.4034013689e-04  1.7343515669e-04  1.7888654942e-04 -5.4078346257e-05  8.1770765034e-05  6.9110685704e-05  2.4998835165e-04  2.4114129204e-04  4.6921035528e-04  2.2006230766e-04  9.4882740043e-05 -1.6341095961e-05 -8.7809111896e-04  9.0234756596e-03 -4.6554331546e-03 -3.0419033253e-05 -7.6046751111e-05 -7.5981292865e-06  5.7538958524e-03 -7.6408200061e-03  5.0271517622e-03 -1.3388970867e-05 -5.5609128414e-03  2.5728870070e-03 -7.4000688012e-06  9.1225660409e-06  1.0866273240e-05 -2.8721815800e-05 -4.2766100840e-06 -2.9021471303e-05 -1.8548064776e-05 -3.4262133335e-06 -1.1976766543e-05 -2.1795467107e-05 -8.7559844611e-06  1.0514406489e-05  2.1226506789e-05 -1.0945691656e-06 -1.5612437403e-05  2.5229690528e-05 -6.1238705176e-05 -6.6083874640e-05 -2.8932397373e-05  5.4109786911e-05  3.1930820969e-05  4.8767472273e-06  2.2546730822e-05  2.8775647134e-05  1.2187666915e-05  2.1062954262e-05 -2.4064540317e-06 -4.6299994314e-03  4.0824714092e-03 -3.1403175781e-03

JOB 15
COORDS  5.1911710181e-01 -1.4326479407e+00  1.1212686579e+00  3.7241204974e-01 -2.6675913643e-01  1.8811596384e+00  1.6548058435e+00 -2.2355959899e+00  1.2823680917e+00  1.0280241673e-01 -8.8247520825e-01  6.5859522434e+00 -3.3007103161e-01  3.2230153847e-01  7.1557202837e+00  1.3467475697e+00  8.5329494911e-02  2.8165054869e+00  2.6408772023e+00 -1.8726897795e+00  2.2003776307e+00  1.3108174198e+00 -9.1787679500e-01  5.8994118574e+00  4.8714714853e-01  1.4429413065e+00  7.0090958835e+00  2.4846632046e+00 -7.1932194858e-01  2.9837414106e+00  2.0381383497e+00  2.8067169189e-01  5.7778863382e+00  3.5964718817e+00 -3.4155308769e-01  3.9129358782e+00  1.6432296151e+00  1.4361844253e+00  6.3286949351e+00  3.2779944567e+00  3.2218912011e-01  5.1226369661e+00  4.7593367199e+00 -6.2717024557e-01  3.6652057509e+00 -2.4618916917e-01 -1.7114728367e+00  4.0143986357e-01 -5.0116003595e-01  3.6544377821e-01  1.7468669514e+00  1.7729278656e+00 -3.1372884832e+00  6.8737920028e-01 -4.8871442792e-01 -1.7883549468e+00  6.6895508810e+00 -1.2627335929e+00  3.8822795433e-01  7.7072940282e+00  1.2264471587e+00  9.9021641805e-01  3.4036274954e+00  3.5396302866e+00 -2.4697784240e+00  2.3219660426e+00  1.6891719156e+00 -1.8390631529e+00  5.4700788890e+00  2.0420424482e-01  2.3969991290e+00  7.4509389032e+00  3.7273414390e+00  1.2272785275e+00  5.2374447051e+00
ENERGY -6.481472386614e+02
GRADIENT  6.2243908914e-05  1.3256627844e-05  6.0120101909e-05 -1.0651634604e-04  9.4389487804e-05 -1.5269192962e-05 -7.9000441140e-06  2.5723112758e-05  3.3130416516e-06  6.2417471022e-05  1.0081164819e-04  9.2861729088e-07 -3.0279179109e-05 -7.6997655715e-06  1.7615340234e-05  2.8075493050e-06 -6.4689932538e-05 -7.2578768817e-05  4.2075914825e-05 -1.9870848277e-05  3.7615214940e-05  5.0466083898e-05 -1.1745347123e-04 -4.1776496130e-05  1.6899475334e-05  1.5753255517e-05 -3.2565469883e-06 -1.1133886446e-05 -1.3446649539e-05  1.8836729360e-05 -1.1611279412e-04  5.9830256351e-06  9.1306836362e-05 -6.3710896611e-04  1.0289306740e-02 -5.8882708597e-03  4.5253432060e-05  1.8189328733e-05  9.4164015365e-06  8.1795341363e-03 -7.5886486464e-03  6.1306672354e-03 -8.6740012622e-04 -6.4785657181e-03  3.3230462481e-03  3.8372385093e-07  1.4177386672e-05  1.2344229918e-05 -8.7551851347e-06  1.0689100645e-05 -3.0457638126e-06  8.7902798301e-06  1.1449546051e-06  8.8744460835e-06  1.4359849358e-05  1.0193433538e-05 -5.0421946012e-06  4.0128533336e-06  1.3457019647e-05  7.7852961383e-06 -6.5758963329e-06 -1.3157740581e-05 -1.9768714805e-05  4.8338476306e-06 -5.0596329124e-06  1.1378952125e-06 -6.8735285638e-06 -1.1146081911e-05  3.7394505486e-06  2.7084251925e-06  2.8665961618e-06 -2.0003132332e-06 -6.6234792339e-03  3.7531560540e-03 -3.6311642449e-03

JOB 16
COORDS  5.0879290087e-01 -1.3623394154e+00  1.0859937773e+00  3.8913446628e-01 -2.0640155177e-01  1.8653259958e+00  1.6166218124e+00 -2.2038351886e+00  1.2462351770e+00  1.8559733373e-01 -9.2229499432e-01  6.6596095436e+00 -3.1804890276e-01  2.9416650445e-01  7.1399363520e+00  1.3630725849e+00  1.0072428574e-01  2.8167874165e+00  2.6014681687e+00 -1.8890292782e+00  2.1821614375e+00  1.3951564118e+00 -9.3747488107e-01  5.9755109973e+00  4.3118410368e-01  1.4473153196e+00  6.9074172377e+00  2.4738325548e+00 -7.4222586687e-01  2.9819229680e+00  2.0524165929e+00  2.8947095288e-01  5.7649115267e+00  3.5837097835e+00 -4.2208802202e-01  3.9336461885e+00  1.5868157802e+00  1.4586536882e+00  6.2260191768e+00  3.2863313810e+00  3.4694737515e-01  5.1027856318e+00  4.7181296910e+00 -8.3360162176e-01  3.7533771750e+00 -2.5657564895e-01 -1.6048058403e+00  3.5316371262e-01 -4.6408114861e-01  4.5351940012e-01  1.7338817628e+00  1.7127553130e+00 -3.0990522646e+00  6.3769348585e-01 -3.5321625461e-01 -1.8507411209e+00  6.8300202965e+00 -1.2544153221e+00  3.4593106956e-01  7.6866695451e+00  1.2614155929e+00  9.9804444874e-01  3.4184503835e+00  3.4773627857e+00 -2.5183016054e+00  2.3074322439e+00  1.8289701970e+00 -1.8642037383e+00  5.6149750341e+00  9.0020961230e-02  2.4134354830e+00  7.2760640078e+00  3.6310516830e+00  1.3038038824e+00  5.0705414590e+00
ENERGY -6.481433182426e+02
GRADIENT -1.3654530432e-05 -1.0182899821e-05 -2.2221388713e-05  9.3546195213e-05 -8.1239733771e-05  1.7225141662e-05 -1.8077590513e-05  1.3079165302e-04  8.7056319679e-05  3.1942535762e-05  3.1719615560e-05 -9.1695833917e-06  1.0226463014e-04 -2.2300091418e-05 -7.5063160066e-05 -2.7782637642e-05  2.7223479230e-04  1.9636541919e-04  3.2719241274e-04 -1.9076753528e-04  5.6113223972e-05  5.2034208505e-05 -1.2696826806e-04 -3.4997811631e-05 -1.0228270750e-04  1.8802754907e-04  1.0904475886e-04 -2.9559767078e-04 -1.0452450821e-04 -2.3541552914e-04 -7.8360480027e-05 -8.2088292335e-05  7.6036019181e-06  3.3997327122e-04  9.4799428995e-03 -6.3334942918e-03 -3.7932742295e-05 -5.1658379189e-05  1.5913342137e-05  8.2976193078e-03 -5.7060329919e-03  6.2692921519e-03 -1.7495623613e-03 -6.1237901411e-03  3.6103357991e-03 -7.7874989753e-07 -3.0228234759e-06 -2.7903967052e-06  1.7669526912e-05  1.0535689802e-06  2.0703971376e-05  2.5413285400e-05  1.0485803826e-05  2.4473540896e-05  1.1917480017e-05 -8.1353022664e-06 -9.4792098167e-06  5.9348298608e-06  1.2072444513e-05 -8.8799208649e-06 -3.1559730339e-05  3.0699961817e-05 -8.0245865976e-06  3.3785805871e-05 -4.1106439049e-05 -3.4801307424e-06  7.3432565622e-06 -9.4442792105e-06  6.8119599423e-06 -2.6517575581e-05  1.1410697147e-05  1.0692844530e-05 -7.0134308661e-03  2.3785954497e-03 -3.6193813780e-03

JOB 17
COORDS  1.5463580978e+00 -1.3499772533e+00 -1.0855825379e-01  8.0438693436e-01 -3.8805782392e-01  5.8456655985e-01  2.5177089800e+00 -2.1072791771e+00  5.6126032946e-01  2.9019597300e-01 -5.5752256180e-01  7.9200443863e+00  5.7704366849e-01  6.1557509907e-01  8.6312341650e+00  1.0318178531e+00 -1.7777608709e-01  1.9468522427e+00  2.7468590890e+00 -1.9010783104e+00  1.9197155169e+00  6.6582569407e-01 -6.5632281288e-01  6.5853955280e+00  1.2405168533e+00  1.6392581205e+00  7.9568143719e+00  2.0068056948e+00 -9.3173893048e-01  2.6202444429e+00  1.3348667046e+00  4.3536246940e-01  6.0042531190e+00  2.2785668398e+00 -7.3854997588e-01  4.0698759384e+00  1.6210876535e+00  1.5586010575e+00  6.6725642675e+00  1.6810267808e+00  4.5076565297e-01  4.6333349560e+00  3.0051703274e+00 -1.4776732251e+00  4.7130204977e+00  1.3680574640e+00 -1.5126419186e+00 -1.1685326149e+00  4.7299586544e-02  1.9327636406e-01  6.5199173198e-02  3.0924640638e+00 -2.8541893241e+00  2.0231368062e-02 -2.2402586584e-01 -1.3852506522e+00  8.4017526378e+00  2.9753927756e-01  7.3178874485e-01  9.6738077100e+00  4.5510569814e-01  5.5585019844e-01  2.5000132324e+00  3.4935697363e+00 -2.4766712349e+00  2.4580473161e+00  4.5859309628e-01 -1.5504598069e+00  6.0069524192e+00  1.4876326167e+00  2.5695649764e+00  8.4657883836e+00  2.2906684510e+00  1.2595098308e+00  4.5030605640e+00
ENERGY -6.481427035481e+02
GRADIENT -1.0626153481e-05 -3.0876706105e-06 -4.3551612235e-05  4.5812680187e-05 -3.4084308045e-05  3.2186534570e-05 -1.2548031485e-05  1.2201774094e-05  1.4965788567e-05  1.1986289184e-05  5.4420771707e-05  1.7331758421e-05 -3.0943448854e-05 -1.7648809146e-05  6.5737278434e-05 -4.4486549749e-05  3.4330007154e-05  2.6530703405e-05  1.2586037786e-05 -6.8579700826e-07  9.7283238295e-06  1.3037652584e-05 -1.6834668127e-05 -8.6331909853e-05 -2.2845258497e-08 -7.5974776454e-05 -1.1438991084e-04 -3.0318629629e-05  2.3337790493e-05 -1.8677286634e-05 -5.3321537051e-05 -1.0673850016e-05  1.6178808977e-04 -8.8688793288e-03 -7.1992113705e-03  5.4592905284e-03  2.3737947988e-05  5.3842640342e-05 -3.1536428792e-05 -2.0290668357e-03  4.3791590720e-03 -1.1207393849e-02  6.8020135427e-03  4.6345302885e-03 -2.3624394016e-03  1.3259830692e-06 -2.4933625574e-06 -3.7369557102e-06  3.5806506689e-06 -2.7983110833e-06  4.5474780094e-06 -2.0700607786e-06  4.1055471278e-06  1.1205552162e-06 -3.3747287048e-06  3.2550108397e-06 -5.0008376293e-06 -1.2671146627e-05  5.6428828470e-07  8.4563817992e-06  1.7249356128e-06  6.9133072966e-06  7.3506079413e-06 -1.7728621992e-06 -3.1547648869e-06  2.1382637468e-06  1.9166117285e-06 -1.4495204722e-05  1.0783904485e-05 -1.1509624104e-06 -8.0700145259e-06 -9.2215419310e-06  4.1174250887e-03 -1.8061431915e-03  8.0939838732e-03

JOB 18
COORDS  1.6985836619e+00 -1.2276515232e+00 -1.8309385556e-01  8.9759822435e-01 -3.0742162099e-01  5.0110031303e-01  2.6045221603e+00 -2.0319018294e+00  5.2171077821e-01  3.9374103144e-01 -5.2465538891e-01  8.0934480638e+00  6.7308675923e-01  7.1236942006e-01  8.6894777246e+00  1.0024033114e+00 -1.8559665110e-01  1.8888980582e+00  2.7106726957e+00 -1.9134271108e+00  1.9061500910e+00  6.7508657733e-01 -7.1426428648e-01  6.7450375607e+00  1.2333496853e+00  1.7080180781e+00  7.8908424203e+00  1.9134774938e+00 -9.8532655269e-01  2.5977194735e+00  1.2406034531e+00  3.5747077948e-01  6.0336249508e+00  2.0599804267e+00 -8.8822841001e-01  4.0780056529e+00  1.5184155836e+00  1.5421271583e+00  6.5903600761e+00  1.4876672989e+00  2.9402015526e-01  4.6420807436e+00  2.6844463820e+00 -1.7074678346e+00  4.7351498808e+00  1.6156327435e+00 -1.3218147286e+00 -1.2628920973e+00  1.8842857885e-01  3.0880331272e-01 -4.5049372479e-02  3.2248664247e+00 -2.7473742058e+00 -1.1447490246e-02 -4.0090142597e-02 -1.3337788543e+00  8.6753510006e+00  4.6606935656e-01  8.9802776261e-01  9.7389233738e+00  3.7081262284e-01  5.1128688561e-01  2.4301516235e+00  3.4045318801e+00 -2.5275155824e+00  2.4719321162e+00  4.7886501517e-01 -1.6612616865e+00  6.2556346100e+00  1.4717991487e+00  2.6854398271e+00  8.3070340453e+00  2.0213546491e+00  1.1309875862e+00  4.4058613802e+00
ENERGY -6.481476049385e+02
GRADIENT  2.0507566490e-06  8.3326467939e-06  5.9874874121e-05 -1.6905250396e-05  1.2156222709e-05 -1.2456600183e-05  3.2346881718e-05 -4.1181110715e-05 -2.8581229894e-05  3.2893787816e-06  1.7219026004e-05 -4.2395362913e-06 -1.1918889563e-05  9.2817018403e-06  4.8818318320e-05  1.7608316051e-05  1.2776192112e-05  1.1738226562e-05 -2.8601110428e-05  1.7594913938e-05 -1.1048732313e-05 -2.0878519988e-06  1.4089909743e-06 -1.0034648981e-05 -1.3575448050e-05 -6.0759320171e-05 -4.0680899051e-05 -4.2466617397e-05  2.3939182185e-05  1.3181082690e-05 -4.4989721252e-05  6.5317220780e-05  5.3312024060e-05 -1.1151362423e-02 -7.8949854293e-03  5.2330609022e-03  1.5405409831e-05  1.8312764723e-05 -2.3018693597e-05 -3.5896968454e-03  3.9996547308e-03 -1.2587363578e-02  8.7146679688e-03  5.0900381139e-03 -1.8580792223e-03  2.9566183763e-06  5.6009728846e-07  8.8734369887e-06 -1.6915363037e-06  5.7996199316e-06  4.8712748542e-06  1.8647953718e-06 -6.0183060529e-06  2.0543634174e-06 -4.0580697573e-06  3.7281165279e-06  3.0944679127e-06 -6.5363882789e-06 -2.3608015873e-06  8.8922973001e-06 -4.3707587466e-06  3.1848816724e-06  4.1538178362e-06 -4.9715061455e-06  2.5119798697e-06 -1.3454153555e-06 -2.2420957278e-06 -2.5097055920e-06  1.0245346076e-06 -1.9455420105e-06 -5.8973603171e-06 -2.9864210489e-06  6.0857343877e-03 -1.2715446358e-03  9.2075132609e-03

JOB 19
COORDS  1.8139204720e+00 -1.1244957221e+00 -2.0943985856e-01  9.8012538308e-01 -2.2632525633e-01  4.6488535477e-01  2.6558905041e+00 -1.9792522740e+00  5.1408512596e-01  4.9806152999e-01 -5.0146395818e-01  8.2117606531e+00  7.3607765564e-01  7.8379311181e-01  8.7150738097e+00  9.9134925900e-01 -1.7549313814e-01  1.8610401965e+00  2.6663458721e+00 -1.9331149242e+00  1.9073340928e+00  7.1920716479e-01 -7.6268883983e-01  6.8632740067e+00  1.1934802942e+00  1.7569345015e+00  7.8273670677e+00  1.8394877751e+00 -1.0253751655e+00  2.5891174791e+00  1.1795591184e+00  2.9258654597e-01  6.0581809333e+00  1.8876123910e+00 -1.0111061617e+00  4.0819937319e+00  1.4151321027e+00  1.5249648951e+00  6.5254049805e+00  1.3652071473e+00  1.6764425787e-01  4.6625950150e+00  2.3981254293e+00 -1.9138123411e+00  4.7322311680e+00  1.8046639385e+00 -1.1627709040e+00 -1.2957518829e+00  3.1746146338e-01  4.2762031355e-01 -9.5655209293e-02  3.3011406375e+00 -2.6787764251e+00 -1.0643723300e-02  1.4458221091e-01 -1.2948743169e+00  8.8652366048e+00  5.7523310526e-01  1.0238743930e+00  9.7615824895e+00  3.2782044182e-01  5.0308717158e-01  2.3879643048e+00  3.3074213070e+00 -2.5896745014e+00  2.4874869037e+00  5.5977417289e-01 -1.7483300994e+00  6.4443698151e+00  1.3965200744e+00  2.7703788212e+00  8.1695393877e+00  1.8149881395e+00  1.0214547153e+00  4.3359694337e+00
ENERGY -6.481527252015e+02
GRADIENT  2.0117365343e-06  6.8838176870e-06  1.0265176148e-04 -4.7476287657e-05  3.8938428963e-05 -4.1088457146e-05  3.8906001558e-05 -5.2142179159e-05 -3.9869961529e-05 -6.9582626953e-05 -1.4155849033e-04  1.3025799842e-04  1.7619502263e-05 -2.5525800771e-05 -1.1878236196e-04  5.9947054642e-06 -1.3122328379e-05  1.1176275959e-05 -1.1028199531e-06  2.1886968019e-05 -4.7472592173e-06  3.2184182971e-05  1.6745148463e-04  4.4351612618e-05 -6.3255201088e-08  2.1433941200e-05 -1.4578196937e-05 -1.8549521393e-05 -2.7944781199e-05 -8.1470617820e-06 -2.3960358982e-05  7.2530726265e-05 -1.2405320301e-05 -1.0808703235e-02 -6.5357642273e-03  3.6377800508e-03  1.0781570603e-06 -4.5765896371e-06  1.8267796581e-05 -4.7985182106e-03  2.8729837812e-03 -1.0781999017e-02  8.6651370737e-03  4.1939380962e-03 -9.0198654645e-04  2.9392995039e-07  2.0605500130e-06  1.2264468337e-05 -8.9870783174e-06  8.2978830961e-06  3.6506556498e-06  2.9687954364e-06 -7.9021296871e-06  3.0677261618e-06 -1.0159329835e-05 -1.2205615675e-05  1.5654372846e-05 -2.0741890654e-06 -1.5441095773e-05 -6.6637726881e-06  6.4790039319e-06  7.7359859671e-06  5.7972484367e-06 -2.1686837839e-06 -4.7799143837e-06 -2.6006526067e-06 -4.9381110003e-06  2.5957700673e-06  1.3160310894e-05  5.2105162722e-06  3.0912307162e-06 -6.9947697025e-06  6.9731669975e-03 -5.7865870064e-04  8.0017920184e-03

JOB 20
COORDS  1.8868020516e+00 -1.0401368278e+00 -1.9841379959e-01  1.0493901491e+00 -1.3976935668e-01  4.6838987708e-01  2.6555479096e+00 -1.9541261192e+00  5.3334359682e-01  6.0135331902e-01 -4.8735262266e-01  8.3143648877e+00  7.6015056826e-01  8.3559982586e-01  8.7434484180e+00  9.8705246877e-01 -1.4417462291e-01  1.8641896464e+00  2.5901614871e+00 -1.9651455952e+00  1.9262246798e+00  7.8724114447e-01 -8.0490225222e-01  6.9716127790e+00  1.1045765526e+00  1.7927376648e+00  7.7887884451e+00  1.7632750792e+00 -1.0532599887e+00  2.6008663939e+00  1.1295448909e+00  2.3978449761e-01  6.0964598035e+00  1.7331849002e+00 -1.1086633019e+00  4.0961560853e+00  1.2872727846e+00  1.5105246232e+00  6.4918070565e+00  1.2815323095e+00  6.8829036370e-02  4.7046440227e+00  2.1217546870e+00 -2.0884768621e+00  4.7227956722e+00  1.9356018179e+00 -1.0345091521e+00 -1.2842908827e+00  4.3990354362e-01  5.5918783419e-01 -9.8127169688e-02  3.3029701664e+00 -2.6568510133e+00  1.5599714618e-02  3.3749669198e-01 -1.2698069537e+00  9.0212198707e+00  6.2448405845e-01  1.1174821371e+00  9.7830921798e+00  3.1398848531e-01  5.3657428061e-01  2.3769647629e+00  3.1715233299e+00 -2.6708132161e+00  2.5115447877e+00  6.9267396013e-01 -1.8192295355e+00  6.6078821161e+00  1.2431079314e+00  2.8350688838e+00  8.0712367429e+00  1.6402640490e+00  9.2979631113e-01  4.2994572420e+00
ENERGY -6.481571512469e+02
GRADIENT  2.2996753565e-05 -1.7978185277e-05 -7.6199776314e-05  1.4484049853e-05 -2.8023967486e-05  4.5280752637e-05 -5.2761027980e-05  6.6242576065e-05  2.2364925348e-05 -9.3283005665e-06 -2.9873855458e-05  4.1185958738e-05  6.3611729217e-06 -9.7860403553e-06 -2.0935126224e-05 -7.2495408344e-06  1.8510195300e-05  1.8207173359e-05  3.1978775214e-05 -4.6761616083e-05  5.3957435934e-05  8.8805237147e-06  1.1050452677e-05  5.0718002538e-05  5.5897797458e-06 -1.9346312745e-05 -2.8060168282e-05  2.6228456278e-05  5.0761293350e-06 -6.4141241639e-05 -6.5844547467e-05 -9.5027224167e-05 -7.8053220688e-05 -8.5918905639e-03 -4.1913557478e-03  1.5967046859e-03 -1.7080830430e-05  3.5423740132e-05 -2.3543794659e-07 -5.3234964144e-03  1.8095221183e-03 -6.5102778297e-03  7.1891806551e-03  2.8712125713e-03 -9.4506563070e-05 -3.2916091013e-06  3.4888071754e-06 -6.6825255949e-06 -1.0149884280e-06 -7.2788007427e-06  4.0937322148e-06 -5.0435468848e-06  8.1980138191e-06  4.7020628132e-06  2.7261715005e-06 -6.3330429083e-06  6.1383198240e-06 -8.7035078636e-06 -4.9001943080e-06  2.4672493785e-07 -1.5948625486e-05 -1.4452019695e-06 -7.8077460947e-06  9.0040315108e-06  5.8294227793e-07  6.8796716271e-06  5.6015986281e-06  1.0602940230e-05  4.4968077074e-06 -5.8061155282e-06  1.0778070846e-06 -5.7997509627e-06  6.7672913326e-03 -3.7435840038e-04  5.0803612799e-03

JOB 21
COORDS  1.9450958407e+00 -9.9208009477e-01 -1.9630825722e-01  1.1411470755e+00 -6.0064748687e-02  4.6794374912e-01  2.6298590756e+00 -1.9705932343e+00  5.3477794695e-01  7.3483959843e-01 -4.8266105051e-01  8.3731635593e+00  7.6918878971e-01  8.6468446801e-01  8.7487610429e+00  1.0311558262e+00 -9.6469586237e-02  1.8604067505e+00  2.5146836645e+00 -2.0137436498e+00  1.9240337071e+00  9.1504007290e-01 -8.3515970406e-01  7.0375322151e+00  9.8704812951e-01  1.8133508235e+00  7.7485456508e+00  1.7246296321e+00 -1.0697398888e+00  2.5977113242e+00  1.1229695809e+00  2.0446495975e-01  6.1147344708e+00  1.6419998977e+00 -1.1720617493e+00  4.0911153886e+00  1.1600066157e+00  1.5005843084e+00  6.4582491806e+00  1.2728428051e+00  4.5193673755e-03  4.7296852551e+00  1.9129149363e+00 -2.2111086100e+00  4.6878470874e+00  2.0315650823e+00 -9.6113336872e-01 -1.2793647370e+00  5.9367672821e-01  6.8889931943e-01 -9.7966114668e-02  3.2501503536e+00 -2.6993609024e+00  1.9794405446e-02  5.7229748527e-01 -1.2592498408e+00  9.1161619029e+00  6.3460400765e-01  1.1726064576e+00  9.7811356696e+00  3.7753149325e-01  6.1126648702e-01  2.3626363537e+00  3.0281471451e+00 -2.7712968163e+00  2.5078621338e+00  9.1567561977e-01 -1.8654811134e+00  6.7099610897e+00  1.0262115244e+00  2.8747049078e+00  7.9883149028e+00  1.5164343238e+00  8.7352921177e-01  4.2652122192e+00
ENERGY -6.481603422723e+02
GRADIENT  5.2779847070e-06 -4.6918664632e-06 -6.8823639873e-06  5.7015778583e-06 -1.3241840864e-05  1.8068941832e-05  1.7555908405e-05 -2.5610552673e-05 -2.1660892467e-05 -1.9582057616e-06  2.0129808756e-05 -2.9870282269e-06  3.0133080090e-07  8.5417695474e-06  5.7392780049e-05  5.6565380272e-06 -4.6418250080e-07 -1.1574746099e-05 -3.1690621164e-05  4.2981164513e-05 -2.6513215468e-05  2.1904177025e-05  1.2129424191e-05  1.0753755695e-05 -7.3489019276e-06 -7.2337996679e-05 -4.1789394653e-05  1.9430643523e-05  1.9338842870e-07  4.2414898625e-05 -2.0239371544e-05 -7.7290820599e-05 -1.8783136755e-05 -5.3847879823e-03 -1.9249695799e-03  4.0046985562e-04 -1.4207239817e-06  3.6923483373e-05  6.8965874682e-08 -4.2692152398e-03  6.7013608345e-04 -3.0203074783e-03  4.6969184637e-03  1.3694210857e-03  2.3772311968e-04  2.4613872689e-06 -3.6712957822e-06  3.8849559038e-07  2.1349863676e-06 -2.0764206269e-06  6.4926825747e-07 -1.0990488366e-06 -3.7506735539e-06 -5.4957865608e-06  1.4470302845e-06  1.6235273783e-06  2.7358407356e-06 -1.4000511700e-07 -3.3520275004e-06  8.2844804556e-06  4.9179004971e-06 -4.9827217485e-06  3.0608602537e-06 -4.2976147427e-06  2.1058902306e-06 -2.9111382980e-06 -9.8371569657e-07  9.3764046711e-07 -5.8293505396e-06  6.0017635371e-06 -7.1397708071e-06 -1.5990849972e-06  4.9505310089e-03 -5.6993718647e-05  2.4083124541e-03

JOB 22
COORDS  1.9698038186e+00 -9.8058978882e-01 -1.9610991639e-01  1.2261557621e+00 -1.6627958447e-03  4.7060958939e-01  2.5712852567e+00 -2.0148072850e+00  5.3093745017e-01  8.4620231040e-01 -4.7661801850e-01  8.4050186706e+00  7.4915679967e-01  8.7596311905e-01  8.7485489329e+00  1.0953390590e+00 -4.6945297251e-02  1.8609396106e+00  2.4335999102e+00 -2.0669448405e+00  1.9179587498e+00  1.0463170436e+00 -8.4352266391e-01  7.0757915534e+00  8.5967824192e-01  1.8168873293e+00  7.7233072629e+00  1.7063389995e+00 -1.0764662417e+00  2.5950902840e+00  1.1385878908e+00  1.8957522074e-01  6.1267259127e+00  1.5976218656e+00 -1.2010520286e+00  4.0871302466e+00  1.0488476368e+00  1.4916767725e+00  6.4388316021e+00  1.3145823025e+00 -2.2766538650e-02  4.7493363383e+00  1.7676965012e+00 -2.2760335478e+00  4.6602831571e+00  2.0730323022e+00 -9.4237326618e-01 -1.2774270284e+00  7.4123047435e-01  7.9179394525e-01 -9.1644095259e-02  3.1439542824e+00 -2.7807726301e+00  1.4801239443e-02  7.6932938146e-01 -1.2469150742e+00  9.1681195541e+00  5.9504174028e-01  1.1943891504e+00  9.7749865006e+00  4.8429751451e-01  7.0255392227e-01  2.3570639294e+00  2.8807496120e+00 -2.8683514976e+00  2.4976474460e+00  1.1403051125e+00 -1.8753519261e+00  6.7672736311e+00  7.9389291524e-01  2.8823762651e+00  7.9376582703e+00  1.4158411945e+00  8.4916519359e-01  4.2428183058e+00
ENERGY -6.481619967004e+02
GRADIENT -7.0890146376e-06  1.6178149258e-05  8.3107417910e-06  5.5793079630e-05 -6.9932821538e-05  5.1210120486e-05 -3.3750607073e-06 -2.8607225867e-06 -2.2094017452e-06  6.4871173691e-06  4.1292577642e-05 -6.8944208815e-05 -1.2146672390e-05  5.3606486616e-05  8.2844964416e-05 -1.6650572315e-04  1.4301640292e-04  1.8710218896e-05 -2.1436604099e-05 -2.1674217656e-05  7.2834024321e-05 -2.9228762350e-05 -6.9595898558e-05  2.6032979896e-05 -3.3818845623e-06 -8.9098773929e-05  6.1559608254e-06  8.6811645434e-05 -4.5844803831e-05 -1.0499657312e-04 -3.0619701873e-06 -1.0659652259e-05 -3.1530370794e-05 -1.8215800978e-03 -4.6780804874e-04  4.6627844322e-05  1.5591749908e-05 -3.6537372747e-05 -7.2862306981e-05 -1.6659991636e-03  1.7761496745e-04 -6.5575869878e-04  1.6438741140e-03  3.1091820330e-04  9.0286480599e-05  2.7260644903e-06 -4.5416115882e-06  1.5268543326e-06  9.5053475552e-06 -3.8810135611e-06  9.1328107402e-06 -7.7529926456e-06 -1.2933613046e-06  9.0190892763e-06 -7.7001251873e-06  9.6764549173e-06 -6.2200412744e-07 -4.6599027241e-06  4.5761164242e-06  8.5552128614e-06  4.3059487515e-05  2.0318225815e-05  5.3564518990e-05  2.2468690056e-05 -2.5582747309e-05 -2.0942877452e-05  1.3681737295e-05  9.2780513423e-06  7.3980445458e-06  6.7598283514e-06 -3.4497660948e-06 -3.9981045483e-06  1.8071399941e-03  7.8580922506e-05  4.7352589219e-04

JOB 23
COORDS  1.8807185640e+00 -1.0173271877e+00 -1.8266160262e-01  1.7209109360e+00  1.8036938248e-01  5.2127664669e-01  2.0024665810e+00 -2.2240431776e+00  5.1605796661e-01  1.2329822089e+00 -3.7636690697e-01  8.4717678455e+00  6.0336435567e-01  8.3715706677e-01  8.7675563622e+00  1.6681308326e+00  1.7094701028e-01  1.9173733266e+00  1.9613259427e+00 -2.2328151860e+00  1.9102372160e+00  1.4443496212e+00 -7.4452727352e-01  7.1444533011e+00  2.0715663443e-01  1.6424035539e+00  7.6981034302e+00  1.7805962330e+00 -1.0378966257e+00  2.6232997944e+00  1.0049463562e+00  1.4582152227e-01  6.1492095586e+00  1.7540006490e+00 -1.1364316374e+00  4.1226558407e+00  3.9914083293e-01  1.3137235381e+00  6.4151150267e+00  1.1434357025e+00 -8.4648205982e-02  4.7708654441e+00  2.2409433129e+00 -2.1009733558e+00  4.7117227758e+00  1.9178691178e+00 -1.0089784468e+00 -1.2688747343e+00  1.6445626225e+00  1.1224087009e+00 -1.4942339198e-02  2.1331573136e+00 -3.1562962776e+00 -2.6970183152e-02  1.5593747671e+00 -1.0380086049e+00  9.2700809498e+00  4.2336241782e-01  1.1520438089e+00  9.7908701557e+00  1.5763277567e+00  1.1204975941e+00  2.4386963715e+00  2.0694186848e+00 -3.1564348161e+00  2.4698633199e+00  1.9254459852e+00 -1.6724090064e+00  6.8682884985e+00 -2.8725832097e-01  2.5963695641e+00  7.8743414220e+00  7.6455284993e-01  6.7630365268e-01  4.2205276243e+00
ENERGY -6.481620340615e+02
GRADIENT -3.3112216434e-06  5.0370193464e-06  7.0019440027e-06 -1.6014827442e-06  9.4430576366e-06 -7.3250607003e-06 -3.5739207822e-06 -1.5957428668e-06  7.2970143592e-06 -5.3761401212e-06  1.4217022864e-05 -5.2799350787e-08  1.7681258720e-06 -1.6690454258e-06  3.1210479633e-05  1.0598410309e-07  1.7832668245e-05 -2.3619432513e-06 -3.8201366038e-06 -2.3585005961e-05  3.1785725046e-06 -1.9226242265e-05 -1.1885982106e-05  3.3355080695e-06 -5.0401419374e-06  1.2549938994e-05 -3.8444814967e-06  7.1892210391e-06 -5.1209014226e-07 -3.6034994985e-06  5.0566633493e-05 -1.0112910952e-05 -3.0133133943e-05 -1.3982359116e-03 -7.5035246044e-04 -5.8764928252e-05  1.6434919515e-05 -4.7515722732e-06  2.3059606123e-05 -1.4842587539e-03 -7.7477590682e-04 -8.2094861018e-05  1.3091137771e-03  7.1165668581e-04  6.6113528374e-05 -2.6925291372e-06  1.1990060826e-06  2.0578106709e-06 -2.9587494698e-07  2.0463571126e-06  2.3481667174e-06 -4.6629446566e-06  2.0454947123e-07  3.1484286530e-06 -3.7580539381e-06  9.8730993311e-07  1.7186586851e-06 -1.3239275852e-06  5.7844194670e-06  3.3245793206e-06  4.2834835375e-07  1.3987860924e-06  4.2353786434e-07 -6.4501959760e-06 -1.3253503290e-06  7.5546815667e-07 -4.7325083337e-06  5.0509837270e-06  2.0543889133e-06  5.5994984837e-07  4.9894673634e-06  7.9874253894e-06  1.5239335874e-03  8.1184955652e-04  7.2009530866e-05

