24
0 1 C9H11NO3
C                     1.992490426806    -1.373638738982     0.124745498660
C                     0.743469666588    -1.251856649940     0.725986272570
C                     3.133481467383    -1.582115565629     0.903160849371
C                     0.621190062485    -1.306668210992     2.126728023469
C                     3.034192448277    -1.666804993540     2.298490809041
C                     1.770474920263    -1.505841791670     2.911759328172
C                    -0.769254898200    -1.180834176609     2.661441820473
C                     1.975006439541    -0.427170215840     5.007532139674
C                    -2.163625173405    -0.687908594152     4.497077099781
N                     4.160283410525    -1.861866622024     3.112582020044
O                    -1.766923666138    -1.364208907649     1.983134021752
O                     1.729961615671    -1.648546541792     4.285486358504
O                    -0.831739926790    -0.811645708353     3.960973859472
H                     2.082682048112    -1.318206282700    -0.956601249259
H                    -0.155923596100    -1.116632188000     0.135652895494
H                     4.107297406219    -1.692082763616     0.430095281174
H                     1.980818420791    -0.696262538017     6.065936189306
H                     1.175329960004     0.293262877799     4.815747387611
H                     2.944509343719     0.000869838400     4.728234189810
H                    -2.029217092212    -0.399483796670     5.539800627305
H                    -2.693073689256    -1.640828305752     4.426525730826
H                    -2.726346906434     0.075344134345     3.954154078627
H                     4.918373658397    -2.348362843074     2.647330638385
H                     3.922122825035    -2.302956657665     3.995693148035

25.029209068534207
      -0.0072       -0.1581       -0.0011
       0.0071       -0.0595        0.0050
      -0.0066       -0.1534       -0.0009
       0.0067        0.0177        0.0104
       0.0039       -0.0465        0.0057
       0.0136        0.0233        0.0102
       0.0016        0.1048       -0.0161
      -0.0470        0.2345       -0.0999
      -0.0247       -0.3238        0.0753
       0.0097        0.0076        0.0109
       0.0024        0.6152       -0.1572
       0.0721        0.1649        0.0262
      -0.0146       -0.4304        0.1357
      -0.0051       -0.0670       -0.0017
       0.0022       -0.0128        0.0026
      -0.0042       -0.0622       -0.0007
      -0.0001        0.0982       -0.0213
      -0.0351        0.0406       -0.0435
      -0.0273        0.0877       -0.0467
      -0.0109       -0.2186        0.0568
      -0.0593       -0.0561       -0.0955
       0.0457       -0.0015        0.0967
      -0.0016       -0.0158        0.0149
       0.0028        0.0319        0.0178

83.13161018013989
      -0.0450       -0.1447       -0.0140
      -0.0504       -0.2751       -0.0005
       0.0001        0.1089       -0.0141
      -0.0271       -0.2162        0.0046
       0.0288        0.1512       -0.0096
       0.0018       -0.0877        0.0000
      -0.0167       -0.0547       -0.0026
      -0.0495       -0.2740        0.1396
       0.0411        0.3494       -0.0655
       0.0914        0.4546       -0.0195
      -0.0516        0.2742       -0.0473
       0.0161       -0.2261       -0.0129
       0.0360       -0.1746        0.0330
      -0.0201       -0.0572       -0.0054
      -0.0210       -0.1080        0.0034
       0.0046        0.0762       -0.0051
       0.0043       -0.1216        0.0297
      -0.0332       -0.0905        0.0785
      -0.0278       -0.0453        0.0465
       0.0229        0.0601       -0.0089
      -0.1032        0.1680       -0.0545
       0.1176        0.1834       -0.0134
       0.0581        0.1792       -0.0108
       0.0586        0.0936       -0.0100

126.6176586775942
      -0.0340        0.2425        0.0709
      -0.0269        0.0648        0.1164
      -0.0121        0.1448        0.0099
       0.0013       -0.1111        0.1137
       0.0179       -0.0694       -0.0012
       0.0395       -0.0989        0.0581
      -0.0229       -0.1745        0.0798
       0.2176        0.1787       -0.1802
      -0.2447        0.2786       -0.2468
       0.0467       -0.2076       -0.0718
       0.0327       -0.1002       -0.0256
       0.1577        0.0435        0.0869
      -0.1677       -0.3084        0.1161
      -0.0177        0.1261        0.0227
      -0.0134        0.0264        0.0447
      -0.0052        0.0726       -0.0076
       0.1554        0.1039       -0.0395
       0.0257        0.0186       -0.0255
       0.0285        0.0658       -0.1502
      -0.1151        0.0033       -0.0445
      -0.2087        0.1656       -0.1726
       0.0903        0.1968       -0.0765
      -0.0015       -0.0586       -0.0389
       0.0184       -0.0639       -0.0220

139.12206990620712
      -0.0617       -0.1534        0.0068
      -0.0275       -0.0236        0.0408
      -0.0471       -0.1036       -0.0050
      -0.0022        0.0992        0.0503
      -0.0105        0.0498        0.0041
       0.0061        0.0962        0.0404
      -0.0263        0.1111       -0.0154
       0.4311       -0.1454        0.1676
      -0.2492       -0.1802       -0.1509
       0.0233        0.1112       -0.0252
       0.0345        0.0521       -0.0973
       0.0651        0.0112        0.0397
      -0.1832        0.1735       -0.0388
      -0.0291       -0.0842       -0.0009
      -0.0117       -0.0141        0.0164
      -0.0192       -0.0602       -0.0060
       0.4517       -0.1354        0.0235
       0.0068       -0.0947        0.3344
       0.0093        0.0646       -0.1855
      -0.1223       -0.0021       -0.0513
       0.0179       -0.1042       -0.0209
      -0.1296       -0.1256       -0.0862
       0.0085        0.0416       -0.0158
       0.0203        0.0186       -0.0084

152.4303400294818
      -0.1026       -0.0855       -0.0263
      -0.0164        0.1191        0.1009
      -0.0569       -0.1848       -0.1282
       0.0992        0.1395        0.1124
       0.0867       -0.0349       -0.1035
       0.1543        0.0743        0.0239
       0.0816        0.0463        0.0966
      -0.4323       -0.0123        0.2127
      -0.2071        0.0457       -0.1607
       0.1984       -0.0402       -0.2653
       0.1664       -0.0213        0.0248
       0.2796       -0.0338        0.0226
      -0.1054        0.0191        0.1151
      -0.0618       -0.0503       -0.0116
      -0.0177        0.0502        0.0535
      -0.0341       -0.0993       -0.0627
      -0.1949       -0.0365        0.0536
      -0.1783       -0.0775        0.0146
      -0.1416        0.1015        0.1619
      -0.1206        0.1150       -0.0670
      -0.0239       -0.0115        0.0163
      -0.0572       -0.0580       -0.1482
       0.0149       -0.0647       -0.0769
       0.0768        0.0539       -0.0328

159.87570266783936
       0.0134        0.0818        0.0289
      -0.0035       -0.0427        0.0185
       0.0170        0.0959        0.0275
      -0.0188       -0.1121        0.0146
      -0.0012       -0.0252        0.0176
      -0.0147       -0.1062        0.0101
      -0.0192       -0.0333        0.0031
       0.0410        0.0490       -0.1289
      -0.0009        0.0269        0.0031
      -0.0017       -0.0078        0.0255
      -0.0317        0.2265       -0.0546
       0.0080       -0.0390        0.0200
      -0.0041       -0.1770        0.0447
       0.0076        0.0516        0.0101
      -0.0002       -0.0103        0.0047
       0.0095        0.0605        0.0098
       0.0079        0.0539       -0.0274
       0.0181        0.0138       -0.0655
       0.0155       -0.0044       -0.0527
      -0.0056        0.5186       -0.1397
       0.1586       -0.1189        0.4812
      -0.1516       -0.3503       -0.3406
       0.0090        0.0166        0.0029
       0.0036       -0.0167        0.0006

161.57576316832453
       0.0626        0.0703       -0.0109
       0.0377        0.0409       -0.0493
       0.0362        0.0127        0.0137
      -0.0055       -0.0205       -0.0554
      -0.0135       -0.0474        0.0073
      -0.0284       -0.0325       -0.0272
       0.0062       -0.0373       -0.0342
      -0.3212        0.0737       -0.0475
       0.1944        0.0919        0.1245
      -0.0656       -0.0830        0.0559
      -0.0393       -0.0431        0.0345
       0.0350       -0.0213       -0.0243
       0.1256       -0.0453       -0.0324
       0.0295        0.0392       -0.0013
       0.0168        0.0213       -0.0216
       0.0149        0.0100        0.0118
       0.3681       -0.0437       -0.0321
      -0.3718       -0.2041        0.3096
      -0.3155        0.3184       -0.3281
       0.1004        0.0329        0.0289
       0.0285        0.0398        0.0654
       0.0572        0.0372        0.0496
      -0.0208       -0.0499        0.0394
      -0.0374        0.0220        0.0312

212.85153451891858
       0.0044       -0.0772       -0.0756
      -0.0020        0.0243       -0.1047
      -0.0176       -0.0487       -0.0299
      -0.0058        0.1845       -0.0970
      -0.0399        0.1416       -0.0184
      -0.0146        0.3771       -0.0388
       0.0027       -0.1165       -0.0455
       0.1089       -0.0422        0.3463
       0.1211        0.1505       -0.0134
      -0.1409       -0.1729        0.0317
      -0.0160       -0.1340       -0.0259
      -0.0906        0.2876       -0.0632
       0.0866       -0.4618        0.0414
       0.0057       -0.0746       -0.0243
      -0.0022       -0.0316       -0.0370
      -0.0095       -0.0798       -0.0025
       0.0084       -0.1215        0.0728
       0.0672        0.0481        0.1686
       0.0548       -0.0281        0.1554
       0.0581        0.1422       -0.0339
      -0.0470        0.0811        0.0983
       0.0989        0.0339       -0.0841
      -0.0777       -0.1203        0.0209
      -0.0941       -0.0257        0.0040

229.5776302056944
       0.0342       -0.0005        0.0003
       0.0711        0.4667       -0.0118
      -0.0368       -0.4488       -0.0050
       0.0047        0.1710       -0.0262
      -0.0284       -0.1165        0.0099
      -0.0457       -0.0967       -0.0441
       0.0047       -0.0341        0.0342
       0.0657       -0.0507       -0.1827
       0.0017        0.0915        0.0117
      -0.0328        0.3851        0.1398
       0.0136       -0.1299        0.0552
      -0.1016       -0.1121       -0.0601
       0.0018       -0.2023        0.0871
       0.0173       -0.0059        0.0004
       0.0388        0.2361       -0.0085
      -0.0229       -0.2270       -0.0042
       0.0297        0.0190       -0.0445
       0.0341       -0.0001       -0.0627
       0.0242       -0.0480       -0.0835
       0.0028        0.0638       -0.0072
      -0.0437        0.0486        0.0374
       0.0421        0.0306       -0.0342
       0.0727        0.2049        0.0630
       0.0248        0.0749        0.0328

293.5611380987185
       0.0724       -0.1295       -0.0506
       0.0258       -0.1169       -0.1072
       0.1443        0.1369       -0.0424
       0.0347        0.1219       -0.0805
       0.0856        0.1105       -0.0528
       0.0306        0.0758       -0.1787
       0.1366        0.0878        0.2397
      -0.0636       -0.0938       -0.2197
      -0.1898       -0.0447       -0.1879
      -0.1212       -0.0529        0.1974
       0.0645        0.0541        0.4383
      -0.1656       -0.0653       -0.2636
       0.0562        0.0097        0.3323
       0.0197       -0.0879       -0.0176
       0.0115       -0.0756       -0.0477
       0.0426        0.0550       -0.0139
       0.0155       -0.0321       -0.0652
      -0.0242       -0.0265       -0.0338
      -0.0273       -0.0266       -0.0925
      -0.1749       -0.0027       -0.0423
      -0.0318       -0.0207       -0.1123
      -0.0051       -0.0293       -0.1278
      -0.0264       -0.0588        0.1097
      -0.1239       -0.0025        0.0348

331.0332500600769
      -0.1433        0.1051       -0.0155
      -0.1155        0.0081       -0.0011
      -0.2133       -0.0259        0.0453
       0.0503       -0.1152       -0.0134
      -0.1155       -0.0964        0.0621
      -0.0712       -0.0828        0.1142
       0.2307       -0.0227        0.0352
      -0.0494        0.0745        0.1019
       0.1836       -0.1139       -0.3630
       0.0340        0.0282       -0.1395
       0.2012        0.0632        0.1168
      -0.4209        0.1218        0.1503
       0.3584        0.0050        0.0058
      -0.0227        0.0710       -0.0006
      -0.0508        0.0221        0.0319
      -0.0595        0.0012        0.0152
       0.0470        0.0129        0.0270
      -0.0009        0.0526        0.0868
      -0.0169       -0.0134       -0.0299
      -0.0501       -0.0333       -0.0923
       0.0852       -0.0463       -0.1606
       0.0772       -0.0518       -0.1557
       0.0479        0.1392       -0.1115
       0.1052       -0.0869       -0.0590

347.3833032772706
      -0.1308        0.1102       -0.0393
      -0.0972        0.0188        0.0181
      -0.0994       -0.0398       -0.0900
      -0.0354       -0.1232        0.0185
      -0.1035       -0.0522       -0.0850
      -0.0203       -0.0416       -0.0129
       0.0522       -0.0271       -0.0351
       0.0566        0.0260        0.0996
       0.1064       -0.0729       -0.2358
      -0.4199        0.0788        0.3102
      -0.0153        0.0457        0.0476
       0.5445       -0.0367        0.0254
       0.1922        0.0607       -0.0817
      -0.0477        0.0798       -0.0098
      -0.0389        0.0303        0.0278
      -0.0335       -0.0019       -0.0366
      -0.0650       -0.0025        0.0266
      -0.0039       -0.0345       -0.0326
       0.0202        0.0540        0.1133
      -0.0241       -0.0290       -0.0596
       0.0594       -0.0338       -0.1057
       0.0334       -0.0335       -0.0873
      -0.0449        0.0099        0.2077
      -0.2273        0.0863        0.0843

364.9501715437148
      -0.1209       -0.0797        0.0282
      -0.0753        0.0669        0.0629
      -0.1045        0.0810        0.0357
       0.0295        0.0882        0.0465
      -0.0307        0.0766        0.0463
      -0.0218       -0.0570        0.0547
       0.0718        0.0103       -0.0183
       0.0401       -0.0504       -0.1135
       0.0790        0.0010       -0.0193
       0.0934        0.1007       -0.0813
       0.1753       -0.0413       -0.1359
      -0.1357       -0.1377        0.0716
       0.0635       -0.0328       -0.0256
      -0.0398       -0.0463        0.0067
      -0.0322        0.0292        0.0376
      -0.0256        0.0659        0.0120
       0.0255        0.0382       -0.0196
       0.0328        0.0029       -0.0551
       0.0148       -0.0433       -0.0710
       0.0246        0.0035       -0.0067
       0.0168        0.0032       -0.0008
       0.0266        0.0021       -0.0073
      -0.2584       -0.5788        0.1447
      -0.0864        0.5184        0.1960

374.6440246783248
       0.2217        0.1630       -0.0218
       0.1307        0.0182       -0.0997
       0.1289       -0.1592       -0.0027
      -0.0852       -0.2255       -0.1086
       0.0233       -0.1659       -0.0137
      -0.0192       -0.0721       -0.0452
      -0.1444       -0.0553       -0.0073
       0.0420        0.0321        0.1849
      -0.0581       -0.0486       -0.1241
       0.1997        0.0879       -0.1595
      -0.4542        0.1080        0.3487
      -0.0019        0.1755       -0.0122
       0.0147        0.0393       -0.0171
       0.0916        0.1460        0.0009
       0.0657        0.0605       -0.0620
       0.0518       -0.0220        0.0238
      -0.0041       -0.0555        0.0373
       0.0262        0.0353        0.0905
       0.0217        0.0156        0.0927
      -0.0515       -0.0185       -0.0306
       0.0035       -0.0230       -0.0612
      -0.0164       -0.0247       -0.0501
      -0.0672       -0.2261        0.0188
       0.0657        0.2699        0.0841

418.51736544105796
       0.0203       -0.2291        0.0798
       0.0318        0.1251        0.0328
      -0.0234        0.1044        0.1724
      -0.0536        0.2711        0.0101
      -0.0517        0.2428        0.1567
      -0.0674        0.0936        0.1300
      -0.1203        0.0542       -0.1353
       0.0000       -0.0119       -0.1418
       0.1474       -0.0510       -0.2429
       0.0847       -0.0896       -0.1087
      -0.3856       -0.0123        0.1961
       0.2079       -0.2508        0.1515
       0.1609       -0.0953       -0.1542
       0.0118       -0.1978        0.0173
       0.0145        0.0063       -0.0071
      -0.0037       -0.0222        0.0685
      -0.0079        0.0942       -0.0165
      -0.0174       -0.0460       -0.1217
      -0.0093        0.0008       -0.0683
       0.0114       -0.0062       -0.0694
       0.0375       -0.0105       -0.0828
       0.0621       -0.0196       -0.0967
      -0.0250        0.0098       -0.1421
       0.0808       -0.1154       -0.0598

483.8874724541854
      -0.2243        0.1239        0.2255
      -0.2362        0.0611        0.1443
      -0.0773       -0.1505        0.0246
      -0.0323       -0.2094        0.0649
       0.3222        0.2097        0.0812
       0.1966        0.2194       -0.1240
      -0.0591       -0.1589       -0.0170
      -0.0350       -0.0851       -0.1192
       0.0783       -0.0281       -0.0687
       0.2990       -0.0968        0.2698
      -0.1329        0.0923       -0.0296
      -0.0837        0.0583       -0.2628
       0.0312        0.0588       -0.1419
      -0.0763        0.0383        0.0647
      -0.0747        0.0303        0.0552
      -0.0885       -0.1731       -0.0993
       0.0024       -0.0581       -0.0431
      -0.0081       -0.0121       -0.0008
      -0.0112       -0.0175       -0.0284
       0.0308       -0.0199       -0.0179
       0.0384       -0.0166       -0.0247
       0.0003       -0.0126       -0.0029
       0.0498       -0.0782        0.0727
      -0.0076       -0.0917        0.0193

528.4216310183793
      -0.1630       -0.0439        0.0999
      -0.2265       -0.0658       -0.0710
      -0.0668        0.1756        0.0917
      -0.0060        0.3957       -0.0677
       0.0997       -0.5128        0.0689
       0.0366       -0.1568       -0.1142
      -0.0410        0.2009       -0.0913
       0.0147       -0.0076        0.0489
       0.0425        0.0004       -0.0355
       0.2385        0.0242        0.1815
      -0.0846       -0.0997        0.0124
       0.0736        0.1218       -0.1387
       0.0062       -0.1143       -0.0458
      -0.0102        0.0119        0.0332
      -0.0732       -0.0840       -0.0248
      -0.0175        0.2641       -0.0192
      -0.0158       -0.0663       -0.0016
       0.0052        0.0090        0.0479
       0.0087        0.0185        0.0593
       0.0210        0.0128       -0.0149
      -0.0125        0.0129        0.0034
       0.0297        0.0068       -0.0194
       0.1395        0.0781        0.0958
       0.1239        0.0631        0.0922

570.4841674836106
       0.1152        0.3449        0.1698
      -0.0856       -0.3332       -0.1176
      -0.1151       -0.2507        0.2731
      -0.0992        0.1144       -0.0843
      -0.1841       -0.0321        0.1730
      -0.1203        0.3074       -0.0230
       0.0434        0.0833        0.0286
      -0.0050       -0.1140       -0.1441
      -0.0145        0.0047        0.0141
      -0.0013        0.0595       -0.1347
       0.1530       -0.0363       -0.0569
       0.1991       -0.0879       -0.1356
       0.0360        0.0032        0.1020
       0.1168        0.1938        0.0617
      -0.0125       -0.2019       -0.0765
      -0.0256       -0.1444        0.1140
      -0.0233       -0.0130       -0.0366
      -0.0108       -0.0518       -0.0700
      -0.0055       -0.0075       -0.0229
      -0.0286        0.0043        0.0063
      -0.0017        0.0009       -0.0068
       0.0086       -0.0001       -0.0111
      -0.0640       -0.0122       -0.1104
       0.1116        0.0619        0.0155

600.0870253608225
       0.0373        0.2058        0.0644
       0.1502       -0.2664        0.3746
       0.1825       -0.1084       -0.2715
       0.0871        0.2725        0.2838
       0.0250       -0.1354       -0.2252
       0.1186        0.1506        0.0839
      -0.0842        0.0784       -0.0629
      -0.0290       -0.0401       -0.0606
       0.1069       -0.0200       -0.0802
      -0.1546        0.0482       -0.0695
      -0.1681       -0.0197        0.0259
      -0.2256       -0.0719        0.0744
       0.0140       -0.0689       -0.1196
      -0.1152        0.1032        0.0108
       0.0125       -0.2167        0.1261
       0.0427       -0.0472       -0.0959
       0.0222        0.0403       -0.0044
       0.0071        0.0042       -0.0274
      -0.0093       -0.0461       -0.0711
       0.0412       -0.0021       -0.0259
       0.0183        0.0004       -0.0147
       0.0322       -0.0032       -0.0213
       0.0507        0.0653        0.0815
      -0.0656        0.0893        0.0116

624.2663051149498
      -0.0589        0.2238       -0.4099
      -0.0619       -0.1366       -0.3096
      -0.2111       -0.0829       -0.1246
       0.1895        0.0903       -0.1589
       0.1425        0.0830        0.0513
       0.1259        0.0316        0.1556
       0.0519        0.0628       -0.0730
       0.0161        0.0650        0.0481
      -0.0998        0.0173        0.0663
       0.1854       -0.0212        0.2322
      -0.0762        0.0073        0.1315
      -0.0460       -0.2188        0.3601
      -0.0964       -0.0415       -0.0400
       0.0311        0.0560       -0.1171
      -0.0720       -0.1248       -0.0312
      -0.0781       -0.1214       -0.0518
       0.0283        0.1338        0.0430
      -0.0005       -0.0070       -0.0554
      -0.0033       -0.0138       -0.0588
       0.0155        0.0083        0.0130
      -0.0449        0.0122        0.0439
      -0.0333        0.0137        0.0361
       0.0478       -0.0464        0.0963
      -0.0361       -0.0467        0.0225

714.5156996065036
      -0.0115       -0.0532        0.0033
      -0.0426        0.1250       -0.0886
      -0.0179        0.1309        0.0536
       0.0733       -0.0710       -0.0533
       0.0451       -0.1087        0.0587
       0.0773        0.2845        0.0325
       0.0557       -0.2857        0.0403
       0.0073       -0.0484       -0.0415
      -0.0376        0.0077        0.0205
      -0.1907       -0.2656       -0.1603
      -0.0054        0.1144        0.0404
      -0.0192       -0.0675        0.0589
      -0.0466        0.0647       -0.0649
       0.0252       -0.1167       -0.0023
      -0.0270       -0.0343       -0.0193
      -0.0208       -0.0402        0.0025
       0.0065        0.0367        0.0016
       0.0141       -0.0078       -0.0388
      -0.0008       -0.0149       -0.0330
       0.0177       -0.0091        0.0059
      -0.0031       -0.0028        0.0151
      -0.0345        0.0030        0.0310
       0.2996        0.3369        0.1409
       0.2039        0.4598        0.2689

754.0482094826714
      -0.0106       -0.1738       -0.1915
       0.1338        0.0478        0.0578
      -0.1493        0.0138        0.0535
       0.1312        0.0078        0.0571
      -0.1657       -0.3380        0.0247
       0.0991        0.4133        0.0919
       0.0708       -0.3626        0.0590
      -0.0229       -0.0910       -0.1012
      -0.0279        0.0055        0.0055
       0.0579        0.1838        0.0872
      -0.0170        0.1445        0.0831
       0.0160       -0.0125       -0.0585
      -0.0718        0.0617       -0.1316
       0.0301        0.1691       -0.0414
       0.0141        0.0953        0.0732
       0.0308        0.3282        0.0931
      -0.0003       -0.0007       -0.0234
      -0.0101       -0.0329       -0.0414
      -0.0089       -0.0307       -0.0426
       0.0450       -0.0121       -0.0012
      -0.0030       -0.0025        0.0214
      -0.0391        0.0056        0.0390
      -0.1422       -0.1299       -0.0657
      -0.0444       -0.1993       -0.1055

764.1431732679765
       0.0511        0.2202       -0.0065
       0.0394        0.1257        0.0021
      -0.0093        0.1196        0.0512
       0.0386        0.1970        0.0123
      -0.0726       -0.1247       -0.0065
      -0.0414       -0.2244       -0.0345
       0.0184       -0.4280        0.1115
       0.0058        0.0293        0.0248
      -0.0014        0.0050       -0.0032
       0.0291        0.1134        0.0213
       0.0041        0.1497       -0.0078
       0.0272        0.0649       -0.0754
      -0.0142        0.1069       -0.0526
      -0.0408       -0.4429       -0.0324
      -0.0550       -0.4613       -0.0131
      -0.0416       -0.2903        0.0104
      -0.0098       -0.0442       -0.0065
      -0.0038        0.0086        0.0314
       0.0048        0.0180        0.0354
       0.0092       -0.0149        0.0024
       0.0183       -0.0083       -0.0046
      -0.0237       -0.0024        0.0172
      -0.0938       -0.0987       -0.0385
      -0.0389       -0.0904       -0.0613

786.951946606294
       0.0202       -0.0384       -0.0282
      -0.0916        0.0442       -0.1185
       0.1927       -0.0055       -0.1614
      -0.2824        0.0669       -0.0230
       0.0566       -0.1317       -0.0826
      -0.0963        0.2103       -0.0164
      -0.2719       -0.2075        0.1490
       0.0022        0.0618        0.0634
       0.0787        0.0017       -0.0075
       0.1603        0.0137        0.0895
      -0.0529       -0.0247       -0.3741
      -0.0258       -0.1652        0.2088
       0.2483        0.1649        0.3710
      -0.0148        0.0218       -0.0101
       0.0153       -0.0092       -0.1066
       0.0526        0.0666       -0.0733
       0.0200        0.1072        0.0414
       0.0015        0.0029       -0.0327
      -0.0061       -0.0069       -0.0394
      -0.1801       -0.0054        0.0244
       0.0851       -0.0257       -0.1120
       0.0627       -0.0374       -0.0970
       0.0369       -0.0248        0.0371
       0.0060       -0.0468       -0.0075

819.070671147851
       0.0099        0.0649       -0.2427
       0.1981        0.1175        0.1271
      -0.1270        0.2451        0.0238
      -0.0340       -0.3844        0.0775
      -0.0984       -0.2577        0.0456
       0.0279        0.2440        0.0829
      -0.0896        0.4089       -0.1040
      -0.0249       -0.1045       -0.0991
      -0.0004       -0.0024        0.0175
       0.0906        0.0353        0.0830
      -0.0500       -0.1539       -0.0802
       0.0209        0.0665       -0.0826
       0.0902       -0.0560        0.1590
      -0.0645       -0.2809       -0.0917
       0.0099       -0.0915        0.0810
      -0.0592       -0.2394        0.0316
      -0.0101       -0.0375       -0.0306
      -0.0036       -0.0212       -0.0150
      -0.0066       -0.0202       -0.0162
      -0.0680        0.0137        0.0094
       0.0028       -0.0003       -0.0256
       0.0349       -0.0082       -0.0404
       0.0061       -0.0229        0.0200
       0.0549        0.0041        0.0302

843.6857152072433
      -0.0152       -0.0083        0.3796
      -0.2425        0.1282       -0.1351
       0.2714        0.0915       -0.0470
      -0.0597       -0.2067       -0.1487
       0.0099       -0.2549       -0.1470
       0.0291        0.2606       -0.0563
       0.1549        0.1636       -0.0394
       0.0167        0.0878        0.0930
      -0.0358       -0.0056       -0.0088
      -0.0362        0.1552       -0.0607
       0.1245        0.0026        0.1823
      -0.0428       -0.1949        0.1992
      -0.1167       -0.0923       -0.1819
      -0.0081       -0.1496        0.1031
      -0.0320       -0.0382       -0.1158
       0.0218       -0.0963       -0.1007
       0.0248        0.1283        0.0532
       0.0015        0.0026       -0.0387
      -0.0026       -0.0063       -0.0402
       0.1031        0.0019       -0.0178
      -0.0431        0.0119        0.0585
      -0.0308        0.0202        0.0496
      -0.0918       -0.0891       -0.0269
      -0.1131       -0.1147       -0.1138

901.6425381217505
      -0.0084       -0.0683       -0.0329
      -0.0130       -0.3204       -0.0091
       0.0457        0.3681        0.0185
      -0.0195        0.1731        0.0289
      -0.0425       -0.1341       -0.0168
      -0.0394       -0.0198       -0.0043
       0.0023       -0.1334        0.0576
       0.0031        0.0113        0.0063
       0.0338       -0.0034       -0.0234
       0.0427        0.0455        0.0235
       0.0175        0.0394        0.0104
       0.0090        0.0007       -0.0105
      -0.0411        0.0176       -0.0383
       0.0056        0.1378       -0.0008
       0.0843        0.5299        0.0072
      -0.0876       -0.5906       -0.0410
      -0.0044       -0.0055       -0.0006
      -0.0014        0.0009        0.0033
       0.0009        0.0058        0.0069
       0.0250       -0.0050       -0.0076
       0.0068       -0.0001        0.0024
      -0.0011        0.0008        0.0061
      -0.0077       -0.0252        0.0077
       0.0095       -0.0101       -0.0033

946.2868098210358
      -0.0110       -0.0495        0.2214
      -0.0393       -0.0068       -0.0587
      -0.1428        0.0582        0.1699
       0.3762        0.0070       -0.0948
       0.0943       -0.0627       -0.0426
       0.3558       -0.0524        0.0161
      -0.0298       -0.0456       -0.2279
      -0.0027        0.0289        0.0178
      -0.2277        0.0420        0.1655
      -0.2208        0.0993       -0.1712
      -0.2567       -0.0476       -0.1564
      -0.0636       -0.0150       -0.0145
       0.3129        0.0534        0.1907
       0.1358        0.0403        0.0819
      -0.0277        0.0230        0.0154
      -0.0778       -0.0638        0.0024
       0.0090        0.0067        0.0043
      -0.0023        0.0040        0.0033
       0.0010       -0.0062       -0.0071
      -0.1995        0.0135        0.0648
      -0.0153       -0.0075       -0.0395
      -0.0178       -0.0149       -0.0364
      -0.0567       -0.0150        0.0024
      -0.1841       -0.0347       -0.1075

972.6855061826924
       0.0406        0.3587        0.0404
      -0.0299       -0.2698       -0.0235
      -0.0450       -0.1617       -0.0006
       0.0284        0.0275        0.0018
       0.0106       -0.0143       -0.0064
       0.0395        0.0454        0.0075
      -0.0008       -0.0372       -0.0093
      -0.0034       -0.0100       -0.0049
      -0.0121        0.0030        0.0092
      -0.0170        0.0003       -0.0120
      -0.0212        0.0018       -0.0124
      -0.0052        0.0009        0.0087
       0.0173        0.0080        0.0086
      -0.0799       -0.6361       -0.0335
       0.0724        0.4947        0.0026
       0.0366        0.3034        0.0221
       0.0028        0.0067        0.0010
       0.0004       -0.0021       -0.0048
      -0.0011       -0.0060       -0.0072
      -0.0118        0.0003        0.0040
      -0.0002       -0.0005       -0.0027
      -0.0022       -0.0012       -0.0016
       0.0015        0.0033        0.0046
      -0.0150       -0.0042       -0.0080

1018.3566098633404
      -0.0743        0.0084        0.0327
       0.0015       -0.0120        0.0922
       0.1867       -0.0120       -0.1869
      -0.0717        0.0437       -0.0796
      -0.1230        0.0352        0.0448
      -0.2445        0.0108        0.0824
       0.1912       -0.0844       -0.2160
      -0.0240       -0.1146       -0.0862
      -0.4829        0.0454        0.1958
       0.1017       -0.0399        0.1276
       0.0131        0.0229        0.0595
       0.0556        0.1204        0.0709
       0.4685       -0.0327       -0.1642
      -0.2111        0.0292       -0.0055
       0.0005        0.0105        0.0323
       0.0428       -0.0074       -0.0839
      -0.0109       -0.0414       -0.0261
      -0.0022       -0.0206       -0.0022
      -0.0023       -0.0222       -0.0014
      -0.0596        0.0115        0.0452
      -0.1028       -0.0014        0.0521
      -0.1026        0.0250        0.0452
      -0.0241       -0.0055       -0.0574
       0.1659        0.0043        0.0777

1028.490870430771
      -0.0201        0.0044       -0.0179
       0.2211       -0.0383        0.1859
      -0.1762        0.0088        0.0678
      -0.0852       -0.0013       -0.0257
      -0.0283        0.0004        0.0042
      -0.0754        0.0625       -0.2298
       0.0540       -0.0099       -0.0514
       0.1079        0.4784        0.3172
      -0.1246        0.0111        0.0420
       0.0687       -0.0366        0.0330
       0.0226        0.0063        0.0273
      -0.0931       -0.4892       -0.3323
       0.1165       -0.0183       -0.0507
      -0.0780        0.0079       -0.0080
       0.0782       -0.0131        0.0398
      -0.0484        0.0262        0.0243
       0.0156        0.1107        0.0810
      -0.0021        0.0700        0.0188
       0.0269        0.0908        0.0347
      -0.0007        0.0012        0.0080
      -0.0300        0.0007        0.0222
      -0.0327        0.0095        0.0199
       0.0400        0.0194        0.0147
       0.0302        0.0286        0.0301

1094.0040213693349
      -0.0062       -0.0262        0.2187
       0.3719       -0.0287       -0.0006
      -0.3876        0.0446        0.0259
      -0.1826        0.0238       -0.0370
       0.0921        0.0036       -0.1566
      -0.1304        0.0127       -0.0226
       0.0118       -0.0216        0.0288
      -0.0371       -0.1433       -0.0642
      -0.0545       -0.0041       -0.0063
       0.1317       -0.0167       -0.0715
       0.0696        0.0177        0.0411
       0.0339        0.1336        0.1661
       0.0419       -0.0068       -0.0485
       0.0229        0.0030        0.0747
       0.3057       -0.0538       -0.2972
      -0.2234        0.0600       -0.2108
       0.0061        0.0134       -0.0030
       0.0049       -0.0212       -0.0187
      -0.0110       -0.0419       -0.0284
       0.0422       -0.0013       -0.0098
      -0.0216        0.0009        0.0250
      -0.0174        0.0127        0.0208
       0.1944        0.0067        0.2272
      -0.2591       -0.0117       -0.0978

1131.6169014157329
      -0.0673       -0.0064        0.2032
       0.1930       -0.0192       -0.0077
      -0.0507        0.0223       -0.2099
       0.1948       -0.0191       -0.2064
      -0.1011        0.0079        0.1308
       0.0422       -0.0081        0.0288
       0.0585       -0.0487       -0.1376
       0.0216        0.0147       -0.0021
       0.2045        0.0041       -0.0097
      -0.1039        0.0018        0.1705
      -0.0582        0.0010       -0.0023
       0.0042       -0.0176       -0.0111
      -0.2419        0.0523        0.2010
      -0.2107        0.0244        0.0496
       0.1619       -0.0193       -0.1546
      -0.1670        0.0499       -0.3820
      -0.0124       -0.0105       -0.0045
      -0.0102       -0.0144       -0.0001
       0.0031        0.0253        0.0186
      -0.0980        0.0017        0.0204
       0.0461        0.0072       -0.0481
       0.0386       -0.0305       -0.0347
      -0.2267       -0.0127       -0.2641
       0.3310        0.0117        0.1438

1172.4033204299428
       0.1391       -0.0150       -0.0287
      -0.0280       -0.0049        0.0569
      -0.0967        0.0206       -0.0781
      -0.0854        0.0090        0.0528
       0.0153       -0.0017        0.0419
       0.1113       -0.0171       -0.1342
      -0.0957        0.0435        0.1600
      -0.2897        0.0247        0.0246
      -0.1020       -0.0103       -0.0406
      -0.0895        0.0083        0.0715
       0.0296       -0.0056       -0.0217
       0.1362       -0.0280        0.0416
       0.1218       -0.0258       -0.0929
       0.3605       -0.0507        0.0155
      -0.0542        0.0068        0.0859
      -0.1366        0.0325       -0.2501
       0.1934        0.0117        0.0084
       0.2022        0.3773        0.1692
       0.0279       -0.3650       -0.1708
       0.1151       -0.0085       -0.0311
      -0.0234       -0.0081        0.0475
      -0.0303        0.0289        0.0387
      -0.1267        0.0008       -0.1452
       0.1509        0.0112        0.0678

1175.6571580378045
       0.0268       -0.0034       -0.0065
      -0.0086       -0.0003        0.0082
      -0.0158        0.0032       -0.0155
      -0.0187        0.0090        0.0153
       0.0037       -0.0011        0.0057
       0.0130       -0.0044       -0.0143
      -0.0173        0.0233        0.0205
       0.0501       -0.0194        0.0024
      -0.0307        0.3926       -0.1274
      -0.0108        0.0009        0.0089
       0.0052       -0.0160       -0.0014
      -0.0276        0.0138        0.0079
       0.0313       -0.2162        0.0501
       0.0706       -0.0097        0.0028
      -0.0099        0.0023        0.0136
      -0.0240        0.0069       -0.0455
      -0.0305        0.0192        0.0075
      -0.0333       -0.0695       -0.0374
      -0.0099        0.0669        0.0248
       0.0427       -0.2571        0.0587
       0.5310       -0.1768       -0.1053
      -0.5433       -0.0950        0.2180
      -0.0161        0.0001       -0.0187
       0.0184        0.0005        0.0080

1177.9402618817364
      -0.1500        0.0166        0.0302
       0.0438        0.0002       -0.0475
       0.0822       -0.0164        0.0904
       0.0969       -0.0079       -0.0816
      -0.0251        0.0079       -0.0316
      -0.0603        0.0112        0.0582
       0.0827       -0.0362       -0.1407
      -0.2609        0.0790       -0.0144
       0.0994        0.0841        0.0074
       0.0656       -0.0060       -0.0515
      -0.0335        0.0016        0.0171
       0.1502       -0.0484       -0.0190
      -0.1267       -0.0151        0.1051
      -0.4256        0.0611       -0.0192
       0.0742       -0.0106       -0.1061
       0.1481       -0.0431        0.2893
       0.1613       -0.0932       -0.0362
       0.1686        0.3481        0.1834
       0.0505       -0.3547       -0.1334
      -0.0963       -0.0423        0.0388
       0.1209       -0.0242       -0.0615
      -0.0783       -0.0456        0.0083
       0.0970       -0.0005        0.1130
      -0.1097       -0.0041       -0.0480

1199.6636945672446
      -0.0676        0.0116       -0.0611
       0.0663       -0.0063        0.0539
      -0.0337        0.0057        0.0951
      -0.0362        0.0122       -0.0795
       0.0990       -0.0149        0.0764
       0.2113       -0.0712       -0.3255
      -0.0996        0.0333        0.1457
      -0.0198       -0.2486        0.1984
      -0.0696       -0.0265       -0.0638
      -0.1229        0.0191        0.0099
       0.0041       -0.0072       -0.0342
       0.0031        0.1703        0.0637
       0.0845       -0.0010       -0.0264
      -0.3274        0.0486       -0.0408
       0.0997       -0.0128       -0.1055
       0.0808       -0.0368        0.2201
       0.0736        0.4348        0.1908
       0.0292       -0.1038       -0.2204
      -0.0882       -0.0417       -0.1930
       0.1303       -0.0042       -0.0406
      -0.0328       -0.0046        0.0598
      -0.0154        0.0372        0.0433
      -0.1162        0.0088       -0.1336
       0.0869        0.0089        0.0336

1210.8015036986067
      -0.0590        0.0074       -0.0170
      -0.0137        0.0091       -0.0958
       0.0125       -0.0027        0.0081
       0.0161       -0.0059        0.0876
       0.0466       -0.0188        0.0397
       0.1691        0.0127        0.0989
      -0.1046        0.0349        0.1111
       0.0373        0.1397       -0.1633
      -0.1370       -0.0914       -0.2796
      -0.0812        0.0172       -0.0017
      -0.0479       -0.0241       -0.0865
      -0.0444       -0.1073        0.0500
       0.1634        0.0504        0.1531
      -0.1779        0.0279       -0.0180
       0.1451       -0.0154       -0.2597
       0.0369       -0.0081        0.0694
      -0.0680       -0.2906       -0.1329
      -0.0319        0.0468        0.1541
       0.0506        0.0935        0.1713
       0.4264       -0.0244       -0.1419
      -0.1275       -0.0021        0.2589
      -0.1024        0.1352        0.2131
      -0.0646       -0.0013       -0.0624
       0.0458        0.0034        0.0158

1227.2325511154374
      -0.0193        0.0061       -0.0725
      -0.0176        0.0066       -0.0376
      -0.0457        0.0053        0.0295
      -0.0978        0.0009        0.1315
       0.0950       -0.0236        0.0417
       0.2255        0.0049       -0.1064
      -0.1135        0.0739        0.2374
       0.0246        0.0734       -0.1380
      -0.0277        0.0803        0.2661
      -0.1144        0.0189        0.0145
       0.0904        0.0123        0.0462
      -0.0464       -0.0707        0.1444
       0.0517       -0.1175       -0.3987
      -0.1074        0.0192       -0.0303
       0.1667       -0.0176       -0.2781
       0.0298       -0.0108        0.0973
      -0.0448       -0.1956       -0.0938
      -0.0147        0.0471        0.1293
       0.0338        0.0904        0.1491
      -0.2830        0.0200        0.1089
       0.1102       -0.0143       -0.2350
       0.0952       -0.1084       -0.2059
      -0.1051        0.0049       -0.1144
       0.0834        0.0089        0.0338

1251.8022152641038
       0.0436       -0.0035        0.0215
       0.1344       -0.0337        0.1907
      -0.0524        0.0028        0.0653
      -0.0177        0.0178       -0.3804
       0.0600       -0.0178        0.0597
      -0.0346        0.0584       -0.4667
      -0.0147       -0.0170        0.0179
       0.0147       -0.0149       -0.1955
       0.0290       -0.0074       -0.0286
      -0.0025        0.0071       -0.0320
       0.0063        0.0019       -0.0079
      -0.0014       -0.0264        0.4168
      -0.0491        0.0221        0.0696
      -0.1224        0.0134       -0.0009
      -0.1854        0.0170        0.4102
      -0.0108       -0.0017        0.0324
      -0.0492       -0.1577       -0.0905
      -0.0101        0.0472        0.1629
       0.0328        0.1054        0.1847
       0.0213       -0.0031       -0.0097
      -0.0001        0.0004        0.0150
       0.0009        0.0076        0.0118
       0.0077        0.0110       -0.0035
      -0.0589       -0.0044       -0.0272

1320.1536066975993
       0.0640       -0.0145        0.0513
      -0.1467        0.0091        0.2219
      -0.1759        0.0388       -0.2154
      -0.1531        0.0217        0.0430
      -0.2169        0.0691       -0.2285
       0.2205       -0.0233       -0.1951
       0.1894       -0.0742       -0.3131
       0.0029       -0.0254       -0.0423
       0.0626       -0.0081       -0.0222
       0.0919       -0.0430        0.1573
      -0.0103        0.0114        0.0460
      -0.0275        0.0106        0.1475
      -0.0667        0.0409        0.1483
       0.3113       -0.0415        0.0404
       0.1390       -0.0138       -0.2118
       0.1579       -0.0534        0.3890
      -0.0076        0.0079       -0.0061
      -0.0095       -0.0012        0.0417
       0.0076        0.0156        0.0404
      -0.0701        0.0040        0.0073
      -0.0461        0.0249        0.0447
      -0.0399        0.0019        0.0512
       0.0044       -0.0036       -0.0058
       0.1553       -0.0074        0.0785

1335.5028580293333
      -0.0712        0.0246       -0.2494
      -0.0157        0.0032        0.0229
       0.1023       -0.0249        0.2042
      -0.3324        0.0372        0.2779
       0.4396       -0.1034        0.1817
      -0.0598        0.0174       -0.1016
       0.2549       -0.0944       -0.4062
      -0.0084       -0.0093       -0.0208
       0.0704       -0.0029       -0.0148
      -0.1833        0.0580       -0.1130
       0.0100        0.0172        0.0759
      -0.0077        0.0050        0.0584
      -0.0577        0.0372        0.1404
       0.0237        0.0022       -0.0764
       0.0372       -0.0068       -0.0640
      -0.0658        0.0204       -0.1591
       0.0100       -0.0029       -0.0056
       0.0036        0.0093        0.0166
       0.0089       -0.0075        0.0178
      -0.1126        0.0044        0.0168
      -0.0631        0.0353        0.0518
      -0.0630       -0.0051        0.0651
      -0.1184        0.0125       -0.1322
      -0.0674        0.0117       -0.0382

1374.4899985672735
       0.3582       -0.0412       -0.0717
      -0.2299        0.0146        0.2501
      -0.0416        0.0201       -0.2057
      -0.2696        0.0442       -0.2777
      -0.1383       -0.0171        0.4446
       0.3388       -0.0596        0.1785
       0.0169       -0.0188       -0.0273
       0.0027        0.0304        0.0261
       0.0130        0.0011        0.0031
       0.0026        0.0172       -0.1398
       0.0610        0.0100        0.0233
      -0.0010        0.0035       -0.1039
      -0.0168        0.0023        0.0008
      -0.1794        0.0248       -0.0468
       0.0208        0.0021       -0.0678
      -0.0364        0.0095       -0.1177
       0.0042       -0.0353       -0.0054
      -0.0100       -0.0178       -0.0362
       0.0031       -0.0297       -0.0349
      -0.0204        0.0007        0.0045
      -0.0107        0.0075        0.0012
      -0.0100       -0.0063        0.0044
       0.1047        0.0131        0.1290
      -0.2209       -0.0049       -0.0973

1471.0021633467659
      -0.0521        0.0042        0.0437
       0.0938       -0.0120        0.0187
      -0.0678        0.0126       -0.0218
      -0.1630        0.0238       -0.1523
       0.1865       -0.0245       -0.1015
       0.0403       -0.0042        0.0808
       0.0078       -0.0090       -0.0014
       0.0316        0.2284        0.1684
      -0.0558        0.0092        0.0325
      -0.0682        0.0068        0.0290
       0.0263        0.0036        0.0075
       0.0104        0.0723        0.0666
      -0.0239        0.0042        0.0147
       0.0383       -0.0071        0.0208
      -0.0319        0.0006        0.1008
       0.0424       -0.0159        0.1258
      -0.0565       -0.4659       -0.0939
      -0.1941       -0.2789       -0.3334
       0.0710       -0.3474       -0.3278
       0.1173       -0.0043       -0.0075
       0.0735       -0.0402       -0.0566
       0.0742        0.0065       -0.0753
      -0.0734        0.0033       -0.0831
       0.0685        0.0161        0.0370

1475.8273658334963
       0.0589       -0.0112        0.0533
       0.0440       -0.0004       -0.0985
      -0.0440        0.0040        0.0270
      -0.0253        0.0018       -0.0058
      -0.0168        0.0127       -0.0948
       0.0583       -0.0089        0.0384
      -0.1420        0.0261        0.0995
       0.0173        0.0391        0.0385
       0.2558       -0.0384       -0.1519
      -0.0012       -0.0050        0.0283
       0.0738        0.0081        0.0298
      -0.0015        0.0133        0.0063
       0.1080       -0.0356       -0.1318
      -0.0852        0.0104        0.0101
      -0.0647        0.0048        0.0863
      -0.0173        0.0028        0.0065
      -0.0531       -0.0959       -0.0183
      -0.0274       -0.0426       -0.0521
      -0.0037       -0.0506       -0.1012
      -0.5558        0.0070        0.0392
      -0.3271        0.1810        0.2762
      -0.3264       -0.0228        0.3411
      -0.0099       -0.0040       -0.0065
       0.0445       -0.0002        0.0196

1499.687260880438
       0.0106       -0.0015       -0.0018
      -0.0050        0.0006       -0.0049
       0.0003       -0.0006        0.0071
       0.0035        0.0023        0.0117
      -0.0113        0.0022       -0.0026
       0.0020        0.0000       -0.0127
       0.0040       -0.0044       -0.0020
       0.0078       -0.0007        0.0075
      -0.0020       -0.1832        0.0526
       0.0040       -0.0011        0.0010
      -0.0028        0.0016       -0.0013
       0.0010       -0.0004        0.0066
      -0.0011       -0.0427        0.0132
      -0.0092        0.0014       -0.0016
      -0.0021        0.0004       -0.0010
      -0.0050        0.0014       -0.0080
      -0.0300       -0.0137       -0.0019
       0.0083        0.0087        0.0039
      -0.0121        0.0083       -0.0330
      -0.0061        0.6855       -0.1884
       0.1218       -0.0665       -0.4600
      -0.1052        0.1825        0.4210
       0.0026        0.0001        0.0023
      -0.0007       -0.0001       -0.0001

1504.0992461396556
       0.3287       -0.0480        0.0494
      -0.0351        0.0185       -0.2598
      -0.0838       -0.0022        0.1804
      -0.1382        0.0078        0.2698
      -0.1979        0.0604       -0.2382
       0.1833       -0.0261       -0.0782
       0.0879       -0.0125       -0.0915
      -0.0857        0.0590       -0.0432
      -0.0302        0.0028        0.0213
       0.0522       -0.0248        0.0676
      -0.0214       -0.0018        0.0033
      -0.0421        0.0214        0.0305
      -0.0091        0.0058        0.0279
      -0.3147        0.0431       -0.0158
      -0.1574        0.0134        0.1287
      -0.1230        0.0291       -0.1286
       0.3366        0.0380       -0.0029
      -0.1340       -0.1523       -0.1224
       0.1479       -0.1618        0.2997
       0.0612        0.0057       -0.0045
       0.0323       -0.0187       -0.0346
       0.0333        0.0023       -0.0351
       0.0240       -0.0104        0.0348
       0.0888       -0.0036        0.0383

1506.9250699762333
      -0.2152        0.0310       -0.0253
       0.0324       -0.0126        0.1537
       0.0560        0.0017       -0.1156
       0.0878       -0.0042       -0.1732
       0.1112       -0.0370        0.1467
      -0.1118        0.0136        0.0557
      -0.0793        0.0113        0.0696
      -0.1575        0.0362       -0.0306
       0.0221       -0.0206       -0.0401
      -0.0305        0.0142       -0.0411
       0.0268        0.0033        0.0048
      -0.0116        0.0047       -0.0348
       0.0110       -0.0121       -0.0345
       0.1992       -0.0275        0.0122
       0.0945       -0.0081       -0.0719
       0.0780       -0.0190        0.0800
       0.5796       -0.0105       -0.0141
      -0.0377       -0.0892       -0.3139
       0.1284       -0.0447        0.4560
      -0.1186        0.0347       -0.0044
       0.0173       -0.0148        0.0671
       0.0040        0.0664        0.0940
      -0.0115        0.0053       -0.0157
      -0.0463        0.0045       -0.0208

1509.4941450888757
      -0.0154       -0.0007        0.0427
       0.0529       -0.0050       -0.0255
      -0.0410        0.0092       -0.0449
      -0.0800        0.0122       -0.0639
       0.0852       -0.0129       -0.0330
       0.0161       -0.0060        0.1114
       0.0082       -0.0013        0.0143
      -0.0337       -0.0331        0.0007
       0.1148        0.0323        0.1194
      -0.0295        0.0070        0.0091
      -0.0020       -0.0042       -0.0184
      -0.0082       -0.0115       -0.0341
       0.0338        0.0158        0.0527
       0.0082       -0.0022        0.0161
      -0.0266        0.0006        0.0585
       0.0248       -0.0087        0.0656
       0.1037       -0.0120       -0.0033
       0.0791        0.0672       -0.0786
      -0.0343        0.1064        0.0714
       0.3086        0.0129       -0.0184
      -0.4113        0.2707       -0.3798
      -0.4034       -0.4364       -0.1696
      -0.0254       -0.0022       -0.0221
       0.0225       -0.0042        0.0071

1515.0588410965734
      -0.0549        0.0177       -0.1567
      -0.1603        0.0120        0.1506
       0.1774       -0.0336        0.1130
       0.3375       -0.0469        0.1516
      -0.2760        0.0339        0.1723
      -0.1067        0.0297       -0.3881
      -0.0158        0.0233        0.0344
       0.0282        0.1133        0.0298
       0.0553        0.0054        0.0169
       0.0999       -0.0195       -0.0458
      -0.0631       -0.0114       -0.0363
       0.0192        0.0390        0.1254
       0.0262        0.0015        0.0101
       0.0639       -0.0047       -0.0490
       0.1307       -0.0075       -0.2266
      -0.0531        0.0226       -0.1984
      -0.0522       -0.0771       -0.0143
      -0.2002       -0.2120       -0.0131
       0.1102       -0.2777       -0.0820
       0.0535       -0.0054       -0.0028
      -0.1520        0.0962       -0.0808
      -0.1419       -0.1324       -0.0280
       0.0897        0.0084        0.0775
      -0.0981        0.0125       -0.0350

1521.3754241834306
       0.0704       -0.0072       -0.0372
      -0.0703        0.0086       -0.0099
       0.0315       -0.0106        0.0696
       0.0885       -0.0157        0.1303
      -0.1452        0.0235       -0.0014
      -0.0048        0.0127       -0.1689
       0.0364        0.0001       -0.0351
      -0.0575       -0.0630        0.1644
      -0.0136        0.0023       -0.0076
       0.0571       -0.0129        0.0093
      -0.0318       -0.0033       -0.0064
      -0.0170       -0.0118        0.0949
      -0.0067        0.0042        0.0154
      -0.0515        0.0087       -0.0192
       0.0089        0.0009       -0.0524
      -0.0441        0.0146       -0.0887
       0.1450       -0.3968       -0.0668
       0.3444        0.2501       -0.4810
      -0.2364        0.3937       -0.1557
      -0.0145       -0.0190        0.0057
       0.0330       -0.0225        0.0375
       0.0398        0.0300       -0.0036
       0.0365        0.0068        0.0261
      -0.0292       -0.0049       -0.0100

1632.037612930533
      -0.2842        0.0489       -0.1812
       0.0474       -0.0136        0.1847
       0.2672       -0.0700        0.4299
      -0.1820        0.0320       -0.2912
      -0.1775        0.0794       -0.2661
       0.2772       -0.0464        0.1451
      -0.0440       -0.0133       -0.0119
      -0.0039       -0.0179       -0.0109
      -0.0016        0.0011        0.0017
      -0.0665        0.0328       -0.0350
       0.0577        0.0096        0.0274
      -0.0141       -0.0016        0.0004
      -0.0082        0.0024        0.0045
       0.0944       -0.0094       -0.0466
       0.0696       -0.0081       -0.0235
      -0.0763        0.0293       -0.1984
       0.0017        0.0122        0.0001
       0.0217        0.0256        0.0105
      -0.0163        0.0353        0.0108
       0.0046        0.0009       -0.0004
       0.0058       -0.0029       -0.0047
       0.0038        0.0009       -0.0037
       0.0698       -0.1208        0.2568
       0.2782       -0.1276        0.0003

1645.8986914638895
       0.3977       -0.0435       -0.1327
      -0.3553        0.0233        0.3589
      -0.1363        0.0051        0.2056
       0.2112       -0.0166       -0.1981
       0.2815       -0.0236       -0.3643
      -0.3011        0.0391        0.1401
      -0.0577        0.0029        0.0209
      -0.0036       -0.0093       -0.0113
       0.0041       -0.0013       -0.0045
      -0.0292       -0.0048        0.0745
       0.0148        0.0022        0.0008
       0.0152       -0.0029       -0.0144
       0.0009        0.0005        0.0021
      -0.1315        0.0209       -0.0650
       0.0692        0.0001       -0.1650
      -0.0839        0.0148       -0.0171
       0.0090        0.0141        0.0008
       0.0065        0.0062        0.0067
       0.0004        0.0104        0.0211
       0.0022       -0.0003       -0.0019
      -0.0044        0.0027       -0.0006
      -0.0047       -0.0026        0.0016
      -0.0753        0.0139       -0.1089
       0.0585        0.0207        0.0467

1674.0786054193777
      -0.1334        0.0218       -0.0493
       0.0412       -0.0069        0.0363
       0.1214       -0.0258        0.1707
      -0.0887        0.0165       -0.1089
      -0.1831       -0.0056       -0.1688
       0.1620       -0.0240        0.0955
      -0.0351       -0.0087       -0.0144
      -0.0021       -0.0141       -0.0144
      -0.0007        0.0004        0.0003
       0.2376       -0.1333        0.1732
       0.0371        0.0063        0.0199
      -0.0173        0.0027       -0.0131
      -0.0025        0.0012        0.0017
       0.0400       -0.0059       -0.0104
       0.0158       -0.0020        0.0080
      -0.0179        0.0061       -0.0683
       0.0024        0.0162        0.0001
       0.0087        0.0100        0.0169
      -0.0024        0.0084        0.0133
       0.0042        0.0003       -0.0007
       0.0018       -0.0008       -0.0032
       0.0007       -0.0006       -0.0022
      -0.0970        0.2758       -0.5112
      -0.5016        0.3082        0.0612

1764.8634897385944
       0.0068       -0.0030        0.0222
      -0.0053        0.0013       -0.0465
      -0.0078        0.0030       -0.0262
       0.1006       -0.0059        0.0625
      -0.0114       -0.0012        0.0339
       0.0002        0.0023       -0.0392
      -0.6639       -0.1081       -0.4223
       0.0013        0.0023        0.0044
      -0.0331       -0.0004        0.0057
      -0.0028        0.0036       -0.0076
       0.4733        0.0845        0.3146
      -0.0025       -0.0005        0.0009
       0.0394        0.0158        0.0590
      -0.0138        0.0013        0.0053
      -0.0226        0.0048        0.0104
       0.0047       -0.0007        0.0070
      -0.0035       -0.0019        0.0014
       0.0024        0.0032        0.0006
      -0.0005        0.0012       -0.0059
       0.0776       -0.0019       -0.0113
       0.0152       -0.0173       -0.0400
       0.0175       -0.0050       -0.0447
       0.0063       -0.0069        0.0168
       0.0086       -0.0094       -0.0042

3043.059110563167
      -0.0005        0.0001       -0.0002
      -0.0001       -0.0000       -0.0004
       0.0015       -0.0003        0.0002
      -0.0004        0.0002       -0.0009
      -0.0005        0.0001       -0.0021
       0.0001       -0.0007        0.0063
       0.0011       -0.0002       -0.0001
      -0.0715       -0.1326       -0.0399
      -0.0010        0.0005        0.0005
       0.0003        0.0006        0.0011
      -0.0005        0.0000       -0.0001
      -0.0006       -0.0067       -0.0078
       0.0004        0.0007        0.0007
       0.0001        0.0001       -0.0004
       0.0007       -0.0000        0.0001
      -0.0031        0.0002        0.0010
      -0.0012       -0.1144        0.4352
      -0.3842        0.3296       -0.0926
       0.6333        0.2675       -0.1885
      -0.0010       -0.0017       -0.0062
       0.0021        0.0041        0.0004
       0.0029       -0.0045        0.0034
       0.0004        0.0002       -0.0003
      -0.0019       -0.0006       -0.0015

3069.377112998713
       0.0000        0.0000       -0.0002
      -0.0000       -0.0000        0.0001
       0.0004       -0.0001       -0.0002
       0.0004       -0.0002       -0.0009
      -0.0003        0.0001       -0.0001
      -0.0003        0.0000        0.0001
       0.0007        0.0026        0.0097
       0.0001       -0.0019        0.0001
       0.1470       -0.0109       -0.0299
       0.0001        0.0001        0.0001
      -0.0028       -0.0005       -0.0021
       0.0003       -0.0001        0.0000
       0.0073       -0.0016       -0.0070
       0.0001        0.0000        0.0004
       0.0007       -0.0002        0.0006
      -0.0013        0.0001        0.0006
       0.0002       -0.0007        0.0026
      -0.0064        0.0048       -0.0017
       0.0055        0.0020       -0.0014
       0.0622        0.1269        0.4600
      -0.2809       -0.5274       -0.0389
      -0.3111        0.4387       -0.3124
       0.0003       -0.0002       -0.0002
      -0.0003       -0.0001        0.0002

3134.5600694033706
      -0.0001        0.0000       -0.0002
       0.0000       -0.0000       -0.0001
      -0.0001        0.0001       -0.0000
       0.0002       -0.0001       -0.0003
       0.0010       -0.0001        0.0008
      -0.0019        0.0007        0.0016
       0.0005       -0.0004       -0.0013
       0.2951       -0.0315       -0.0921
       0.0001        0.0005        0.0014
      -0.0001       -0.0005       -0.0008
       0.0000        0.0001        0.0004
      -0.0000       -0.0013       -0.0009
       0.0007        0.0009        0.0012
      -0.0001       -0.0000        0.0004
      -0.0004        0.0001       -0.0005
      -0.0001        0.0000        0.0002
       0.0153       -0.0759        0.2748
      -0.4748        0.4254       -0.1311
      -0.5579       -0.2398        0.1718
      -0.0010       -0.0013       -0.0049
      -0.0002       -0.0004        0.0001
       0.0001       -0.0000        0.0002
      -0.0005        0.0001       -0.0003
      -0.0007        0.0014        0.0013

3163.2371589830873
       0.0000       -0.0000        0.0002
       0.0000       -0.0000        0.0001
      -0.0001        0.0000        0.0000
       0.0000        0.0007       -0.0005
       0.0002       -0.0001       -0.0000
      -0.0003       -0.0001       -0.0008
      -0.0003       -0.0007        0.0002
       0.0305       -0.0739        0.1177
      -0.0079        0.2664       -0.0863
      -0.0002       -0.0001        0.0003
       0.0002       -0.0005        0.0002
      -0.0000       -0.0003       -0.0002
       0.0004       -0.0011        0.0006
       0.0001        0.0000       -0.0005
      -0.0001        0.0001       -0.0001
       0.0004       -0.0001       -0.0002
       0.0007        0.0941       -0.3526
      -0.1672        0.1409       -0.0375
       0.0607        0.0205       -0.0125
       0.0053        0.0221        0.0365
      -0.2834       -0.5175       -0.0501
       0.3057       -0.4161        0.3092
      -0.0001        0.0002        0.0000
       0.0001        0.0007       -0.0008

3163.5638301011227
      -0.0002        0.0000        0.0000
       0.0001       -0.0000       -0.0002
       0.0008       -0.0001       -0.0002
      -0.0000        0.0002        0.0005
      -0.0004        0.0001        0.0000
       0.0004        0.0003        0.0013
       0.0002       -0.0002        0.0002
      -0.0597        0.1454       -0.2302
      -0.0024        0.1367       -0.0421
       0.0003        0.0003       -0.0006
      -0.0001       -0.0003       -0.0000
      -0.0001        0.0004        0.0005
      -0.0007       -0.0013       -0.0000
       0.0000        0.0000       -0.0003
       0.0004       -0.0000        0.0004
      -0.0027        0.0004        0.0014
      -0.0012       -0.1839        0.6892
       0.3284       -0.2769        0.0736
      -0.1198       -0.0407        0.0248
       0.0019        0.0100        0.0137
      -0.1470       -0.2686       -0.0257
       0.1539       -0.2093        0.1558
       0.0003       -0.0005       -0.0002
      -0.0003       -0.0015        0.0021

3178.506603923273
       0.0161        0.0035       -0.0907
       0.0090       -0.0015        0.0072
      -0.2400        0.0266        0.1212
       0.0010       -0.0002        0.0006
      -0.0025        0.0015       -0.0110
       0.0014       -0.0001       -0.0009
       0.0000        0.0000        0.0001
      -0.0005       -0.0002       -0.0010
       0.0003        0.0004       -0.0000
       0.0002       -0.0004        0.0011
      -0.0001       -0.0000       -0.0001
      -0.0000        0.0000        0.0008
      -0.0000        0.0000        0.0000
      -0.0295       -0.0161        0.3206
      -0.0369        0.0056       -0.0247
       0.8044       -0.0899       -0.3963
       0.0000       -0.0009        0.0038
      -0.0001        0.0003       -0.0001
       0.0017        0.0009       -0.0005
      -0.0000        0.0001        0.0003
      -0.0008       -0.0015       -0.0001
      -0.0001        0.0001       -0.0001
       0.0018       -0.0015        0.0034
       0.0022        0.0003       -0.0007

3189.0499482052264
      -0.0002       -0.0001        0.0024
      -0.0005        0.0000       -0.0004
      -0.0008        0.0001        0.0003
      -0.0003       -0.0000       -0.0003
       0.0001       -0.0000       -0.0000
      -0.0000       -0.0000        0.0003
       0.0043        0.0001        0.0005
      -0.0008       -0.0005        0.0024
       0.1185        0.0922        0.2764
      -0.0001        0.0000       -0.0001
      -0.0021       -0.0002       -0.0005
      -0.0000       -0.0001       -0.0003
      -0.0001       -0.0005       -0.0018
       0.0006        0.0004       -0.0077
       0.0019       -0.0003        0.0011
       0.0021       -0.0002       -0.0010
      -0.0003        0.0021       -0.0078
       0.0001       -0.0006        0.0005
       0.0025        0.0008       -0.0007
      -0.1114       -0.2195       -0.7945
      -0.1603       -0.3118       -0.0126
      -0.1419        0.2155       -0.1391
       0.0002       -0.0001       -0.0001
      -0.0000        0.0001        0.0001

3204.0682589502762
       0.0161        0.0143       -0.2633
       0.0510       -0.0083        0.0454
       0.0943       -0.0110       -0.0370
       0.0009       -0.0002       -0.0002
       0.0010       -0.0007        0.0063
      -0.0016        0.0002        0.0004
       0.0003        0.0001        0.0006
      -0.0001       -0.0000        0.0003
       0.0008        0.0009        0.0025
      -0.0003       -0.0003       -0.0009
       0.0001       -0.0000       -0.0006
       0.0001       -0.0000       -0.0002
       0.0001       -0.0000       -0.0002
      -0.0698       -0.0446        0.8638
      -0.2002        0.0305       -0.1370
      -0.2869        0.0324        0.1373
      -0.0000        0.0003       -0.0011
       0.0002       -0.0002        0.0001
       0.0000        0.0001        0.0000
      -0.0010       -0.0020       -0.0073
      -0.0013       -0.0025       -0.0001
      -0.0009        0.0015       -0.0009
      -0.0013        0.0013       -0.0004
      -0.0007        0.0008       -0.0012

3233.1324291418837
      -0.0166       -0.0027        0.0774
       0.2340       -0.0357        0.1526
      -0.0150        0.0021        0.0022
       0.0017       -0.0001       -0.0087
       0.0002        0.0001       -0.0007
      -0.0018        0.0005       -0.0016
       0.0032        0.0001        0.0021
      -0.0002       -0.0000       -0.0002
       0.0003        0.0000       -0.0000
      -0.0004       -0.0004       -0.0001
      -0.0006       -0.0002       -0.0021
       0.0002       -0.0000        0.0003
      -0.0007        0.0001        0.0003
       0.0231        0.0118       -0.2405
      -0.7637        0.1158       -0.5073
       0.0369       -0.0043       -0.0166
       0.0001       -0.0001        0.0008
       0.0002       -0.0001       -0.0000
       0.0006        0.0003       -0.0001
      -0.0001        0.0001        0.0005
      -0.0003       -0.0005        0.0000
      -0.0004        0.0004       -0.0002
      -0.0003        0.0006        0.0003
       0.0002        0.0007       -0.0005

3531.176817565351
       0.0010        0.0003        0.0009
      -0.0011        0.0002       -0.0002
      -0.0015        0.0004       -0.0026
       0.0004       -0.0001        0.0001
      -0.0027       -0.0044       -0.0019
      -0.0022        0.0007        0.0003
       0.0002       -0.0000       -0.0003
       0.0002        0.0007       -0.0005
       0.0001        0.0001        0.0000
       0.0888       -0.1549        0.1004
      -0.0001       -0.0000        0.0001
      -0.0006       -0.0002        0.0002
      -0.0000        0.0000        0.0003
       0.0002       -0.0000       -0.0014
       0.0010       -0.0003        0.0007
      -0.0002       -0.0013        0.0008
      -0.0004       -0.0005        0.0019
       0.0005       -0.0011        0.0001
      -0.0006       -0.0007       -0.0003
      -0.0001        0.0000        0.0001
      -0.0003       -0.0004       -0.0001
      -0.0001        0.0001       -0.0001
      -0.4801        0.2851        0.2965
       0.1711        0.3047       -0.6604

3640.630945649622
      -0.0001       -0.0002       -0.0001
       0.0001       -0.0000        0.0000
       0.0006       -0.0005       -0.0013
      -0.0001       -0.0003        0.0002
       0.0008       -0.0000        0.0037
       0.0011        0.0004        0.0003
       0.0001       -0.0000       -0.0001
       0.0004        0.0005       -0.0003
      -0.0000        0.0000       -0.0000
      -0.1845        0.0210        0.2318
       0.0000        0.0000        0.0000
      -0.0004       -0.0001       -0.0001
      -0.0000       -0.0000        0.0000
       0.0001        0.0002       -0.0000
       0.0000        0.0003        0.0000
      -0.0013        0.0011       -0.0004
      -0.0003       -0.0003        0.0010
       0.0003       -0.0007       -0.0000
      -0.0011       -0.0007        0.0000
      -0.0000        0.0000        0.0000
       0.0000        0.0001        0.0000
       0.0001       -0.0001        0.0001
       0.5478       -0.3469       -0.3380
       0.1342        0.2700       -0.5350

