JOB 0
COORDS  4.2432167179e+00 -2.0177187534e+00 -2.4290011874e+00  4.9639994172e+00 -9.6967103636e-01 -1.9521078910e+00  2.8481893777e+00 -6.6213615032e-01 -1.5320499190e+00  4.1891061048e-01 -8.0292558033e-01 -1.0065176044e+00  1.4331554003e+00  1.3748182611e+00 -1.8510106096e+00  1.6616408048e+00  9.5616896878e-02 -1.0149094203e+00  2.8925079726e+00 -1.8055661218e+00 -2.1523933632e+00  4.0828236243e+00 -8.6095679706e-02 -1.3700995792e+00  4.5886632677e+00 -2.9034964018e+00 -2.9447418648e+00  6.0095982989e+00 -7.0179851681e-01 -1.9282053628e+00  1.9700046307e-01 -1.1601393491e+00 -2.0154853248e+00 -4.4521722684e-01 -2.4049010751e-01 -6.3786793964e-01  5.6306153684e-01 -1.6783062131e+00 -3.6749346594e-01  7.7355281189e-01  2.0693484524e+00 -1.3222035308e+00  9.6208057439e-01  1.1173863561e+00 -2.8061801482e+00  2.3752825410e+00  1.8809694257e+00 -2.0787810113e+00  1.9013810685e+00  3.9695168589e-01  1.2610785336e-02
ENERGY -3.640893782637e+02
GRADIENT  2.9717419537e-06 -9.0644777912e-05 -7.9710307739e-06 -1.0801872268e-04  1.1633148931e-05 -7.0159710296e-06  1.8264057632e-04  3.3545414087e-05 -6.2419253017e-05  5.9283207920e-04 -9.3413375025e-04 -1.5885296346e-03 -3.7259895855e-05  1.6872913436e-03  2.4881306389e-03 -9.5057974564e-04  8.8506778900e-04  1.7426251572e-03  5.1341587526e-05 -1.7311779769e-06 -2.4504547330e-05  3.9735084708e-05  4.7742809922e-05  2.4792064515e-05 -2.0551219710e-06 -1.2757157003e-05  5.8333924633e-07 -7.0580401259e-06  5.0637346537e-07 -3.0996839397e-06  5.4885492490e-05  1.0884599641e-05  1.6813010847e-05 -2.8566083247e-05 -1.1405103070e-05 -1.4339698826e-05 -1.9969997118e-05  2.0056984940e-05  1.9761989159e-05  4.8907566775e-05 -6.7125057735e-05 -4.7362206039e-05 -2.3933636686e-05  4.6545972956e-06 -8.5978624534e-05  2.2319310765e-04 -1.5188864381e-03 -2.4102160001e-03 -4.0503120034e-06 -9.7205854778e-05 -2.5695780168e-05

JOB 1
COORDS  3.9538267979e+00 -2.0986757593e+00 -2.9556028682e+00  4.4502679297e+00 -2.2263384246e+00 -1.6977718514e+00  2.9332661006e+00 -6.6225647987e-01 -1.7372242035e+00  1.0712355705e+00 -2.7557752188e-01 -1.3818285757e-01  1.3092831769e+00  1.1874906773e+00 -2.2162173483e+00  2.0513968900e+00  3.8840565197e-01 -1.1285430636e+00  2.9849393192e+00 -1.0948421300e+00 -2.9636752834e+00  3.8048270280e+00 -1.3092983431e+00 -8.9845534821e-01  4.2174221808e+00 -2.6455424320e+00 -3.8507807269e+00  5.1964356995e+00 -2.8460308277e+00 -1.2236409331e+00  4.2772501651e-01 -9.8854843098e-01 -6.6359937764e-01  4.3216586990e-01  4.8336736422e-01  3.2568483691e-01  1.6026718388e+00 -8.0843285766e-01  6.5545871447e-01  1.1081765543e+00  2.2081053347e+00 -1.8793212616e+00  3.4904849360e-01  7.1325699277e-01 -2.4444945269e+00  1.8691807115e+00  1.2075959001e+00 -3.1531144263e+00  2.7077148450e+00  1.0614373609e+00 -5.6311111543e-01
ENERGY -3.640876237562e+02
GRADIENT  4.3471190114e-05 -1.0420217631e-06 -6.0807621232e-05 -6.5403874224e-05  1.3523315601e-05 -8.2318970953e-06 -6.6081975422e-07  1.9672025697e-06  3.6620785850e-05 -8.1404029805e-05 -2.2282414766e-03 -1.5901535496e-03  2.2180612999e-03  3.2602739118e-03  8.2275084733e-04 -3.2855216337e-04  2.1887488885e-03  1.8977056398e-03 -1.4678452527e-06 -5.1009174521e-05  1.8693332622e-05  2.5458907482e-05  2.1481621367e-05  1.9394240864e-05  4.1870361730e-06  4.3305213387e-06 -8.4020618385e-06 -6.2217288561e-06 -2.2616383355e-06 -6.2564911659e-06 -1.5626881234e-05  2.3516409285e-05 -8.5741440172e-06  2.6853977585e-05  3.4843938404e-06  2.3105691565e-05  5.0778679293e-07 -3.1376640655e-05 -1.2694433154e-05 -1.3541116451e-05 -2.3280957295e-06  5.9132840292e-06  9.0673490770e-06 -4.6439382019e-06 -1.0443713893e-05 -1.8016443700e-03 -3.2207411209e-03 -1.1351715673e-03 -1.9166072666e-05  2.2017699876e-05 -5.1973660626e-06

JOB 2
COORDS  3.9901329598e+00 -2.0927757373e+00 -2.9258395671e+00  4.4693870523e+00 -2.2142421369e+00 -1.6608285869e+00  2.9379257528e+00 -6.6445402495e-01 -1.7246667010e+00  1.0516641444e+00 -2.9377899872e-01 -1.4687924126e-01  1.3080433258e+00  1.1909379268e+00 -2.2173364518e+00  2.0393449103e+00  3.7805009200e-01 -1.1252198902e+00  3.0124767219e+00 -1.0978172954e+00 -2.9496835472e+00  3.8035790910e+00 -1.3021334400e+00 -8.7264309430e-01  4.2718409020e+00 -2.6381444211e+00 -3.8163874287e+00  5.2141203556e+00 -2.8263931221e+00 -1.1747702147e+00  4.1248185077e-01 -1.0041136274e+00 -6.8133464425e-01  4.0911237973e-01  4.6277203351e-01  3.1565388470e-01  1.5772372056e+00 -8.3095008515e-01  6.4783590391e-01  1.3479846268e+00  2.2623115490e+00 -2.0035036568e+00  2.5337532404e-01  9.0202191123e-01 -2.2669590460e+00  1.7308243262e+00  1.0039580388e+00 -3.2057554302e+00  2.6861176394e+00  1.0448413648e+00 -5.4242154888e-01
ENERGY -3.640859010920e+02
GRADIENT -4.6396631650e-05  1.5959724730e-05  3.9091283570e-05  7.5084925166e-06 -1.5684509240e-05  2.0627743282e-05 -4.1474052760e-05 -5.4330722640e-05 -4.2669703919e-05 -6.9811999113e-05 -1.4970266330e-03 -1.0759556727e-03  2.0982355761e-03  1.9292307894e-03  3.9052643487e-05 -3.6885320839e-04  1.5487970324e-03  1.3919389133e-03  2.3008674795e-05  7.1992211538e-05 -4.2959289742e-05  6.1931785083e-05  9.1177038679e-06 -1.4462196549e-05 -4.5232068835e-06  5.6675696349e-06 -2.6363218434e-06 -1.5625849861e-06 -4.5626672577e-06 -4.4239661037e-06  2.2312293965e-05 -2.0154708240e-05  3.6560085050e-06 -2.2399576725e-05 -5.7570380736e-06 -1.8475616495e-05  1.1850671712e-06  2.5338592592e-05  1.3569122942e-05  3.8788347373e-06 -3.3862826856e-06  1.4524503332e-06 -4.6869009300e-06  6.2626045546e-06  1.9596956425e-06 -1.6851460632e-03 -1.9785764579e-03 -3.5030480079e-04  2.1528341739e-05 -2.9547198091e-05  5.8420344114e-06

JOB 3
COORDS  4.0046672771e+00 -2.0624924669e+00 -2.9689909034e+00  4.4990507623e+00 -2.1791262793e+00 -1.7093501754e+00  2.9330170276e+00 -6.6324876083e-01 -1.7504441879e+00  1.0297611167e+00 -3.3555270206e-01 -1.7120575667e-01  1.2930486933e+00  1.1982910952e+00 -2.2108141389e+00  2.0189404537e+00  3.5528038358e-01 -1.1350050662e+00  3.0051421329e+00 -1.0894064768e+00 -2.9782092355e+00  3.8214236962e+00 -1.2853224657e+00 -9.1039989971e-01  4.2894844357e+00 -2.5972590948e+00 -3.8649629245e+00  5.2617587372e+00 -2.7770440913e+00 -1.2335434964e+00  3.6024332299e-01 -1.0029996145e+00 -7.2398229400e-01  4.1893588926e-01  4.1686484394e-01  3.3801769849e-01  1.5545700517e+00 -9.2351265176e-01  5.8735290430e-01  1.5814181907e+00  2.2512327998e+00 -2.1461470267e+00  2.0832983043e-01  1.1438889426e+00 -2.0807854067e+00  1.5287356199e+00  8.4476027662e-01 -3.2159199202e+00  2.6558105560e+00  1.0096476546e+00 -5.2786653549e-01
ENERGY -3.640852948115e+02
GRADIENT -1.2077392506e-06 -1.9089217203e-05  7.1885776672e-07  9.9101964749e-06 -1.2528205872e-05 -3.9501222753e-06 -4.8486318284e-05  1.2253939603e-05  2.2961606321e-05  1.6372848850e-05  2.2527521151e-04  1.5930363048e-04 -3.6307406662e-04 -2.3579018687e-04  4.6990723594e-05  7.6538708748e-05 -2.7845308998e-04 -1.9730427292e-04  4.9116842730e-05  2.1739875857e-05  5.2814084017e-06  9.9047025383e-06  1.2598961547e-05 -3.5194095250e-05  1.1520957989e-06  2.2296305833e-07 -3.3432191868e-06  1.2910359115e-06 -2.9942567860e-06 -8.5024043396e-06 -3.0518439857e-05  3.8603331894e-05 -1.1622064859e-05  2.7000475990e-05  1.0670848870e-08  4.2504766687e-05  1.4630784094e-06 -3.5768609544e-05 -3.8457291796e-05 -8.7264723417e-06  1.4873100739e-06  9.0695800390e-06  1.3964267605e-06 -3.8378628516e-06 -7.4902187205e-06  2.8796777140e-04  2.3550625338e-04 -1.0879758872e-05 -2.3530010282e-05  4.4445961996e-05 -1.5590721830e-05

JOB 4
COORDS  4.0221049504e+00 -2.0486380575e+00 -2.9558971170e+00  4.5230775201e+00 -2.1525944399e+00 -1.6976455369e+00  2.9306978512e+00 -6.6499678593e-01 -1.7376860480e+00  9.9508775163e-01 -3.5752511008e-01 -1.8088631962e-01  1.2956745648e+00  1.1934673611e+00 -2.2007430486e+00  1.9999760888e+00  3.3796374360e-01 -1.1247654595e+00  3.0057710968e+00 -1.0932598855e+00 -2.9645995968e+00  3.8329318830e+00 -1.2684199067e+00 -8.9883179415e-01  4.3131625611e+00 -2.5809886748e+00 -3.8513036067e+00  5.2976467699e+00 -2.7358471009e+00 -1.2228010921e+00  3.2566557487e-01 -1.0148727642e+00 -7.4618332765e-01  3.8567881347e-01  3.9416594999e-01  3.3052093789e-01  1.5083186325e+00 -9.5766734933e-01  5.7617717291e-01  1.7963015608e+00  2.1594056570e+00 -2.3187727240e+00  2.5488570632e-01  1.3872570268e+00 -1.9276915373e+00  1.3252117697e+00  7.0065167383e-01 -3.1744431698e+00  2.6211566011e+00  9.8852092436e-01 -4.9697797658e-01
ENERGY -3.640862381831e+02
GRADIENT -6.2513750093e-05 -2.1791593190e-05  2.2954288585e-05  1.8314692356e-05  5.0799127356e-05 -1.4123088161e-05  2.3556875706e-05 -8.6086399243e-05 -3.8101594503e-06  6.5967442182e-05  1.7227661622e-03  1.3501674883e-03 -3.3310997253e-03 -1.0588088672e-03  1.3289613125e-03  5.7029246976e-04 -2.0239642703e-03 -2.0650380733e-03  1.7741526740e-05  8.6615279461e-05 -6.3641731516e-05 -4.7328952369e-09 -3.1391871438e-05  5.3155875285e-05 -9.8366042531e-06  1.1122605948e-06 -5.5667672234e-06  4.7608309277e-06  8.8789532914e-06 -1.7228399095e-06  2.9108693040e-05 -3.8330498296e-05  7.6750875716e-06 -1.7521227688e-05 -1.2364816102e-06 -4.1325942027e-05  9.6744714951e-06  3.1870180091e-05  2.5117563935e-05  8.9438908474e-06 -3.8842120892e-06 -6.4306283627e-06 -2.7334416428e-06  6.7285418002e-07  1.9490776419e-06  2.6748511718e-03  1.3934991310e-03 -6.2160484026e-04  2.6274464591e-05 -2.8318035562e-05 -5.1676422095e-06

JOB 5
COORDS  4.0412906965e+00 -2.0209687256e+00 -2.9668109376e+00  4.5430297738e+00 -2.1297755180e+00 -1.7091861464e+00  2.9340924528e+00 -6.6023549470e-01 -1.7373636575e+00  9.7438742162e-01 -3.7905605748e-01 -1.9944086335e-01  1.3006018642e+00  1.1868268142e+00 -2.1952906998e+00  1.9912014505e+00  3.2775073863e-01 -1.1210962361e+00  3.0136790491e+00 -1.0776620018e+00 -2.9677301392e+00  3.8433535160e+00 -1.2597201839e+00 -9.0329991073e-01  4.3387381248e+00 -2.5424743737e+00 -3.8664969398e+00  5.3238468470e+00 -2.7084858930e+00 -1.2390528798e+00  3.0517266108e-01 -1.0212965390e+00 -7.8220355406e-01  3.6568388698e-01  3.6609546498e-01  3.2223667196e-01  1.4777571631e+00 -9.9731654990e-01  5.4960648135e-01  1.9423372674e+00  2.0216710282e+00 -2.4945498926e+00  3.6072100049e-01  1.5985079778e+00 -1.8174564115e+00  1.1106743121e+00  6.0272762344e-01 -3.0986324208e+00  2.5987169721e+00  9.7921491289e-01 -4.8011058141e-01
ENERGY -3.640880517882e+02
GRADIENT  4.1061830983e-05  1.5190416974e-05 -2.3679822542e-05 -4.0118370563e-05 -4.2731406652e-05 -5.1014901806e-06 -4.0342763328e-05 -1.2808540571e-05  8.0725233016e-06  4.7024549391e-05  2.0905165402e-03  1.6563665562e-03 -4.1766553902e-03 -4.5514446127e-04  2.3146562791e-03  7.8990882781e-04 -2.6285447409e-03 -2.6110532582e-03  1.7369423269e-05 -1.4389879020e-06  8.1810317557e-06  2.4924415641e-05  4.7456342980e-05 -2.0990091976e-05  5.8383068483e-06  6.3488672166e-06 -7.3007181906e-06 -2.9987899465e-06 -3.5285045725e-06 -5.2432400098e-06  7.6586293197e-06 -8.2708012472e-06  3.6896796991e-08 -5.4537425855e-06 -2.1266109469e-06 -7.5556399072e-06  3.2799572337e-06  6.8256921281e-06  2.6834137842e-06  4.1049108069e-06 -2.4197016289e-06 -2.6393119711e-06  2.8705187997e-06  2.4504904674e-06  2.0689174099e-06  3.3340082701e-03  9.9809988613e-04 -1.3457519455e-03  7.0325470908e-06  2.0143670525e-06 -4.5186005961e-06

JOB 6
COORDS  4.0642973703e+00 -1.9868686603e+00 -2.9793597245e+00  4.5510705230e+00 -2.1209118720e+00 -1.7182222459e+00  2.9421016737e+00 -6.5194870988e-01 -1.7359735518e+00  9.6843331781e-01 -3.9945070310e-01 -2.1525132271e-01  1.3031187041e+00  1.1791652784e+00 -2.1901289433e+00  1.9904793302e+00  3.2502537654e-01 -1.1162424977e+00  3.0363572945e+00 -1.0438390612e+00 -2.9736202814e+00  3.8410482040e+00 -1.2681858411e+00 -9.0291253200e-01  4.3728991619e+00 -2.4900681920e+00 -3.8857016727e+00  5.3265207731e+00 -2.7088884908e+00 -1.2507307155e+00  3.1644142708e-01 -1.0448827305e+00 -8.1361583945e-01  3.4203681368e-01  3.3344419631e-01  3.0317935186e-01  1.4674979557e+00 -1.0176144408e+00  5.3662445718e-01  2.0153877922e+00  1.8645660817e+00 -2.6594859178e+00  4.9614345386e-01  1.7694415946e+00 -1.7460143256e+00  8.9657686512e-01  5.4942797407e-01 -2.9856439554e+00  2.5872902521e+00  9.8078399678e-01 -4.6903734102e-01
ENERGY -3.640896314370e+02
GRADIENT -2.6371208838e-06 -2.8808391669e-05 -3.5206211188e-05 -4.4190491196e-05  4.3307748019e-05 -1.9853574102e-05  3.5850730549e-05 -2.0472022833e-05  3.1773878673e-05 -1.2918933468e-05  1.2600441365e-03  1.0077193599e-03 -2.4830180830e-03  2.4235361852e-04  1.8045427698e-03  5.3200452418e-04 -1.7228934252e-03 -1.6969708737e-03  1.2671965544e-05  2.4296782424e-05 -2.0868780143e-05  1.8414540495e-05  1.5723283616e-05  5.5210481348e-05 -2.6323554869e-06  2.0765450430e-06 -8.3011198667e-06 -6.3421904455e-07  5.5388140206e-06 -4.4031981454e-06 -1.6966682413e-05  1.7839764981e-05 -3.7738828976e-07  1.6903542206e-05  9.1582575039e-07  1.7709088273e-05  4.9292154863e-06 -1.8042707749e-05 -2.1449170008e-05  1.1933447875e-05  2.4488917286e-06 -1.1026979664e-05  1.7787573061e-05  3.6255796114e-07  1.1134531585e-07  1.9606803202e-03  1.6503966605e-04 -1.1369215046e-03 -1.7266310726e-05  1.6494397927e-05  2.0037335803e-06

JOB 7
COORDS  4.0877046683e+00 -1.9543110771e+00 -2.9888060049e+00  4.5508565768e+00 -2.1196173940e+00 -1.7224992290e+00  2.9511299149e+00 -6.4037311647e-01 -1.7364622785e+00  9.7009940514e-01 -4.1854899208e-01 -2.3258817196e-01  1.3018587760e+00  1.1779001274e+00 -2.1878510004e+00  1.9923681429e+00  3.2871190398e-01 -1.1139939876e+00  3.0656661913e+00 -1.0047766703e+00 -2.9806799947e+00  3.8309811620e+00 -1.2808267208e+00 -9.0124573558e-01  4.4097072058e+00 -2.4393362471e+00 -3.9003903774e+00  5.3144836580e+00 -2.7224800846e+00 -1.2545107115e+00  3.4841954028e-01 -1.0803142052e+00 -8.4480517729e-01  3.1324329297e-01  2.9789151365e-01  2.7153393225e-01  1.4681519021e+00 -1.0231197390e+00  5.3077791918e-01  2.0303108799e+00  1.7042189418e+00 -2.8102425078e+00  6.4916563046e-01  1.9169526679e+00 -1.7121926497e+00  6.9272506805e-01  5.5114646579e-01 -2.8451722591e+00  2.5811706111e+00  9.8687043188e-01 -4.6198543306e-01
ENERGY -3.640901471648e+02
GRADIENT -4.9138057910e-05 -4.9737165643e-05  3.9113931799e-05  3.6934091777e-05 -4.2701366792e-05 -3.8773357863e-06 -7.0910313836e-05 -2.0935974956e-05  3.0488858386e-05 -5.6749880802e-07 -1.7502606813e-04 -1.4142938852e-04  3.1450835512e-04 -1.2861697734e-04 -2.9491306670e-04 -6.7955978372e-05  2.0034306752e-04  2.2588774404e-04  7.9748114939e-05  7.9375164035e-05 -5.9834807737e-06  5.1748970401e-05  7.7440763126e-05 -6.5895663840e-05 -2.0716767437e-06 -1.4696016614e-06 -2.0139618637e-06  4.9978271998e-06 -2.8243256114e-06 -7.0457531995e-06 -3.1385068174e-05  3.8736956465e-05 -9.4488053336e-06  3.2469552000e-05 -3.1443904584e-06  4.5192849635e-05  1.5854974370e-06 -4.4784959140e-05 -3.4590379117e-05  3.6779873092e-06 -6.8720376033e-06 -8.8347198978e-06  1.3957012187e-05  6.1683924042e-06  5.5608164902e-06 -2.4601429728e-04  3.9182400306e-05  1.9138014588e-04 -4.8251457707e-05  3.4466888063e-05  6.2394999924e-06

JOB 8
COORDS  4.1188136823e+00 -1.9098864563e+00 -3.0248411700e+00  4.5440466456e+00 -2.1322823565e+00 -1.7540467773e+00  2.9646606639e+00 -6.3106976676e-01 -1.7524096307e+00  9.9212120124e-01 -4.4400548559e-01 -2.4506476330e-01  1.2976005098e+00  1.1811886132e+00 -2.1809902841e+00  2.0035767626e+00  3.2893959826e-01 -1.1167304888e+00  3.1087889044e+00 -9.4764404902e-01 -3.0065646665e+00  3.8116609785e+00 -1.3175944626e+00 -9.1967739912e-01  4.4597621959e+00 -2.3627167145e+00 -3.9460426889e+00  5.2865114888e+00 -2.7638729710e+00 -1.2899025932e+00  4.1086528383e-01 -1.1374415453e+00 -8.6153600774e-01  2.9604592419e-01  2.5324316737e-01  2.3321791375e-01  1.4955347216e+00 -1.0175897282e+00  5.3827939474e-01  1.9917383905e+00  1.5369418428e+00 -2.9450329439e+00  8.2779444924e-01  2.0470431339e+00 -1.7024175175e+00  5.0359038716e-01  6.1017602785e-01 -2.6713249409e+00  2.5926444385e+00  9.8365502013e-01 -4.6194187121e-01
ENERGY -3.640893403096e+02
GRADIENT -3.1081898995e-05  7.9225964581e-05  5.9065031700e-05  4.3421327508e-05 -1.4933602339e-05  3.2110554761e-05  5.7380587317e-05 -2.0928285295e-05 -4.0361648305e-05  7.7224457160e-05 -1.5246407666e-03 -1.2591122093e-03  2.2946280059e-03 -1.6514574490e-03 -2.8629174805e-03 -5.4598559399e-04  2.3209190927e-03  2.1947593173e-03 -8.1696184549e-05  2.3737128176e-06 -4.3134979821e-05 -3.7634873466e-06 -7.6823537357e-05 -5.3452623438e-06 -6.2391788468e-06  8.6865726782e-06 -1.6133149102e-06  3.0931707524e-06 -2.0620085170e-06 -2.8832758932e-06  1.7317176543e-05 -1.3047774211e-05  1.1489349963e-06 -8.4193658696e-06 -1.2982039852e-06 -1.6613587465e-05 -1.7461331502e-06  1.2768988440e-05  1.4150170831e-05 -6.0132861026e-06  7.5394882301e-06  1.3553254078e-05 -1.6485333163e-05  4.6782311506e-06  1.3483829747e-06 -1.8099139461e-03  8.8253124897e-04  1.9063536470e-03  1.4420210322e-05 -1.9331653639e-05 -7.4219411334e-06

JOB 9
COORDS  4.1417347459e+00 -1.8993366302e+00 -3.0084421177e+00  4.5539293383e+00 -2.1213826755e+00 -1.7334216063e+00  2.9682001224e+00 -6.2627076638e-01 -1.7472336235e+00  9.8160005121e-01 -4.6613866287e-01 -2.6295830146e-01  1.2922429896e+00  1.1892440630e+00 -2.1797147294e+00  1.9953886799e+00  3.2605647263e-01 -1.1154187120e+00  3.1278239144e+00 -9.4094346168e-01 -2.9999953415e+00  3.8092838096e+00 -1.3101484025e+00 -9.0640493616e-01  4.4944244165e+00 -2.3496505777e+00 -3.9264439360e+00  5.2942810295e+00 -2.7498941625e+00 -1.2617734542e+00  4.1583031878e-01 -1.1586884252e+00 -8.9442877163e-01  2.7209611402e-01  2.1921703336e-01  2.1303036155e-01  1.4810405847e+00 -1.0420476277e+00  5.2127394788e-01  1.9191024072e+00  1.3503608432e+00 -3.0579312746e+00  1.0327220102e+00  2.1630730335e+00 -1.7514318333e+00  3.5266797961e-01  7.2692542301e-01 -2.4969780001e+00  2.5768253113e+00  9.7219149053e-01 -4.4640737237e-01
ENERGY -3.640875949017e+02
GRADIENT -3.5636104732e-06  2.3994056700e-05  4.3228421770e-05  1.8656156694e-05 -6.7328620078e-05  5.2115386281e-06  6.1009705835e-06 -4.3911762651e-06 -3.5982852184e-05  1.2326733287e-04 -2.0478936201e-03 -1.7508096752e-03  2.3613900466e-03 -3.1076687967e-03 -4.0691766796e-03 -6.6364086646e-04  3.2832714866e-03  3.0829675943e-03 -2.4019441777e-05  2.0840129645e-05 -5.0147349899e-06  3.4914393546e-05  3.5384419161e-05 -4.1088966411e-05 -1.0862126624e-06  5.9236917164e-06 -2.6903687472e-06  1.5622396204e-06 -4.6153131835e-06 -5.3672464131e-06  3.0873827162e-07  6.7048900943e-06 -4.5932661569e-06 -8.2457497712e-06 -7.4141608628e-06  1.3768916008e-05  1.2186480501e-06 -2.4557958857e-06 -9.7157247261e-06  9.9314099321e-07 -1.0971113871e-05  8.7615234878e-06  4.4044313237e-06  1.1431808970e-05  6.5831039163e-06 -1.8452448811e-03  1.8677624076e-03  2.7371938095e-03 -1.1066549227e-05 -4.2142519560e-06  3.7873443248e-06

JOB 10
COORDS  4.1698169258e+00 -1.8801535882e+00 -3.0014469534e+00  4.5665041660e+00 -2.1094744838e+00 -1.7228806651e+00  2.9684723046e+00 -6.2721245802e-01 -1.7455481894e+00  9.6761367026e-01 -4.9363846224e-01 -2.7390310001e-01  1.2832010639e+00  1.1949138188e+00 -2.1722877619e+00  1.9822229413e+00  3.1194380359e-01 -1.1137844017e+00  3.1478725312e+00 -9.3041522068e-01 -2.9985334583e+00  3.8042391652e+00 -1.3110956134e+00 -8.9946005425e-01  4.5384337551e+00 -2.3197274493e+00 -3.9183817816e+00  5.3053452633e+00 -2.7360525644e+00 -1.2463049596e+00  3.9966433186e-01 -1.1747226259e+00 -9.1599335881e-01  2.6044671100e-01  1.8605698217e-01  2.1311670207e-01  1.4665081196e+00 -1.0831162768e+00  5.0063751070e-01  1.7848870065e+00  1.1433493249e+00 -3.1393631269e+00  1.2671188827e+00  2.2393162789e+00 -1.8459645682e+00  2.4096091099e-01  8.9034875346e-01 -2.3064412171e+00  2.5559929251e+00  9.4622944248e-01 -4.2759489718e-01
ENERGY -3.640858824608e+02
GRADIENT  2.8533935394e-05  4.8775108769e-05 -8.1095484436e-06 -4.9167035906e-05 -3.5589070734e-05  6.8141035248e-06  1.9086543954e-05 -1.2408755883e-05 -4.1827092485e-05  6.7016781791e-05 -1.3588526224e-03 -1.1965936249e-03  9.1292701790e-04 -2.5872887213e-03 -2.7509548867e-03 -2.8957806052e-04  2.3007936167e-03  2.1159606086e-03 -3.4148688587e-05 -1.7128732372e-05 -1.2947013985e-05  5.6497887992e-05  2.5841965280e-05  7.3839968690e-06  2.5564190574e-06  8.3286323886e-06 -5.4715988113e-06 -5.8628650859e-06 -5.3389938391e-06 -5.1954900985e-06  2.7655644096e-05 -1.0725783566e-05 -6.7353859833e-07 -2.7602139011e-05 -6.4159137326e-06 -1.1504957551e-05 -2.4418006339e-06  2.5652970782e-05  1.4909762404e-05 -4.3366296687e-06  2.3274779522e-06  1.6201733743e-05 -1.6712653745e-07  1.9753468149e-05 -2.1508878010e-06 -7.1778551738e-04  1.6495858549e-03  1.8325622847e-03  1.4177053102e-05 -4.0801689743e-05  9.2021125082e-06

JOB 11
COORDS  4.1749364857e+00 -1.8505160461e+00 -3.0428162861e+00  4.6065707550e+00 -2.0558353197e+00 -1.7714609182e+00  2.9684643670e+00 -6.1783811393e-01 -1.7717966916e+00  9.4728219779e-01 -5.3474219576e-01 -3.1338711269e-01  1.2792663471e+00  1.2162165216e+00 -2.1590536908e+00  1.9675039201e+00  2.9359031007e-01 -1.1246948620e+00  3.1280381782e+00 -9.2874269856e-01 -3.0256168694e+00  3.8414374878e+00 -1.2700315364e+00 -9.3861180727e-01  4.5349795946e+00 -2.2888455739e+00 -3.9637450248e+00  5.3732363546e+00 -2.6567229366e+00 -1.3058815689e+00  3.6073426696e-01 -1.1771098756e+00 -9.7866389146e-01  2.5804066489e-01  1.3418164444e-01  2.1197685481e-01  1.4446883421e+00 -1.1674208246e+00  4.2754499050e-01  1.5969481598e+00  9.7599740031e-01 -3.1751135683e+00  1.5131675660e+00  2.2672463944e+00 -1.9684348060e+00  1.9199011998e-01  1.1036399728e+00 -2.1167403750e+00  2.5292260941e+00  9.0384685220e-01 -4.0759380049e-01
ENERGY -3.640852964592e+02
GRADIENT -1.0039094721e-05 -1.8340012935e-05 -1.8392146657e-05  5.2568019374e-06  2.0281106458e-05 -2.2244953825e-05  2.9445541016e-05  7.3329382124e-06 -5.6778319219e-06 -3.4674007632e-05  2.0180565144e-04  1.9713407083e-04 -2.2262629783e-05  4.5525301204e-04  4.6566267086e-04  2.3719014872e-05 -3.2724612981e-04 -3.6906103343e-04 -7.5797545882e-06 -5.6358260365e-06 -6.9646060279e-06 -1.8917227291e-05  1.5453321674e-05  1.1948315634e-05 -9.6296514554e-07  8.6922513833e-07 -6.4703778456e-06  1.9634242375e-06  7.5013139320e-06 -3.5886496790e-06  2.2273468366e-05 -2.3157716207e-05  9.8741108860e-07 -1.9887440689e-05 -2.1730828873e-06 -2.6222229912e-05  2.1998205082e-06  2.4578166103e-05  1.4565926349e-05 -3.3758995277e-06 -8.1889536352e-07 -7.7043421526e-06  5.7720228894e-06  1.4271833808e-06 -4.3686839890e-06  1.8717621176e-05 -2.9803033258e-04 -2.8479159768e-04  1.7981122314e-05 -4.2962247644e-05  1.6825980754e-05

JOB 12
COORDS  4.1974867285e+00 -1.8331718677e+00 -3.0253791208e+00  4.6229349451e+00 -2.0376979792e+00 -1.7517389676e+00  2.9667141352e+00 -6.2073366993e-01 -1.7582087227e+00  9.1577226336e-01 -5.5244065282e-01 -3.2522786612e-01  1.2837139899e+00  1.2123375272e+00 -2.1479149436e+00  1.9508518418e+00  2.7620316255e-01 -1.1164809184e+00  3.1385751876e+00 -9.2527202770e-01 -3.0120191478e+00  3.8432000864e+00 -1.2638346462e+00 -9.2149783679e-01  4.5693255843e+00 -2.2635320534e+00 -3.9453816039e+00  5.3934828148e+00 -2.6312070641e+00 -1.2830975357e+00  3.1615021040e-01 -1.1697495157e+00 -1.0028986105e+00  2.4042591305e-01  1.1724241350e-01  2.1638690480e-01  1.4024290871e+00 -1.2111051321e+00  4.0006314081e-01  1.3833429586e+00  8.0494676659e-01 -3.1565271840e+00  1.7351007008e+00  2.2078948810e+00 -2.1421509836e+00  2.1325253122e-01  1.3084698583e+00 -1.9443750593e+00  2.4970862009e+00  8.8016728743e-01 -3.8149397063e-01
ENERGY -3.640862368002e+02
GRADIENT  7.5939209785e-05  2.9342951980e-05 -4.4677236584e-05 -7.5372300239e-05 -8.1685542844e-05 -1.2352427742e-05 -8.9359685319e-05 -1.8853729791e-05 -1.4845312146e-05 -1.1629850497e-04  1.5887506725e-03  1.5175216353e-03  6.6044604308e-04  3.6066114161e-03  2.8343705859e-03  6.0335442018e-06 -2.7747497388e-03 -2.5102881307e-03  4.0092784709e-05 -4.4371099457e-06  2.7323202478e-05  4.6926888007e-05  1.0132504082e-04 -2.8201529103e-05  1.2678127480e-05  8.8836626750e-06 -7.7654831055e-06 -7.7568662129e-06 -9.1731154201e-06 -5.6116205440e-06  2.6273715921e-05 -3.0157654171e-05  4.0349691568e-06 -2.4341618551e-05 -2.5792130804e-06 -2.8421178242e-05  1.4389393690e-06  3.1614379484e-05  1.9829780225e-05 -1.0748175759e-05 -1.2150925932e-05  3.4082105167e-07  1.0995617808e-05 -7.7762182982e-06 -9.2845682266e-07 -5.5364919177e-04 -2.4021980292e-03 -1.7899760616e-03  2.2217960713e-05 -1.2189475186e-05  1.5932580865e-06

JOB 13
COORDS  4.2168883841e+00 -1.7923521805e+00 -3.0526935389e+00  4.6510033346e+00 -1.9997582531e+00 -1.7823254829e+00  2.9724836886e+00 -6.1012413675e-01 -1.7710327875e+00  9.0263152843e-01 -5.7655407922e-01 -3.5809730388e-01  1.2864096228e+00  1.2095426524e+00 -2.1463381496e+00  1.9445654307e+00  2.6686927933e-01 -1.1231648102e+00  3.1436395438e+00 -9.0172184142e-01 -3.0280173486e+00  3.8621234348e+00 -1.2459055368e+00 -9.4255319165e-01  4.5919756088e+00 -2.2093767777e+00 -3.9775140992e+00  5.4328572350e+00 -2.5846764352e+00 -1.3216897528e+00  3.0329192369e-01 -1.1746506525e+00 -1.0531428554e+00  2.2780953431e-01  8.1670796883e-02  1.9795309809e-01  1.3835872849e+00 -1.2554091800e+00  3.5222078271e-01  1.1614945397e+00  7.0028145102e-01 -3.1054958994e+00  1.8895176769e+00  2.1044816247e+00 -2.3207507612e+00  2.8975631687e-01  1.5044731402e+00 -1.8045974686e+00  2.4768340627e+00  8.6721302389e-01 -3.7435878609e-01
ENERGY -3.640880373593e+02
GRADIENT  2.5629538790e-05 -9.3117668391e-06 -6.8974310017e-05 -5.0594582599e-05  6.6042950037e-05 -1.0787033935e-05 -1.6199171716e-06 -1.6270405356e-05  2.1752256394e-05 -1.4946845733e-04  1.8775715632e-03  1.8331286620e-03  1.7336554397e-03  4.3302529752e-03  2.8439039796e-03 -1.3482710816e-04 -3.2975438476e-03 -2.9475744584e-03  1.4317231614e-05 -1.3813772292e-05  8.2253055411e-06 -1.3214991673e-05 -2.6967192349e-05  5.1194401897e-05  2.7484859477e-06  3.9358066292e-06 -8.9288923824e-06 -2.3080406308e-06  3.8286204360e-06 -6.8903405204e-06 -4.0241434721e-07 -1.5758570783e-05  3.3143892946e-06  1.0530774824e-05  2.8593840761e-06 -1.5015771588e-05  2.3604567139e-06  6.7198612142e-07  7.1034540099e-06  8.9155136467e-06  4.4293664827e-06 -1.3595913358e-05 -8.2798046573e-06 -1.5355010754e-06  7.9012087182e-06 -1.4490428635e-03 -2.8973519761e-03 -1.7319402613e-03  2.8400623682e-05  8.4248464903e-06 -1.3947918331e-05

JOB 14
COORDS  4.2294989789e+00 -1.7670788828e+00 -3.0578837333e+00  4.6681557762e+00 -1.9765655100e+00 -1.7893484025e+00  2.9787317290e+00 -6.0073714533e-01 -1.7684882823e+00  8.9315281475e-01 -5.9681083191e-01 -3.8413964925e-01  1.2917316776e+00  1.2061664661e+00 -2.1415911831e+00  1.9419123701e+00  2.6395680025e-01 -1.1193129202e+00  3.1492275524e+00 -8.8508959664e-01 -3.0271778304e+00  3.8752750443e+00 -1.2324765327e+00 -9.4451093488e-01  4.6060800544e+00 -2.1771121999e+00 -3.9852336857e+00  5.4560526874e+00 -2.5567630417e+00 -1.3330886170e+00  3.1649255087e-01 -1.1948001727e+00 -1.0979523996e+00  1.9815241261e-01  4.7604381913e-02  1.6357257424e-01  1.3662586220e+00 -1.2768335088e+00  3.3028816880e-01  9.5719305857e-01  6.4517413831e-01 -3.0186097351e+00  1.9916283375e+00  1.9729212003e+00 -2.4845539031e+00  4.1537622142e-01  1.6905556922e+00 -1.6997217629e+00  2.4610097494e+00  8.6349088283e-01 -3.6046478357e-01
ENERGY -3.640896181257e+02
GRADIENT  7.6013639277e-06 -2.1948891947e-05 -2.9499869148e-05 -3.3113147413e-05 -1.9045508168e-05 -1.6117970030e-05 -7.8647552992e-05  2.3862153458e-05  6.7969352196e-05 -1.6819072593e-04  1.1350607513e-03  1.1032175363e-03  1.6152491668e-03  2.5823066343e-03  1.3538319535e-03 -6.9223887671e-05 -2.0193617142e-03 -1.7612069909e-03  3.3387291248e-05 -1.0170492389e-05 -1.3995130561e-06  4.8585329699e-05  9.5330882024e-05 -1.1939621537e-05  2.7362014526e-06  1.7100906299e-06 -6.8731221015e-06  1.1260347673e-06  3.3675406084e-06 -6.0055471681e-06 -1.6902771570e-05 -4.8847297991e-07  5.5894205352e-06  2.6112555420e-05  5.8166948449e-06  6.8598984191e-06  7.9422107324e-06 -1.7135507260e-05 -1.4439225710e-05 -2.6935422111e-05 -9.0066697789e-06 -3.1228238985e-05 -1.3597486485e-05 -2.9291475950e-05  1.0279332928e-05 -1.3077021291e-03 -1.6977660795e-03 -7.4270443390e-04 -2.7198301382e-06 -7.6598287201e-06  2.8083388319e-05

JOB 15
COORDS  4.0623128296e+00 -2.2170670742e+00 -2.5117534210e+00  4.8880257611e+00 -1.1907214934e+00 -2.1797007115e+00  2.8509233230e+00 -7.2882214155e-01 -1.5610941108e+00  4.8660602800e-01 -6.8060339043e-01 -7.6424621303e-01  1.5260096493e+00  1.3667486770e+00 -1.8651938814e+00  1.7708786753e+00  1.2983279377e-01 -9.7619633382e-01  2.7632984805e+00 -1.9060061813e+00 -2.1093598641e+00  4.1257573259e+00 -2.2216016237e-01 -1.5657615896e+00  4.2999950975e+00 -3.1505900668e+00 -3.0036465199e+00  5.9434146236e+00 -9.8766820325e-01 -2.2821688577e+00  1.1364883599e-01 -1.0713392310e+00 -1.7149979810e+00 -2.8590810469e-01 -4.3105530729e-02 -3.2253775250e-01  6.5809616439e-01 -1.5321076734e+00 -1.0022163109e-01  1.1471000574e+00  1.0643058125e+00 -2.8471394905e+00  2.4459127371e+00  1.9397058660e+00 -2.0129900330e+00  7.8440003549e-01  2.0237192342e+00 -1.3991685206e+00  2.1358814850e+00  4.8279197948e-01 -2.9435047283e-03
ENERGY -3.640901558044e+02
GRADIENT -3.6705465701e-05 -4.0306152032e-05 -2.6512856920e-06 -1.1090807488e-04  1.9614564722e-05  3.7706760045e-05  1.3885921263e-04 -3.3277315531e-05 -7.0222804587e-05  1.4435191347e-05 -5.1196512227e-05 -8.1571547909e-05 -1.1949207708e-04 -8.2960222581e-05 -8.6566785104e-05 -3.8222818370e-05  8.3783819505e-05  1.3120040348e-04 -6.2979825166e-05 -2.8413566469e-05 -2.6845624314e-05  7.3774939982e-05  1.0647667879e-04  3.6620345260e-05 -1.0543330920e-05 -8.2069018484e-06  3.2274244624e-06 -8.7333292706e-06  3.6911796521e-06  2.5686255353e-06  3.1609312563e-05 -4.8310990775e-05  8.2236419053e-06 -1.0497587443e-05  1.0839662561e-05 -4.7774061547e-05 -1.2194906275e-05  2.9599438182e-05  5.3234811920e-05  1.6559462243e-05 -1.0500368378e-06 -6.9684472214e-06 -1.6717780456e-06  3.7964516642e-06  8.7381210073e-06  9.1663910367e-05  5.5153959857e-05  5.6057611801e-05  6.0101253813e-05 -5.6101768488e-05 -9.6237424868e-06

JOB 16
COORDS  4.0706901354e+00 -2.2147512263e+00 -2.5056056172e+00  4.8945472697e+00 -1.1928560347e+00 -2.1558189323e+00  2.8510020169e+00 -7.3216672011e-01 -1.5557893760e+00  4.8612878443e-01 -6.9679657705e-01 -7.8153140931e-01  1.5205123205e+00  1.3627390975e+00 -1.8656202499e+00  1.7666274102e+00  1.2496466700e-01 -9.7408601828e-01  2.7679406223e+00 -1.9046263681e+00 -2.1149116505e+00  4.1271019171e+00 -2.2839207352e-01 -1.5420056328e+00  4.3120174644e+00 -3.1444079247e+00 -3.0030184609e+00  5.9515230652e+00 -9.9133487068e-01 -2.2441256987e+00  1.3870703914e-01 -1.0960133151e+00 -1.7380116506e+00 -3.0250177776e-01 -6.4418922878e-02 -3.6072750937e-01  6.5126244669e-01 -1.5422908804e+00 -1.0820003272e-01  9.3924784098e-01  1.0930766738e+00 -2.7527818761e+00  2.4651416111e+00  1.8055365937e+00 -2.1952781425e+00  9.8195266831e-01  2.1332347481e+00 -1.3044830176e+00  2.1273567769e+00  4.7539765697e-01  1.0186180991e-03
ENERGY -3.640893663674e+02
GRADIENT -2.2425118949e-06 -5.4317829966e-06  1.3867051951e-05 -1.8030108777e-05  1.7866850601e-05 -1.8351816845e-05 -2.0430740182e-05 -3.0590937022e-05  3.2129224618e-05  4.5848637014e-04 -1.1044541509e-03 -1.6675769800e-03 -2.8923333048e-03 -1.7580980394e-03 -1.7012380761e-03 -1.7118209225e-05  1.7608289391e-03  2.4992004524e-03  1.0348526710e-05 -2.9219187951e-06 -1.7486752452e-05  1.8090738443e-05  1.2484486028e-06 -7.8962167996e-06 -6.0605151187e-06 -4.1268375852e-06 -1.7678456448e-06  1.7266186534e-06 -1.0172395470e-05  8.5662142032e-06  1.3775766650e-06  2.9988835981e-06  4.4887778864e-06  1.4819642219e-06  5.0519902474e-07  3.6894916590e-06  1.3228612802e-06  2.5147204009e-06  3.3375105174e-06 -7.3193873788e-07 -6.6296471080e-06  8.8749561286e-06  8.8701991483e-06 -3.0527683075e-06  5.0540942933e-06  2.4674596825e-03  1.0985481479e-03  8.5979166983e-04  1.0330637795e-06  5.3657940124e-06 -8.1519962545e-06

JOB 17
COORDS  4.0976096605e+00 -2.1809578614e+00 -2.4983310051e+00  4.9052627176e+00 -1.1496202682e+00 -2.1387562179e+00  2.8504328500e+00 -7.1568968294e-01 -1.5573341178e+00  4.7917136632e-01 -7.1545402984e-01 -8.1685185206e-01  1.4999309442e+00  1.3766681474e+00 -1.8642058551e+00  1.7507787336e+00  1.2656929042e-01 -9.8181950091e-01  2.7874212946e+00 -1.8879982457e+00 -2.1192831023e+00  4.1200009121e+00 -1.9606462942e-01 -1.5302952421e+00  4.3551734575e+00 -3.1064553608e+00 -2.9953493526e+00  5.9603893888e+00 -9.3462511476e-01 -2.2168441531e+00  1.5499764196e-01 -1.1111506296e+00 -1.7828109975e+00 -3.2576946290e-01 -9.7618540631e-02 -4.0523088760e-01  6.4456760092e-01 -1.5638849533e+00 -1.4728418338e-01  7.3514750536e-01  1.1761368090e+00 -2.6199634657e+00  2.4136147047e+00  1.6867994351e+00 -2.3797158695e+00  1.1888108628e+00  2.2267269834e+00 -1.2492204920e+00  2.0967931274e+00  4.6500435081e-01  2.2207230311e-03
ENERGY -3.640875122277e+02
GRADIENT -3.9106378260e-05  1.5999095964e-05 -6.9655166089e-06 -4.0642771387e-05  1.0203719671e-05  4.2902861530e-05  8.1704356792e-05 -9.2291649658e-05  3.7957210074e-06  7.1748268522e-04 -1.5353964595e-03 -2.3554571008e-03 -4.6399827733e-03 -1.9573077400e-03 -1.4764333267e-03 -1.8101887309e-05  2.3887766807e-03  3.3588805750e-03 -2.8796123885e-05 -1.3637987425e-05  1.0778815207e-05  3.8330815046e-05  5.7672774275e-05 -2.1166192890e-05 -1.0762640496e-05 -2.2413433551e-06  7.9610415107e-07 -2.2255232793e-06 -2.1061126224e-06  3.7895790610e-06 -7.0652158227e-06  4.7887062948e-06 -1.2365522559e-05  1.3396079470e-05 -4.0393409131e-06  5.3473695850e-06  1.7636644141e-05 -5.6983681430e-06 -2.0445980216e-05 -3.6053098312e-06  1.8703772642e-05  1.0745785622e-05  1.4339211258e-05 -2.5028308579e-06  2.0061734342e-06  3.9269519803e-03  1.0960214269e-03  4.5828810898e-04 -1.2844281186e-05  5.9097961568e-06  2.6027767433e-06

JOB 18
COORDS  4.1137169458e+00 -2.1719048812e+00 -2.4944322883e+00  4.9159504684e+00 -1.1471160280e+00 -2.1054308201e+00  2.8519946207e+00 -7.2039840572e-01 -1.5512502809e+00  4.7261560414e-01 -7.2800307080e-01 -8.3130927992e-01  1.4987832810e+00  1.3774007348e+00 -1.8662534949e+00  1.7440873169e+00  1.1675161241e-01 -9.8634316521e-01  2.7974423617e+00 -1.8835368020e+00 -2.1326969825e+00  4.1211622122e+00 -2.0257207245e-01 -1.4946941451e+00  4.3788947214e+00 -3.0898993758e+00 -3.0012839616e+00  5.9724374738e+00 -9.3212476931e-01 -2.1620711797e+00  1.5205960363e-01 -1.1189422688e+00 -1.8005138467e+00 -3.3381797519e-01 -1.1272641169e-01 -4.1908395828e-01  6.3638580482e-01 -1.5796378488e+00 -1.6528280551e-01  5.7021415776e-01  1.2809443462e+00 -2.4356835446e+00  2.3124405021e+00  1.5336410537e+00 -2.5798986284e+00  1.4457256189e+00  2.2812323732e+00 -1.2525519205e+00  2.0786344451e+00  4.4701952961e-01  3.9203919292e-03
ENERGY -3.640856287359e+02
GRADIENT  2.2120858715e-05 -4.1719041803e-05 -4.0834693310e-05 -1.9991925853e-05 -2.7874458841e-05  1.7192600842e-05 -9.0099451444e-06  6.2469501613e-05  1.5533120958e-05  4.7935021644e-04 -1.1031656595e-03 -1.7350411937e-03 -3.5064001348e-03 -8.9874849085e-04 -2.7644162301e-04  1.5971886221e-05  1.6312501729e-03  2.3570533993e-03  6.4823481263e-05  1.6547792836e-05 -4.1274475567e-05 -2.0481377682e-05 -1.3959402347e-05  6.5189056274e-07  2.8461763556e-06 -6.7104910704e-06 -2.1687877095e-06 -1.4919774059e-06 -8.6172010318e-06  2.1090387663e-06  2.6731530448e-05 -1.3787515176e-05  1.9332755281e-05 -1.9694974577e-05  1.4672865252e-06 -1.4234846812e-05 -1.3679228252e-05  1.8849014773e-05  3.1091258454e-05  1.1617787123e-05 -9.2700284439e-06  3.8449613797e-06  6.6085059794e-06  6.5319372265e-07 -1.7398528844e-05  2.9366015197e-03  3.7227896114e-04 -2.9326386029e-04  2.8060336219e-05 -2.3136275771e-05 -1.1041553895e-05

JOB 19
COORDS  4.1598136971e+00 -2.1432355425e+00 -2.4455222309e+00  4.9235109631e+00 -1.0719947966e+00 -2.1075585826e+00  2.8489483339e+00 -7.0467976387e-01 -1.5520314890e+00  4.4690648153e-01 -7.4982738864e-01 -8.8923723834e-01  1.4816922027e+00  1.3922280785e+00 -1.8543413184e+00  1.7147459393e+00  1.0617296201e-01 -1.0046686600e+00  2.8357773883e+00 -1.8926261261e+00 -2.0833540425e+00  4.0962793783e+00 -1.3409071595e-01 -1.5304382469e+00  4.4573706333e+00 -3.0703562341e+00 -2.9164987675e+00  5.9697795129e+00 -8.1717334296e-01 -2.1848247112e+00  1.1599616462e-01 -1.0864991307e+00 -1.8758145432e+00 -3.5557565376e-01 -1.5978026960e-01 -4.3540524278e-01  6.1880730689e-01 -1.6378654484e+00 -2.7524957501e-01  4.4621945632e-01  1.4364770391e+00 -2.2042730243e+00  2.1285752334e+00  1.4226798283e+00 -2.7347562924e+00  1.6767946349e+00  2.2966223538e+00 -1.2718678282e+00  2.0144230020e+00  4.1451147741e-01  4.2698286694e-03
ENERGY -3.640848826091e+02
GRADIENT -6.5830322612e-05  6.6420555561e-05 -8.2540268667e-05 -5.5613453310e-06 -5.0859515195e-05  1.6879367351e-04  1.4644329271e-04 -7.6044538377e-05  6.6800074806e-05 -3.1592491492e-05  7.1740382682e-05  1.2634596564e-04  2.1539190445e-04  1.0925623902e-05 -6.7184473073e-05  2.1999725914e-06 -1.5503306788e-04 -1.2988364094e-04 -8.2646806000e-05 -5.5619795661e-05  2.9619740496e-05  2.6658912299e-05  1.4255954000e-04 -1.5767265786e-04 -1.6138893638e-05  4.8120021400e-06 -1.6639324864e-05  4.7861472100e-07 -6.3859233036e-06  2.1020267474e-05 -2.7121887468e-05  3.7643480287e-05 -6.5146037582e-06  1.5406292599e-05 -1.2191572899e-05  3.5653221239e-05  9.8551231021e-06 -2.5332865128e-05 -3.4117094448e-05  8.5376058234e-06 -2.7639315194e-06  2.1134140038e-06  9.6363768274e-06  3.9856178368e-06  7.5390293567e-06 -1.8088734184e-04  3.8017799983e-06  5.6430732830e-05 -1.6333349905e-05  3.4571321643e-05 -1.1308613861e-05

JOB 20
COORDS  4.1882725822e+00 -2.1218178337e+00 -2.4239936437e+00  4.9341414887e+00 -1.0411946473e+00 -2.0762558898e+00  2.8490187303e+00 -7.0139137332e-01 -1.5441055236e+00  4.3009651795e-01 -7.6219251943e-01 -9.1563809583e-01  1.4771198435e+00  1.3861674937e+00 -1.8518703688e+00  1.6983253547e+00  9.5014772829e-02 -1.0128881335e+00  2.8568436706e+00 -1.8884914069e+00 -2.0772979874e+00  4.0884740704e+00 -1.1505230865e-01 -1.5068192359e+00  4.5031620019e+00 -3.0445429907e+00 -2.8923242318e+00  5.9777879612e+00 -7.7269315856e-01 -2.1415788480e+00  9.3229276713e-02 -1.0756892035e+00 -1.9082301693e+00 -3.6907639310e-01 -1.8195140475e-01 -4.4436457981e-01  6.0385996697e-01 -1.6650825826e+00 -3.2434969159e-01  4.0533210858e-01  1.5797474255e+00 -1.9611648453e+00  1.9005283580e+00  1.3001722994e+00 -2.8559446042e+00  1.9112456792e+00  2.2625008673e+00 -1.3634274933e+00  1.9749959393e+00  4.0057795595e-01  4.0578985726e-03
ENERGY -3.640857759936e+02
GRADIENT -2.4137009700e-05  1.6920893517e-05 -9.6495513785e-06 -1.4001444304e-05  4.8406650449e-06  1.6164484823e-05  3.3920765725e-05 -5.8776170861e-05  1.1373441469e-05 -5.8869502842e-04  1.0913260108e-03  1.8866100766e-03  3.1876824150e-03 -2.2644629997e-04 -1.1841580913e-03  1.3273763541e-04 -1.3979717878e-03 -2.2053970102e-03 -3.9186548613e-05 -1.2672300341e-05 -1.3551232349e-07  2.9569309159e-05  2.4927326146e-05  9.1351580559e-06 -8.1484036880e-06 -1.6538942983e-06 -3.3197661375e-06 -6.8175203854e-07 -3.7144198589e-06  8.3662803761e-07 -1.7192054109e-05  2.3641779757e-05 -4.6631826152e-06  1.3423929566e-05 -4.4926066654e-06  2.0769367895e-05  4.2562182276e-06 -1.6341276070e-05 -2.2081392501e-05  4.9181059646e-06 -2.7247520162e-06 -1.3076037570e-05  1.0577230358e-05  7.4699134172e-08  4.1822399646e-06 -2.7202662618e-03  5.1732047062e-04  1.4985858819e-03  2.2072966886e-06  4.0916971843e-05 -1.7876996615e-05

JOB 21
COORDS  4.2053947867e+00 -2.1028276079e+00 -2.4231218457e+00  4.9445500352e+00 -1.0283317462e+00 -2.0433675604e+00  2.8504849316e+00 -6.9788770828e-01 -1.5422098898e+00  4.2220642537e-01 -7.7053576214e-01 -9.3704213600e-01  1.4727800100e+00  1.3746900362e+00 -1.8578115077e+00  1.6893217626e+00  8.9204568122e-02 -1.0201865268e+00  2.8680802627e+00 -1.8755433453e+00 -2.0958611726e+00  4.0887742091e+00 -1.1221024715e-01 -1.4729891990e+00  4.5289305723e+00 -3.0173490397e+00 -2.9015516869e+00  5.9890726290e+00 -7.5863563505e-01 -2.0855728340e+00  9.4335711735e-02 -1.0834141717e+00 -1.9329241664e+00 -3.8246165015e-01 -1.9347102182e-01 -4.7146951259e-01  5.9307021199e-01 -1.6743915998e+00 -3.4634984965e-01  4.3728677923e-01  1.7137210081e+00 -1.7475259779e+00  1.6555474639e+00  1.2003603413e+00 -2.9219244299e+00  2.1119176728e+00  2.1912999750e+00 -1.5112763985e+00  1.9522809478e+00  3.9988959192e-01 -6.1348018787e-04
ENERGY -3.640877069464e+02
GRADIENT  1.1857408746e-05 -5.8327582088e-05 -3.6254706627e-05 -6.6289758657e-05 -1.3946613743e-05  1.3496654089e-06  1.4871579657e-05  2.1469377069e-05 -4.8360506871e-06 -7.9581523475e-04  1.4222895005e-03  2.3973478285e-03  3.3366156258e-03 -9.3706233271e-04 -2.3436833826e-03  3.5820610146e-04 -1.6533548498e-03 -2.6307449361e-03  2.5786382421e-05  2.6133895355e-07 -1.3232274951e-05 -1.5194765165e-05  3.2729803221e-05  4.8467183967e-05 -2.4035037858e-07 -7.2988419522e-06 -2.3566240613e-06 -6.1714936221e-06 -8.4313003543e-07 -2.4625036591e-06  3.4076494433e-06 -1.2943195348e-05  1.7136049776e-06  9.0866982264e-06  7.7875110759e-06 -7.8696802246e-06 -3.3315665801e-06  1.6943347880e-06  1.5996560168e-05 -3.7437875806e-06  9.6233659628e-07 -7.8867918970e-06  1.4687890191e-05 -3.3669805159e-06  1.0290582684e-05 -2.9003968532e-03  1.1816243713e-03  2.5734672904e-03  2.9406179637e-05  4.7848733160e-06 -7.9125394704e-06

JOB 22
COORDS  4.2132328294e+00 -2.0947133665e+00 -2.4196948161e+00  4.9503867305e+00 -1.0252285729e+00 -2.0222068622e+00  2.8516203656e+00 -6.9516492857e-01 -1.5400625637e+00  4.2011575288e-01 -7.7548971083e-01 -9.5930805204e-01  1.4727485928e+00  1.3688030162e+00 -1.8562621886e+00  1.6858006771e+00  8.7798407247e-02 -1.0203574192e+00  2.8731489846e+00 -1.8678222136e+00 -2.1042290962e+00  4.0904549440e+00 -1.1267640446e-01 -1.4528005143e+00  4.5400665731e+00 -3.0053407965e+00 -2.9032732161e+00  5.9958335055e+00 -7.5730891952e-01 -2.0509271502e+00  1.0969777296e-01 -1.0858296530e+00 -1.9614075577e+00 -3.9449211353e-01 -2.0312459674e-01 -5.0496346389e-01  5.8420711108e-01 -1.6809057633e+00 -3.6917678856e-01  5.2867577942e-01  1.8435491292e+00 -1.5680250331e+00  1.4240820256e+00  1.1394587733e+00 -2.9252397608e+00  2.2709297362e+00  2.0959378186e+00 -1.6826789085e+00  1.9407989817e+00  3.9880534529e-01  1.4755148126e-03
ENERGY -3.640894845858e+02
GRADIENT  5.3273915508e-05 -5.0568055747e-05 -3.9371191101e-05 -4.1574298415e-05 -2.5387177065e-05 -3.8549120428e-06 -1.0496545981e-04 -1.2530317234e-05  7.0757270358e-05 -5.0684842836e-04  8.8650019979e-04  1.5395314130e-03  1.6324885387e-03 -9.9786095131e-04 -1.9878311014e-03  4.7422269982e-04 -1.0201928899e-03 -1.6607207048e-03  2.4289801207e-05  2.0610821039e-05  2.5155162532e-05 -3.3786209649e-05  2.6442253380e-05  1.4282545278e-06  6.0902877047e-07 -3.6130433731e-06 -4.1473002616e-06 -2.7868667022e-06 -8.1980644980e-06 -1.4100024476e-06 -3.8853981327e-05  9.2480908893e-06 -2.8757355642e-06  2.0504103000e-05  5.1839584975e-06  1.7389200382e-05  1.0877757323e-05 -1.8882590020e-05 -2.1312585065e-05 -4.1854996523e-05  4.8805776926e-05  9.9429943957e-07 -1.0277090900e-05  1.4864647373e-05  6.0012134963e-05 -1.4196498573e-03  1.0756393274e-03  1.9871227150e-03 -7.4679833737e-06  4.1927970579e-05  1.1983825200e-05

JOB 23
COORDS  4.2260249108e+00 -2.0609951553e+00 -2.4231216552e+00  4.9570202552e+00 -1.0025846657e+00 -1.9863427166e+00  2.8500423439e+00 -6.8152977298e-01 -1.5340136313e+00  4.1931769576e-01 -7.9002031858e-01 -9.7969369636e-01  1.4547593794e+00  1.3671689017e+00 -1.8504223182e+00  1.6747446561e+00  8.9534536440e-02 -1.0143072804e+00  2.8810492109e+00 -1.8405677037e+00 -2.1254483107e+00  4.0878690465e+00 -1.0314665166e-01 -1.4104689314e+00  4.5606819702e+00 -2.9598671987e+00 -2.9230709183e+00  6.0030717049e+00 -7.3546529731e-01 -1.9896951852e+00  1.5485476946e-01 -1.1278702997e+00 -1.9855631859e+00 -4.2153715935e-01 -2.2022233736e-01 -5.7154547184e-01  5.7224239795e-01 -1.6784599337e+00 -3.6126175588e-01  6.3647032497e-01  1.9579111529e+00 -1.4260253435e+00  1.1911660021e+00  1.1094497277e+00 -2.8816976697e+00  2.3534841422e+00  1.9900892368e+00 -1.8712435864e+00  1.9226469882e+00  3.9759106400e-01  9.9241960415e-03
ENERGY -3.640901581294e+02
GRADIENT -3.7367098347e-05  4.4372281199e-05 -9.6421158988e-05 -6.7634946846e-06 -2.7762283612e-05  5.9444629946e-05  2.5002173188e-05  6.7003324103e-05 -8.4556475469e-05  5.9921719581e-06 -3.0145934701e-05 -6.4108074636e-05 -5.4403129290e-05  6.7404848689e-05  9.5825350756e-05 -2.2843848836e-06  1.7908416247e-05  3.2296147459e-05  1.5073447452e-05 -9.9824161572e-05  1.3443846698e-04  7.9420860010e-06  1.0976811351e-05 -3.5433248012e-06 -5.1154747854e-06  1.2440542122e-06 -1.1175317337e-05 -1.2180363266e-06 -4.5776780343e-06  5.2747928812e-06  1.1729603084e-05 -1.0684337588e-05  5.3251236523e-06 -8.6903014497e-07  6.1337136149e-06 -1.0288033509e-05 -4.9043523182e-06  9.2994902810e-06  1.5534336054e-05  9.4585933324e-06 -9.3937967604e-07  2.4372843918e-06  8.0770073571e-06  1.7968838425e-07 -3.2167213280e-06  3.5606934258e-05 -4.8061350462e-05 -8.1897593077e-05  6.7452569460e-06 -2.7405306345e-05  6.0895697506e-06

