JOB 0
COORDS  3.2182427638e+00 -6.3653357750e-01 -2.8760183357e+00  4.5487319734e+00 -4.8675806584e-01 -2.4748090875e+00  2.1945879369e+00 -4.4996423028e-02 -2.1340524853e+00  4.8451363780e+00  2.5299554429e-01 -1.3280745855e+00  2.4597737560e+00  7.1305785288e-01 -9.8323012275e-01  3.8053501512e+00  8.3939836950e-01 -6.0427394743e-01 -9.7666817449e-02  7.5986145770e-01 -4.2745983004e-01  1.3301865257e+00  2.9255200712e+00 -4.2892180322e-01 -7.8847818567e-01  1.6559099449e+00 -1.1430054975e+00  6.1630155855e-01  3.3900445802e+00 -1.4812273948e+00  1.3346499484e+00  1.3644947428e+00 -1.9069882756e-01  5.6037251333e-02  2.2497118605e+00 -2.1650908330e+00  4.2415780366e+00  1.7542263218e+00  8.4483684853e-01  2.9772535101e+00 -1.2147978986e+00 -3.7641890760e+00  5.3543033065e+00 -9.4475825634e-01 -3.0425212911e+00  1.1599987045e+00 -1.5958267491e-01 -2.4392098161e+00  5.8701642711e+00  3.7454335244e-01 -9.9220549914e-01 -5.3517405181e-01  1.1835391803e-01  3.3365988356e-01  1.8660907571e+00  3.5580037619e+00  2.6970603318e-01 -1.8684364717e+00  1.6855565518e+00 -1.2866845038e+00  5.1286544706e-01  4.4090894340e+00 -1.8391934045e+00  1.5518917440e+00  1.2121488861e+00  8.7106664956e-01 -5.4245486586e-01  2.5663708005e+00 -2.9286319971e+00
ENERGY -9.400942467205e+02
GRADIENT -9.1844582777e-06 -3.5779426326e-05 -5.2904366816e-05 -6.2911889694e-05  3.2145558348e-05  4.4203386202e-05  9.1932662400e-06 -7.0681640957e-06  3.0136150593e-05  5.2354614041e-05  4.4608223188e-06  1.7470482351e-05  2.3296645713e-05  7.7007583623e-05 -2.7495117447e-05  2.6699636060e-06  1.2998314748e-05 -9.8552168852e-06 -1.2706453942e-02 -3.6056113208e-02 -3.3468584156e-02 -1.8750969078e-04  3.1220475528e-04  5.6931999229e-04  9.2932403256e-03  5.6826103151e-02  4.2724880222e-02 -3.6817188045e-02  2.6861652680e-02 -1.4130962740e-02  3.4046003868e-04 -1.3399631984e-03 -5.9280242358e-04  4.1224253212e-02 -4.6524137069e-02  5.6475366908e-03  3.9111637967e-06 -7.5541414816e-06  2.8813370152e-06 -5.9918942307e-06 -1.9980664312e-06 -5.8411783021e-06 -6.7400437410e-06  3.9805065869e-06  4.6132439914e-06 -6.9311183079e-06  2.2297198060e-06 -1.0625251260e-05  2.6271760833e-06  2.6530152421e-06  7.1268553017e-06 -3.6472323940e-04 -5.0170652370e-04 -5.7669449699e-04 -3.8548405920e-06  7.2261689034e-05 -6.4072265231e-05  5.0108487165e-05  3.3720166383e-04 -6.7978123724e-04 -1.0513691299e-04 -1.4482676953e-05  1.2713107295e-05 -1.2295306862e-05 -3.6122780251e-05 -1.2820405815e-05 -7.4616995058e-04 -5.6845462438e-05  5.5147085636e-04

JOB 1
COORDS  3.1934833393e+00 -6.2204199127e-01 -2.8667486576e+00  4.5273174979e+00 -4.9016138834e-01 -2.4711560199e+00  2.1796979174e+00 -2.6759713583e-02 -2.1137862974e+00  4.8371657288e+00  2.3789921988e-01 -1.3202779880e+00  2.4595050505e+00  7.1814045509e-01 -9.5807517546e-01  3.8082444213e+00  8.3029103753e-01 -5.8619308590e-01 -6.5319153499e-02  8.0758291473e-01 -4.0589186671e-01  1.3399516141e+00  2.9174980125e+00 -4.2372821672e-01 -7.9685676682e-01  1.5800732397e+00 -1.2213220795e+00  6.2833758887e-01  3.3677394627e+00 -1.4748417207e+00  1.3466992929e+00  1.3860476404e+00 -1.5454855590e-01 -1.1826031721e-02  2.2971318983e+00 -2.1915842965e+00  4.2623708244e+00  1.7358734792e+00  8.6345994714e-01  2.9417622543e+00 -1.1894303915e+00 -3.7589421749e+00  5.3250818192e+00 -9.5208317729e-01 -3.0466624398e+00  1.1429287139e+00 -1.3106352718e-01 -2.4149546761e+00  5.8652850845e+00  3.4641792827e-01 -9.8943604073e-01 -5.1325426516e-01  1.4377065977e-01  3.2808045824e-01  1.8908241196e+00  3.5727348536e+00  2.4094425779e-01 -1.8596100957e+00  1.4564347168e+00 -1.4205491712e+00  5.6324833103e-01  4.3896383427e+00 -1.8339786880e+00  1.5767684765e+00  1.2365214135e+00  9.0433753687e-01 -6.2328913974e-01  2.6778620019e+00 -2.9113084884e+00
ENERGY -9.401225991458e+02
GRADIENT -2.5776095964e-05 -2.7321209024e-05 -5.2962464541e-05  6.4913498085e-05 -2.2684720745e-05 -2.8040100118e-05 -2.1363077619e-05  7.3903896265e-07 -8.8571203634e-06 -2.4113150796e-04 -4.2878101174e-05 -9.2560089036e-05  1.1097856330e-04 -2.9417507125e-05 -5.7648855788e-05  7.1999188230e-05  1.2667719539e-04  2.3901274020e-04 -1.8686433953e-03 -2.7841382377e-02 -2.4376234969e-02  2.9059098160e-05  2.1098295116e-04  3.4161483963e-04 -4.4592203215e-03  4.6517242110e-02  3.2623788664e-02 -2.7132416778e-02  2.0230573316e-02 -5.6923713318e-03  3.3035493690e-04 -7.3783893887e-04 -2.6175463895e-04  3.4122855623e-02 -3.8403828710e-02 -2.1477770867e-03  4.3169396291e-05  6.1786968853e-05  1.0560129543e-04  3.8284130256e-06 -2.2315110974e-06 -3.7424990185e-06 -1.0125290019e-05 -1.3339574985e-05 -1.6929095860e-05 -2.3720443598e-06 -7.2543046262e-06 -1.3808969729e-05 -3.8184959900e-05  5.0051894307e-06  6.7929308081e-06 -3.4195585951e-04 -2.6513538552e-04 -4.2768584690e-04 -3.0763626104e-05  4.5228981009e-05 -5.5495089705e-05 -4.6448165010e-05  3.1362471742e-04 -4.5532072948e-04 -1.0386782902e-04  4.4467545131e-06  1.8372050581e-05  2.2181003974e-05 -1.0156079405e-05  7.3932343226e-06 -5.0302358829e-04 -1.0165741980e-04  3.5639536069e-04

JOB 2
COORDS  3.1940043511e+00 -6.0295090439e-01 -2.8595267356e+00  4.5262154339e+00 -5.0303303677e-01 -2.4496324334e+00  2.1836922989e+00  1.7662711153e-03 -2.1089882865e+00  4.8390952457e+00  2.0568517841e-01 -1.2874051370e+00  2.4669154918e+00  7.2461282427e-01 -9.4039338748e-01  3.8142105374e+00  8.0873987557e-01 -5.5648330580e-01 -4.0708565298e-02  8.5354718133e-01 -3.9743565000e-01  1.3563108829e+00  2.9225188438e+00 -4.5328410686e-01 -8.0757151626e-01  1.5307244682e+00 -1.2650959872e+00  6.1808433469e-01  3.3670384619e+00 -1.4835538527e+00  1.3597013834e+00  1.4157297393e+00 -1.4376854835e-01 -1.2993958169e-01  2.3758965556e+00 -2.1927232018e+00  4.2719234800e+00  1.6966366451e+00  9.0327086950e-01  2.9404152766e+00 -1.1532492053e+00 -3.7618240993e+00  5.3203399699e+00 -9.7335969109e-01 -3.0233545478e+00  1.1484707105e+00 -7.9872325348e-02 -2.4226602658e+00  5.8660615089e+00  2.9162408943e-01 -9.4638756586e-01 -4.7239288942e-01  1.4402054773e-01  3.0161667101e-01  1.9578911236e+00  3.5912935249e+00  1.5130474322e-01 -1.8470592555e+00  1.2935783360e+00 -1.4773600581e+00  5.9390297254e-01  4.3897104431e+00 -1.8461804089e+00  1.5923448650e+00  1.2829424022e+00  9.1662537077e-01 -7.8383503850e-01  2.8079395136e+00 -2.8394063466e+00
ENERGY -9.401418873068e+02
GRADIENT  6.7952059929e-05  1.2096864337e-04  2.0220693816e-04  1.3655414352e-04 -8.9919971589e-05 -1.1294437432e-04 -2.2533433592e-04 -3.3048761044e-05 -9.7657637194e-05 -1.3042846238e-04 -9.7125680093e-06 -4.1111733425e-05  1.5151295677e-04 -5.5162953545e-05 -9.7786416686e-05  6.5175972681e-06  4.7625753533e-05  7.7029178734e-05  2.7368341993e-03 -1.8374906007e-02 -1.6252851312e-02  5.9288086716e-05  1.3947853324e-04  1.0912613674e-04 -9.5905425127e-03  3.2261770881e-02  2.3589346735e-02 -1.7818942205e-02  1.3374142557e-02  5.2684163204e-04  8.6912251884e-05 -1.0935755903e-04 -1.2387151631e-04  2.5158279221e-02 -2.7271188741e-02 -7.5592118393e-03 -2.2772916514e-05  2.5897835137e-05  2.8822502519e-05  3.8892663297e-06  1.5458026698e-05  2.3301971187e-05  2.1354900301e-05 -8.7287520776e-06 -4.1519649890e-06 -4.0392046488e-06 -9.8347762119e-06  2.1629813912e-06 -1.7830905658e-05 -5.5877726141e-06 -5.9869176851e-06 -2.7366976393e-04 -8.8962582967e-05 -2.4535166423e-04 -2.9878081868e-05  4.3479018920e-05 -1.5875482560e-05 -4.6061056670e-05  1.0010408738e-04 -2.0437880920e-04 -4.0345947004e-05  1.7388215610e-05  1.3527230286e-05  3.3127324191e-05  2.2604610763e-05 -1.1554122735e-05 -2.5446636078e-04 -6.7007105181e-05  2.3393272151e-04

JOB 3
COORDS  3.2158306004e+00 -5.9077425586e-01 -2.8466964582e+00  4.5411361774e+00 -5.3059506736e-01 -2.4071556760e+00  2.2072537408e+00  3.3820548753e-02 -2.1104030518e+00  4.8488492373e+00  1.5959956624e-01 -1.2324876560e+00  2.4841327629e+00  7.3498859350e-01 -9.2728053488e-01  3.8249683354e+00  7.8223146815e-01 -5.1635492487e-01 -1.4994616594e-02  8.8947584424e-01 -4.0054983019e-01  1.3728930093e+00  2.9387232649e+00 -5.1135915003e-01 -8.2767269090e-01  1.5024694803e+00 -1.2753935917e+00  5.7544911531e-01  3.3883916482e+00 -1.4926998833e+00  1.3757598522e+00  1.4534619009e+00 -1.5397431418e-01 -2.9311577060e-01  2.4780697121e+00 -2.1497469226e+00  4.2769484760e+00  1.6530135792e+00  9.5577033446e-01  2.9670607197e+00 -1.1246063413e+00 -3.7601708657e+00  5.3344644237e+00 -1.0162661243e+00 -2.9690318458e+00  1.1768704653e+00 -1.6024993006e-02 -2.4474298717e+00  5.8709332182e+00  2.1708350811e-01 -8.7128558596e-01 -3.9826058403e-01  1.0735599011e-01  2.4697752119e-01  2.0486396026e+00  3.6092508077e+00  7.4480657314e-03 -1.8447577060e+00  1.1776958756e+00 -1.4762210364e+00  5.7866130437e-01  4.4110585810e+00 -1.8567686957e+00  1.6062791061e+00  1.3500596144e+00  9.1055472631e-01 -1.0075962047e+00  2.9493079162e+00 -2.6939923435e+00
ENERGY -9.401536190920e+02
GRADIENT -8.7029219085e-06 -1.6172822400e-05 -2.0357854427e-05 -1.8046593160e-05  1.1042707651e-05  1.5708285702e-05  2.2048954264e-05  8.5053759208e-09  2.5431356430e-05  1.2803202695e-05  3.0638467701e-06  9.1191698021e-06 -1.8306949288e-05  8.8709029050e-06  1.9817249185e-05 -2.4432181318e-06  7.6572777789e-06 -9.2738797920e-06  3.5043907189e-03 -1.0066443066e-02 -9.8238466619e-03  1.0055984947e-04  5.4094169666e-05  7.5546802667e-05 -8.8443245264e-03  1.8433450309e-02  1.5761709687e-02 -1.0160836685e-02  7.4093023793e-03  3.2565585609e-03  5.0128862047e-05  1.4970881940e-04 -1.4513613665e-04  1.5716063826e-02 -1.5979745518e-02 -9.0563647189e-03 -7.2422038646e-08 -1.0014331076e-06 -2.7631765096e-07 -2.2367473794e-06 -2.4480728203e-06  1.4651768582e-06 -3.6970092924e-06  9.6184051403e-07  3.8852960796e-06 -4.8164640561e-06  1.5863564057e-06  6.0276350451e-06  1.6929796396e-06  1.7148273168e-06  4.1532370437e-06 -1.5168579489e-04 -3.6390921799e-05 -1.1046723486e-04 -6.6981713326e-06  7.9234540447e-06 -8.3390185307e-06 -4.1538149221e-05  4.9391823327e-05 -6.5666911940e-05 -3.3726491485e-05  7.8164977353e-06  4.1963377407e-06 -3.5906850728e-06  9.5397494126e-06  8.7103217676e-06 -1.1157215794e-04 -2.9530451299e-05  1.2678028684e-04

JOB 4
COORDS  3.2551209449e+00 -5.9724528622e-01 -2.8244400145e+00  4.5688936013e+00 -5.7014176634e-01 -2.3481990028e+00  2.2430721973e+00  5.2367795137e-02 -2.1152242882e+00  4.8614118675e+00  1.1287567664e-01 -1.1654552443e+00  2.5038629739e+00  7.4369802670e-01 -9.2295877278e-01  3.8336944959e+00  7.5924154272e-01 -4.7600691432e-01  7.5254261170e-03  9.0980236891e-01 -4.2559370852e-01  1.3863182986e+00  2.9550513493e+00 -5.8888257509e-01 -8.5683591584e-01  1.4939331991e+00 -1.2716025042e+00  5.1295436997e-01  3.4259427360e+00 -1.4929156976e+00  1.3877672381e+00  1.4884272659e+00 -1.8329367808e-01 -4.7595135074e-01  2.5951949288e+00 -2.0578611098e+00  4.2680658749e+00  1.6244303005e+00  1.0048589891e+00  3.0185796620e+00 -1.1239101084e+00 -3.7452966052e+00  5.3653603858e+00 -1.0745934684e+00 -2.8886769481e+00  1.2211775930e+00  3.0064095859e-02 -2.4816016670e+00  5.8749615305e+00  1.4707209453e-01 -7.7814521627e-01 -3.0763684257e-01  4.1351451852e-02  1.4422046022e-01  2.1441182309e+00  3.6117421095e+00 -1.7546506000e-01 -1.8511321668e+00  1.0994780804e+00 -1.4596465037e+00  5.3458736386e-01  4.4489353773e+00 -1.8559393483e+00  1.6126691777e+00  1.4180092380e+00  8.8591205940e-01 -1.2485274871e+00  3.0958826901e+00 -2.4796468977e+00
ENERGY -9.401596826883e+02
GRADIENT  1.3079558037e-04 -2.0236064850e-05  2.0101725654e-06 -9.1079953982e-05 -3.4976062882e-05 -7.4513504274e-05 -9.1513069517e-05  3.3860324998e-05  1.0247381220e-04 -9.0821763062e-06  6.8426551298e-05  1.0948711422e-04 -6.2087921378e-05  1.6194789033e-05 -1.3182966711e-04  1.1371625392e-04 -4.1851603605e-05  1.9166819131e-05  2.2201611694e-03 -3.9890593553e-03 -4.7319039829e-03 -1.9203120026e-05 -7.8545002668e-05  6.7692481134e-05 -5.0481771180e-03  7.5196059299e-03  8.3326953731e-03 -4.1812888766e-03  3.1040535005e-03  2.8432139494e-03  5.2083397331e-05  1.8077259955e-04 -5.8420472737e-05  7.1007545416e-03 -6.7458241370e-03 -6.4491493465e-03 -1.4985471691e-05 -1.0695033522e-05 -1.8625051414e-05 -1.5651757643e-05  7.0403855268e-07  8.4024156733e-06  9.3202257330e-06  6.3182987589e-06  1.4412923149e-05  1.3497313494e-06  6.3456189772e-07 -2.0090263645e-05  5.3952439987e-06 -7.1904513967e-06 -8.5562790272e-06 -7.5523241353e-05  4.6546848421e-06 -3.7052316393e-05 -6.6606588966e-06  6.1988805889e-06 -2.1809975192e-05 -1.3423655123e-05 -1.6776176524e-06 -1.1330369580e-05  1.9114996473e-05  1.0969134647e-05  8.0945258900e-06  1.7375486821e-05 -6.8451968613e-06  6.8252260745e-06 -6.8325165481e-05 -1.5990591317e-06  5.6858692818e-05

JOB 5
COORDS  3.3196621447e+00 -6.3126561517e-01 -2.8113052328e+00  4.6221155145e+00 -6.2283088834e-01 -2.3033823253e+00  2.3029777113e+00  3.9830972870e-02 -2.1300164364e+00  4.8977504786e+00  6.2745188945e-02 -1.1183488497e+00  2.5458698379e+00  7.3165915999e-01 -9.3423229609e-01  3.8643987054e+00  7.2901710623e-01 -4.5598187237e-01  5.0709984140e-02  8.9745345211e-01 -4.7071169938e-01  1.4226655299e+00  2.9483315423e+00 -6.8227264753e-01 -8.7179409859e-01  1.4870866277e+00 -1.2505916161e+00  4.6383609203e-01  3.4563867439e+00 -1.4736921101e+00  1.4202323635e+00  1.4976551973e+00 -2.2938393114e-01 -6.3652570863e-01  2.7015240933e+00 -1.9019398529e+00  4.2793682331e+00  1.5993547933e+00  1.0275538031e+00  3.0969496168e+00 -1.1586796355e+00 -3.7351838633e+00  5.4228517573e+00 -1.1429623907e+00 -2.8222611758e+00  1.2897412524e+00  3.5867087883e-02 -2.5216289963e+00  5.9026743394e+00  8.4416945050e-02 -7.0831060602e-01 -1.8607114824e-01 -5.5534803063e-02 -7.2796022334e-03  2.2611447931e+00  3.5745132799e+00 -3.9568144413e-01 -1.8457992427e+00  1.0419480207e+00 -1.4312053566e+00  4.9494259779e-01  4.4794324299e+00 -1.8362130109e+00  1.6387808717e+00  1.4594139304e+00  8.4381094366e-01 -1.4512490097e+00  3.2202374383e+00 -2.1999527704e+00
ENERGY -9.401616111491e+02
GRADIENT -1.0147950770e-05  3.9697940492e-06  8.6030477399e-07 -2.7528701769e-05  2.7364833459e-05  2.9345644782e-05 -6.0583456129e-05  8.9777065191e-06 -3.1056076346e-05  3.2108992856e-05 -8.7472201535e-06 -1.8927081522e-06  6.2486881948e-05 -4.4747576832e-05 -4.2790234533e-05 -9.6830728740e-06  1.1784904507e-05  2.4802897677e-05  1.5914236559e-04 -2.5805630859e-04 -4.0938011681e-04  1.6789749469e-05 -4.6178978780e-05 -4.7964507714e-05 -3.3670895668e-04  4.3255282369e-04  6.6223665985e-04 -2.7255728319e-04  2.4211411639e-04  2.7328584361e-04 -3.8480459884e-05  4.6935828424e-05  5.1847913167e-05  4.4163416631e-04 -4.0671488284e-04 -5.7896196424e-04  7.7721851600e-06  8.5079228468e-06  1.5524654667e-05 -8.0730703442e-06  7.0897606015e-06 -1.7737906388e-06 -6.1051411896e-06  3.8951357552e-06  1.9998641626e-06 -1.3837589360e-05 -1.3696044052e-06 -8.3801943035e-06 -4.0334421990e-06  3.4687375270e-06  6.7029262954e-06 -7.7528289727e-06  1.7005075424e-05  1.6853677274e-05 -1.3366522276e-05  6.1920520826e-06  8.9183832669e-06  3.1139634526e-06 -4.4334401665e-06 -1.3391837142e-05  1.0831863259e-05  6.6330637320e-07 -1.6404166699e-05  1.0365305591e-06 -1.5458644510e-05 -8.4081678656e-06 -5.5863966262e-06  1.5934600464e-05  2.6302177319e-05

JOB 6
COORDS  3.6562080485e+00  4.4360627446e-02 -3.1856915731e+00  4.5220842655e+00 -7.1593806804e-01 -2.3938418103e+00  2.7211338054e+00  8.8671334451e-01 -2.5822588584e+00  4.4418330705e+00 -6.3028863801e-01 -1.0022962325e+00  2.6217495545e+00  1.0029371717e+00 -1.1880847896e+00  3.4974443650e+00  2.1974393490e-01 -4.2224355772e-01  3.1565632421e-01  1.0796732131e+00 -2.3888163168e-01  1.1821506781e+00  3.0818655323e+00 -1.4296489359e+00 -8.7286417916e-01  1.2974610823e+00 -8.2972642155e-01 -4.7056408546e-02  3.2490149197e+00 -1.9508306694e+00  1.5563483404e+00  1.9032817082e+00 -5.5223292438e-01 -1.0902680881e+00  2.3701452060e+00 -1.6900794647e+00  3.4250386583e+00  2.6760878831e-01  1.3446751326e+00  3.7089638309e+00 -2.0254530139e-02 -4.2694072593e+00  5.2555855700e+00 -1.3751577440e+00 -2.8503398683e+00  2.0434412483e+00  1.4777379540e+00 -3.1923822701e+00  5.1015689481e+00 -1.2153190850e+00 -3.6904327192e-01  4.1845613210e-01  2.4058475082e-01  4.4127297961e-01  1.9474909593e+00  3.8178256471e+00 -1.6570565286e+00 -1.7383498423e+00  6.7273229002e-01 -6.3141194849e-01 -2.9529301645e-01  4.0991290282e+00 -2.5792076820e+00  1.9859630321e+00  2.2792135735e+00  3.8446333623e-01 -2.0028116838e+00  2.5288530349e+00 -2.0850830331e+00
ENERGY -9.401607549522e+02
GRADIENT -5.4357920802e-05  3.9364126641e-05  1.2350266775e-04 -7.7391399840e-05  6.2762864982e-05  9.8597023744e-05 -1.7890562294e-04 -7.2472480300e-05 -2.3972688998e-04  1.8286336585e-04 -1.8469080130e-04  7.5280763117e-05 -4.6658002053e-06  1.9498897534e-04  8.8085569721e-05 -7.7156959960e-05  2.9338969944e-05 -8.9129166694e-05 -1.4320835920e-04  1.0787418970e-03  1.6866970953e-03 -3.0765748826e-04  2.1753027018e-04  2.9724965350e-04  5.7713411987e-04 -2.1682480121e-03 -2.8543254591e-03  1.0327701458e-03 -1.1729917557e-03 -1.3221675617e-03  9.5928658107e-05 -3.6142625969e-05 -3.5008373457e-04 -1.0544161083e-03  2.0292215842e-03  2.5095983725e-03 -8.9768439375e-05 -3.7018143375e-05 -9.4878074641e-05 -1.2004760802e-05  3.5548773980e-06  6.0825605818e-06 -2.8882935565e-06  2.7840203725e-06  2.1736353924e-05  1.8119116739e-06  6.5961795915e-05  1.3606653277e-05  1.2372980204e-05 -9.1542086959e-06  1.3629015004e-05 -1.5554197281e-06 -7.0959922813e-05 -3.6644647352e-05 -1.7646584188e-05 -4.2712448510e-05 -6.9054328171e-05  3.3888574971e-07  1.7332927431e-05  6.0104405425e-05 -4.1673774172e-06  6.3691737920e-05  8.9243055645e-05  2.3994774944e-05  9.2997210581e-05 -8.8313231092e-05  1.2729735204e-05 -1.1535787919e-04  2.4135369429e-06

JOB 7
COORDS  3.7362833079e+00  6.7825991950e-03 -3.1642526708e+00  4.6234906815e+00 -6.9813469106e-01 -2.3451465988e+00  2.7623965460e+00  8.2527168256e-01 -2.5904127827e+00  4.5234408001e+00 -5.8185327358e-01 -9.5734864719e-01  2.6441766473e+00  9.7346408713e-01 -1.2004603452e+00  3.5403338433e+00  2.4370533934e-01 -4.0624539399e-01  2.9730552950e-01  1.0147624731e+00 -3.5507532220e-01  1.1948851109e+00  3.0298063161e+00 -1.4944886921e+00 -9.2388456265e-01  1.3826514618e+00 -7.7387830337e-01 -6.5650629972e-02  3.3418575320e+00 -1.8382308951e+00  1.5430836193e+00  1.8523289747e+00 -6.0450307578e-01 -1.1742700049e+00  2.6199177501e+00 -1.3830196791e+00  3.4453687232e+00  3.2776828085e-01  1.3571245454e+00  3.8023418487e+00 -8.2737104414e-02 -4.2453870897e+00  5.3878070846e+00 -1.3383187273e+00 -2.7775140004e+00  2.0650574937e+00  1.3692032751e+00 -3.2221031841e+00  5.1980975323e+00 -1.1255116943e+00 -3.0338357714e-01  4.1594001718e-01  6.6108309867e-02  1.5835276172e-01  2.0035278032e+00  3.6654517388e+00 -1.8432273367e+00 -1.8007232844e+00  7.6586108131e-01 -6.0041071720e-01 -2.9600330428e-01  4.2071202053e+00 -2.4529704660e+00  1.9248891111e+00  2.2280731250e+00  3.5392194918e-01 -2.0145128562e+00  2.6844517320e+00 -1.9421897329e+00
ENERGY -9.401603795051e+02
GRADIENT -1.0543325012e-05  1.0758242908e-05  1.0884673238e-04  8.3041597100e-05 -6.9608079436e-05 -4.6785455974e-05 -1.2747759063e-05  1.1639711358e-05 -3.2696346294e-05 -4.0251174619e-05  3.1667000976e-05 -2.9639822350e-05 -1.1306086087e-05 -2.0822531634e-05 -4.1012524657e-08  1.2366595952e-05 -6.0238965335e-07 -2.2593324115e-05 -3.8345237826e-04  7.8792944608e-04  2.0003338734e-03 -1.1766450733e-05 -4.3033006396e-05 -7.5466690934e-06  4.6538711928e-04 -1.7730631603e-03 -3.8455661655e-03 -5.0297997625e-05 -9.6107865042e-04 -1.6804989916e-03 -3.9166392164e-05  1.8061063559e-04 -5.6170436879e-05  3.2597140752e-05  1.8999365334e-03  3.5738138964e-03  6.1843627960e-07 -5.5350303271e-06  3.0380385064e-06  4.8369456056e-06 -4.9131617154e-06  1.1785947031e-05  1.0799882251e-05 -8.8538457544e-06 -1.5178783227e-06 -5.2282406156e-06 -2.2009090879e-07  5.2235710406e-06  9.6721433534e-07 -1.7884573375e-06 -1.0242279798e-05  1.9570612643e-05  1.0225333146e-05  1.6910025186e-05 -3.9852609351e-06  7.8766923662e-07  2.0096612359e-05 -3.4766919657e-06  6.4872850262e-07  1.9247628567e-06 -1.9923324984e-06 -9.8239946255e-06 -1.7938001726e-05  6.5004027231e-06 -1.6677175056e-05 -2.7921844878e-06 -5.8894666428e-05 -5.7077997496e-05  1.0346256871e-06

JOB 8
COORDS  3.7152292813e+00 -2.4535344523e-02 -3.1332958639e+00  4.6019358418e+00 -6.7989142511e-01 -2.2735681651e+00  2.7064649977e+00  7.8274128256e-01 -2.6059824189e+00  4.4654648242e+00 -5.2746175213e-01 -8.9258184865e-01  2.5519280361e+00  9.6854151863e-01 -1.2236476642e+00  3.4470698579e+00  2.8521342758e-01 -3.8788014216e-01  1.7039811085e-01  9.7400900186e-01 -4.7734060970e-01  1.0730847901e+00  2.9921051325e+00 -1.5969996117e+00 -1.0538902915e+00  1.4352043419e+00 -7.7244855707e-01 -1.9040754737e-01  3.4108969745e+00 -1.7692985581e+00  1.4162171166e+00  1.8298936427e+00 -6.8101189391e-01 -1.2722706589e+00  2.7827946630e+00 -1.1231308476e+00  3.3056841565e+00  4.1269308236e-01  1.3686863220e+00  3.8082817071e+00 -1.4404093163e-01 -4.2094857853e+00  5.3937003807e+00 -1.3102420562e+00 -2.6693817182e+00  2.0080043654e+00  1.2843310049e+00 -3.2705001832e+00  5.1385892820e+00 -1.0336025025e+00 -2.0770340128e-01  2.9465903594e-01 -5.6209747159e-02 -1.6091289359e-01  1.8815879807e+00  3.5295300122e+00 -2.0828865940e+00 -1.9482276107e+00  8.3216308584e-01 -6.4657484337e-01 -4.3980308995e-01  4.2817157469e+00 -2.3680726314e+00  1.7463931210e+00  2.2272701466e+00  2.8813937951e-01 -2.1700924447e+00  2.9564240768e+00 -1.5594608166e+00
ENERGY -9.401577462961e+02
GRADIENT  2.8761521101e-06  1.2837773945e-07  2.0380493301e-05  5.2172029359e-06 -2.7337732856e-06 -8.2872360996e-06  2.5656024392e-05  7.6979949778e-06  3.7989076833e-06  1.2229367037e-05 -8.0488685295e-06  2.1722393445e-05 -4.0035565807e-05  3.3101822621e-05  1.2645313655e-05  6.1638775488e-06 -3.4344710698e-05 -3.3729363679e-05 -8.5027603580e-04  1.6308884177e-03  7.0870138997e-03  2.7625187023e-05 -6.4898606986e-05  3.6031331655e-05  4.4074473456e-04 -3.4701066381e-03 -1.3265844347e-02 -2.0559301378e-03 -2.2940101394e-03 -5.8027910493e-03 -8.1163295356e-05  3.0098920695e-04 -1.8038153209e-04  2.5723938547e-03  3.9602015028e-03  1.2151390937e-02  1.7472763876e-06 -2.2188682547e-06 -2.1155358344e-05  2.3377511026e-06  9.0745683588e-08  2.2127714863e-06  3.2513510325e-06 -6.4613354993e-07  3.5497562169e-06  2.0705432359e-06 -3.3196901958e-06  4.5661037795e-06  6.2933780088e-06 -4.4156936418e-06 -5.5426652800e-07 -4.6044525740e-05 -4.0911834695e-07  2.2876381621e-05  8.3542663617e-06 -1.0329138962e-09  1.7712606347e-05 -1.6477492515e-05  1.4236265379e-05  1.1516459618e-05 -4.8853251758e-06  7.2259411296e-06  1.5334887230e-05 -2.1444576839e-06  1.7923587388e-05  9.6730960546e-07  6.6061082976e-06 -1.1175815098e-04 -7.5830932362e-05

JOB 9
COORDS  3.7634845986e+00 -7.5967999232e-02 -3.1172009507e+00  4.6745923942e+00 -6.6516099484e-01 -2.2351662453e+00  2.7197354816e+00  7.0322242099e-01 -2.6172890793e+00  4.5261688716e+00 -4.7569400138e-01 -8.6035886938e-01  2.5512506790e+00  9.2514733243e-01 -1.2409957109e+00  3.4714032685e+00  3.0682946664e-01 -3.8207673738e-01  1.2942643875e-01  8.7342207988e-01 -6.0651111199e-01  1.0479690125e+00  2.9338935140e+00 -1.6410332924e+00 -1.0741583738e+00  1.4307639859e+00 -7.9480073426e-01 -1.9299035977e-01  3.4458060827e+00 -1.6485894108e+00  1.3782681353e+00  1.7494440646e+00 -7.3649302784e-01 -1.1924147751e+00  2.8423256785e+00 -8.4517235204e-01  3.3209215860e+00  4.8046382823e-01  1.3687879452e+00  3.8649677612e+00 -2.2480817995e-01 -4.1889210410e+00  5.4944682124e+00 -1.2724675604e+00 -2.6091095110e+00  2.0035255224e+00  1.1524845445e+00 -3.3000718058e+00  5.2182190061e+00 -9.3038372406e-01 -1.5852585023e-01  2.4011182533e-01 -2.0260597153e-01 -5.2717230290e-01  1.8347359297e+00  3.3901956179e+00 -2.2326030124e+00 -2.0025998701e+00  8.6904969671e-01 -7.4845097280e-01 -4.7532846707e-01  4.3381521830e+00 -2.1983007221e+00  1.6412625160e+00  2.1406383206e+00  2.5504562890e-01 -2.1270508438e+00  3.1487544840e+00 -1.0930253754e+00
ENERGY -9.401516276448e+02
GRADIENT -9.7063257345e-06  6.1580785479e-06 -2.2769701816e-05  2.9042127491e-05 -2.2917077618e-05 -5.3560774570e-06  5.8627435960e-05 -4.9734106148e-05  4.7934748751e-05 -2.7456866951e-05  1.9627982368e-05 -2.7363807082e-05 -8.0042770212e-05  6.0048286720e-05  3.5934634387e-05  9.1765816251e-06  1.7841529073e-06 -1.4285063303e-05 -2.5985551878e-03  5.5839623450e-05  1.4535968279e-02 -1.2856636452e-04 -1.0573226958e-05  2.6565839390e-05  4.9938143832e-04 -5.9855111696e-04 -2.4710881534e-02 -7.9695660751e-03 -5.0040096678e-04 -1.0223848692e-02  1.7450463066e-04 -2.5547589946e-04 -7.8828837402e-05  9.7792644289e-03  1.2031354100e-03  2.0409111623e-02  4.2003192307e-06  6.8202242765e-07 -5.9149593199e-06  5.7792522025e-06 -8.5971679750e-06 -1.0605720935e-06 -4.4457217470e-07 -2.3326544899e-06 -5.1655202683e-06  2.9397984008e-06 -5.6613095869e-06  9.7076709564e-06 -7.3063279359e-07  6.1029227548e-07 -5.0041807873e-06  1.2625010851e-04  1.7818064115e-05 -7.1416471625e-05  1.9076575674e-05 -1.5328667483e-05  1.5747505319e-05  7.8506353131e-05 -1.0096743697e-04  4.7420244987e-05  7.5097712082e-06  1.8752427693e-05  2.5125863229e-05 -3.0963018018e-05  1.9305743162e-05  1.0762289358e-06  1.7412915241e-05  1.3809952273e-04  3.4477331077e-06

JOB 10
COORDS  3.7290876914e+00 -1.6494638123e-01 -3.0896888268e+00  4.6940585723e+00 -6.3967761385e-01 -2.1953113007e+00  2.6562376230e+00  5.8762421335e-01 -2.6128268630e+00  4.5713182532e+00 -3.6199272924e-01 -8.3349518839e-01  2.5088172771e+00  8.9273151578e-01 -1.2488148143e+00  3.4858172773e+00  3.9218395987e-01 -3.7670056365e-01  3.6903549831e-02  8.1562987124e-01 -7.6538468443e-01  1.0342751871e+00  2.9252287593e+00 -1.6582233850e+00 -1.1169585377e+00  1.4809513020e+00 -9.0421106357e-01 -1.6804554337e-01  3.5153364902e+00 -1.5498783895e+00  1.3048194472e+00  1.6884247811e+00 -7.8749695393e-01 -1.0828569007e+00  2.8858763582e+00 -6.5251628397e-01  3.3808308889e+00  6.8633218655e-01  1.3606772546e+00  3.8125794604e+00 -3.8092192500e-01 -4.1514645488e+00  5.5377197695e+00 -1.2251997774e+00 -2.5505608756e+00  1.9008247394e+00  9.5315422625e-01 -3.3037857552e+00  5.3076150993e+00 -7.2567316797e-01 -1.2372357231e-01  1.1163830736e-01 -2.5686316669e-01 -9.1044690650e-01  1.8091397441e+00  3.3107963715e+00 -2.3117941229e+00 -2.0915257525e+00  1.0050503712e+00 -9.7127541635e-01 -4.6626999931e-01  4.4367414406e+00 -2.0393324111e+00  1.4837623484e+00  2.0488420605e+00  2.3347448522e-01 -2.0076676554e+00  3.3012437265e+00 -7.1374914326e-01
ENERGY -9.401406686709e+02
GRADIENT  2.0299236364e-05 -4.3613684199e-05 -1.9849574344e-04 -1.4068871875e-04  9.9952429152e-05  7.4251278752e-05 -5.7965862152e-05 -2.2559864763e-05 -2.8362490647e-06  1.2332566845e-05 -1.2949738202e-05 -3.2089298010e-05  1.8047085959e-04 -1.2021918481e-04 -5.7757323112e-05 -2.4754005058e-06  1.1988084877e-04  1.4201438985e-04 -5.7620197187e-03 -4.8793407059e-03  2.3398362131e-02 -1.0951477573e-04 -1.8591367819e-05  1.5167007105e-04  2.3948692020e-03  7.3267927887e-03 -3.6833585760e-02 -1.6071361977e-02  3.5592952936e-03 -1.3774650340e-02  1.1661322463e-04  3.1377992098e-05 -1.9335537413e-04  1.8878662888e-02 -6.0907705224e-03  2.7115516588e-02 -1.7208355658e-06  2.0659931939e-05  9.6312617034e-05 -1.0535827528e-05  8.5129424389e-07 -2.1327056933e-05 -1.9216588007e-05  1.1201499911e-05 -7.8565667771e-06  4.9949790552e-06  1.5102409089e-06 -2.3474651964e-05 -1.9140296771e-05  1.5783341944e-05  1.7183741545e-05  1.3496582261e-04  5.7312027365e-05 -1.2976054564e-04  2.1936096505e-05 -3.2845321895e-05  2.2760932816e-05  2.0131010975e-04 -3.8472679162e-04 -8.2674263400e-05  4.9903867171e-05  2.4839953726e-05  2.3514418432e-05  3.2156989173e-05 -6.1732867281e-05  1.5412730241e-05  1.5495009900e-04  4.1281045253e-04  2.7306872787e-04

JOB 11
COORDS  3.7561181319e+00 -1.9611824034e-01 -3.0756522534e+00  4.7238711610e+00 -6.3047736369e-01 -2.1639512874e+00  2.6659523391e+00  5.4768828881e-01 -2.6249948595e+00  4.5862757904e+00 -3.2103762567e-01 -8.1046953822e-01  2.5026208579e+00  8.8382745657e-01 -1.2697551684e+00  3.4836104029e+00  4.2349639486e-01 -3.7967507815e-01  1.2706375870e-02  7.7712252880e-01 -8.2425851498e-01  1.0179034720e+00  2.9162198119e+00 -1.7159351058e+00 -1.0984985949e+00  1.5074162534e+00 -9.7934470942e-01 -1.6464335860e-01  3.5334201564e+00 -1.5260199735e+00  1.2830225725e+00  1.6666901958e+00 -8.3821747398e-01 -9.5401985398e-01  2.8687958211e+00 -5.2236797371e-01  3.3622716990e+00  7.6096443720e-01  1.3479754932e+00  3.8509691827e+00 -4.3663058387e-01 -4.1311521426e+00  5.5807829449e+00 -1.2085367980e+00 -2.4991187169e+00  1.9096954499e+00  8.8137090052e-01 -3.3310777626e+00  5.3245282259e+00 -6.5249056067e-01 -8.7074524861e-02  7.7139877574e-02 -2.7957889376e-01 -1.0646844280e+00  1.7608047169e+00  3.2540523725e+00 -2.4301662341e+00 -2.1052426342e+00  1.1169666870e+00 -1.1079654921e+00 -5.1128615535e-01  4.4508170461e+00 -1.9899080466e+00  1.4253826263e+00  2.0445151707e+00  1.8236711032e-01 -1.8714104412e+00  3.3053585063e+00 -4.5376951034e-01
ENERGY -9.401225958439e+02
GRADIENT -7.1926247358e-06  1.0447321230e-05  2.2370775366e-05  7.1955545473e-06 -1.8956447174e-06  1.3051962728e-05 -2.8823374526e-05  6.4998572995e-06 -4.8431649738e-05  1.3844273809e-05 -5.2398594315e-06 -1.0711027502e-05  4.7275427720e-05 -3.3765307592e-05  3.1973835505e-07 -4.2757953314e-06  1.0228867973e-05  1.6263677508e-05 -9.9249890698e-03 -8.4347587455e-03  3.3110155689e-02  1.9751958348e-04 -2.3199102029e-05 -3.4211163253e-04  6.9653031124e-03  1.5208200028e-02 -5.1593325429e-02 -2.7089499749e-02  7.5726103617e-03 -1.6638240397e-02 -2.6586879832e-05 -2.0113538736e-04  5.8577261195e-04  3.0957788932e-02 -1.4089054773e-02  3.4879869858e-02  1.8919201530e-06  5.9822134865e-06  8.2581719726e-06  8.3317788045e-07 -5.8979241498e-07  3.1478906019e-06  4.9441271720e-06  1.3292919062e-06  2.1116983440e-06 -1.0707457061e-06 -1.6412374551e-06 -6.0853554317e-06  2.3233591546e-06  4.2076221658e-06  3.0326160034e-06 -4.1725663074e-04 -1.1734764235e-04  2.9833066631e-04 -6.4116142653e-05  5.9489182689e-05 -2.9322945614e-05 -2.8167985218e-04  4.8271218381e-04  1.5770050888e-04 -4.6397166852e-05 -2.6242754791e-05 -2.0982108713e-05  2.9270915022e-06  2.8220196414e-06 -9.4872257737e-06 -2.3257984675e-04 -4.2167408872e-04 -4.1611969674e-04

JOB 12
COORDS  3.7214958006e+00 -2.0357396327e-01 -3.0693609739e+00  4.6966553497e+00 -6.3209886786e-01 -2.1629124018e+00  2.6346267593e+00  5.4271558079e-01 -2.6146583446e+00  4.5695195542e+00 -3.1485689122e-01 -8.1011599507e-01  2.4815461298e+00  8.8822934665e-01 -1.2602912982e+00  3.4699262349e+00  4.3183585395e-01 -3.7573323338e-01 -1.0134792612e-02  7.4099032853e-01 -7.8073740568e-01  9.9188985035e-01  2.9273140077e+00 -1.7233865054e+00 -1.0582477995e+00  1.5233629388e+00 -1.0597716758e+00 -1.9426513657e-01  3.5512712969e+00 -1.5184348457e+00  1.2657035724e+00  1.6698457788e+00 -8.2136061473e-01 -8.7533855789e-01  2.8397348596e+00 -4.6389405808e-01  3.3602482585e+00  7.7813570167e-01  1.3505286081e+00  3.8079254704e+00 -4.5059249567e-01 -4.1240857034e+00  5.5511666227e+00 -1.2117465264e+00 -2.5014197795e+00  1.8730485244e+00  8.7149559514e-01 -3.3171864007e+00  5.3134455662e+00 -6.4178705625e-01 -9.0458130225e-02  7.4769476829e-02 -3.0950265188e-01 -1.0450397956e+00  1.7300115845e+00  3.2389148146e+00 -2.4549501119e+00 -2.0725950009e+00  1.2067405332e+00 -1.2982185938e+00 -5.8007740319e-01  4.4555010351e+00 -1.9767483248e+00  1.4174487390e+00  2.0689444416e+00  1.8835990755e-01 -1.7971201659e+00  3.2500630235e+00 -3.1008011099e-01
ENERGY -9.400947246872e+02
GRADIENT  5.3562806975e-07  1.7284492123e-06  5.3417109554e-07 -3.8016266170e-05  2.7682231950e-05  1.3169994354e-05  6.6606219289e-05 -5.3521019429e-05  5.7359250329e-05  1.1694819563e-04 -4.4763488697e-05  1.3201340074e-04 -1.5938262351e-04  7.1920428762e-05  1.0229253239e-04  2.6125049846e-05 -3.0228444535e-05 -2.2937510125e-04 -2.2817753360e-02 -1.4166332708e-02  4.3394923664e-02 -5.0340623835e-06 -2.1311315635e-04 -6.1556105126e-04  2.2189524243e-02  2.3643408146e-02 -6.3875757920e-02 -4.2091217886e-02  1.3835743790e-02 -1.8233269624e-02  2.0489858730e-04 -7.0188950022e-04  1.2528349943e-03  4.3845913786e-02 -2.2356447868e-02  3.7757218652e-02  8.4144806582e-06 -1.6859064003e-05 -1.0343377657e-04  7.6752891056e-06 -3.7238281204e-06 -3.0484860686e-07  3.5612941160e-06  5.0922169546e-06  1.5876128700e-05  6.9864042809e-06 -4.6442591207e-07  2.2868825467e-05  2.7579706947e-05 -1.0669860550e-05  5.4048985716e-06 -4.9200842919e-04 -2.3928275182e-04  6.2788865768e-04 -1.2638997582e-05  7.1286151556e-05  1.7014310603e-05 -4.1652685267e-04  8.4777132246e-04  2.8096697010e-04 -9.4332771797e-05 -7.5373157828e-05 -7.7064433380e-05  3.6641590363e-05  4.3141366123e-05 -1.7440520883e-05 -3.5221280640e-04 -6.3935442765e-04 -5.4545608560e-04

