JOB 0
COORDS  5.7969711967e+00  7.1105965407e-01 -5.3960215732e-01  5.7071833220e+00  1.3110701335e+00  7.1929972844e-01  4.7031007838e+00 -9.9445534807e-03 -1.0195224626e+00  4.5214214924e+00  1.1628913500e+00  1.4464600902e+00  3.5621836357e+00 -9.9744900820e-02 -2.1626914704e-01  2.3738508685e+00 -8.9314680330e-01 -7.1580791696e-01  1.9791738923e-01 -1.8091067975e+00 -1.5016222891e-02  3.4670242917e+00  4.7352717502e-01  9.9557764782e-01  1.3004462068e+00 -8.7061639401e-01  1.1865563359e-01  2.4190107702e+00 -1.5070388126e+00 -1.7848437304e+00  6.7021575334e+00  8.0387463811e-01 -1.1340894789e+00  6.5331141104e+00  1.8812480374e+00  1.1346476336e+00  4.7035468271e+00 -5.0329713843e-01 -1.9855225610e+00  4.4162294447e+00  1.6156919531e+00  2.4309939886e+00 -7.3799613394e-01 -1.3331134619e+00  2.9133840793e-01  3.5764941905e-01 -2.7073698216e+00  5.9507016237e-01  1.2215233996e-01 -2.1078507095e+00 -1.0611321263e+00  1.4580383612e+00 -4.0392925506e-01  1.0062678223e+00
ENERGY -4.563884810071e+02
GRADIENT -3.3987746553e-05 -6.1532787749e-06  2.4374413356e-05  5.0611496213e-06  3.0810734388e-06 -3.9850202925e-06  3.6384508533e-05  1.5508654089e-05 -2.6720522510e-05  1.4214674573e-05  3.2233206453e-05  4.1889169090e-05  7.8746358741e-04 -1.8188817282e-03  9.7485195416e-04 -5.7755123219e-04  1.7221167050e-03 -6.5182330540e-04  1.1116334233e-03 -1.5291105663e-03  1.6035428645e-03  5.2939503865e-06 -2.0741231082e-05 -3.5002482560e-05 -1.1449372963e-03  1.6639720072e-03 -2.0197732634e-03  2.0859578801e-05 -6.6562926105e-06  4.9991719012e-06 -3.6932196447e-06  3.2798493352e-06  9.7903967895e-07 -3.0116844715e-06 -1.9094698759e-06  8.4692412704e-06 -3.8064466152e-06 -6.9247201034e-07  2.9572109634e-06  4.1211301333e-06  5.1435601601e-06  2.4935901832e-06 -4.8866277637e-06 -3.4144807952e-06 -2.4088390050e-06 -2.8850807756e-07  1.9362241094e-06 -6.0453168826e-06 -7.6779976435e-06  8.1776734373e-06 -6.4272943868e-06 -2.0614633759e-04 -4.5129619299e-05  6.1327170718e-05

JOB 1
COORDS  5.7909489983e+00  6.5700508079e-01 -5.1955382629e-01  5.7000514501e+00  1.2417489202e+00  7.4659132311e-01  4.6749968760e+00 -1.7309750094e-03 -1.0362283688e+00  4.4913518032e+00  1.1416731197e+00  1.4433534349e+00  3.5125687728e+00 -4.9570920064e-02 -2.6008151537e-01  2.3048421130e+00 -7.9084488747e-01 -7.9324667370e-01  2.4151421847e-01 -1.8315319006e+00  3.6906047546e-02  3.4161020124e+00  5.1042981996e-01  9.5772334684e-01  1.2051049740e+00 -7.3652890075e-01  1.5454762455e-02  2.3651910827e+00 -1.4251357864e+00 -1.8479934752e+00  6.7135477403e+00  7.1437795899e-01 -1.0912996075e+00  6.5426579129e+00  1.7642353026e+00  1.1902104672e+00  4.6752854097e+00 -4.8026998011e-01 -2.0096541911e+00  4.3843422600e+00  1.5850296438e+00  2.4319262027e+00 -7.3211309331e-01 -1.4636272271e+00  3.7190379640e-01  5.6869382694e-01 -2.6391919217e+00  7.0446736280e-01  1.4140531266e-01 -2.2304328787e+00 -9.7303172836e-01  1.3870536324e+00 -2.6770901443e-01  8.9900152767e-01
ENERGY -4.563860231511e+02
GRADIENT  2.3970649615e-05 -4.5658871724e-06 -1.4421593315e-05 -1.8898152676e-05 -5.3761177927e-06  4.5735675396e-06 -9.1905131515e-05 -9.5971596571e-06 -4.8736774351e-05 -9.8259172058e-06 -2.4730649044e-05 -2.8185957738e-05  1.5636552207e-03 -4.1638368715e-03  2.4809290638e-03 -8.2124085966e-04  4.7435641578e-03 -1.3822932710e-03  2.8544894509e-03 -2.4143157221e-03  4.1824459566e-03  2.1386888556e-05  2.3005592331e-05  7.5425714158e-05 -3.3734837961e-03  1.9711471944e-03 -5.3361332319e-03  1.1775765041e-04 -5.8769266281e-06 -2.7640128174e-05  1.1496751877e-06  3.6947855230e-06 -4.1075505937e-06  3.8610598826e-06  2.2587484910e-06 -3.8711830932e-06  1.7433646454e-05 -8.7052137900e-06 -1.0665294305e-05 -7.7720994617e-06 -1.2364940405e-06 -3.9927001848e-06  6.2615218262e-06  1.2102701362e-05 -1.4557537795e-05  2.7117820542e-06  1.0646430985e-05  8.6840019379e-06  1.5959790371e-05 -6.6602278847e-06 -1.3347675998e-06 -2.5071610872e-04 -9.2815074189e-05  1.1216733037e-04

JOB 2
COORDS  5.7747562298e+00  5.9305954907e-01 -4.9516056580e-01  5.6754745388e+00  1.1616989343e+00  7.7778349204e-01  4.6437947479e+00 -1.3291920804e-03 -1.0550139882e+00  4.4429748863e+00  1.1100328702e+00  1.4368329318e+00  3.4578146117e+00 -7.8920716932e-03 -3.1281690331e-01  2.2327550979e+00 -6.9183627294e-01 -8.8370954006e-01  3.1500810884e-01 -1.8522642617e+00  1.0329370466e-01  3.3535312772e+00  5.3828249043e-01  9.1047370932e-01  1.1136123822e+00 -6.3966107178e-01 -8.7758967685e-02  2.3007660848e+00 -1.3211013080e+00 -1.9389963720e+00  6.7154012462e+00  6.1429908928e-01 -1.0392945262e+00  6.5289102807e+00  1.6352767939e+00  1.2543912868e+00  4.6502802407e+00 -4.6257584643e-01 -2.0366723759e+00  4.3276204653e+00  1.5437707344e+00  2.4286823001e+00 -6.7267658885e-01 -1.5854005546e+00  4.8827313135e-01  7.9985877207e-01 -2.5432430827e+00  8.0525847301e-01  1.9312567032e-01 -2.3528757316e+00 -8.5794910845e-01  1.3077397210e+00 -1.3737215312e-01  7.7620154915e-01
ENERGY -4.563816157063e+02
GRADIENT -1.9726142740e-05  1.2875639030e-06  1.5157776822e-05  2.0406883634e-04  1.2323862375e-04  1.2668196007e-04  1.5217857864e-04  1.6843734689e-04  2.1556225718e-04  4.8030124095e-05 -1.1472720917e-04 -2.5733028960e-04  2.1472857559e-03 -6.8315958511e-03  3.1496846453e-03 -9.6932569442e-04  8.7461249929e-03 -1.5035105038e-03  4.5755367388e-03 -1.9886771381e-03  6.7886916583e-03 -1.3230260272e-04 -8.3804133738e-05 -1.0549574189e-04 -5.7795340963e-03 -3.2033250986e-05 -8.6723960991e-03  5.3138009632e-05  5.2222427115e-05  6.1969783258e-05  2.2220964606e-05  2.0402718901e-05  3.5157517646e-05  2.5537175853e-05  1.7017476018e-05  4.8678476808e-06 -1.3153201999e-05  8.3330438284e-06  3.9946129726e-05  2.8827331817e-06 -3.9135297840e-06 -2.2485649987e-05  7.5155511148e-06  2.5094500131e-06 -7.1575225235e-06  1.4003796096e-05  9.8410778109e-06 -2.7994408413e-06  1.3514173782e-05 -1.7739047617e-07 -8.3001181739e-06 -2.6111860049e-04 -8.2694484443e-05  1.1342139723e-04

JOB 3
COORDS  5.7447391301e+00  5.2248791696e-01 -4.7171899838e-01  5.6311649610e+00  1.0721647789e+00  8.0850345517e-01  4.6068850067e+00 -1.2144363437e-02 -1.0755840455e+00  4.3787832714e+00  1.0629483782e+00  1.4309612261e+00  3.4005331329e+00  1.7185113035e-02 -3.6657556610e-01  2.1672975805e+00 -6.1216910423e-01 -9.8225167448e-01  4.1650165919e-01 -1.8681828107e+00  1.6585372928e-01  3.2825342715e+00  5.4679441889e-01  8.6277900747e-01  1.0258258761e+00 -5.8103234013e-01 -2.0013940345e-01  2.2460659368e+00 -1.2184294498e+00 -2.0477738056e+00  6.7012720880e+00  5.1323770721e-01 -9.8775475544e-01  6.4895233614e+00  1.4999795914e+00  1.3183737287e+00  4.6233593927e+00 -4.5452960431e-01 -2.0657615002e+00  4.2522400695e+00  1.4852381066e+00  2.4263534080e+00 -5.6108451569e-01 -1.6879501676e+00  6.2005387857e-01  1.0447878914e+00 -2.4246720698e+00  8.7398340968e-01  2.7601795589e-01 -2.4696749911e+00 -7.3344819630e-01  1.2091199828e+00 -2.2740646019e-02  6.3260775621e-01
ENERGY -4.563756280866e+02
GRADIENT  3.0770780994e-05 -7.5661548878e-08 -1.0455673396e-05  1.1727140429e-06  8.7120487149e-06  1.0028233885e-05 -3.4090779919e-05 -7.8878161145e-06  5.1424221191e-06 -7.2226260755e-06 -2.4869449098e-05 -4.6371528862e-05  2.4197863121e-03 -8.4918384815e-03  3.9240756399e-03 -9.1974402453e-04  1.2293739587e-02 -1.6470660685e-03  5.6678556083e-03 -2.3722258745e-04  8.4538530660e-03 -9.2768827634e-06  2.7232089999e-05  3.6462738434e-05 -6.7978685087e-03 -3.5191854386e-03 -1.0755014323e-02  6.1996556523e-05  3.3370110085e-05 -6.5891390505e-05  8.3273156903e-06  1.6600761865e-06  3.1052061161e-06  7.0835998123e-06  4.9810780973e-06 -1.7031847627e-06  1.2729108938e-05 -7.8515997590e-07  5.1029683427e-07 -5.2758670144e-06  4.2964269260e-06 -5.2316332910e-06  2.5752265908e-05  1.5151502620e-05  2.7845293308e-05  2.1521011571e-05 -1.8554654018e-05 -2.9386261504e-05 -3.0408096977e-05  4.1092260336e-06  7.8860418579e-07 -3.6701376928e-04 -4.2248074998e-05  9.9680965838e-05

JOB 4
COORDS  5.7275499848e+00  4.6898988442e-01 -4.4103098697e-01  5.5946157746e+00  9.9537930699e-01  8.4714869055e-01  4.5902229640e+00 -1.0535353142e-02 -1.0901773130e+00  4.3242571221e+00  1.0189599104e+00  1.4317971352e+00  3.3642902817e+00  4.6614408164e-02 -4.1635398705e-01  2.1264941020e+00 -5.2606919110e-01 -1.0771018045e+00  5.6108018173e-01 -1.8423303023e+00  2.3186134206e-01  3.2281153810e+00  5.5453425166e-01  8.2035492442e-01  9.6090482247e-01 -5.2715856017e-01 -3.0684211397e-01  2.2112531335e+00 -1.0872274529e+00 -2.1633531004e+00  6.6984087748e+00  4.3581110037e-01 -9.2851682465e-01  6.4518334493e+00  1.3809143589e+00  1.3914968618e+00  4.6218210117e+00 -4.3077711365e-01 -2.0895827309e+00  4.1825309853e+00  1.4254610186e+00  2.4316853795e+00 -4.1394643808e-01 -1.7456971527e+00  7.1596191276e-01  1.2877430800e+00 -2.2236474802e+00  9.6209751863e-01  4.6933318271e-01 -2.5568102549e+00 -5.8821958510e-01  1.1203773545e+00  9.8901498517e-02  4.8302409768e-01
ENERGY -4.563688696434e+02
GRADIENT  3.8313673248e-05  9.4762015795e-06 -1.4321174321e-06  2.2726868695e-05  5.1806950490e-06  1.3674166029e-06  1.1246361285e-05 -8.0113634694e-06  6.7517463966e-05 -2.5646102580e-05 -1.4871583852e-05 -4.4469483933e-05  2.3188943042e-03 -9.1980291353e-03  3.5266495387e-03 -7.9207104719e-04  1.4513300182e-02 -1.2593480723e-03  5.6318807440e-03  1.7347827824e-03  8.3496046556e-03 -1.9364357251e-06  2.6982091094e-05 -7.1216168942e-07 -7.3828497285e-03 -7.1605966943e-03 -1.0470312833e-02 -7.8451985029e-05  5.2867839872e-07 -1.1942326597e-05  9.4073545761e-06 -1.5929152945e-06  6.0023241466e-06  5.3807964697e-06  4.4169706345e-06 -9.5463029088e-07  5.3979002710e-06  8.9460758817e-06  8.8017853235e-06  1.6113661272e-06  3.1759681832e-06 -1.6419140997e-06 -1.8094738303e-06 -9.0674049420e-06 -7.3170201774e-07 -2.7730245864e-06  4.6455387947e-07  1.4474078774e-05  1.1195018720e-05 -8.0658981791e-06  7.1737809604e-06  2.8241439387e-04  1.3962795691e-04 -1.8081330382e-04

JOB 5
COORDS  5.6916692018e+00  4.0968593880e-01 -4.1955703193e-01  5.5379800717e+00  9.1002089256e-01  8.7664238123e-01  4.5600817353e+00 -2.6276559107e-02 -1.1081467140e+00  4.2537681845e+00  9.5202462915e-01  1.4295229918e+00  3.3186049179e+00  4.6305305295e-02 -4.6422705329e-01  2.0812503628e+00 -4.7295623008e-01 -1.1687263572e+00  7.1116737334e-01 -1.8079100161e+00  3.0110823246e-01  3.1625951191e+00  5.2894790340e-01  7.8045082988e-01  8.9214739962e-01 -5.1977785338e-01 -4.0889327399e-01  2.1694061762e+00 -9.6205565015e-01 -2.2851878389e+00  6.6737071787e+00  3.6346449748e-01 -8.8296439005e-01  6.3899910204e+00  1.2617977011e+00  1.4512139888e+00  4.6080761206e+00 -4.2289333946e-01 -2.1165629685e+00  4.0964419150e+00  1.3396646625e+00  2.4345594139e+00 -2.4325668720e-01 -1.7793368817e+00  8.3260868991e-01  1.5162945099e+00 -2.0052546823e+00  1.0223466802e+00  6.7343197843e-01 -2.6211651420e+00 -4.2703303292e-01  9.9593157198e-01  1.8443253578e-01  3.2398238984e-01
ENERGY -4.563622964159e+02
GRADIENT  1.6409946848e-05  1.0442900276e-06 -2.4123986580e-07  7.5372757543e-06  3.8797665191e-06  3.2510552510e-06 -1.9872053648e-05 -1.9810259310e-05  9.1482865701e-06 -1.5820961022e-05 -2.1815986363e-05 -3.1638394887e-05  2.0650136553e-03 -8.6155281387e-03  2.7458926806e-03 -1.1943095916e-03  1.4233798655e-02 -9.4515625298e-04  4.5545320479e-03  3.3701255809e-03  7.2003076570e-03  1.3984337393e-06  2.9832168325e-05  2.3955351040e-05 -5.6533379147e-03 -9.0475596593e-03 -8.8462357653e-03  8.3179420046e-06  4.0743721926e-06 -3.3381880002e-05  2.2319896361e-06 -3.0222826997e-06  5.2628465799e-07  5.3534852614e-06 -1.8766883501e-06 -5.9816963390e-07  2.6334492618e-06  6.5823296160e-06 -1.3918700035e-06  2.7791359249e-07 -3.1442743291e-06 -2.5234852990e-07 -8.7324538968e-06 -8.0472793926e-06 -1.1683157088e-05 -5.2422081279e-06  9.9983285121e-06  1.7437767305e-05  2.1620216931e-05  1.4372271824e-06  2.6002700692e-06  2.2629918035e-04  8.4264289805e-05 -1.0814016687e-04

JOB 6
COORDS  5.7427686337e+00  4.7519691896e-01 -5.5806234880e-01  5.6073120061e+00  8.3027626291e-01  7.8595835592e-01  4.6415483122e+00 -6.7026633049e-02 -1.2207962839e+00  4.3711158248e+00  6.2182466886e-01  1.4088155708e+00  3.4417155127e+00 -2.1786125542e-01 -5.1299901134e-01  2.2398242306e+00 -7.5768247086e-01 -1.2514599691e+00  7.4495473741e-01 -1.6871520046e+00  4.9455825124e-01  3.3061801753e+00  1.1083638724e-01  7.8258030692e-01  1.0104505008e+00 -7.1540852591e-01 -5.8616806642e-01  2.3147753844e+00 -1.0097520983e+00 -2.4526808157e+00  6.6867809040e+00  6.1654464129e-01 -1.0778887542e+00  6.4354289041e+00  1.2563141044e+00  1.3453082664e+00  4.6789759113e+00 -3.6326923646e-01 -2.2633193983e+00  4.2330023529e+00  8.7976879598e-01  2.4578703381e+00 -2.4488129763e-01 -1.4820714585e+00  9.1043688918e-01  1.4827851754e+00 -1.5581862938e+00  1.2864630644e+00  7.7215715518e-01 -2.7228478149e+00  1.3123462068e-01  3.1179589862e-01 -8.4449804296e-01 -1.3183116985e+00
ENERGY -4.563679310943e+02
GRADIENT -7.4062066568e-06 -3.9797028891e-06  9.3570943248e-06  1.7975435419e-05  1.1274262249e-05  7.6569372289e-06 -9.3045180003e-06 -7.2935162862e-06 -1.1351781079e-06 -4.3668787329e-06 -1.0184087595e-05 -1.1012561911e-05 -1.4810484432e-03  7.5796649066e-03 -3.1464619206e-03  5.5904460141e-04 -1.4217331687e-02  1.6476082224e-03 -3.2108982274e-03 -5.5646275089e-03 -5.7797589612e-03  1.2292958779e-06  5.7493985306e-06  3.0429582004e-06  4.0010609231e-03  1.2156451874e-02  7.5458614583e-03 -1.0909917652e-04 -3.8251304549e-05 -6.7467832563e-06 -2.3852787591e-07 -3.0791483543e-06  1.7926267802e-06  1.3348095942e-06  1.2027446059e-06  1.6942189885e-06 -3.9579546303e-07 -4.4142797076e-06  2.2051712449e-06  2.2451848035e-06  2.2419380131e-06  6.3713515896e-07 -1.0321300836e-06 -2.4372395144e-06  1.7862541610e-06  5.5097587151e-07  8.2622445004e-07  1.1999975368e-06 -1.8703037852e-06 -1.2759354073e-06  3.1423132718e-06  2.4931319395e-04  5.0449115072e-05 -2.4508038035e-04

JOB 7
COORDS  5.7394193931e+00  4.0897426453e-01 -5.3243304725e-01  5.5935499803e+00  7.7715512610e-01  8.0715520742e-01  4.6277264894e+00 -8.3426860174e-02 -1.2155288508e+00  4.3368859841e+00  6.2967484031e-01  1.4044588725e+00  3.4096425869e+00 -1.8661806325e-01 -5.2986603608e-01  2.2045494664e+00 -6.7135463062e-01 -1.3042801788e+00  8.2251670243e-01 -1.6775575440e+00  5.2777064862e-01  3.2642087502e+00  1.5667242366e-01  7.6046796333e-01  9.9613266453e-01 -7.9040913138e-01 -6.3503674214e-01  2.2702990207e+00 -7.8003708226e-01 -2.5298214553e+00  6.6987645299e+00  5.0571717069e-01 -1.0340942456e+00  6.4285679020e+00  1.1684165029e+00  1.3814361857e+00  4.6697169754e+00 -3.7571208218e-01 -2.2589261762e+00  4.1870693924e+00  9.0522833755e-01  2.4473916228e+00 -1.8667076928e-01 -1.5354383928e+00  9.2315933086e-01  1.5370174358e+00 -1.4069848195e+00  1.3029557546e+00  9.5141098491e-01 -2.7342245648e+00  2.5864111145e-01  2.9025762741e-01 -9.7808469665e-01 -1.3449544587e+00
ENERGY -4.563725033896e+02
GRADIENT -1.7582489059e-06  9.6494586565e-07  1.0594131414e-05  1.5393539453e-05  4.1310248982e-06  1.1103028787e-06 -5.0044585372e-06  4.1892844222e-06 -4.4914272176e-06 -1.1162230813e-05 -1.3057851749e-05 -1.0263269580e-05 -1.2485005837e-03  5.1408731601e-03 -1.2905296201e-03  1.0668898803e-03 -1.0301975651e-02 -1.3822331032e-04 -1.4390338135e-03 -4.3275278582e-03 -3.5204685530e-03  8.6763673336e-06  4.3403678603e-06  8.9730460229e-06  1.5302116060e-03  9.4257073930e-03  5.1660014943e-03 -8.0181208277e-05 -1.9303043361e-05  4.8519685117e-06  3.8146602957e-07  1.1184341048e-06  1.9299646388e-07  3.5891230451e-06 -3.3464971636e-06  3.4230697922e-06  9.8384754090e-07  4.4701477396e-06 -1.4189315724e-06  4.6031721421e-06 -2.9248587068e-06  2.3173515225e-06 -6.4485328508e-06 -8.9901836318e-06 -1.4076243113e-05 -6.9576325458e-06  7.3055381027e-06  4.4555429795e-06  9.4115650637e-06  1.0335375164e-06  7.4795344589e-07  1.8218241230e-04  1.1557038789e-04 -2.1073567526e-04

JOB 8
COORDS  5.6626875851e+00  2.5908712828e-01 -6.1189982722e-01  5.5071755831e+00  6.8799418333e-01  7.0867743151e-01  4.5456434372e+00 -2.1852317647e-01 -1.2960707544e+00  4.2357440772e+00  6.1245046235e-01  1.2862299619e+00  3.3136559487e+00 -2.5810273735e-01 -6.2798905173e-01  2.1102052878e+00 -7.2955876122e-01 -1.4149671952e+00  7.9248089637e-01 -1.7198251124e+00  5.0411802425e-01  3.1587625388e+00  1.4600587167e-01  6.4314361207e-01  9.2630347305e-01 -9.7864886813e-01 -7.5668022550e-01  2.1718842433e+00 -7.6674796609e-01 -2.6468979347e+00  6.6333714768e+00  3.0124118818e-01 -1.0990962580e+00  6.3456660489e+00  1.0730007938e+00  1.2820964969e+00  4.5937502091e+00 -5.4629366928e-01 -2.3285452368e+00  4.0757572804e+00  9.4181031181e-01  2.3118735418e+00 -2.4656866317e-01 -1.6470278941e+00  8.3589393715e-01  1.4310239706e+00 -1.2730924920e+00  1.2624378994e+00  1.0487968094e+00 -2.7809141426e+00  3.8430019096e-01  2.2884803359e-01 -1.2377758487e+00 -1.4499999086e+00
ENERGY -4.563752002538e+02
GRADIENT -2.1350440447e-05 -1.0077274788e-05 -2.3100894590e-05 -8.9082670909e-06  1.1376507833e-05  3.8284250498e-05  3.9975875231e-05  1.1533918027e-05  3.5563010018e-06  4.9365917114e-05  6.9703982138e-06 -4.2869618215e-06 -8.2940076605e-04  2.6957466340e-03 -3.5784842955e-04  1.0218221772e-03 -5.7750829717e-03 -4.1762257505e-04 -2.8947803456e-04 -2.6203736308e-03 -1.5420034778e-03 -9.0967267860e-06 -1.3506618652e-05 -3.5344954881e-05 -1.3409667681e-05  5.6590766943e-03  2.5797142134e-03 -4.0845220060e-05 -9.7679700172e-06 -5.2490784809e-06  3.9007547941e-07  5.7565351340e-06  4.9478719524e-06  5.8522031034e-06 -2.7278931488e-06  2.6504749899e-07 -7.8305892590e-06  8.0868076171e-06  1.4261780837e-06  4.8169525981e-07 -5.0607501854e-06  1.1529310056e-06  2.6740477045e-06 -4.8382091495e-06 -1.8609584723e-05  7.8603009726e-06 -2.5860456706e-06 -1.6038835090e-05  1.7940287077e-06 -1.4462673340e-05  3.1772642162e-06  1.0135122454e-04  7.9566076308e-05 -1.5801507074e-04

JOB 9
COORDS  5.6340671529e+00  2.1796089945e-01 -7.0789612813e-01  5.4760195570e+00  5.5445545191e-01  6.3940386529e-01  4.5218768016e+00 -2.2584813976e-01 -1.4214169103e+00  4.2068730585e+00  4.2651433891e-01  1.2120210529e+00  3.2923253001e+00 -3.2472197290e-01 -7.5483132868e-01  2.0947162506e+00 -7.7109000096e-01 -1.5616895091e+00  7.4569039398e-01 -1.5906709723e+00  4.4608585501e-01  3.1338545584e+00 -7.2546885803e-03  5.3965564124e-01  9.2495801936e-01 -1.0650539629e+00 -9.1263127507e-01  2.1608499133e+00 -7.8875118808e-01 -2.7951398914e+00  6.6034559368e+00  3.0446952772e-01 -1.1918766815e+00  6.3113424380e+00  9.0920137730e-01  1.2364949176e+00  4.5701966838e+00 -4.8596535341e-01 -2.4729987624e+00  4.0455191752e+00  6.8434040136e-01  2.2577851700e+00 -1.8702315353e-01 -2.1605766040e+00  4.6063196234e-01  6.8798427185e-01 -7.8645872982e-01  1.1809129913e+00  1.5623685437e+00 -2.2580196219e+00  7.3297115911e-01  2.1705963694e-01 -1.3391878529e+00 -1.5850727717e+00
ENERGY -4.563767101657e+02
GRADIENT  2.5826554809e-05  7.7583235728e-06 -6.9559059097e-06  4.9555697730e-06 -3.8036747739e-06 -2.7554738452e-06 -1.1031516775e-05  9.4739493924e-06  3.2162460704e-05 -1.4652080003e-05 -5.7421452555e-06 -1.2661328152e-05 -5.6040523313e-04  1.7990387536e-03 -2.0706703085e-04  8.8086532330e-04 -4.0877091650e-03 -2.0342448552e-04  1.4411053075e-05 -2.0242691128e-03 -7.8220838554e-04 -4.7743316203e-06 -8.8311639027e-06  1.4520587085e-05 -2.8150391694e-04  4.3489560345e-03  1.0795611887e-03  2.1630781783e-05  7.9972075272e-06 -8.9075792927e-06  2.7036586174e-06  4.1180040354e-06 -1.3331383817e-06  2.6296880028e-06 -2.4235778422e-06 -5.7520078112e-07 -2.4588171054e-06  6.5026313468e-06  2.3149537928e-06  4.6438577832e-06 -4.4977490312e-06  3.7138069248e-06  1.0717001341e-05 -8.8200239757e-06  1.0928655812e-06  5.3480791234e-06 -4.4009834189e-06  4.0711841478e-06  2.6243412925e-06 -3.7654575616e-06  2.3104071356e-06 -9.0059854590e-05 -1.8764027599e-05  1.0116685161e-04

JOB 10
COORDS  5.6990863530e+00  3.4962923361e-01 -6.2497985497e-01  5.5607808904e+00  5.8494963637e-01  7.4597405402e-01  4.5808283048e+00 -5.7773719199e-02 -1.3500763153e+00  4.3042063992e+00  3.9638387368e-01  1.3283167528e+00  3.3649995906e+00 -2.2761497180e-01 -6.7176398607e-01  2.1646936539e+00 -6.3836251375e-01 -1.4942590293e+00  8.0452256772e-01 -1.4971216599e+00  5.1187452609e-01  3.2256445424e+00 -5.7191862629e-03  6.4448436138e-01  1.0290790446e+00 -1.0686800901e+00 -8.6986796840e-01  2.2146090153e+00 -5.5269339833e-01 -2.7268179866e+00  6.6581671923e+00  4.8633878832e-01 -1.1178744743e+00  6.4014674143e+00  9.0856424290e-01  1.3531261422e+00  4.6135328298e+00 -2.3866850565e-01 -2.4186320593e+00  4.1570919916e+00  5.7654006662e-01  2.3922878555e+00 -1.2021875895e-01 -2.0800546609e+00  5.2782737110e-01  7.0608251684e-01 -6.4649707551e-01  1.1886304399e+00  1.6187270372e+00 -2.1281337517e+00  8.7505894606e-01  3.1370313720e-01 -1.3081154473e+00 -1.5464731144e+00
ENERGY -4.563774447943e+02
GRADIENT  5.4259281695e-05  5.9001818916e-06 -3.6074945118e-05  3.4562326224e-05  1.6876443427e-05  4.0471826992e-05  3.3050856701e-07  3.1418538398e-05  1.1030095569e-04 -5.2539557165e-06 -3.2008810072e-05 -1.4354402259e-04 -1.6497825857e-04  4.6766714804e-04 -1.8549998735e-05  3.5629212332e-04 -1.0320729661e-03  1.2189738688e-05  1.4434749660e-04 -5.2401560723e-04 -1.4447977660e-04 -3.4326588718e-05 -1.8520250563e-05  7.7720821625e-06 -3.8831138112e-04  1.1905924249e-03  1.1642191422e-04  4.8842486015e-07 -1.7083286093e-05  5.4979761949e-05  1.2399811928e-05  5.3623980465e-06  5.2864580883e-06  1.4019904977e-05 -1.8756248007e-06 -8.5403263916e-06 -4.8181847474e-07  4.2671655691e-06  5.5683548711e-06 -6.5077251273e-06 -7.2020359226e-06 -1.0228967493e-05 -1.1644921554e-05  2.3221829397e-05 -5.7035245728e-06  2.9381804305e-05 -4.8940511466e-06 -2.1745032556e-06 -6.0810874127e-06 -2.6512275672e-05 -6.7145977310e-08 -1.6757516182e-05 -6.4974685522e-05  2.8806237620e-05

JOB 11
COORDS  5.6933358500e+00  3.9530181255e-01 -6.3649872061e-01  5.5694881646e+00  5.7373330652e-01  7.4451731441e-01  4.5768310287e+00 -1.7113536554e-02 -1.3610609661e+00  4.3284001335e+00  3.2565696516e-01  1.3368755822e+00  3.3769539795e+00 -2.5050944428e-01 -6.7259990052e-01  2.1812797809e+00 -6.7291321564e-01 -1.4965971608e+00  7.7001148003e-01 -1.4516980958e+00  5.2018294366e-01  3.2517681059e+00 -8.2212197872e-02  6.5298016582e-01  1.0765850525e+00 -1.1917556905e+00 -8.8620788522e-01  2.2228447081e+00 -5.5780846026e-01 -2.7275556487e+00  6.6403544383e+00  5.7911457622e-01 -1.1373460129e+00  6.4095869792e+00  8.9891084790e-01  1.3516364772e+00  4.5986129171e+00 -1.5705130910e-01 -2.4359356869e+00  4.1921377757e+00  4.6060890610e-01  2.4089707214e+00 -1.5760551088e-01 -2.0296737773e+00  5.4834985531e-01  6.3656451848e-01 -5.2849729860e-01  1.0885415211e+00  1.5586327604e+00 -2.0335472312e+00  1.0000247085e+00  3.5590369588e-01 -1.4088159677e+00 -1.5646417293e+00
ENERGY -4.563774803313e+02
GRADIENT  4.0792688251e-05  7.9795349589e-06 -2.4703095960e-05 -2.1794627980e-05 -6.9468548485e-06 -9.2078653039e-06 -8.8599214290e-06 -3.2886223203e-05  4.1546099952e-05  4.6967051056e-06  1.8947838056e-06  1.7997342269e-06  1.3127405814e-04 -3.2480162688e-04 -1.9275934247e-05 -3.4050567541e-04  7.3355035471e-04  3.4020529358e-05 -1.7145253483e-04  4.1022136998e-04  4.4381845102e-05 -2.6183578360e-05  3.1283957245e-05 -9.5927133099e-06  3.3790784098e-04 -8.0359631869e-04 -3.0591172823e-05 -1.3197994248e-05  4.4559841197e-05  5.6448075044e-06  5.0873126430e-06 -1.2509129057e-06 -1.2649328324e-06  9.0384689075e-07 -8.9821380054e-07 -4.9292120585e-06  3.5649073383e-06  6.6117188915e-06  2.5464767637e-06 -1.6226456417e-06 -1.4900252350e-06 -3.3098770867e-07  4.7125761059e-06 -3.6037250351e-06  3.2037362584e-06  2.1674394658e-05 -1.3239775951e-05 -8.8735300889e-06  2.7075629763e-06 -3.2440505560e-05  5.7217218159e-06  3.4836105908e-05 -2.2278660947e-05 -2.7851334099e-05

JOB 12
COORDS  5.5377246432e+00  7.2955283444e-01 -6.3918450555e-01  5.5507440961e+00  5.7175581969e-01  7.4969074984e-01  4.4651974363e+00  2.1014236220e-01 -1.3618136834e+00  4.4820201531e+00 -9.8203736308e-02  1.3518948479e+00  3.4356706339e+00 -4.3758150965e-01 -6.6360319830e-01  2.3045947228e+00 -1.0204857711e+00 -1.4800774614e+00  6.4623822329e-01 -1.1119837817e+00  4.8197890431e-01  3.4403899243e+00 -5.9061107355e-01  6.6977787366e-01  1.1518317835e+00 -1.4079542294e+00 -8.5943837657e-01  2.4473898659e+00 -1.1667728104e+00 -2.6995588886e+00  6.3503370414e+00  1.2423004497e+00 -1.1473225446e+00  6.3670948387e+00  9.5421185527e-01  1.3558367509e+00  4.4024332711e+00  2.7933350910e-01 -2.4420600110e+00  4.4615335577e+00 -2.4625210948e-01  2.4306873570e+00 -4.3444487119e-01 -1.2771706422e+00  4.6961149277e-01  8.3487451470e-01 -7.3474829423e-02  7.6179913983e-01  1.1007741513e+00 -1.7554381900e+00  1.2377900942e+00  4.8950116595e-01 -1.7833481915e+00 -1.5282387227e+00
ENERGY -4.563774461972e+02
GRADIENT -1.4601138111e-06 -3.3306807670e-08  2.5576078969e-06  6.7354216710e-06  3.0365804956e-06  4.8723118046e-06 -3.0569658063e-06 -3.6279973175e-06 -9.5237930262e-07 -1.9510092038e-06  2.6627936765e-06 -1.3340747623e-05  1.8879701373e-04 -4.5058333487e-04  7.0318619068e-05 -4.7850034727e-04  1.0157980702e-03 -2.5637433785e-04 -2.5700018905e-04  4.7829404242e-04 -2.0274583612e-04 -3.8089265756e-06 -2.1477706478e-06  6.0809566742e-06  5.2619663372e-04 -1.0469256512e-03  4.2305176851e-04  1.7760565886e-06 -5.1918445364e-07  3.4487510295e-06  7.3641174890e-07 -5.3713881025e-07  9.5405188618e-07  9.9600600907e-07  3.5906869978e-06 -1.7491053291e-07  1.2183177464e-06 -1.6998297519e-06 -2.6262520714e-07 -1.1957082699e-06  3.1854529467e-06 -1.2488771557e-06  2.7369683144e-06 -5.2300788621e-07  9.8455014225e-07  7.0698881030e-07 -5.8073333700e-07  2.4557440058e-06  2.5119883814e-06 -4.7513669783e-07  4.5885990899e-06  2.8567630953e-05 -2.9972533846e-06 -2.9561141224e-05

JOB 13
COORDS  5.5203273037e+00  7.6144778747e-01 -7.1596522541e-01  5.0835555090e+00  1.7102261327e+00  2.1274554790e-01  4.7235546549e+00 -3.5708934870e-01 -9.5480136374e-01  3.8622568244e+00  1.4949912198e+00  8.5853124548e-01  3.5121124952e+00 -4.7905822828e-01 -2.5948236000e-01  2.6865908453e+00 -1.7205898896e+00 -5.0810965928e-01  4.7356303206e-01 -6.9039243467e-01  2.4237300924e-01  3.0842932958e+00  4.2985612342e-01  6.3067481022e-01  1.4155476707e+00 -1.7891424310e+00 -2.2548602394e-03  3.1927107462e+00 -2.6841345856e+00 -1.0924501706e+00  6.4645315541e+00  8.8994011769e-01 -1.2388426643e+00  5.6709711102e+00  2.5962461230e+00  4.3643991611e-01  5.0108160504e+00 -1.1396204686e+00 -1.6483001574e+00  3.4928395038e+00  2.2105292723e+00  1.5917875516e+00 -5.3799773499e-01 -1.0953903627e+00  1.5469642383e-01  5.8857574768e-01  1.1230444595e-01 -4.9052584313e-01  6.0619637339e-01 -2.6505468377e-01  1.2381172631e+00  9.9608555720e-01 -2.6801008016e+00 -2.4452134615e-01
ENERGY -4.563767103584e+02
GRADIENT  1.4386952428e-06 -8.1312934739e-07 -4.1460015113e-07  7.3535346420e-08  8.0494437369e-06 -1.0854681414e-06 -5.2451304194e-06 -5.7490389502e-06  1.2837067012e-05  5.4368779971e-06  2.6454429223e-06  4.5689241296e-09  6.7240503108e-04 -7.5642406348e-04  1.5835725009e-03 -1.5745381326e-03  9.7669305993e-04 -3.7556976356e-03 -7.8975021076e-04 -2.6040728273e-04 -1.9876122771e-03  4.1547668195e-06  3.1186440149e-07 -2.8894752125e-06  1.7421662385e-03 -2.6190027066e-05  4.1279087036e-03  3.3995013029e-05  2.7236940230e-05  2.8045549238e-06  3.2297070964e-06 -1.3669084874e-06  4.2626317001e-06  1.4868229046e-06  1.3713337158e-06 -9.8267118929e-07  1.2651811655e-07  5.1493725162e-07  4.0662061438e-06 -2.7864315711e-06  6.1169730804e-06 -4.4055026712e-06 -8.7860405698e-07  5.0667454715e-06 -8.0087165874e-06 -8.6748108438e-06  3.9364517359e-06 -5.2340530812e-06 -6.2495148467e-06  7.5764339630e-06 -3.1222063772e-06 -6.8034506184e-05  2.8286211613e-05  4.5062506684e-05

JOB 14
COORDS  5.4656458991e+00  7.4908518085e-01 -7.5568753707e-01  5.1150309887e+00  1.6282591925e+00  2.7195336323e-01  4.6262220021e+00 -3.3040127510e-01 -1.0280873034e+00  3.9318682966e+00  1.3871601557e+00  9.7761891505e-01  3.4594900601e+00 -4.8430443614e-01 -2.6612984443e-01  2.5983872949e+00 -1.6960527247e+00 -5.4918924116e-01  3.6107710486e-01 -7.0401907051e-01  9.1609862799e-02  3.1131310610e+00  3.6089066522e-01  7.1821996393e-01  1.3496316690e+00 -1.7879509678e+00  2.4514574325e-02  3.0740722632e+00 -2.6377967783e+00 -1.1892488732e+00  6.3769291646e+00  8.9932139400e-01 -1.3287106933e+00  5.7384013730e+00  2.4809240770e+00  5.2588128564e-01  4.8511239681e+00 -1.0607814037e+00 -1.7973175965e+00  3.6288090150e+00  2.0486938274e+00  1.7879027915e+00 -4.7435948578e-01 -1.0395112982e+00  7.1173313764e-01 -2.3940814163e-02 -4.3929976324e-01 -9.0217967477e-01  8.0745728811e-01  1.7210520410e-01  5.5584422932e-01  9.4603107519e-01 -2.6828704770e+00 -2.4100851576e-01
ENERGY -4.563752000336e+02
GRADIENT -1.0801342902e-05  7.4713483628e-06  1.2866313131e-05  1.3473150119e-05  5.8301173628e-06 -2.9163579078e-06  3.0389152206e-06 -8.3735709422e-06  1.9873112006e-06 -9.0731269856e-06 -2.7806643720e-06 -3.1069809443e-06  1.1258829681e-03 -1.3244122021e-03  2.2377809220e-03 -2.4351685459e-03  1.4203716686e-03 -5.1596755603e-03 -1.1333927355e-03 -8.8494848304e-04 -2.7164643525e-03  6.1963015958e-06  1.8604106241e-05  6.6404515002e-06  2.2893741847e-03  8.9491898790e-04  5.6881323565e-03 -3.5240015630e-05 -1.3376023996e-05  1.2523922461e-05  1.5243158447e-06 -2.6016450555e-06  6.0793895633e-06 -8.7582002393e-07  5.6148158275e-06 -5.7269779448e-07 -1.6132616767e-07 -2.2450213306e-06  5.7237126798e-06  1.9067532269e-07  6.5959188166e-06 -2.2114237085e-06  1.1570488467e-06  5.2623711326e-06  4.5973875606e-06 -3.7653542404e-06  1.7145561474e-06 -3.3577413909e-06  1.1202851211e-06  3.1236965345e-06 -5.3257305507e-07  1.8608706670e-04 -8.5026694190e-05 -5.0651181395e-05

JOB 15
COORDS  5.4884881154e+00  7.5170501447e-01 -7.9771070504e-01  5.1380038376e+00  1.7075863491e+00  1.5874613603e-01  4.6364264133e+00 -3.3320198141e-01 -1.0023782972e+00  3.9427614845e+00  1.5345073482e+00  8.6522515991e-01  3.4646145255e+00 -4.2031147958e-01 -2.3832862055e-01  2.5828170237e+00 -1.6328984131e+00 -4.3730735363e-01  3.4326051433e-01 -7.1728161669e-01  2.1688492386e-01  3.1165746697e+00  4.9969245350e-01  6.7622561494e-01  1.4142888168e+00 -1.7246539531e+00  3.0248061068e-01  2.9950836211e+00 -2.5831972532e+00 -1.1044310818e+00  6.4073456394e+00  8.4913246929e-01 -1.3700547791e+00  5.7695749625e+00  2.5689876972e+00  3.5685056287e-01  4.8549934427e+00 -1.1160161899e+00 -1.7202162483e+00  3.6372643745e+00  2.2607683577e+00  1.6170898747e+00 -1.1846846369e-01 -6.9576469249e-01 -7.7906473010e-01  7.4624628383e-01  2.6526287788e-01  4.5532510551e-01 -4.2372560258e-01 -9.6432377156e-01  9.5562096366e-01  1.0433712846e+00 -2.6608276620e+00  1.4987042484e-01
ENERGY -4.563725040421e+02
GRADIENT  5.9318546412e-06  2.2603519433e-06 -1.2734357557e-06 -2.0428062330e-06  7.3417798179e-07 -3.6696700768e-06 -2.0785943605e-06 -1.8754339960e-06  4.6352176305e-06 -1.7185594549e-06 -3.8217111568e-06 -5.3432981420e-06  2.7495518494e-03 -2.6337181890e-03  3.9709199488e-03 -5.6041007607e-03  2.2589784288e-03 -8.4321510014e-03 -2.5551694379e-03 -3.1257875781e-03 -4.3077354313e-03 -2.7356128430e-06  7.7016844188e-06  7.6723634014e-06  5.5581872262e-03  3.3996259386e-03  8.6430398879e-03  6.5017928196e-05  4.5033236486e-05 -5.3697926508e-06  1.7503872224e-06  1.9490548860e-06  6.4309393260e-07  5.4778098681e-07  3.0402351315e-06 -2.5524351225e-06  3.4379137504e-06 -1.0563282175e-06  2.3457947496e-06 -2.4601348875e-06  3.4973960259e-06 -3.7906523170e-06  4.0376978644e-06  3.3999066115e-06 -6.7342830016e-07 -9.1762062815e-07  1.9761821162e-06  6.7959166596e-06 -1.9263733296e-06  1.2335727042e-06 -2.0945685371e-07 -1.8361403470e-04  5.5271282562e-05  1.4854616913e-04

JOB 16
COORDS  5.5392474453e+00  7.3202587965e-01 -7.6322159406e-01  5.1868092396e+00  1.7006309948e+00  1.7933598447e-01  4.6578773703e+00 -3.2308228622e-01 -9.9952357254e-01  3.9609122292e+00  1.5700571945e+00  8.4243947034e-01  3.4630846907e+00 -3.7377061644e-01 -2.6929578342e-01  2.5380485225e+00 -1.5464815230e+00 -4.9368898806e-01  2.9543585190e-01 -7.7667874509e-01  2.3110059720e-01  3.1115648982e+00  5.5949406892e-01  6.3091825809e-01  1.4545156035e+00 -1.6805807481e+00  3.8021919382e-01  2.8598894706e+00 -2.4483567940e+00 -1.2651360618e+00  6.4800690957e+00  7.9849962857e-01 -1.3034010676e+00  5.8393132149e+00  2.5410112416e+00  3.9878327332e-01  4.8704141632e+00 -1.1079269733e+00 -1.7170617448e+00  3.6510834931e+00  2.3115912206e+00  1.5774631536e+00 -1.8795457385e-01 -8.8716189610e-01 -7.4845646037e-01  6.2167567907e-01  2.5492892421e-01  3.6333900844e-01 -4.3035540721e-01 -1.0105619772e+00  1.0142483935e+00  1.1354083097e+00 -2.6416425351e+00  2.5634006993e-01
ENERGY -4.563679310249e+02
GRADIENT -9.1950774711e-06  3.9470660729e-06  3.2722002753e-06  1.3384452636e-05  1.0489455828e-05  3.2948596890e-06 -9.6649506085e-06 -3.5252519030e-06 -2.4183301563e-06 -5.2834720748e-06 -6.1944582052e-06 -7.0351662271e-06  4.6573044609e-03 -4.6615553684e-03  5.1132892869e-03 -8.8194505764e-03  4.0409735658e-03 -1.0533039429e-02 -3.6428760687e-03 -5.5610012745e-03 -5.5197335677e-03  4.7936873469e-06  2.4758572587e-06  2.8494380574e-06  7.5898229167e-03  6.3339707760e-03  1.1085782162e-02 -9.9395817756e-05 -5.7934848504e-05  1.5394488353e-05 -2.5781691378e-06  1.5748799640e-06 -1.5502667057e-06  5.2835661165e-07  1.5332221180e-06  9.6883408550e-07 -3.5939125226e-06  2.6206985876e-06 -2.1074632696e-06  2.6584481723e-06  1.4428861033e-06  1.2960779523e-06 -5.1105285840e-06 -5.1479486996e-07  2.9373345198e-06 -1.1035643752e-07  1.6714239735e-06 -1.9450096809e-06 -1.6213687778e-06  4.1656553082e-06  1.2611214337e-06  2.9565658492e-04 -7.3385871811e-05 -1.8450164882e-04

JOB 17
COORDS  5.4588950241e+00  8.5208894414e-01 -7.0614136661e-01  5.1791272406e+00  1.6284217186e+00  4.2218930650e-01  4.6292804706e+00 -2.3033470345e-01 -9.9734592452e-01  4.0768924709e+00  1.2867037341e+00  1.2127214186e+00  3.5434421179e+00 -4.8489234120e-01 -1.5039714646e-01  2.5939053932e+00 -1.6205162693e+00 -4.7555817752e-01  2.8853808792e-01 -9.5756303796e-01 -2.1984331434e-01  3.2700041010e+00  2.5504323702e-01  9.3783026576e-01  1.4341200265e+00 -1.7251296144e+00  3.2292789354e-01  2.7683956933e+00 -2.3000608771e+00 -1.4761680658e+00  6.3080009710e+00  1.0858608639e+00 -1.3430480298e+00  5.7975935406e+00  2.4804538133e+00  6.8928893658e-01  4.7907938478e+00 -8.7451139603e-01 -1.8549386481e+00  3.8321785466e+00  1.8662883941e+00  2.1011535036e+00 -5.7525373258e-01 -1.1185910434e+00  4.2990174906e-01  4.1769036006e-02 -1.3305233468e+00 -1.2163354382e+00  4.9630424959e-01  1.1983616398e-01 -2.7804177216e-01  1.6627015295e+00 -1.2818189171e+00  1.2145634626e+00
ENERGY -4.563622964293e+02
GRADIENT  8.6105103604e-06  7.6671157880e-06 -2.1442391945e-06  4.8632229890e-06  4.4896677358e-07  1.1389340773e-06 -2.7523610047e-05 -8.3580158638e-06 -9.7744829357e-06 -1.4196794411e-05 -1.8014858718e-05 -1.8944366129e-05 -4.5801647703e-03  5.5336888505e-03 -5.8887697435e-03  7.9116466758e-03 -5.0862479714e-03  1.0807973843e-02  2.7058530596e-03  7.3520136004e-03  4.7685609934e-03  1.4414910882e-05  1.3499855424e-05  3.5890987368e-05 -6.2979549226e-03 -7.8010786794e-03 -9.5837671007e-03  1.7648282283e-05 -4.9544219235e-06 -1.0849132568e-05 -1.0453343493e-06  1.7935533114e-06 -3.0458477242e-06  2.0068527443e-06  2.9773505214e-06 -2.9831944213e-06  6.5893061576e-06 -2.8031247422e-06  1.6383001063e-06 -1.1056600184e-06  1.5647522677e-06 -1.9231197820e-06 -5.9708150973e-06 -1.4264094487e-05 -7.9873335116e-06  2.2822988469e-05  7.9564400880e-06 -2.4943277354e-06 -1.5869181369e-06  3.9754049471e-06  2.0460049796e-05  2.5086993427e-04  3.0794592738e-05 -7.6521864685e-05

JOB 18
COORDS  5.5277077830e+00  8.4138483116e-01 -6.8490295356e-01  5.2809882568e+00  1.6171908046e+00  4.5151857130e-01  4.6539864641e+00 -2.0288687985e-01 -9.8645099031e-01  4.1663544571e+00  1.3129161834e+00  1.2396651112e+00  3.5594058428e+00 -4.2115828449e-01 -1.4120354806e-01  2.5624290721e+00 -1.5097118708e+00 -4.8444508080e-01  1.8443062545e-01 -1.0903317851e+00 -2.2869393196e-01  3.3178993397e+00  3.1785930394e-01  9.5491236920e-01  1.4431375518e+00 -1.6048851322e+00  3.4618724943e-01  2.6812183653e+00 -2.1489377792e+00 -1.5233621238e+00  6.3852156584e+00  1.0466043761e+00 -1.3204163519e+00  5.9339850440e+00  2.4404310402e+00  7.2655446993e-01  4.7864766207e+00 -8.4383649762e-01 -1.8513521140e+00  3.9458204610e+00  1.8929884588e+00  2.1340812619e+00 -6.3630483545e-01 -1.3152406145e+00  4.5698127605e-01 -1.1985589170e-02 -1.5923607614e+00 -1.1778070875e+00  2.2442259513e-01 -5.4903277939e-03 -3.9659793636e-01  1.6453035868e+00 -1.0654140996e+00  1.1884506890e+00
ENERGY -4.563688699352e+02
GRADIENT  4.8423637036e-05  2.0508606567e-05 -2.3816283869e-05  6.0237659801e-07 -6.3904823015e-06 -3.6520722210e-08 -4.6212388154e-05  2.7064712684e-05  2.3513257571e-05 -1.1997515644e-05 -4.0869636553e-05 -2.9894290820e-05 -5.0155992573e-03  6.4703004727e-03 -5.9538902685e-03  8.4278019430e-03 -5.1633065755e-03  1.0709072049e-02  2.1254701831e-03  9.2951105061e-03  3.7736584147e-03  1.3318092317e-05  5.8856952071e-06  4.2220618576e-05 -5.8148210921e-03 -1.0553133371e-02 -8.4325715721e-03 -1.9764804523e-05 -5.0162346514e-05 -1.4949404382e-05  4.6381647113e-06  8.0845888030e-06 -3.9422452350e-06  6.3889560100e-06  4.1609450708e-07 -2.8779745489e-06  8.9797237563e-06  3.7430634254e-06  3.5504293791e-06  4.3983059322e-07 -5.3301279757e-06  1.5243148771e-06  4.6574626405e-06 -1.9061609836e-06  1.0082164137e-06  1.2571309997e-05  1.9717434994e-06  1.4781909987e-06  2.4616254054e-06  4.4397699186e-06  4.6578868398e-06  3.1426579214e-04  8.8394630721e-06 -7.6553640230e-05

JOB 19
COORDS  5.6041654456e+00  8.3142730755e-01 -6.5693922471e-01  5.3863497840e+00  1.6030200531e+00  4.8812527929e-01  4.6841360379e+00 -1.6614255938e-01 -9.7887567339e-01  4.2526805776e+00  1.3416613373e+00  1.2643377718e+00  3.5753681865e+00 -3.4405013108e-01 -1.4354476469e-01  2.5344937231e+00 -1.3826329724e+00 -5.0915288411e-01  1.1562111571e-01 -1.2152205893e+00 -2.3206695907e-01  3.3607498600e+00  3.9136820707e-01  9.6046252575e-01  1.4458051490e+00 -1.4648628077e+00  3.4245453542e-01  2.6170384875e+00 -1.9981964983e+00 -1.5690131600e+00  6.4749540338e+00  1.0042953573e+00 -1.2839739586e+00  6.0754264624e+00  2.3907387534e+00  7.7870470982e-01  4.7910907849e+00 -8.0079668009e-01 -1.8519163595e+00  4.0525963461e+00  1.9203111691e+00  2.1644889154e+00 -6.5076819008e-01 -1.5023285287e+00  4.9234472502e-01 -8.7808350483e-03 -1.8239088413e+00 -1.1288578022e+00 -1.7357952827e-02 -1.5757852815e-01 -4.9579851513e-01  1.6121549658e+00 -8.5833489436e-01  1.1446732729e+00
ENERGY -4.563756305328e+02
GRADIENT  1.3801737539e-05  1.6031896950e-05  5.5840206481e-06  1.0688468054e-05 -1.8046912109e-06 -5.4736891177e-06 -1.8423200557e-05  7.8419555871e-06 -5.1266924400e-06 -1.4845278167e-05 -1.6805994623e-05 -3.3720116767e-06 -4.6739658871e-03  6.5536521645e-03 -5.3061302762e-03  7.5157346037e-03 -4.5703656710e-03  8.9936938498e-03  9.8989895837e-04  9.7514685414e-03  2.0168845497e-03  1.9564287776e-05  4.1167969112e-06  2.6413168302e-05 -4.1063215879e-03 -1.1652936705e-02 -5.6554976289e-03 -7.5363160291e-05 -6.3919594223e-05  9.7183563996e-06  2.6222707633e-06  8.1726800611e-06 -1.5401350955e-06  5.0332651375e-06  8.0902435198e-07  5.8026909601e-06  8.5908350954e-06  6.7296781292e-06 -1.5461737701e-06  4.7496063179e-06 -2.4834935098e-06  4.5744153236e-06  1.0992450561e-05  1.3437185316e-05  6.9546820239e-06  7.5120126539e-07 -5.5512562243e-06  3.9417085878e-06  1.0157631082e-05  1.9964903517e-06 -1.2691964683e-05  3.9066090670e-04 -1.1659823566e-05 -7.4502297601e-05

JOB 20
COORDS  5.6518566707e+00  7.9690030751e-01 -6.3630170272e-01  5.4616185129e+00  1.5679665114e+00  5.1389921550e-01  4.6821347858e+00 -1.4529436144e-01 -9.7933319453e-01  4.3051992781e+00  1.3614188115e+00  1.2730056329e+00  3.5564849551e+00 -2.7231164781e-01 -1.5829814007e-01  2.4719207124e+00 -1.2562867195e+00 -5.4514833975e-01  4.6891739247e-02 -1.3320714488e+00 -2.1535553354e-01  3.3670691383e+00  4.6353630797e-01  9.4996586074e-01  1.4086707457e+00 -1.3190716972e+00  3.2298727778e-01  2.5277060438e+00 -1.8630352732e+00 -1.6143298938e+00  6.5384989150e+00  9.2805632424e-01 -1.2511494692e+00  6.1886285513e+00  2.3141898289e+00  8.2111464797e-01  4.7637794572e+00 -7.7578943669e-01 -1.8581367981e+00  4.1248348858e+00  1.9427021667e+00  2.1756469670e+00 -6.5040752950e-01 -1.6576611715e+00  5.6084941822e-01 -1.2790208090e-03 -2.0353936515e+00 -1.0475204133e+00 -2.5160473484e-01 -3.3794118479e-01 -5.7311104728e-01  1.5354833093e+00 -6.7164003694e-01  1.0982975976e+00
ENERGY -4.563816139377e+02
GRADIENT  1.8662868913e-04  2.4157370239e-05 -1.4057140922e-04 -3.0851555138e-05  2.9541451015e-06  3.9344558756e-05 -1.0985572546e-04  4.1791128305e-05  1.6545518753e-04 -1.3469743746e-05 -1.4772140290e-04 -1.9477557825e-04 -3.7307308619e-03  5.6739519148e-03 -3.8829947813e-03  5.0111953875e-03 -4.0419707920e-03  6.0059121002e-03 -2.1190113881e-04  8.4364740441e-03  4.7097630590e-04 -6.2290025681e-05  2.7780822853e-05  1.0310763063e-04 -8.5199984250e-04 -9.8819116381e-03 -2.5996821715e-03  1.5258955043e-04 -3.3868290948e-06 -1.0495091357e-04  2.5818811774e-05  1.5512549128e-05 -4.4366094672e-06  2.5237871000e-05 -6.0518470039e-06 -2.1483544628e-05  1.8807260646e-05  2.0190278114e-05 -3.7936161113e-06 -2.1316500057e-05 -3.0152156031e-05 -8.7784489030e-06  1.9548382942e-05  2.3784056042e-05  9.4672423501e-06  1.1222457015e-06 -1.1199728796e-05  8.6545636391e-06  1.6159253559e-05 -6.1012603371e-06 -3.2248768480e-05 -3.4133210346e-04 -1.1216377047e-04  1.5280444247e-04

JOB 21
COORDS  5.7319061698e+00  7.8543292550e-01 -5.9660176995e-01  5.5542129624e+00  1.5511951407e+00  5.5896645300e-01  4.7231951691e+00 -1.0037744725e-01 -9.7619039645e-01  4.3702004809e+00  1.3963442660e+00  1.2873813505e+00  3.5747624641e+00 -1.8057050678e-01 -1.8207538563e-01  2.4569696365e+00 -1.1120510719e+00 -6.0071836483e-01  5.2669489528e-02 -1.4285744844e+00 -2.1483881865e-01  3.3959686320e+00  5.5126865276e-01  9.3074733216e-01  1.4024659442e+00 -1.1562965875e+00  2.6673541871e-01  2.5070113442e+00 -1.7214830345e+00 -1.6705477162e+00  6.6388197456e+00  8.7791481378e-01 -1.1884904832e+00  6.3112740366e+00  2.2545908777e+00  8.9343362253e-01  4.7923837654e+00 -7.2280212345e-01 -1.8618263842e+00  4.1976614575e+00  1.9763472404e+00  2.1924326360e+00 -5.5419224985e-01 -1.8443523829e+00  5.9411399774e-01  1.0965230608e-01 -2.1560777687e+00 -1.0251498895e+00 -4.2874610058e-01 -5.1704197125e-01 -5.9210700401e-01  1.4918851995e+00 -4.9256357146e-01  1.0316030760e+00
ENERGY -4.563860230078e+02
GRADIENT  5.3002837129e-05  7.2722423507e-06 -4.1734599589e-05 -2.2961897331e-05 -8.4417877780e-06  7.8424802094e-06 -4.7293760840e-05 -5.0419375855e-05  4.4515913526e-05 -8.1925314926e-06 -2.9840103959e-05 -4.8157356629e-05 -2.2258832646e-03  3.8615627338e-03 -2.4498662484e-03  2.6843092316e-03 -2.7437094229e-03  3.2013646596e-03 -8.6926807692e-04  5.5043100345e-03 -6.4836010661e-04 -7.7203582841e-06  5.0092773766e-05  4.0831987744e-05  6.3575535660e-04 -6.5937030571e-03 -1.1554676676e-04  8.9983939296e-05  4.9857430901e-05 -5.2709593393e-05  9.2793964363e-06 -5.3196953531e-09  3.7008786556e-07  7.3494495382e-06 -2.4575617164e-06 -4.6088618654e-06  1.0470780266e-05  7.8722936687e-06 -1.2834496858e-05 -6.7846318056e-06 -9.0017316402e-06 -1.2233089735e-06  1.7616656477e-05 -1.2528727979e-05 -6.5458945364e-07  9.1796177167e-06  1.1592893712e-05 -1.2258546693e-05  5.5827770711e-06  5.4738363286e-06  1.3806237746e-05 -2.7358231585e-04 -3.2274828299e-05  7.5372077299e-05

JOB 22
COORDS  5.7752172858e+00  7.5987790452e-01 -5.6809765614e-01  5.6100269805e+00  1.5169238813e+00  5.9487082669e-01  4.7326708241e+00 -6.9033124064e-02 -9.8369938633e-01  4.4033894410e+00  1.4111472623e+00  1.2945696803e+00  3.5653958671e+00 -1.0503300362e-01 -2.1483234682e-01  2.4188268494e+00 -9.8615101575e-01 -6.6227596417e-01  5.3008549107e-02 -1.4993956710e+00 -2.0963655365e-01  3.3975423938e+00  6.1970517209e-01  9.0447740893e-01  1.3550575854e+00 -9.8625593567e-01  1.8475085162e-01  2.4752939618e+00 -1.6212864600e+00 -1.7182820111e+00  6.6985753385e+00  8.1570425236e-01 -1.1387850569e+00  6.3933208720e+00  2.1767321661e+00  9.5664557205e-01  4.7905850610e+00 -6.8198146259e-01 -1.8767219600e+00  4.2392058314e+00  1.9867471507e+00  2.2040378316e+00 -4.5158980911e-01 -1.9435701334e+00  6.5320977572e-01  1.9913046400e-01 -2.2650763824e+00 -9.7233898804e-01 -5.8257821432e-01 -7.0722693619e-01 -6.2565571454e-01  1.4241822623e+00 -3.3313396629e-01  9.5879312048e-01
ENERGY -4.563884810256e+02
GRADIENT -4.3381870548e-05 -1.5353551198e-07  2.6035185606e-05  6.8639721917e-06 -4.0142372869e-06 -4.4790533147e-06  5.8776758983e-05  8.1893964043e-06 -1.9932835495e-05  1.7013880943e-05  4.4125317538e-05  5.7545513646e-05 -8.5039090517e-04  1.6625261708e-03 -1.1795742303e-03  8.3060815841e-04 -1.2789725155e-03  1.1862893785e-03 -6.7997428125e-04  2.2770793555e-03 -7.1869230319e-04  6.4226807674e-06 -2.8841259040e-05 -4.8636091138e-05  8.7936875429e-04 -2.6470986111e-03  6.1544113023e-04  5.3413350163e-06  1.5791999505e-05 -2.6151323696e-06 -2.0172526234e-06 -1.6867800706e-06  4.4237499841e-06 -8.2322423696e-06  5.5343074618e-06  5.6318414402e-06 -5.6183349234e-06 -1.3788145728e-07  4.9521091356e-06  6.7439506603e-06  4.9081662621e-06  4.9520625476e-06 -5.7793405280e-06 -5.7019015997e-06 -2.9075162527e-06  1.8472760774e-06 -1.0727883528e-05  5.0068792213e-06  2.4230572381e-06 -5.9501620619e-06 -3.9993930609e-07 -1.9853375986e-04 -6.1876710774e-05  7.0822388470e-05

JOB 23
COORDS  5.8176008074e+00  8.0246388927e-01 -5.5713687644e-01  5.7307885586e+00  1.3733960185e+00  7.1534324663e-01  4.7465713249e+00  4.0879743474e-02 -1.0260721075e+00  4.5708527468e+00  1.1564809686e+00  1.4666204585e+00  3.6309166265e+00 -1.1712260253e-01 -1.9853236699e-01  2.4617962388e+00 -9.4079790096e-01 -6.9463315860e-01  2.1592868514e-01 -1.7666415021e+00 -8.0093860007e-02  3.5385162844e+00  4.2808762976e-01  1.0264131303e+00  1.4357045094e+00 -1.0270860688e+00  1.8922419647e-01  2.4794705865e+00 -1.4701220280e+00 -1.8094210546e+00  6.7028530149e+00  9.4864583929e-01 -1.1706207791e+00  6.5390656160e+00  1.9739366116e+00  1.1225495943e+00  4.7449897207e+00 -4.3132592841e-01 -2.0025594675e+00  4.4684253155e+00  1.5858046765e+00  2.4619229555e+00 -6.5700017532e-01 -1.1043342477e+00 -5.8031878199e-02  7.1909656151e-02 -2.5656841245e+00  6.5599508298e-01  3.0069091289e-01 -2.2093797094e+00 -1.0731344110e+00  1.5668644156e+00 -5.3702567389e-01  1.0677292014e+00
ENERGY -4.563891763412e+02
GRADIENT -1.4322536213e-05  1.6066363963e-06  1.3326326252e-05  4.4618244421e-06 -5.4023255124e-06 -6.0351483210e-06 -3.0919217711e-06 -7.0352186456e-06 -1.5264585692e-05 -6.1064477160e-06  6.8982135913e-06  1.5708912271e-05  1.3159013478e-05 -6.5051017392e-06 -1.0966064904e-05 -7.5693312270e-07  1.0317491280e-05 -2.7764380225e-06  1.5089636193e-05 -4.1785344758e-06 -8.1531408050e-06  1.0277430418e-05  2.4926914286e-06 -2.4604338447e-06 -1.3276902301e-05  9.9397213638e-07  8.2283300180e-06 -1.6481566424e-05 -3.0491735445e-06  1.6724429661e-05 -3.8832889528e-06 -3.2351295078e-06 -6.0949881901e-07 -4.1123677616e-06  8.6749303198e-07  9.2278321854e-07 -1.4714740701e-06 -1.6382206470e-06 -9.1791247138e-07  1.4996289314e-06  4.2041660446e-07  1.0258122948e-06  2.1621605753e-06 -1.5773037681e-06 -2.7593113034e-06  5.3524174741e-07  3.6020465375e-06 -1.4246545302e-06 -1.6745454175e-05 -9.4933981953e-06 -3.4343523838e-06  2.3972516602e-06 -3.9003680159e-07 -7.9469321707e-07

