JOB 0
COORDS  9.5909650295e-01  2.4448918277e-01  1.8650736048e+00  3.1517948811e-01 -5.2057202634e-01  8.8820344873e-01  1.0902493711e+00 -2.7613278201e-01  3.1507292826e+00 -1.6553090485e-01 -1.7783784205e+00  1.2585169307e+00  5.6527205733e-01 -1.5500350894e+00  3.4346529683e+00  1.6470319265e+00 -1.7281191787e+00  5.8334894686e+00  1.8495586537e-01 -1.4197153787e+00  6.0200152645e+00  6.4889640637e-01 -2.1785817032e+00  4.7820644064e+00 -4.9483081973e-02 -2.2894033000e+00  2.4916115950e+00  1.3572347360e+00  1.2278514728e+00  1.6268388391e+00  1.9187465885e-01 -1.5921344695e-01 -1.2864686049e-01  1.5904884062e+00  3.0063172974e-01  3.9231025643e+00 -6.6857844108e-01 -2.4113829271e+00  5.2820255760e-01  2.3210737708e+00 -9.1252867823e-01  5.5906277379e+00  2.0922668702e+00 -2.5030533807e+00  6.4503283005e+00 -3.7566784827e-01 -1.9704468110e+00  6.7695145317e+00 -1.4275120557e-01 -3.9513808518e-01  5.8688615855e+00  4.3290671240e-01 -3.2414924358e+00  4.7551352080e+00
ENERGY -3.650475358126e+02
GRADIENT  7.0113535258e-06  1.8977175005e-05  8.1824627346e-06 -1.8557888698e-06 -8.1083184532e-06  8.2721228258e-06  1.2799667598e-03 -6.0785946874e-04 -3.8621099306e-04  2.5477581395e-07  8.1107709131e-06 -1.4456759564e-05 -1.4749651197e-03  8.2118351922e-04  4.8759787736e-04 -3.7984025121e-05  1.8248231719e-05 -3.0858046899e-05  6.9249340149e-06  1.1787430909e-05  5.4469333820e-05 -1.4836073351e-03  8.3107491728e-05  1.5338066100e-04  4.5134453243e-06  7.5996892400e-06  1.2926211832e-05 -1.5575438499e-07  5.0269935679e-06  1.4518316805e-06  2.5863755271e-06  6.1805860155e-06  2.4101419683e-06 -4.8381233272e-06  1.5497176413e-06 -1.2924644706e-06  1.3044011190e-06  2.6526758996e-06 -1.7277367499e-06  1.1572363361e-05 -9.1329310586e-06  1.5276287729e-05  4.0808023125e-06 -2.6673773272e-06  2.7282280512e-07  3.0442048860e-07 -9.0786551579e-06 -8.0430818245e-06  2.7475665686e-06 -6.2711896775e-06 -2.1912875704e-05  1.6797393841e-03 -3.3528518589e-04 -2.8702857747e-04

JOB 1
COORDS  1.0612258647e+00  2.0663382873e-01  1.8200649631e+00  2.7205535151e-01 -4.9144736783e-01  9.0325349662e-01  1.2467436420e+00 -3.2770797584e-01  3.0951903943e+00 -2.8984600179e-01 -1.7026061585e+00  1.3167689306e+00  6.2631038057e-01 -1.5435008065e+00  3.4279699761e+00  1.5926728171e+00 -1.6219927472e+00  5.8916783060e+00  8.9567202536e-02 -1.5365387370e+00  5.9848837750e+00  7.4504343805e-01 -2.1833295533e+00  4.7698847945e+00 -1.2458682404e-01 -2.2231614629e+00  2.5386397825e+00  1.5326615471e+00  1.1468538949e+00  1.5443558984e+00  1.0165413969e-01 -1.1836222082e-01 -1.0254498271e-01  1.8681024499e+00  1.9118002408e-01  3.8179781242e+00 -9.0222351180e-01 -2.2865812202e+00  6.3028655834e-01  2.1469250651e+00 -7.0367957700e-01  5.7265832366e+00  2.1069197548e+00 -2.3392286589e+00  6.5244871547e+00 -4.3249438827e-01 -2.1838312079e+00  6.6833271033e+00 -3.7132699347e-01 -5.6516910595e-01  5.8308874259e+00  6.7965353888e-01 -3.2656522075e+00  4.7185652037e+00
ENERGY -3.650466256527e+02
GRADIENT -1.0060186014e-05 -1.0870994648e-05  6.2534270011e-06 -1.4231081139e-06  4.2063368012e-06 -1.2486894257e-05  1.1852797854e-03 -7.1897725860e-04 -4.5244546717e-04  5.0201829124e-06  6.1977115027e-06  6.4679440507e-06 -1.3193705528e-03  1.0798541569e-03  6.4296610359e-04 -7.7835744507e-05 -1.2155865997e-05 -1.6280891378e-05  1.1736935855e-05  8.8751850740e-05  6.0301059227e-05 -1.5134403186e-03 -3.1837450506e-04  2.8803050794e-06 -2.0275550460e-06  4.3366241851e-06  2.4719225927e-06  1.2762675207e-06 -2.6215862223e-06  1.0242253083e-06 -2.8488983911e-06  2.4816930139e-06  6.4121519015e-07 -2.7615827796e-06  2.7199218276e-06 -8.4425066992e-08 -2.5560979505e-06  3.3166371440e-06  1.9763319718e-06  2.3526851053e-05 -1.2549474732e-05 -3.7261786880e-07  7.5264737284e-06  9.6099221105e-06  1.2125726688e-05  1.9483284773e-05 -2.7652928944e-05 -1.2088104179e-05 -1.0022348006e-05 -1.2125868089e-05 -1.1803638606e-05  1.6815518955e-03 -9.0981402882e-05 -2.1678894381e-04

JOB 2
COORDS  1.1540120880e+00  1.5481068372e-01  1.7704270862e+00  2.4161253426e-01 -4.7029147992e-01  9.1903891003e-01  1.3729495625e+00 -3.8709362110e-01  3.0385059966e+00 -4.0311111037e-01 -1.6212444539e+00  1.3841009305e+00  6.6264313363e-01 -1.5334120682e+00  3.4269629840e+00  1.5288851389e+00 -1.5141241063e+00  5.9267170202e+00  2.4262723116e-02 -1.6544391927e+00  5.9547979511e+00  8.1928660073e-01 -2.1749846914e+00  4.7668820801e+00 -2.0678599357e-01 -2.1460766779e+00  2.5985216423e+00  1.6940002112e+00  1.0428212633e+00  1.4508227894e+00  3.8696465008e-02 -8.9126572724e-02 -7.7721194384e-02  2.0922462957e+00  6.7031131054e-02  3.7121225414e+00 -1.1118716968e+00 -2.1487016445e+00  7.4622915437e-01  1.9370529853e+00 -5.1691389454e-01  5.7959260985e+00  2.1188229194e+00 -2.1513713901e+00  6.5788614144e+00 -4.2411635217e-01 -2.3838117735e+00  6.6227765383e+00 -5.6739443811e-01 -7.5767676104e-01  5.7959827311e+00  9.0586749870e-01 -3.2562404824e+00  4.7063344998e+00
ENERGY -3.650459233020e+02
GRADIENT -9.9206612280e-07  8.6105415991e-06 -9.2862652462e-06  7.7519739202e-06 -8.1375091337e-06  2.8850559916e-05  7.5436340335e-04 -5.9257663875e-04 -3.6074745249e-04 -2.8528751337e-05 -1.8502034942e-05 -1.5889394203e-05 -7.9898296222e-04  9.2128339029e-04  5.3299909265e-04 -4.1999804342e-05 -4.2975745416e-05  3.1160682944e-06  3.5904745463e-06  8.2380674934e-05  2.8703164719e-05 -1.1266166233e-03 -4.4531021832e-04 -9.3237398676e-05 -7.1115885678e-06  1.2386476728e-05 -1.9966784081e-05  2.9551604509e-06 -2.4271875505e-06 -3.0151040491e-07 -5.3762305539e-06 -1.4176515419e-06  2.4624857009e-06 -8.4394838822e-07  3.5584392258e-06 -4.3575654213e-06 -8.0389610715e-06  1.3464632819e-06 -1.0549422783e-06  1.2739657005e-05 -4.0714291976e-06 -9.6681226326e-06  7.3327756336e-06  1.5473314750e-05  9.9287565880e-06  1.9842974677e-05 -2.0087598986e-05 -1.1657484822e-05 -1.0193181195e-05 -9.0890378158e-06 -2.4810763214e-06  1.1864815111e-03  1.0351078450e-04 -1.0023918004e-04

JOB 3
COORDS  1.2519510136e+00  9.5782894411e-02  1.7317029823e+00  2.4523185623e-01 -4.5313651939e-01  9.3617231189e-01  1.4810327952e+00 -4.4972811150e-01  2.9968567080e+00 -4.7987601842e-01 -1.5338209897e+00  1.4500195410e+00  6.9002721787e-01 -1.5220731439e+00  3.4352367140e+00  1.4547370958e+00 -1.4171116691e+00  5.9563755072e+00 -1.5944706272e-02 -1.7763193875e+00  5.9338338423e+00  8.8028055248e-01 -2.1630400129e+00  4.7737402352e+00 -2.7289617143e-01 -2.0611282169e+00  2.6617497741e+00  1.8529486569e+00  9.2775989516e-01  1.3726431478e+00  2.7899597884e-02 -6.5728672995e-02 -5.5193801404e-02  2.2675119777e+00 -5.8297837267e-02  3.6343285005e+00 -1.2663322981e+00 -1.9985114962e+00  8.5588406400e-01  1.7118411968e+00 -3.6917059719e-01  5.8341789598e+00  2.1106802718e+00 -1.9618208820e+00  6.6291048655e+00 -3.7343618186e-01 -2.5673521698e+00  6.5861661896e+00 -7.2640795141e-01 -9.7300455512e-01  5.7627781020e+00  1.1244176738e+00 -3.2207794743e+00  4.7099286170e+00
ENERGY -3.650454205306e+02
GRADIENT  1.9230421222e-05  1.1285375655e-05 -1.1303293695e-05  4.1442163502e-07 -5.6949733670e-06  3.6907232217e-05  4.8436133338e-04 -4.8076826595e-04 -3.2753209200e-04 -2.6583822323e-05 -1.2543632120e-05 -2.3616356944e-05 -4.8627360188e-04  7.6939984853e-04  4.6056202555e-04  6.1530386443e-05  3.2885035717e-05  1.3402523187e-05  6.3578003582e-06 -1.2038916765e-04 -1.4340487692e-06 -9.1810869182e-04 -4.3396074110e-04 -1.6593779017e-04  5.2036929132e-06  1.1832400290e-05 -4.4263466440e-06  2.5679120024e-06  8.4989884371e-07 -2.9385870529e-06 -2.8649235541e-06 -2.1063662685e-06  1.8472993463e-06 -7.3664546969e-07 -2.8813338330e-06 -5.2010214353e-06 -1.0069269564e-05  3.2289538268e-06 -1.9949615093e-07 -2.2911766370e-05  4.9678165329e-06  9.5003479340e-06 -1.2603921803e-06 -1.6101189741e-05 -1.7402696935e-05 -4.2486032552e-05  3.5336876475e-05  1.4123559611e-05  2.9171352970e-05  3.0614623479e-05 -4.6861800199e-06  8.7535985742e-04  2.0301847209e-04  5.8288083368e-06

JOB 4
COORDS  1.3179781477e+00  2.8246436365e-02  1.6663950421e+00  2.2300871886e-01 -4.3536735370e-01  9.3474587824e-01  1.5569893272e+00 -5.1463838052e-01  2.9302648151e+00 -5.7749113527e-01 -1.4282610475e+00  1.5091933250e+00  6.9285298601e-01 -1.5012275442e+00  3.4287444637e+00  1.3636553516e+00 -1.3185593110e+00  5.9609328271e+00 -4.3140445828e-02 -1.8795558034e+00  5.9021053260e+00  9.2112403674e-01 -2.1351427169e+00  4.7669589590e+00 -3.5905533121e-01 -1.9540762443e+00  2.7206682354e+00  1.9741511135e+00  7.9439076496e-01  1.2604912318e+00 -8.0016854170e-03 -4.5206516881e-02 -5.2490315488e-02  2.4020635910e+00 -1.8647019003e-01  3.5281564804e+00 -1.4382468133e+00 -1.8198801797e+00  9.6783360152e-01  1.4771402168e+00 -2.4595741610e-01  5.8307327475e+00  2.0717354270e+00 -1.7641725686e+00  6.6536310236e+00 -2.9979544487e-01 -2.7121619797e+00  6.5501215311e+00 -8.5631643865e-01 -1.1854926372e+00  5.7123206517e+00  1.3164044123e+00 -3.1472800011e+00  4.7057466582e+00
ENERGY -3.650450502243e+02
GRADIENT  1.6838056247e-06  2.3168415748e-06  2.1201757256e-06 -4.9727772564e-07 -9.5998297721e-07 -4.4130510984e-06  2.8449637742e-04 -3.6414810599e-04 -2.2220045798e-04  6.9370319050e-06  1.7545350553e-06  1.9505049643e-06 -2.5550567556e-04  5.7759407809e-04  3.2341475251e-04 -1.9110836632e-05 -6.0868668850e-05 -8.6728757013e-06 -2.3219923905e-05  2.6085739970e-06  4.0676486162e-05 -5.7413899200e-04 -3.9744956355e-04 -1.3741562361e-04 -3.0866888974e-06 -1.1003026921e-06  2.3469475265e-07  2.7966499980e-06 -2.7582983570e-06 -1.4191374071e-06  2.1568903230e-06  8.6584408651e-07 -8.5045836945e-07 -2.0006652588e-06  8.9230351176e-07  2.6161407832e-06 -6.3380744792e-08  1.8265228271e-06 -1.9396522334e-07 -5.4515489418e-06  3.6165903470e-06 -1.2790521038e-06  1.2724293908e-05  1.9347874795e-05  9.2998466419e-07  4.3352012414e-06 -6.7715534446e-06 -1.2166832007e-05  7.2623264159e-06  8.0899980224e-06 -6.1642278207e-06  5.5349971033e-04  2.1244411027e-04  1.7008864634e-05

JOB 5
COORDS  1.3965273506e+00 -4.5262641393e-02  1.6080674862e+00  2.2467974340e-01 -4.1411762155e-01  9.4263624069e-01  1.6467264696e+00 -5.8625038519e-01  2.8693173092e+00 -6.3818508070e-01 -1.3103467115e+00  1.5798573038e+00  7.2210220220e-01 -1.4820135242e+00  3.4297393005e+00  1.2569167100e+00 -1.2342741363e+00  5.9803376895e+00 -5.0941451451e-02 -1.9923712862e+00  5.8654979565e+00  9.7903006078e-01 -2.1028612318e+00  4.7704560569e+00 -4.0678269386e-01 -1.8366097190e+00  2.7903362237e+00  2.0984612891e+00  6.5033433374e-01  1.1545110808e+00 -1.9548809108e-02 -1.9704889864e-02 -3.9736445982e-02  2.5429253066e+00 -3.2394723661e-01  3.4246942964e+00 -1.5631631770e+00 -1.6205297686e+00  1.0946980192e+00  1.2249807987e+00 -1.5684476603e-01  5.8427576386e+00  1.9942026037e+00 -1.5754955782e+00  6.7014586176e+00 -2.0762364901e-01 -2.8534962134e+00  6.5081669180e+00 -9.4912478681e-01 -1.4264316033e+00  5.6388883893e+00  1.5228819063e+00 -3.0448511992e+00  4.7218322261e+00
ENERGY -3.650448960660e+02
GRADIENT -2.3371141750e-05 -1.1246927993e-05  2.2570777191e-05  1.4194308100e-05 -9.1356970877e-06  8.6114801012e-06 -3.0591316576e-05  1.0453492675e-04 -7.8031824885e-06 -5.7801780696e-05  1.9408965298e-06 -5.1455743500e-05  1.4661738558e-04 -1.0888625494e-04 -1.1376466504e-05 -4.0009122824e-05 -6.1159025884e-05 -1.2379636424e-05 -4.5212058477e-05  9.8779427145e-05  2.6535855815e-05  5.5975530776e-05 -6.4841720212e-08  3.3597889236e-05  4.6300020195e-05  3.3150029513e-05  2.4732770150e-05  1.3625513031e-06 -5.5007881239e-06 -1.2227116871e-06 -4.8973118536e-06 -8.4223743738e-06  2.2294731518e-06 -6.0465143505e-06  5.2521025379e-06  4.5462910116e-06  1.0643383220e-06 -3.7342239012e-06 -1.2462513778e-05  1.0548453983e-05  5.4449367138e-06 -8.2320337486e-06 -4.7907492962e-06  4.1173172660e-05  2.3610710598e-05  4.7539099891e-05 -2.0005208771e-05 -1.1149705246e-05 -8.0164269698e-06 -2.2461018667e-05 -1.0254080090e-06 -8.9307855995e-05 -4.6207015038e-05 -2.9908943283e-05

JOB 6
COORDS  1.4681307138e+00 -1.3250964621e-01  1.5503351540e+00  2.2767748877e-01 -3.9411744033e-01  9.6032870747e-01  1.7351523697e+00 -6.7115735873e-01  2.8076942189e+00 -6.8207649220e-01 -1.1827711223e+00  1.6680949226e+00  7.6218149138e-01 -1.4647979465e+00  3.4390131063e+00  1.1302720383e+00 -1.1603298158e+00  6.0086389063e+00 -3.9199542998e-02 -2.1071870686e+00  5.8330733503e+00  1.0429550128e+00 -2.0581919354e+00  4.7873895780e+00 -4.3325935067e-01 -1.7090843433e+00  2.8764478793e+00  2.2069010178e+00  4.8300606862e-01  1.0427657421e+00 -3.2673552314e-02  4.2118890796e-03 -1.6288438484e-02  2.6811258228e+00 -4.8445493937e-01  3.3091514353e+00 -1.6620553462e+00 -1.4033504160e+00  1.2461803701e+00  9.4572883046e-01 -9.9823171390e-02  5.8604743099e+00  1.8791434105e+00 -1.3892728843e+00  6.7616355942e+00 -9.2055609753e-02 -2.9836390043e+00  6.4720518207e+00 -1.0004457005e+00 -1.6856727168e+00  5.5579125235e+00  1.7244436529e+00 -2.9070299177e+00  4.7657724224e+00
ENERGY -3.650452194102e+02
GRADIENT -8.5307500899e-06  4.7387101116e-06  6.5481434825e-06 -3.1398948900e-06  6.1070748201e-06 -1.3869246115e-05 -4.4731828647e-04  9.3272171789e-04  5.1908822739e-04  3.6287295066e-06 -1.7846948327e-06  1.3365233425e-05  4.0283268387e-04 -1.7028245339e-03 -7.9802508882e-04  2.2863916971e-05  1.4872871681e-05  2.9453178843e-05  1.9849862574e-05  3.3038799668e-05 -2.3728793444e-05  1.0948468180e-03  1.5072778200e-03  4.3036277028e-04 -2.4778051871e-05  2.9043942141e-05  1.8861936061e-05 -4.6304545046e-07 -4.0057630876e-06 -1.8225951318e-06 -5.3762390040e-07 -5.8593676815e-06 -1.4588789467e-06 -5.5798796469e-06  1.1317666233e-05  4.4389386425e-06  2.4146815656e-06 -9.5395866879e-06 -3.2345016330e-06 -6.6938820474e-06  2.3897170451e-07 -1.4057598189e-06 -1.3578254873e-05  1.5987769821e-05  1.4726061968e-05  1.8340365202e-05 -1.3270116102e-05 -8.0958487642e-06 -1.5780596330e-06 -8.2943222748e-06  5.6060876197e-06 -1.0571815054e-03 -8.3496742681e-04 -1.7161010161e-04

JOB 7
COORDS  1.5154275222e+00 -2.2734288486e-01  1.4878586388e+00  2.2099457065e-01 -3.7438176295e-01  9.7778570106e-01  1.8034568011e+00 -7.6311301753e-01  2.7407650285e+00 -7.1752033902e-01 -1.0506457644e+00  1.7589389975e+00  7.9752177827e-01 -1.4459201179e+00  3.4480569741e+00  9.8216011627e-01 -1.1063865496e+00  6.0284262472e+00 -1.0392491228e-02 -2.2244480456e+00  5.8005724790e+00  1.0990216440e+00 -2.0038921098e+00  4.8051730262e+00 -4.4833171394e-01 -1.5758289121e+00  2.9638731638e+00  2.2792715766e+00  3.0098835270e-01  9.2246151044e-01 -5.6909340320e-02  2.7107139451e-02  7.3769390508e-03  2.7922194535e+00 -6.6024814203e-01  3.1804643627e+00 -1.7390171821e+00 -1.1787445827e+00  1.4023923040e+00  6.4213465674e-01 -8.8048453963e-02  5.8621201457e+00  1.7253865298e+00 -1.2157849407e+00  6.8132628802e+00  4.9131459732e-02 -3.1008727446e+00  6.4391037790e+00 -1.0102485668e+00 -1.9593851649e+00  5.4746164918e+00  1.9023566169e+00 -2.7378576030e+00  4.8187258789e+00
ENERGY -3.650462209737e+02
GRADIENT -1.2851715988e-05 -9.1264547046e-06  1.4292429697e-05 -8.4010202990e-06  3.7476404661e-06 -1.3105442897e-05 -6.1619825710e-04  1.8832043779e-03  9.1340636085e-04 -5.3132932939e-06  4.5241552197e-06 -1.4164593713e-05  3.9463453431e-04 -3.3377795733e-03 -1.4765333301e-03 -4.7410395574e-05  6.5596288213e-05  7.8154268479e-06  6.7938991317e-05 -2.9043025373e-05  1.1338919535e-05  2.0062062521e-03  3.3910028643e-03  9.3039924499e-04  4.0161459581e-06  2.4999649086e-06  2.1889105073e-05 -3.5328208810e-06 -3.5561972251e-07 -5.6607253889e-07 -3.9000117472e-06  7.9039670839e-07 -1.5635874511e-06 -2.0986481055e-06 -8.6183704359e-07  6.4527964532e-07 -1.7567332284e-06  2.0445843988e-06 -3.4584553504e-06  4.6934514695e-06  6.3153604565e-07  1.0042123436e-05  6.9098145184e-06 -3.0790812947e-05 -1.4745161694e-05 -3.2844453392e-05  1.3254179647e-06  4.7410376068e-06  2.0676887588e-06  7.1731855626e-06 -1.4377143834e-05 -1.7807091887e-03 -1.9537874044e-03 -4.0119499072e-04

JOB 8
COORDS  1.5571056985e+00 -3.2802977366e-01  1.4216436204e+00  2.2655322578e-01 -3.5762118217e-01  9.9025858287e-01  1.8658328574e+00 -8.5689334213e-01  2.6724418747e+00 -7.2536336130e-01 -9.1611823929e-01  1.8449217297e+00  8.4202608256e-01 -1.4190017730e+00  3.4568138797e+00  8.4326441495e-01 -1.0798226368e+00  6.0374705171e+00  5.1613199318e-02 -2.3357523894e+00  5.7671641803e+00  1.1597915899e+00 -1.9412964451e+00  4.8204908430e+00 -4.3738475635e-01 -1.4347250187e+00  3.0475474301e+00  2.3344515612e+00  1.0589852552e-01  7.9737788975e-01 -6.7669249723e-02  4.3392593377e-02  2.4566031497e-02  2.8853033336e+00 -8.4200271410e-01  3.0493662379e+00 -1.7740136945e+00 -9.5079030792e-01  1.5513290383e+00  3.5714376397e-01 -1.2757960573e-01  5.8456636300e+00  1.5595466174e+00 -1.0719111179e+00  6.8542700071e+00  2.2440595781e-01 -3.1967538807e+00  6.4061290509e+00 -9.6059691025e-01 -2.2252959988e+00  5.3947910515e+00  2.0624042584e+00 -2.5457017290e+00  4.8714160063e+00
ENERGY -3.650477515046e+02
GRADIENT  2.8423470737e-05  1.4983976547e-05 -8.6298372547e-06 -5.1172164589e-06 -6.4609834204e-06  1.8468011088e-05 -5.6302973200e-04  2.4572109631e-03  1.0342792795e-03  3.1766848104e-06  6.5594478422e-07 -1.5278910948e-05  2.5881720506e-04 -4.4243819995e-03 -1.7375448595e-03  7.0072247099e-05 -9.4236119786e-05 -1.8928084468e-05 -7.4934612408e-05  1.2315381658e-05  3.3052925592e-06  2.0688091454e-03  4.7667513897e-03  1.3306087736e-03  1.5311031250e-05 -4.3665911866e-07  1.8729965725e-05  2.0708226849e-06 -4.1731456109e-07 -3.4925025343e-06  3.0049213534e-06  3.5218482902e-06  2.6639439833e-06 -4.3167026901e-06  2.1121388022e-06  1.5878546150e-06 -1.1064963267e-06  5.2127513639e-06  5.2452745167e-06  1.3843122901e-06  5.3676350493e-06 -1.3661287479e-06 -1.7727453416e-05  4.9460443417e-05  2.1293811001e-05  3.6901887642e-05  1.7808555769e-06 -1.2092020029e-05 -1.7251998193e-06 -4.5424790113e-07  1.0722079907e-05 -1.8209145616e-03 -2.7790116281e-03 -6.3179791780e-04

JOB 9
COORDS  1.5807209630e+00 -4.2466136744e-01  1.3639243588e+00  2.3389463589e-01 -3.3884028297e-01  9.9731785697e-01  1.9020422963e+00 -9.3683031703e-01  2.6192162467e+00 -7.2248893004e-01 -7.7192136978e-01  1.9184324902e+00  8.7065424075e-01 -1.3664619741e+00  3.4733787762e+00  6.9477327938e-01 -1.0792348270e+00  6.0501893975e+00  1.0529182409e-01 -2.4268336361e+00  5.7289980882e+00  1.1945150998e+00 -1.8631773096e+00  4.8407081772e+00 -4.2453610595e-01 -1.2725183138e+00  3.1247181534e+00  2.3634486192e+00 -9.2774814214e-02  6.8609231590e-01 -6.9529608509e-02  5.3883188728e-02  3.1147183592e-02  2.9369532631e+00 -1.0103098350e+00  2.9432596506e+00 -1.7832324076e+00 -7.1524367140e-01  1.6759660019e+00  8.8534868169e-02 -2.0397756656e-01  5.8364894365e+00  1.3629081220e+00 -9.8245177218e-01  6.9012777102e+00  3.7043838357e-01 -3.2678372799e+00  6.3629486416e+00 -8.9288520994e-01 -2.4487434901e+00  5.3062330477e+00  2.1691435668e+00 -2.3355814599e+00  4.9305674484e+00
ENERGY -3.650494008703e+02
GRADIENT  3.0491828209e-05  1.8244831382e-05 -2.0280263664e-05 -1.5333575866e-05  2.2037766643e-06 -1.0563577117e-05 -2.5945249112e-04  2.3205811121e-03  9.2642971620e-04  6.6651719178e-05 -1.4314938805e-05  2.5297910946e-05 -9.0416418513e-05 -4.2751915916e-03 -1.5759941309e-03  1.1391755083e-04 -1.4327351551e-04 -4.4034754331e-05 -1.3940787996e-04 -1.2481903844e-05  3.9072396445e-05  1.5593956003e-03  4.7664982441e-03  1.3242957290e-03 -4.5501190741e-05 -5.7578792750e-06  1.1668473597e-05  1.1272562244e-06 -2.6505783637e-06 -5.4498804471e-06  6.8063810234e-06  1.8685935310e-07 -4.1810172142e-06 -1.9966583865e-06  9.7062297253e-06  1.3135303035e-06  4.7882671334e-06 -2.2262449753e-06  9.8151137805e-06  1.5909702593e-06  1.2022005585e-05  6.5694480146e-06 -3.7774003399e-05  7.2884444224e-05  3.2981745840e-05  6.9980447688e-05  1.3346788547e-05 -1.9627854957e-05  1.3609885943e-05  7.0906917470e-06  8.4376973108e-07 -1.2707152247e-03 -2.7679805926e-03 -6.7655480134e-04

JOB 10
COORDS  1.5814229639e+00 -5.2644289061e-01  1.3168025175e+00  2.3190574001e-01 -3.3971912426e-01  1.0038876265e+00  1.9178364782e+00 -1.0041731757e+00  2.5824809963e+00 -7.1410509946e-01 -6.4336594579e-01  1.9866495652e+00  8.9525084281e-01 -1.2934919320e+00  3.5025362225e+00  5.7425445061e-01 -1.0899223926e+00  6.0721061731e+00  1.7854279048e-01 -2.4912618513e+00  5.7002148864e+00  1.2267600981e+00 -1.7689428135e+00  4.8722463538e+00 -4.0338928814e-01 -1.1067039817e+00  3.2032045166e+00  2.3568169837e+00 -3.0040706764e-01  5.8884033618e-01 -8.1959732817e-02  3.0753041978e-02  3.2333810096e-02  2.9569389925e+00 -1.1566092729e+00  2.8622798477e+00 -1.7764922484e+00 -5.0783918104e-01  1.7860795810e+00 -1.2994269854e-01 -2.9626769698e-01  5.8426496971e+00  1.1885583660e+00 -9.3164330820e-01  6.9538187526e+00  5.1998251787e-01 -3.3102282629e+00  6.3265732422e+00 -7.8916468699e-01 -2.6256734126e+00  5.2290802741e+00  2.2513369842e+00 -2.1070405606e+00  4.9991643825e+00
ENERGY -3.650506596379e+02
GRADIENT -3.0092673686e-05 -4.9865983445e-06  2.3703646574e-05 -2.7443857541e-05  2.2593447627e-05 -6.8571754137e-05  6.2477268456e-05  1.4287486620e-03  5.5174065972e-04  1.0869921006e-04 -2.2994927998e-05  6.3248160373e-05 -3.0469413555e-04 -2.6399913809e-03 -9.0157382869e-04 -7.3232618399e-05  5.8475920718e-05  6.5346613985e-05  7.0580678845e-05  4.9443020842e-05 -2.6507378058e-05  7.3602454776e-04  2.8456572895e-03  8.0349208048e-04 -7.3262057103e-05  6.3607751159e-06 -1.5259891543e-05 -5.2430264473e-06 -2.5890052337e-06  2.1593266638e-06  1.0719534362e-06  1.0571549288e-06 -9.8914702510e-06  6.7512147490e-06 -7.3240745362e-07  9.6165469514e-07  7.9189372355e-06 -5.4166893165e-06  1.0223730571e-05  7.1162885287e-07 -3.1623104893e-06 -1.3723573059e-05  1.8875768766e-05 -2.0852123531e-05 -1.3226470948e-05 -1.6038115463e-05 -9.1067789176e-06  9.8703091127e-06  1.1514735869e-06  2.0843929054e-06  1.1541822408e-05 -4.9819657350e-04 -1.7071871118e-03 -4.7059265165e-04

JOB 11
COORDS  1.5861258710e+00 -6.3030561930e-01  1.2803655430e+00  2.4624009717e-01 -3.4757866744e-01  1.0009953990e+00  1.9290560149e+00 -1.0657270602e+00  2.5598026238e+00 -6.8525618979e-01 -5.1843441585e-01  2.0290903120e+00  9.2224270105e-01 -1.2079306099e+00  3.5299269849e+00  4.7361596563e-01 -1.1188680940e+00  6.0891093657e+00  2.6238406504e-01 -2.5429559988e+00  5.6612461493e+00  1.2533273077e+00 -1.6698709042e+00  4.9031930852e+00 -3.6818223214e-01 -9.3546577063e-01  3.2602128606e+00  2.3495840972e+00 -5.1353870838e-01  5.1501974251e-01 -7.1736943362e-02 -5.6749788163e-03  2.0368075648e-02  2.9610888355e+00 -1.2946213438e+00  2.8121467724e+00 -1.7402110901e+00 -3.0930879318e-01  1.8540420371e+00 -3.1063828689e-01 -4.0785555260e-01  5.8504223441e+00  1.0279366256e+00 -9.2279058975e-01  7.0023472522e+00  6.7048827791e-01 -3.3403165951e+00  6.2755113448e+00 -6.6109355521e-01 -2.7725604327e+00  5.1397248535e+00  2.3063982374e+00 -1.8765934653e+00  5.0709924343e+00
ENERGY -3.650511457339e+02
GRADIENT -3.0023110961e-05 -1.0827142244e-06  2.1177082699e-05 -3.9887134832e-06  1.3162162680e-05 -2.9304544280e-05  2.0417255972e-05 -9.4656951265e-06  2.6967762182e-06  1.0498034053e-05 -1.2168212677e-05  5.8770534353e-06 -1.4007808719e-06  1.3061010749e-05  2.9100734550e-06  6.8336454548e-05 -5.3408711604e-05 -6.0664855787e-05 -1.0697359525e-04 -4.2325548080e-05  4.9841657045e-05  2.1480510829e-05  2.8429186310e-05 -4.1332823181e-06 -7.5252001821e-06  4.1913486596e-06 -4.3722865427e-06 -4.0432145931e-06 -1.1134527935e-06  1.7271241605e-06 -5.0115244890e-06  1.6573112116e-06 -2.6013576706e-06  4.0050394055e-07  1.6993293678e-06  2.0075964337e-06  4.6489864740e-07  2.9920950809e-06 -2.2766505431e-06 -5.3449673431e-06  3.4631487008e-06  1.2619056277e-05 -2.7425822448e-05  2.4668288769e-05  1.7310431376e-05  3.8015384224e-05  2.3281200513e-05 -8.1949092031e-06  6.1133773202e-06  1.3389160601e-05 -1.5943142787e-05 -2.5064669637e-06 -2.4034957306e-06 -1.5889040941e-06

JOB 12
COORDS  1.5639524128e+00 -7.3335152095e-01  1.2500074047e+00  2.4420279217e-01 -3.5219859961e-01  9.9131217957e-01  1.9098969234e+00 -1.1237911071e+00  2.5427451747e+00 -6.6493217871e-01 -3.8543516450e-01  2.0520814757e+00  9.2887869705e-01 -1.1142304979e+00  3.5494527854e+00  3.7518140232e-01 -1.1476592282e+00  6.0930110247e+00  3.5059462708e-01 -2.5736456772e+00  5.6190864854e+00  1.2588265415e+00 -1.5609402579e+00  4.9291697967e+00 -3.4316329922e-01 -7.5412746506e-01  3.2978437378e+00  2.3085064203e+00 -7.2954985517e-01  4.5762460183e-01 -7.5404483937e-02 -4.0595141500e-02  1.1544260843e-03  2.9252257535e+00 -1.4312603963e+00  2.7789967597e+00 -1.7046564389e+00 -1.0083931823e-01  1.8930894417e+00 -4.7855072108e-01 -5.2661854033e-01  5.8440765223e+00  8.6855477863e-01 -9.2217369107e-01  7.0339339702e+00  8.2421781069e-01 -3.3395928450e+00  6.2264146837e+00 -5.1775179340e-01 -2.8949835843e+00  5.0523926618e+00  2.3220228656e+00 -1.6342142700e+00  5.1398467706e+00
ENERGY -3.650506595228e+02
GRADIENT -6.7377776572e-05 -3.5597270454e-06  6.5296818496e-05  2.2092316235e-05 -2.0761243585e-06  2.5615034075e-06 -3.3882621020e-04 -1.4361085390e-03 -4.3403946165e-04 -1.3191483407e-04  3.4467393705e-05 -6.7245252640e-05  7.2477776401e-04  2.6435105232e-03  7.8196875260e-04  5.2755515345e-05 -4.7094692922e-05 -5.6236477515e-05 -9.2765788033e-05 -6.8531191306e-05  3.5733963482e-05 -2.3480269028e-04 -2.9315178661e-03 -8.9092664728e-04  9.5077835828e-05 -2.9251936682e-05  1.3233397479e-06 -5.6884358259e-06  1.2113608461e-06  9.8939142276e-06 -1.7656402717e-05  4.6009513314e-06  1.3216303580e-05 -3.7048430952e-06 -1.8481096473e-06  7.3308389858e-06 -8.4234320155e-06  1.2631225380e-05 -1.6906438878e-05 -5.9147867579e-06  9.4635141818e-06  9.3818287659e-06 -2.4473116982e-05  8.6262820745e-06  1.1297228275e-05  2.4566341072e-05  1.8467488578e-05 -6.1989545919e-07  6.8397138873e-07  8.3241758148e-06 -4.5983907770e-06 -3.0448485123e-06  1.7723414508e-03  5.5446738533e-04

JOB 13
COORDS  1.5286597836e+00 -8.3780295376e-01  1.2404594164e+00  2.4263245943e-01 -3.4677148730e-01  9.9401305664e-01  1.8712538312e+00 -1.1950852827e+00  2.5428716851e+00 -6.3538206718e-01 -2.4362911668e-01  2.0752682232e+00  9.2578635599e-01 -1.0384694704e+00  3.5722024116e+00  2.8889237721e-01 -1.2094569257e+00  6.0946268244e+00  4.6891770997e-01 -2.6152686709e+00  5.5866707640e+00  1.2572532242e+00 -1.4693252092e+00  4.9599040106e+00 -3.1427360588e-01 -5.7738905174e-01  3.3322519852e+00  2.2469859163e+00 -9.4535102983e-01  4.3131981642e-01 -7.4474883993e-02 -5.5612274576e-02 -3.2080879366e-03  2.8580381290e+00 -1.5891773596e+00  2.7717713081e+00 -1.6491053266e+00  1.2679627560e-01  1.9258156471e+00 -6.2907176375e-01 -6.9589593897e-01  5.8315842250e+00  7.1538167547e-01 -9.5337928522e-01  7.0600444418e+00  1.0152520677e+00 -3.3316730815e+00  6.1936171823e+00 -3.2916583201e-01 -3.0349870806e+00  4.9815826248e+00  2.3118758120e+00 -1.4027059736e+00  5.2138075962e+00
ENERGY -3.650494008463e+02
GRADIENT  2.3750607495e-05 -5.7134419258e-06 -2.0887693787e-05 -6.0606363540e-06  1.1910194290e-06  8.3982346663e-06 -9.3457864626e-04 -2.2871301154e-03 -4.7782859547e-04  2.7999056776e-05  1.9141222933e-06  1.0260520785e-05  1.2013103395e-03  4.2486816722e-03  1.0009814333e-03 -6.5667062426e-05  1.0202749054e-05  2.3174549524e-05  8.4287955043e-05  4.7016979375e-05  1.7137154294e-05  1.1250231901e-04 -4.8780820629e-03 -1.5683238014e-03 -2.3161493144e-05  7.5270576835e-06  1.4525663585e-05  1.5963879204e-06  1.0605445526e-06 -2.1944367789e-06  3.9181998013e-06 -8.0487547338e-07 -6.1959930747e-07 -1.7816884048e-06 -2.1816595562e-06 -1.6646800495e-06  4.5905499277e-07 -4.1060086136e-06  5.7398661904e-06  5.9535059081e-06 -4.2955182356e-06  3.3017305941e-06  3.2310154325e-05 -1.0826538661e-05 -1.3298257933e-05 -3.0803416269e-05 -3.5210032357e-05 -4.8932811690e-06 -1.1452456019e-06 -3.7427867087e-06 -2.2220776282e-06 -4.2497201913e-04  2.9016719903e-03  1.0266100380e-03

JOB 14
COORDS  1.4870292014e+00 -9.4091217673e-01  1.2363895214e+00  2.5415905634e-01 -3.2557378383e-01  9.9407935194e-01  1.8198071374e+00 -1.2777859004e+00  2.5460800376e+00 -5.8187562601e-01 -8.4835555807e-02  2.0856914596e+00  9.2153064577e-01 -9.7695242192e-01  3.5862689523e+00  2.1333641107e-01 -1.2804155608e+00  6.0777321977e+00  6.1470068170e-01 -2.6412812448e+00  5.5639285834e+00  1.2516160763e+00 -1.3825067319e+00  4.9862786315e+00 -2.6778632719e-01 -3.9827190842e-01  3.3511028363e+00  2.1694620626e+00 -1.1596033669e+00  4.1863403612e-01 -5.4369280137e-02 -4.4686769815e-02 -8.8432567672e-03  2.7627293771e+00 -1.7679041555e+00  2.7747695139e+00 -1.5543759707e+00  3.8422507958e-01  1.9397713676e+00 -7.5618154497e-01 -8.9471223587e-01  5.7832077156e+00  5.5415537151e-01 -9.8532656327e-01  7.0657715657e+00  1.2322054565e+00 -3.2804190557e+00  6.1887948505e+00 -8.9904346495e-02 -3.1668182267e+00  4.9258538731e+00  2.2754187553e+00 -1.1715901308e+00  5.2861408162e+00
ENERGY -3.650477513718e+02
GRADIENT -2.1354582172e-06  8.0835792249e-07  6.0564370713e-06  1.4308149463e-06 -1.5443178323e-06  3.3385844022e-06 -1.2462562838e-03 -2.3939965856e-03 -4.0764444856e-04 -1.8080823445e-06  7.0381428821e-06 -7.2575539702e-07  1.5352424833e-03  4.3878358559e-03  8.9092727462e-04  4.3891287758e-05 -4.0770722432e-06  2.7075293307e-05 -6.9401382388e-05 -1.8535801169e-05 -1.9359263580e-05  6.7674058775e-04 -5.0527395668e-03 -1.6301846672e-03  8.7589909658e-06 -5.5271277109e-08  1.8197392496e-05 -7.8969032400e-07 -3.3101320222e-06  1.2061654321e-06 -2.0372399015e-06 -4.8473300518e-06  1.4920386818e-07  4.2699349420e-06  7.0719508228e-06  2.4106758786e-06 -2.6118780737e-06 -6.7142620398e-06 -6.0119093338e-07 -2.3767339931e-06 -1.8437274542e-06 -1.3185768045e-05 -2.8385622492e-05 -5.3817396651e-07  8.7275304789e-06  2.5777633839e-05  2.7721557148e-05  2.5813020287e-06  8.6178249523e-06 -5.1081224129e-06  3.3031515343e-06 -9.5501562848e-04  3.0421088460e-03  1.1150382302e-03

JOB 15
COORDS  1.4162303778e+00 -1.0418036612e+00  1.2351962802e+00  2.5518730017e-01 -3.0112971705e-01  9.8877900927e-01  1.7328698705e+00 -1.3671323144e+00  2.5519092821e+00 -5.2873831227e-01  6.9929798615e-02  2.0824800326e+00  8.9193623683e-01 -9.3274784347e-01  3.5923466930e+00  1.3232021142e-01 -1.3619656630e+00  6.0485426251e+00  7.6517974476e-01 -2.6445306403e+00  5.5570193892e+00  1.2195647885e+00 -1.3006327840e+00  5.0069834701e+00 -2.2923819579e-01 -2.3279528125e-01  3.3547483261e+00  2.0545418312e+00 -1.3642266564e+00  4.1612893337e-01 -3.9139814790e-02 -2.3543428695e-02 -1.9411080210e-02  2.6181514049e+00 -1.9523682673e+00  2.7871888271e+00 -1.4454706720e+00  6.3937893577e-01  1.9331331649e+00 -8.7189526136e-01 -1.1275390878e+00  5.7127539842e+00  3.7413010754e-01 -1.0233701614e+00  7.0516753065e+00  1.4424779327e+00 -3.1823820261e+00  6.2145216423e+00  1.7837146413e-01 -3.2745720097e+00  4.8944177324e+00  2.1864023201e+00 -9.3845359923e-01  5.3509037623e+00
ENERGY -3.650462209168e+02
GRADIENT -1.8567060644e-05  1.0296686117e-05  1.8174369659e-05 -3.2569798871e-05  2.3593677696e-05 -7.4987918929e-05 -1.1680730109e-03 -1.8433920431e-03 -1.4326736619e-04  1.0799814928e-04 -8.0285602091e-05  6.0134491359e-05  1.3086266631e-03  3.4222041535e-03  5.2522848246e-04 -7.4814129294e-05 -5.2769662121e-06 -2.5826224904e-05  3.3387165659e-05  5.0553372266e-05  5.1540534556e-05  1.0252014160e-03 -3.8569261639e-03 -1.2720545407e-03 -7.3150989615e-05  3.0493026021e-05 -1.2531103153e-06 -3.5922753571e-06  2.6810380447e-06 -1.5025783273e-07  3.1869137370e-06  1.2329806644e-07 -1.4932209221e-05  4.4800745452e-06 -3.2444593050e-06 -3.7919329456e-06  9.8750100778e-06 -4.9844574773e-07  1.2041931235e-05 -2.3507486787e-08  2.9990838482e-06  1.6506739249e-05  3.7585516411e-05  1.5221835763e-06 -9.6507054105e-06 -1.8655419939e-05 -3.4070805765e-05 -1.0970677182e-05  2.3794544177e-06  9.0269192617e-06 -1.2826658717e-05 -1.1685981338e-03  2.2913632852e-03  8.6746994104e-04

JOB 16
COORDS  1.3398113134e+00 -1.1386620232e+00  1.2399703087e+00  2.6822408887e-01 -2.7743002768e-01  9.8453120495e-01  1.6369711975e+00 -1.4586958478e+00  2.5634759853e+00 -4.5153299137e-01  2.1557871394e-01  2.0751517408e+00  8.6416373668e-01 -9.0350140546e-01  3.5977043455e+00  7.0143972422e-02 -1.4654888188e+00  6.0143503983e+00  9.2393654900e-01 -2.6308418314e+00  5.5582639500e+00  1.1817966904e+00 -1.2325013140e+00  5.0259685416e+00 -1.7109653453e-01 -8.2970275675e-02  3.3523578431e+00  1.9254405612e+00 -1.5553188847e+00  4.2406374139e-01 -8.0216089311e-03  1.4246344441e-03 -2.8463155513e-02  2.4533596439e+00 -2.1330191666e+00  2.8083856098e+00 -1.2979961437e+00  8.8325588191e-01  1.9178831833e+00 -9.4291172495e-01 -1.3944791869e+00  5.6321768850e+00  2.0206578765e-01 -1.0963154911e+00  7.0270508644e+00  1.6420659813e+00 -3.0559135968e+00  6.2538445312e+00  4.7434380097e-01 -3.3474884780e+00  4.8763762946e+00  2.0655069502e+00 -7.2713600371e-01  5.4120787667e+00
ENERGY -3.650452194310e+02
GRADIENT -6.8994556982e-06 -6.2572531320e-06 -7.5261102809e-07 -7.8236557687e-07  8.5828471522e-07 -6.6785863880e-06 -7.1914563898e-04 -8.9763045141e-04 -3.3267727575e-05 -2.9625669923e-06 -2.5930066248e-06  1.0602085856e-05  8.9699765153e-04  1.6637115015e-03  2.1341840172e-04  2.9018361926e-06 -2.0682356305e-05 -3.9485352711e-05  1.9898301118e-05 -2.4925345718e-05  1.7477020545e-05  6.1634053770e-04 -1.7259038355e-03 -5.3992483011e-04 -2.6582439065e-05 -2.3229940309e-05  2.8856541316e-06  9.7931410799e-07  3.4899460686e-06  5.6218360883e-07  1.3225963368e-06  5.4788391985e-06  2.8651121312e-06 -8.5498483962e-06 -9.6579452251e-06 -2.1541211278e-06  4.6569600863e-06  9.1381354454e-06  2.3410465366e-06 -3.3919023886e-07  4.5208473659e-06  1.0958508813e-05  2.3599092191e-05  9.1100869790e-06 -1.2277365229e-06 -1.8369029287e-05 -1.9082716615e-05  3.7912640112e-06 -6.9027342815e-06  3.0967086001e-06 -1.9566493407e-06 -7.7532707012e-04  1.0415572118e-03  3.9061289725e-04

JOB 17
COORDS  1.5564108944e-01  3.7449649382e-01  1.8747125586e+00  5.1432910302e-01 -5.6681159198e-01  9.0652279446e-01  8.1551060004e-02 -3.3044706478e-02  3.2068028144e+00  7.8052299374e-01 -1.8729345238e+00  1.3272702683e+00  3.6478147086e-01 -1.3685090795e+00  3.5349109168e+00  1.4329774434e+00 -2.5317454264e+00  5.6077458042e+00  1.0296995999e+00 -1.1408959757e+00  6.0570091660e+00  2.6303226453e-01 -1.8420180667e+00  4.9542141989e+00  7.1121231105e-01 -2.2749999910e+00  2.6037170016e+00 -5.9231765879e-02  1.4036866868e+00  1.5974370664e+00  5.8972897783e-01 -3.0128614706e-01 -1.4423092734e-01 -1.8908559443e-01  6.6601054618e-01  3.9932415466e+00  1.0656198807e+00 -2.6352714080e+00  6.0289020779e-01  2.3367062097e+00 -2.6324238272e+00  5.0148176604e+00  1.2293843609e+00 -3.3686010422e+00  6.2690577720e+00  5.4993475630e-01 -1.0258615003e+00  7.0247884899e+00  1.6767898881e+00 -3.1564875698e-01  5.7724076258e+00 -7.2236510792e-01 -2.2199125013e+00  5.2220019020e+00
ENERGY -3.650448962726e+02
GRADIENT -4.3792736550e-06  2.7790168281e-06  8.0462676054e-06  2.5531193182e-06 -2.2683526036e-06 -2.1446757758e-05  8.0252952416e-05  1.1310691114e-05 -2.0142666540e-05 -9.2307313052e-06  2.0001013316e-05 -8.7986185690e-06 -1.0240640515e-04 -4.0714874043e-05 -2.5054158991e-06 -3.4311193536e-05  2.1942014673e-06 -5.3647117684e-05 -8.5165833650e-06  4.3863039131e-05  3.4925046121e-05  2.6366475995e-05  6.9465238433e-05  7.0398194330e-05 -6.2925827110e-06  1.3149640844e-05  3.4522450687e-05  3.9958819047e-06  8.4607278193e-07 -3.8432550586e-06 -6.0304385039e-06  4.2259000950e-07 -1.6393501341e-06  5.0036336773e-06 -6.4980447197e-06  9.7963543673e-07 -7.5955360221e-06  1.0644537298e-06 -1.3155809797e-06  8.0336484400e-06 -1.4792840443e-05  9.4267477109e-06  7.8049066297e-06 -4.3481487361e-07  6.3727461303e-06  5.0390917784e-06 -4.9138428917e-06 -5.8875078453e-07  5.7145366817e-06 -1.1001528606e-05 -1.9409011318e-05  2.0264848226e-05 -8.0585960693e-05 -2.6396749584e-05

JOB 18
COORDS  2.8107114115e-01  3.7927632211e-01  1.8874126319e+00  5.0949127693e-01 -5.7801206240e-01  8.9715242448e-01  2.1140866159e-01 -3.7448268759e-02  3.2180970179e+00  6.5226968749e-01 -1.9117666222e+00  1.2938296633e+00  3.7669389602e-01 -1.3972579218e+00  3.5216538952e+00  1.5124783182e+00 -2.4378253885e+00  5.6258810334e+00  8.9323320203e-01 -1.1319319501e+00  6.0822310383e+00  2.8360187724e-01 -1.8996224810e+00  4.9301530817e+00  5.8959812294e-01 -2.3220598922e+00  2.5664586439e+00  1.5667254008e-01  1.4281413001e+00  1.6291380973e+00  5.7395095173e-01 -3.0637447496e-01 -1.5274456505e-01  2.8098049842e-02  6.7464980521e-01  4.0172396918e+00  8.2648631840e-01 -2.6891981586e+00  5.5046724065e-01  2.4498258211e+00 -2.3895312085e+00  5.0799604075e+00  1.3987253984e+00 -3.3158799685e+00  6.2544682986e+00  3.5807249077e-01 -1.1139879073e+00  7.0272590532e+00  1.4351306011e+00 -2.1798186015e-01  5.8556629639e+00 -6.4505906347e-01 -2.4257917130e+00  5.1425504735e+00
ENERGY -3.650450502213e+02
GRADIENT  1.5697202603e-06  8.0413758535e-06 -2.2238976196e-06 -2.3707706759e-06 -1.0641210694e-08  4.9176567503e-06 -5.0528149270e-04 -8.4962801286e-05 -5.5344646851e-05  1.4428709600e-06 -2.9813580804e-06  4.1710483437e-08  6.8649609673e-04  2.6737793624e-04  1.4078518295e-04  7.3084754009e-05  1.9799795844e-05  2.2191718075e-05  1.1250040320e-05 -5.0014958274e-05 -4.6056668860e-05  3.9309720295e-05 -7.0250938984e-04 -2.2207569990e-04 -3.6354824660e-06 -3.3802870296e-06 -9.0750835657e-06 -5.4805308143e-06  4.3365842517e-07  8.3130687808e-07 -1.0642229445e-06  1.7888967785e-06  7.8225033503e-07  2.5108170085e-06  7.2329569754e-07 -1.4312572660e-07 -6.2929384290e-07  6.6892635527e-07 -1.8271105499e-06 -6.6788549358e-06 -8.5441726419e-06 -1.0954486032e-05 -2.4012742987e-05  8.0354963265e-06  3.1960908563e-06  7.2568793604e-06  4.5312249674e-06  7.2864161518e-06 -1.2890340839e-05  1.3270384965e-05  1.1479030203e-05 -2.5937784045e-04  5.2170743855e-04  1.4868926939e-04

JOB 19
COORDS  3.8644767590e-01  3.7713052525e-01  1.8939542810e+00  4.8034573180e-01 -5.8410977956e-01  8.8654506093e-01  3.2770997083e-01 -4.6490855919e-02  3.2235363066e+00  5.0243950656e-01 -1.9306848481e+00  1.2659639804e+00  3.7515863712e-01 -1.4190677137e+00  3.5090966785e+00  1.5851035698e+00 -2.3395110701e+00  5.6289383535e+00  7.7853382799e-01 -1.1480776273e+00  6.1003767664e+00  3.1042921964e-01 -1.9489064866e+00  4.9068712993e+00  4.5201287554e-01 -2.3479766956e+00  2.5358081670e+00  3.5201033431e-01  1.4362947429e+00  1.6504542623e+00  5.2827689638e-01 -3.0670984089e-01 -1.6268356746e-01  2.3670965115e-01  6.7372243840e-01  4.0304764829e+00  5.6317694505e-01 -2.7125305727e+00  5.0934616601e-01  2.5228660110e+00 -2.1412259452e+00  5.1184421536e+00  1.5747572652e+00 -3.2484817527e+00  6.2228531585e+00  2.1403087121e-01 -1.2375227434e+00  7.0238923974e+00  1.2022705115e+00 -1.6279484280e-01  5.9304425056e+00 -5.3758533148e-01 -2.6085816464e+00  5.0747400605e+00
ENERGY -3.650454206076e+02
GRADIENT -2.9288131793e-06  3.2692960117e-06 -6.5899512162e-07  3.5577698990e-06 -2.2558884185e-06 -2.1005148332e-06 -7.5087068910e-04 -3.6911908902e-05 -4.2725229427e-05  2.1169768376e-06  1.5369270177e-06  6.4702409986e-06  9.9095674827e-04  2.2618660239e-04  1.2372338378e-04 -3.6850957957e-05 -5.0020061129e-05  7.0065862423e-07 -7.5911980422e-06  3.1484041824e-05  1.2967459261e-05  2.7419243621e-04 -8.6287979049e-04 -3.5331506642e-04  5.9371257140e-06 -9.3891099306e-06 -1.0219468573e-05 -2.3226846030e-06  8.4568800565e-08 -2.6063432102e-06  2.0426571457e-06 -4.4369477308e-08 -2.2134432714e-06 -4.8414544145e-06 -3.5497212781e-08 -1.0417168253e-06  9.0088770958e-06 -1.5232810859e-06 -2.6059557721e-07  1.0383922800e-06  2.5547986349e-05 -3.3337285529e-07  3.1618350446e-05  2.6778073150e-06 -4.9109966173e-06 -9.7166285553e-06 -3.9862746705e-06 -8.1599331426e-06  9.1981747306e-06 -7.0784136360e-06 -3.8156686563e-06 -4.8520789762e-04  6.9150137399e-04  2.5433585038e-04

JOB 20
COORDS  5.0048370541e-01  3.6438248728e-01  1.9064651630e+00  4.5509145269e-01 -5.8786108356e-01  8.8702508797e-01  4.5441211643e-01 -6.6653737893e-02  3.2337554447e+00  3.5632827575e-01 -1.9339703705e+00  1.2542815091e+00  3.7768095929e-01 -1.4410912297e+00  3.5067365808e+00  1.6353302302e+00 -2.2302982931e+00  5.6532821042e+00  6.5654519952e-01 -1.1795327654e+00  6.1246717270e+00  3.3864867856e-01 -1.9964442663e+00  4.8929601832e+00  3.1792693276e-01 -2.3595725459e+00  2.5216402783e+00  5.6054913673e-01  1.4249000486e+00  1.6741011610e+00  4.8515021445e-01 -3.0289646442e-01 -1.6077340783e-01  4.6710471782e-01  6.5386351040e-01  4.0449697202e+00  3.0330041168e-01 -2.7087487034e+00  4.8985869381e-01  2.5513998646e+00 -1.8883491853e+00  5.1806891594e+00  1.7311861722e+00 -3.1520782289e+00  6.2192862674e+00  7.5440081674e-02 -1.3803065304e+00  7.0198873583e+00  9.4290384550e-01 -1.3911534153e-01  6.0077605889e+00 -4.1417542884e-01 -2.7704346758e+00  5.0132786814e+00
ENERGY -3.650459232680e+02
GRADIENT  3.7479142089e-06  2.4097543428e-05 -1.4828444680e-05 -1.4504262186e-06 -1.1472584121e-05  5.7191182126e-05 -1.0219014634e-03  5.2077301411e-05  1.9139161558e-07  5.9978030125e-06 -4.7624437622e-05 -4.3233873846e-05  1.3034323173e-03  1.4801876733e-04  9.8835138777e-05  6.2075635470e-05  7.5357407284e-05  1.5389525129e-05  5.1432475444e-06 -6.6130846324e-05  1.3617620657e-06  4.9332441902e-04 -1.0346467300e-03 -4.1047623113e-04  1.1318582400e-05  1.5432174704e-05 -2.7918612557e-05 -4.6673544606e-06  2.2674900519e-06  2.3319630476e-06  3.8767373638e-06 -5.9797255230e-06  3.2548412402e-06  3.8909355133e-06  3.7462360814e-06 -7.7858641038e-06  3.5671479057e-06 -5.5344195688e-06 -5.6072523771e-06  3.5402513133e-07 -1.8733533824e-05 -5.8908077619e-06 -3.5895105729e-05 -1.6395328051e-06  9.8702951653e-07  1.1615143156e-05  1.4552424394e-05  1.2378625815e-05 -1.8683302470e-05  6.9927984575e-06 -3.0560039094e-06 -8.0765287086e-04  8.3395328495e-04  2.9360059025e-04

JOB 21
COORDS  6.2988388110e-01  3.2746142698e-01  1.8904884838e+00  4.4056667648e-01 -6.0199886205e-01  8.6536445517e-01  6.0812148227e-01 -1.1384917182e-01  3.2136184395e+00  2.3190596755e-01 -1.9362557960e+00  1.2258510514e+00  4.1038265324e-01 -1.4790318394e+00  3.4798525477e+00  1.6747594095e+00 -2.0927394993e+00  5.6823359112e+00  5.2660159079e-01 -1.2136188393e+00  6.1121433821e+00  3.9398390781e-01 -2.0504675599e+00  4.8572694858e+00  2.1466042780e-01 -2.3734397509e+00  2.4906874667e+00  7.8259320825e-01  1.3800629396e+00  1.6646571613e+00  4.4487010260e-01 -3.0656557665e-01 -1.7989120756e-01  7.3822577030e-01  5.9378628372e-01  4.0260743124e+00  6.7408185542e-02 -2.6928742454e+00  4.5918847861e-01  2.5469096495e+00 -1.6079713877e+00  5.2531981773e+00  1.8869496179e+00 -2.9967276894e+00  6.2455219634e+00 -6.2794375947e-02 -1.5217820913e+00  6.9705889221e+00  6.4504578113e-01 -1.3870084777e-01  6.0214951980e+00 -2.4595252122e-01 -2.9238650066e+00  4.9347708389e+00
ENERGY -3.650466253944e+02
GRADIENT -1.3638870940e-05  2.4253173389e-05 -1.7978006445e-05  1.6826645114e-05  1.5863621008e-05  2.5159280868e-05 -1.4232655791e-03  1.9016169318e-04  6.2106386575e-05 -1.5276618340e-05 -2.3290269415e-05  1.2386700575e-05  1.8107428407e-03 -6.2771383512e-05  1.0158815432e-05 -1.6551679940e-04 -1.2538656023e-04 -2.7102412388e-05 -9.4865006308e-07  1.4933939988e-04  2.3664963469e-05  1.0339108234e-03 -1.1392074910e-03 -5.1891286193e-04 -6.2307690544e-06 -2.9388392205e-06 -2.7167695483e-05  8.3441850848e-06  3.7309143706e-06  1.6053862048e-06  2.1614913636e-06 -2.2530063330e-06  1.9227102254e-06 -1.2747922724e-05 -1.0279054197e-05  5.9793021484e-06  8.2015490499e-06 -1.1126468217e-06 -5.9349011882e-06  2.7259218383e-06  1.5347961260e-05  8.3967586727e-06  8.6816909598e-05  1.9237740470e-05  1.2725418794e-05 -1.0829895473e-05 -6.7489247239e-05 -3.5470128146e-05  7.0881728815e-06 -4.7694988564e-06  2.9344200472e-05 -1.3211544411e-03  1.0117746942e-03  4.5114286900e-04

JOB 22
COORDS  7.4040632350e-01  2.8833844531e-01  1.8933153474e+00  3.8695563290e-01 -5.9594389710e-01  8.6992285993e-01  7.6911563628e-01 -1.7711016546e-01  3.2062142161e+00  7.7962890687e-02 -1.9110739771e+00  1.2238272510e+00  4.5169956571e-01 -1.5225982410e+00  3.4668706293e+00  1.6916644027e+00 -1.9470679458e+00  5.7313737066e+00  4.0302466931e-01 -1.2555653507e+00  6.0902486361e+00  4.6860519391e-01 -2.1082477563e+00  4.8359390542e+00  1.0516603872e-01 -2.3726417149e+00  2.4813430370e+00  9.8389021814e-01  1.3246718504e+00  1.6719596981e+00  3.4697997246e-01 -2.7902525291e-01 -1.6821716076e-01  1.0375395636e+00  4.9477095923e-01  4.0161392999e+00 -2.0860466909e-01 -2.6329927295e+00  4.5974396629e-01  2.5041799774e+00 -1.3403832849e+00  5.3418369335e+00  2.0059147354e+00 -2.8063856753e+00  6.3163337255e+00 -1.7774345804e-01 -1.6477853898e+00  6.9197785213e+00  3.4618134382e-01 -1.7711811370e-01  5.9796930355e+00 -4.4164392739e-02 -3.0632881175e+00  4.8819842002e+00
ENERGY -3.650475358169e+02
GRADIENT  6.1612956260e-06  2.1903011803e-06  9.1215651708e-06 -1.1918072160e-06 -2.3130100923e-06 -8.0734650228e-06 -1.4143228564e-03  3.7326906411e-04  1.5895544932e-04 -1.6141272508e-08  1.5510897457e-05 -5.6017865714e-06  1.7180567105e-03 -3.2452680563e-04 -1.5160154748e-04  3.3032958264e-05  3.7946424611e-05  3.7271339652e-05  2.6084986914e-05 -1.9668179544e-05 -4.3898502495e-05  1.1513184363e-03 -8.9385701810e-04 -3.5252566489e-04  7.5605904353e-06  4.7289901779e-06  1.4393031309e-05  3.0843497615e-06  1.9728486221e-06  5.1203851888e-07  2.7135266560e-06  6.1808675063e-06  3.3671615086e-07  5.4259020599e-06 -1.7333607120e-06 -2.7296384180e-06  1.9986742459e-06  3.7499351069e-06 -1.7359718628e-06 -5.8828054799e-06 -1.0041522748e-05 -1.4454360491e-05 -2.3472050915e-05 -1.0897774734e-05 -4.6420565292e-06 -1.0923027410e-06  7.0563103388e-06  7.8583296631e-06 -1.2498804902e-05 -1.7612059973e-06  1.4512376174e-05 -1.4940792753e-03  8.1625597415e-04  3.3380480187e-04

JOB 23
COORDS  8.5863226008e-01  2.6975843758e-01  1.8947938573e+00  3.5821891934e-01 -5.5207925667e-01  8.7986895861e-01  9.3388098077e-01 -2.3196448395e-01  3.1915877003e+00 -4.2644950944e-02 -1.8437333569e+00  1.2261114594e+00  5.0599911090e-01 -1.5484376522e+00  3.4468795235e+00  1.6785715953e+00 -1.8369846145e+00  5.7759047238e+00  2.8840283028e-01 -1.3316011163e+00  6.0526211986e+00  5.5355032640e-01 -2.1592768024e+00  4.8030118779e+00  2.4290197986e-02 -2.3393908940e+00  2.4697982205e+00  1.1842825100e+00  1.2841707437e+00  1.6775668417e+00  2.8018762194e-01 -2.0573141260e-01 -1.4662632641e-01  1.3193565956e+00  3.8957978989e-01  3.9950982117e+00 -4.3868684398e-01 -2.5183455112e+00  4.6777263445e-01  2.4309452620e+00 -1.1247019688e+00  5.4499461224e+00  2.0639014854e+00 -2.6531964693e+00  6.3797187106e+00 -2.8540319045e-01 -1.7998043103e+00  6.8468162316e+00  8.7611634225e-02 -2.7302568750e-01  5.9158846982e+00  1.8421144563e-01 -3.1792505206e+00  4.8105646466e+00
ENERGY -3.650480254860e+02
GRADIENT  8.2978907163e-06  3.3574260612e-05  5.1130715275e-06  1.6205188038e-06 -1.8436265001e-05  1.9856903248e-05  6.7718634534e-06 -5.9192288220e-06 -1.5234410847e-05 -1.7854101475e-06  6.7861186065e-06 -2.1586059178e-05 -2.6028028620e-06  9.5057517362e-07  1.6338367904e-07 -8.1114196719e-05  2.0539941221e-06 -4.9717997369e-05  2.1225761965e-05  7.5352313625e-05  8.1351813172e-05  1.0979087356e-05 -4.8461247471e-05 -8.7537321026e-06  7.8360614544e-06  4.9174643533e-06  5.4044991161e-06  3.4507979649e-06  5.7505844419e-06 -4.9659072664e-07  3.0296374879e-06  7.4064145977e-06  2.8909018726e-06 -4.3840813614e-06  5.8766504137e-06 -2.8580282632e-06 -2.3137633396e-06  2.6178073222e-06  5.9502200126e-07  1.9907120592e-05 -7.6969248815e-06  1.1051493316e-05  2.0583217849e-05  1.0717112447e-05  7.4768908181e-06  8.8357114726e-06 -2.7776053225e-05 -1.7114920683e-05 -4.7315224618e-06 -8.9090744959e-06 -2.3800039878e-05 -3.1973752917e-06  6.1383558633e-06 -1.3672853820e-05

