JOB 0
COORDS  9.0272971193e-02 -1.0885370178e+00 -1.7129549609e+00 -3.8025006600e-01 -1.0622366457e+00 -4.5512805587e-01 -8.3343800553e-01 -4.3295576923e+00 -6.7030467466e-01 -4.4323859699e-01 -2.0089295150e+00 -2.7828756482e+00 -1.4980263197e+00 -1.9544827580e+00  3.6033731012e-02 -1.7628482291e+00 -2.6810803400e+00 -2.3737223684e+00 -1.7792524198e+00 -3.1496284622e+00 -9.0086772857e-01 -1.2212755542e+00 -5.4671639862e+00 -5.2023515756e-01  5.0309111924e-01 -4.0559274201e+00 -6.2849499786e-01  9.0468035360e-01 -4.2074018174e-01 -1.9897102508e+00  4.4247351818e-02 -3.6015633159e-01  2.6076604286e-01 -5.9307772630e-01 -1.4380312266e+00 -3.7069794754e+00  3.1790538996e-01 -2.7627600165e+00 -3.0235616730e+00 -1.2786664668e+00 -2.3069354526e+00  1.0513507128e+00 -2.4153496273e+00 -1.3578170370e+00  1.2605727992e-01 -2.5802211565e+00 -1.9598090621e+00 -2.4900951272e+00 -1.9839974782e+00 -3.5232949419e+00 -3.0365870949e+00 -2.7687229999e+00 -3.5529355321e+00 -6.7717797479e-01  6.4458977344e-01 -3.0938981864e+00 -5.2606285156e-01
ENERGY -4.232960917454e+02
GRADIENT -1.4524826013e-04 -4.6564494915e-05  3.4648096076e-07  1.1183289540e-04  3.4110919345e-05  1.1837273278e-04  3.5869810108e-04 -1.1385029113e-03 -4.9949354216e-03  3.3780190963e-05  4.1074973800e-05 -6.9853823168e-05  9.5268889022e-05 -5.4886318773e-05 -3.2093721516e-05 -3.4796993569e-05  3.9414423397e-05 -1.0307168885e-05 -1.0808901731e-05 -3.0595147056e-05  5.3675537066e-05 -2.6532163852e-04  7.2823566643e-04  4.2867609151e-03  6.9148839352e-06  9.3826530424e-04 -4.2400357526e-03 -3.2902598882e-05  1.0385183907e-05  2.7973766426e-06  8.0701190604e-06  1.4476977292e-05  1.7881981731e-05  2.6719929908e-05 -2.7629754690e-05 -1.5194663890e-05 -5.3326563863e-06 -2.9117126334e-05  2.6840711265e-05 -3.2673032422e-05  2.5146551494e-05  3.9089545511e-06  1.2612283580e-05  4.1867438844e-05 -3.3067879401e-05  1.4131715644e-06 -8.1606359816e-06  1.4518038359e-05  2.5465986254e-05  2.8019381048e-06 -2.8746421695e-06  6.5215265518e-06 -4.0723359757e-06 -6.1829917575e-06 -5.3816256132e-05 -5.0685404134e-04  4.9532813502e-03

JOB 1
COORDS  1.1757980617e-01 -1.0735217845e+00 -1.6758659821e+00 -3.6317862548e-01 -1.0582522975e+00 -4.2191445197e-01 -8.2092514439e-01 -4.3160167461e+00 -6.0898445883e-01 -4.0790112003e-01 -1.9827636068e+00 -2.7584297029e+00 -1.4888044051e+00 -1.9491513050e+00  5.2215789044e-02 -1.7216903978e+00 -2.6748675480e+00 -2.3623598799e+00 -1.7606701048e+00 -3.1442567177e+00 -8.9140154581e-01 -1.2089099683e+00 -5.4081266665e+00 -2.5863381939e-01  5.2076378421e-01 -4.0718745658e+00 -7.3026149240e-01  9.3508971100e-01 -4.0422647790e-01 -1.9398920146e+00  5.6820586754e-02 -3.6364354452e-01  3.0388373937e-01 -5.6439613711e-01 -1.3987912757e+00 -3.6734883658e+00  3.6066946394e-01 -2.7245058905e+00 -3.0100085716e+00 -1.2843325396e+00 -2.3049416406e+00  1.0695017326e+00 -2.4069298921e+00 -1.3522049245e+00  1.3104078315e-01 -2.5473682872e+00 -1.9648396409e+00 -2.4897639841e+00 -1.9237784427e+00 -3.5173320379e+00 -3.0314167658e+00 -2.7549453528e+00 -3.5408247291e+00 -6.7688958391e-01  7.0377960204e-01 -3.1296015681e+00 -5.4585579648e-01
ENERGY -4.232930966986e+02
GRADIENT  3.8100389822e-05  1.5434171430e-06 -2.3963472375e-05  4.2583332888e-06 -1.9386735914e-05 -3.8342590338e-05  1.7478342132e-04 -3.3460910930e-03 -7.8827790712e-03 -4.3993086056e-05  4.1814435872e-06  3.1052974640e-05 -6.9742712414e-05  6.3595720223e-06  4.4516396332e-05  2.7236528547e-05  1.8490855264e-05  1.4606713127e-08 -1.4665154889e-05 -2.2773124051e-05 -1.0892171238e-04  1.3807375987e-04  2.0138235871e-03  6.8056454140e-03 -1.3056045374e-03  3.1270382748e-03 -6.7630923976e-03 -6.9466991163e-06  2.7595952085e-05 -6.1649570686e-06 -3.7650427213e-06  5.2877960423e-06 -1.0329092548e-05  2.4942557847e-05 -2.0151028477e-05 -3.2533866365e-05  9.9339865987e-06  3.3361037102e-06  3.4666194867e-05  3.5542453622e-05 -4.6308695857e-06 -7.6023076669e-06  2.2753740018e-07 -1.6219791173e-05  1.2130919675e-05  1.1400205856e-05  1.2124920745e-05  2.6057202430e-05 -2.5265199607e-05  1.1059424415e-05 -1.8926202102e-05  1.1054747714e-05 -3.2644311392e-06  1.9272613878e-05  1.0313148886e-03 -1.7363922638e-03  7.8258970352e-03

JOB 2
COORDS  1.1990769283e-01 -1.0577305395e+00 -1.6819594976e+00 -3.6062337262e-01 -1.0593822438e+00 -4.2815630635e-01 -8.0751045453e-01 -4.2956426802e+00 -6.0323568099e-01 -4.1005472225e-01 -1.9444163827e+00 -2.7803494155e+00 -1.4957777144e+00 -1.9463235313e+00  2.8279700431e-02 -1.7096727035e+00 -2.6681003108e+00 -2.3896772984e+00 -1.7550620722e+00 -3.1415334511e+00 -9.2144261717e-01 -1.1667228031e+00 -5.3243061991e+00 -7.7510714232e-02  5.2292680578e-01 -4.0908546526e+00 -8.8798831182e-01  9.4218434470e-01 -3.9000145929e-01 -1.9353461196e+00  6.3602582687e-02 -3.7970277527e-01  3.0926389780e-01 -5.8891762248e-01 -1.3361056085e+00 -3.6755390113e+00  3.6492191444e-01 -2.6669303852e+00 -3.0634267037e+00 -1.3112952507e+00 -2.3042150065e+00  1.0483914386e+00 -2.4144555034e+00 -1.3479852618e+00  9.0018008423e-02 -2.5509392689e+00 -1.9773780560e+00 -2.5217385306e+00 -1.8885098487e+00 -3.5120277581e+00 -3.0636437456e+00 -2.7489416651e+00 -3.5412830757e+00 -7.0921059851e-01  7.7804220139e-01 -3.1874640673e+00 -6.1780352163e-01
ENERGY -4.232889746418e+02
GRADIENT  5.6291853562e-05  2.1260443225e-05  2.0946366631e-05 -5.6739746646e-05 -3.0037773259e-05 -4.7037531107e-05 -1.2462751543e-03 -5.9173252555e-03 -8.9873713496e-03  3.9954822428e-05 -4.7915340721e-05  1.3968353050e-05  1.2899432438e-05  1.1024182074e-05 -2.3122544841e-05  4.5738332774e-06 -6.4212647863e-05 -5.2846913944e-06  1.6371631079e-05  6.0250045928e-05  2.6341749816e-05  1.1920440369e-03  3.5553938980e-03  7.7078098104e-03 -2.3790546067e-03  5.6453529964e-03 -7.5319690665e-03  1.6461105717e-05 -1.7666070730e-05 -1.2193508725e-06 -1.0932102663e-05 -8.2184440977e-06 -1.0625829261e-06 -3.7721380078e-05  2.3223218573e-05  3.0748770697e-05 -3.0680652797e-06  1.2654102240e-05 -1.9439948167e-05 -1.6669906240e-05 -1.1130056508e-05  1.0066076554e-05 -9.2108398784e-06 -8.0747586308e-06  1.2853824715e-05 -1.7253880269e-06  2.1398229064e-05 -8.0267214253e-07 -2.7026158610e-05  9.4767660712e-06  6.7562869908e-06  6.7401846962e-06 -2.3896238551e-05 -1.1723865967e-05  2.3914706619e-03 -3.3169975622e-03  8.8350063826e-03

JOB 3
COORDS -2.1458350557e+00 -4.1363666845e-01  7.2361345763e-02 -8.4656818867e-01 -7.3952538139e-01  6.9740120411e-02 -9.5144085166e-01 -4.4555127088e+00  1.0443343920e+00 -3.2504792477e+00 -1.4100986663e+00  3.2645896466e-01 -3.3141339490e-01 -2.1291355049e+00  3.5533079298e-01 -2.7527913325e+00 -2.8596128115e+00  2.4769691616e-01 -1.4255680817e+00 -3.0143322440e+00  9.9731598368e-01 -1.3977881783e+00 -5.3582775898e+00  3.8010136727e-01  1.0963432993e-01 -4.6825497187e+00  1.9145062774e+00 -2.4372327949e+00  6.1780706711e-01 -1.2096896260e-01 -1.0034430490e-01  2.3605273611e-02 -1.4663096729e-01 -3.6986905104e+00 -1.2132348685e+00  1.3115332322e+00 -4.0577922769e+00 -1.2556399011e+00 -3.9973721011e-01  1.7509397992e-02 -2.5936867214e+00 -5.7761406838e-01  5.4272088314e-01 -2.0809862082e+00  1.0131664964e+00 -3.5012531588e+00 -3.5479973370e+00  6.5158437681e-01 -2.5978101427e+00 -3.1453873467e+00 -7.9775917236e-01 -1.5566265393e+00 -2.6671717957e+00  2.0330746232e+00 -1.5962454868e-01 -4.4692274102e+00  2.8231859391e+00
ENERGY -4.232845750121e+02
GRADIENT -1.0358873912e-05  5.3342471613e-05 -1.3986998562e-05 -2.9879472412e-05 -5.4774397695e-05  1.2581455474e-05  4.7896239508e-03  4.6485438739e-04 -6.3020921382e-03  1.3998973149e-05  6.9883065042e-06  3.0263679542e-06  8.1714043594e-05  3.5601371769e-05 -3.2856357370e-05  2.1676158858e-05 -1.6213813699e-05 -5.6175900266e-06 -4.1643614042e-05 -1.8285660166e-05  1.5625593654e-04 -3.7178537422e-03 -1.3186206368e-03  4.4325742135e-03  1.0053580392e-03  7.1377079034e-03  8.8601711376e-04 -3.2662185191e-06  5.2251787276e-06 -1.5315612578e-06 -4.9163197041e-06 -7.0051774126e-06  1.1433146086e-07  6.7662763336e-06  9.6182150333e-06  2.4602623749e-07  5.4126042445e-06  2.0778174327e-06  8.3169955107e-07 -1.2261028110e-05 -1.0936666848e-05  7.9903235846e-06  9.4862116746e-08 -5.5849896940e-06  8.8123688465e-06 -1.0664324859e-05  1.3424295864e-05  1.6984071959e-06 -8.2823679735e-09 -2.0884146218e-06  8.8593636324e-06  1.1551886390e-05  1.9960276115e-05 -1.1330306577e-05 -2.1003311820e-03 -6.2752512331e-03  8.8175499754e-04

JOB 4
COORDS -2.1643564676e+00 -4.2381694382e-01  5.8589212707e-02 -8.6210858784e-01 -7.3767497113e-01  6.0182564654e-02 -9.4110193431e-01 -4.4502578541e+00  1.0516489358e+00 -3.2617080608e+00 -1.4282210629e+00  3.1300366574e-01 -3.3574025298e-01 -2.1216862855e+00  3.5211854042e-01 -2.7516164908e+00 -2.8735464970e+00  2.3772436921e-01 -1.4251224776e+00 -3.0150254764e+00  9.9091048660e-01 -1.4044747054e+00 -5.3714285484e+00  4.2593678455e-01  1.7893213246e-01 -4.6338147449e+00  1.8656603033e+00 -2.4640801720e+00  6.0449132276e-01 -1.3861171320e-01 -1.2204177901e-01  3.1419810290e-02 -1.5659524849e-01 -3.7125710824e+00 -1.2337031385e+00  1.2973435044e+00 -4.0695218819e+00 -1.2816427646e+00 -4.1433415549e-01  2.3306659030e-02 -2.5842716783e+00 -5.7811531542e-01  5.3323971408e-01 -2.0649602521e+00  1.0153420383e+00 -3.4953258895e+00 -3.5675850724e+00  6.4053986014e-01 -2.5921537697e+00 -3.1589764903e+00 -8.0739220463e-01 -1.5589316079e+00 -2.6691250780e+00  2.0264875179e+00 -8.7143937008e-02 -4.6462714286e+00  2.7995441628e+00
ENERGY -4.232822921904e+02
GRADIENT  5.4143918519e-05 -3.5218474224e-04  7.1238985657e-05  2.2485746520e-04  2.7588261532e-04 -7.6212084177e-05  1.9924899665e-03  1.6076743554e-04 -2.7630909964e-03 -1.0540325625e-04  6.5368404627e-05  1.0918394705e-06 -1.7391728372e-04  4.8982864189e-05  4.0952535667e-05  1.4950975601e-06  3.8318529601e-05 -2.0695960840e-05  1.5983777400e-04  1.7959999991e-05 -5.0864445460e-05 -1.5582895674e-03 -7.0760263564e-04  1.9922869512e-03 -1.6078394739e-04  3.5009995227e-03  9.1418230672e-04  2.6126427993e-05 -4.3118173020e-05  8.6273154646e-06  4.4614829640e-05  2.6272558040e-05 -7.2140119927e-06 -1.3620424694e-05 -3.0684555910e-06  4.0021364007e-06 -2.8578490002e-05 -1.9679357492e-05  5.6606457933e-06  1.6940812018e-06  9.5356244028e-06  2.5376548665e-06  3.5981191397e-06  3.8527587092e-05  4.9926263165e-06 -1.2745259977e-05  2.9881747889e-05 -1.2704699585e-05  2.5674572239e-06  3.5677022008e-06 -9.1862779974e-07 -1.7124605375e-05 -4.4652721879e-05  1.4274422220e-05 -4.3713118359e-04 -2.9777820517e-03 -1.3772695793e-04

JOB 5
COORDS -2.1659826127e+00 -4.1290719266e-01  4.3133249021e-02 -8.6408805378e-01 -7.2795466169e-01  5.4144909089e-02 -9.4763455029e-01 -4.4292910888e+00  1.0781819076e+00 -3.2642041411e+00 -1.4154366969e+00  3.0126409625e-01 -3.3828104872e-01 -2.1091844419e+00  3.5983447555e-01 -2.7539999569e+00 -2.8615676231e+00  2.4073354481e-01 -1.4313384076e+00 -2.9965599297e+00  1.0014816492e+00 -1.4082589137e+00 -5.3578064212e+00  4.6046196423e-01  1.9728921379e-01 -4.5827213032e+00  1.8670133243e+00 -2.4644287620e+00  6.1387218632e-01 -1.6396259356e-01 -1.2276186190e-01  3.9221276298e-02 -1.6512678296e-01 -3.7191146206e+00 -1.2127084644e+00  1.2820623649e+00 -4.0689646586e+00 -1.2750979088e+00 -4.3069439800e-01  2.4833837393e-02 -2.5788909166e+00 -5.6527052801e-01  5.2670135124e-01 -2.0475183771e+00  1.0273932508e+00 -3.4999948076e+00 -3.5515319166e+00  6.4640989889e-01 -2.5905448335e+00 -3.1560962169e+00 -8.0133205375e-01 -1.5661079042e+00 -2.6437619260e+00  2.0339691652e+00 -4.9718639823e-02 -4.8363698784e+00  2.7711379679e+00
ENERGY -4.232820871259e+02
GRADIENT  3.4113317803e-06 -2.2122801734e-05  2.7289495724e-06  2.1089931998e-05  1.5996286120e-05 -2.5972031605e-06 -1.7064652493e-03 -1.1233522512e-04  2.4338068779e-03  9.1645999204e-07  9.3047037355e-06 -9.5369911401e-06 -3.0171069633e-05  2.1538947677e-05  1.8621793477e-05  2.0067463591e-06  1.6630774933e-05  4.7246070515e-07  3.9017027685e-05  2.5695694154e-05 -2.1947580380e-05  1.1593257574e-03  4.1388034052e-04 -1.5638901170e-03  6.2615920203e-04 -2.4991272112e-03 -1.4691803185e-03  4.4224771257e-06  6.6882814064e-07  1.7441081062e-06  6.4011253688e-06  3.0353802527e-06  3.4052917701e-06  2.6888989823e-07  5.6164551102e-06  8.5700943061e-07 -2.8581996987e-06  2.7988607794e-06  1.5047146271e-06  7.7197219415e-06 -1.6367567091e-06  3.6909333072e-06  4.3123234370e-06  5.6044046650e-06  3.5869170914e-06 -3.9062666240e-06  1.1283896714e-05 -1.2054580419e-06 -5.9106004969e-07 -3.6226460300e-06  1.5596240515e-06 -3.9405401993e-06 -1.5882538382e-05  1.3945709085e-05 -1.2040691938e-04  2.1871527420e-03  5.8784149284e-04

JOB 6
COORDS -2.1782326475e+00 -4.2538804388e-01  2.6145524298e-02 -8.7556916794e-01 -7.3672708283e-01  4.6652995751e-02 -9.5413871243e-01 -4.4263066364e+00  1.1139306239e+00 -3.2736017055e+00 -1.4295379305e+00  2.9008107809e-01 -3.4564193783e-01 -2.1126475032e+00  3.6891795222e-01 -2.7579453313e+00 -2.8744610578e+00  2.4709979812e-01 -1.4387419960e+00 -2.9960827443e+00  1.0158833917e+00 -1.4184847723e+00 -5.3672063086e+00  5.1533131663e-01  2.1403195073e-01 -4.5444686325e+00  1.8686386914e+00 -2.4791751629e+00  5.9824696007e-01 -1.9278276363e-01 -1.3582834272e-01  3.0732626330e-02 -1.7688044973e-01 -3.7333857834e+00 -1.2183319807e+00  1.2667865437e+00 -4.0757221642e+00 -1.2999360431e+00 -4.4675594655e-01  2.2601842892e-02 -2.5906595803e+00 -5.4986857213e-01  5.1614140195e-01 -2.0404336972e+00  1.0393851318e+00 -3.5033614476e+00 -3.5626851474e+00  6.5654351144e-01 -2.5887959247e+00 -3.1791690750e+00 -7.9121614218e-01 -1.5781330440e+00 -2.6329979472e+00  2.0436912791e+00  2.7110886024e-02 -5.0150561552e+00  2.6975600337e+00
ENERGY -4.232843102155e+02
GRADIENT -4.3843458955e-05  2.9117519335e-04 -6.2920102641e-05 -1.6445971283e-04 -2.3182097272e-04  7.0089601145e-05 -5.6183875277e-03 -8.3191020432e-04  8.5997972272e-03  1.0329739417e-04 -3.6210053990e-05  3.4267191091e-06  9.6989811395e-05  2.3735653581e-05 -4.3679445381e-06  2.2512856925e-07 -3.4906046015e-05  1.7395890034e-07  7.0513239223e-05  4.5806193829e-05 -3.3611583120e-05  3.6316176108e-03  1.5893314119e-03 -5.3107767650e-03  3.4472526274e-03 -7.2131977762e-03 -6.5984799794e-03 -2.1032450903e-05  3.8673302446e-05 -4.8771740636e-06 -3.3662986265e-05 -1.8536635649e-05  1.2927303578e-05  1.3449317865e-05  1.3804754360e-05 -5.3472361692e-06  2.1309544267e-05  2.3453649327e-05 -5.7908267614e-06  6.0770304580e-06 -1.1004341676e-05  4.6370957219e-06  1.5838313118e-05 -2.4163248094e-05  1.2503107779e-05  8.0191049606e-06 -2.7791634951e-06 -2.3032067533e-06  2.2524190955e-06  2.8264379522e-06  3.3930623254e-06  7.1009817501e-06 -4.8703956300e-06  4.2995691247e-06 -1.5284399153e-03  6.4579671969e-03  3.3110247698e-03

JOB 7
COORDS -2.1921529342e+00 -4.5348109829e-01  8.9657877015e-03 -8.8834588201e-01 -7.5913010863e-01  4.0109452266e-02 -9.6448743013e-01 -4.4347363096e+00  1.1654566149e+00 -3.2845717087e+00 -1.4582881116e+00  2.8244485818e-01 -3.5451527831e-01 -2.1280601008e+00  3.8523264846e-01 -2.7629981250e+00 -2.9015085272e+00  2.6216598061e-01 -1.4471277739e+00 -3.0061855376e+00  1.0391557601e+00 -1.4470649924e+00 -5.3923111482e+00  6.0490135556e-01  2.2284574292e-01 -4.5229080882e+00  1.8797076190e+00 -2.4961746988e+00  5.6567812131e-01 -2.2608494647e-01 -1.5068262686e-01  8.1493681342e-03 -1.9080497517e-01 -3.7492979188e+00 -1.2352669624e+00  1.2541663125e+00 -4.0840804038e+00 -1.3424738780e+00 -4.5950875241e-01  2.1067451846e-02 -2.6176071041e+00 -5.2444447484e-01  5.0349820982e-01 -2.0412463438e+00  1.0588108226e+00 -3.5071178369e+00 -3.5871747498e+00  6.7772429713e-01 -2.5877656541e+00 -3.2197795838e+00 -7.7118438497e-01 -1.5941974290e+00 -2.6296201099e+00  2.0607942057e+00  1.1653766086e-01 -5.1684686104e+00  2.5988120811e+00
ENERGY -4.232884995390e+02
GRADIENT -4.4856661324e-05  2.8019765365e-04 -5.7702621069e-05 -1.3515479710e-04 -2.0241419126e-04  5.3899647506e-05 -7.9292329221e-03 -1.5637803568e-03  1.3801413542e-02  1.0361075787e-04 -4.3480460318e-05  3.0684636202e-06  6.4291309027e-05  2.2328830405e-05  3.4940369299e-06 -8.5482487441e-06 -4.0618240388e-05 -3.0509136087e-05  9.6708244176e-05 -3.2751415659e-06 -1.9435866712e-04  4.9168003850e-03  2.3562515248e-03 -8.1186606497e-03  6.3476430414e-03 -8.5400123641e-03 -1.1924164578e-02 -1.7671605010e-05  4.0297124701e-05 -1.3931948261e-06 -3.5217627607e-05 -1.3938634797e-05  1.4012652502e-05  1.2277978408e-05  1.2303138641e-05 -4.9261879504e-06  2.4232323293e-05  1.8360314725e-05 -3.8560764276e-06  1.2786666529e-05  2.1989976937e-06 -9.4777183742e-07  1.6874044163e-05 -2.0590413467e-05  1.4287009048e-05  1.4971863951e-05 -1.1302635218e-05 -2.0894456693e-06 -3.5202981087e-06  6.6175293946e-06 -1.2567604649e-05 -1.9806961750e-06 -8.8951977484e-05 -6.8941179081e-06 -3.4186001673e-03  7.8777584720e-03  6.4327349281e-03

JOB 8
COORDS -2.1915941445e+00 -4.4507014209e-01 -3.8237747925e-03 -8.8735134147e-01 -7.4766367914e-01  3.7313561462e-02 -9.7066530173e-01 -4.4166560566e+00  1.1894293702e+00 -3.2847342984e+00 -1.4489455869e+00  2.7002396272e-01 -3.5482903264e-01 -2.1137317763e+00  3.9567129980e-01 -2.7613986293e+00 -2.8915192477e+00  2.6336892164e-01 -1.4501949262e+00 -2.9881010618e+00  1.0493489315e+00 -1.4567171809e+00 -5.3841771367e+00  6.4477201670e-01  2.0622961687e-01 -4.4938437612e+00  1.9063695195e+00 -2.4956617146e+00  5.7194396858e-01 -2.4785583330e-01 -1.4941961895e-01  1.9212824047e-02 -1.9418060055e-01 -3.7557094274e+00 -1.2194769927e+00  1.2372180433e+00 -4.0797264413e+00 -1.3394753706e+00 -4.7773074544e-01  2.6834184663e-02 -2.6096893408e+00 -5.0795580107e-01  4.9923358296e-01 -2.0202321642e+00  1.0735505717e+00 -3.5069222108e+00 -3.5751114404e+00  6.7955936125e-01 -2.5795875781e+00 -3.2170089982e+00 -7.6661380385e-01 -1.6053229415e+00 -2.6050636882e+00  2.0670979896e+00  1.6611656620e-01 -5.2846142411e+00  2.4728977743e+00
ENERGY -4.232936485984e+02
GRADIENT  3.3017151205e-06 -4.1188828051e-05  1.8161578533e-05  3.9873316777e-05  3.9815282117e-05 -1.0218454462e-05 -8.8790723439e-03 -1.8635778956e-03  1.4481353204e-02 -7.3060780881e-06  1.0941666556e-05 -6.4591796520e-06 -1.3289060854e-05  1.6653939091e-05  1.6680946733e-05  1.6690437420e-05 -2.7395853703e-07 -1.8900196543e-07  1.4380691323e-05  3.6217407061e-06 -4.0338277876e-05  5.3255821219e-03  2.1810157655e-03 -8.5857739298e-03  8.2445544834e-03 -6.5008721449e-03 -1.4256579391e-02  7.4829239371e-06  2.1362301623e-06  6.2375004880e-06  5.7883912850e-06  1.2118854226e-05  5.9582595953e-06 -4.6743911730e-06  1.5270385360e-06  4.8451347423e-07  2.0217987940e-06  3.7772130110e-07 -1.3653900505e-06 -1.9652288195e-06  9.3069467981e-06 -4.6865517826e-06 -1.2458160764e-06  3.9991977920e-06 -2.7725600925e-06 -4.7417468935e-06  5.9071758437e-06 -9.5361276404e-06 -1.2123715610e-06  5.0964594498e-06 -1.1755815367e-05 -1.0475064681e-05 -3.3224943572e-06 -3.5701765896e-06 -4.7351888659e-03  6.1998234775e-03  8.3494147359e-03

JOB 9
COORDS -2.1994596938e+00 -4.6431003883e-01 -1.8293246715e-02 -8.9345007993e-01 -7.5815610544e-01  2.9524700451e-02 -9.5995848465e-01 -4.4097973935e+00  1.2372558477e+00 -3.2874306351e+00 -1.4695005202e+00  2.7074900401e-01 -3.5426949147e-01 -2.1150900360e+00  4.1178753880e-01 -2.7560817234e+00 -2.9089239480e+00  2.8772061000e-01 -1.4454313436e+00 -2.9852877187e+00  1.0772205835e+00 -1.4372163258e+00 -5.3915807516e+00  7.0631797944e-01  1.9041357999e-01 -4.4738896766e+00  1.9826660636e+00 -2.5090890360e+00  5.4669527229e-01 -2.7961046446e-01 -1.5958355334e-01  9.0639817857e-03 -2.1346401152e-01 -3.7605778452e+00 -1.2270327248e+00  1.2336727531e+00 -4.0822347561e+00 -1.3765488445e+00 -4.7944630023e-01  3.3036588903e-02 -2.6238162024e+00 -4.8230571874e-01  4.9757539624e-01 -2.0046803612e+00  1.0902058569e+00 -3.4981635377e+00 -3.5900395342e+00  7.1388766592e-01 -2.5708882787e+00 -3.2496672467e+00 -7.3666487278e-01 -1.6055940600e+00 -2.5893872006e+00  2.0889305785e+00  2.2792050802e-01 -5.3638470031e+00  2.3791134914e+00
ENERGY -4.232985597165e+02
GRADIENT  3.6637509471e-05 -2.0128977163e-04  5.6754216013e-05  1.0364891048e-04  1.5417362202e-04 -4.2975517317e-05 -7.8755394512e-03 -1.4721173720e-03  1.1742199962e-02 -7.9939689240e-05  3.8730782076e-05 -8.5727965584e-06 -4.9429766345e-05 -7.4032859160e-06  5.6627030422e-06  6.1245603149e-06  4.6668420719e-05 -2.4283606420e-06 -2.3348871245e-05  7.5766544332e-07  7.9782012469e-05  4.7137531167e-03  1.4835152717e-03 -7.0089256511e-03  7.9464165820e-03 -3.2140730287e-03 -1.2528418001e-02  1.4072715169e-05 -2.2288538894e-05  1.1020777798e-05  3.0803379248e-05  1.5168085685e-05  3.2065041674e-06 -1.1053039374e-05 -4.7892116840e-06 -1.3517675207e-06 -1.6057152087e-05 -2.5134995605e-06 -2.1495504348e-06  3.8770878385e-07  9.8380783676e-06  3.9918009485e-06 -1.4320598974e-05  1.9943054820e-05 -6.8364864416e-06 -1.8885733160e-05  1.6653452436e-05 -1.1393798373e-05  8.3736259297e-06  5.8999506856e-06 -3.7730113629e-06 -8.6739190075e-06  1.8961182735e-05  3.9722528555e-07 -4.7678040344e-03  3.1830914115e-03  7.6613149586e-03

JOB 10
COORDS -2.2576527223e+00 -4.7216150677e-01 -4.1264058271e-02 -9.4531378635e-01 -7.3739136930e-01 -9.9684246552e-04 -9.1563489431e-01 -4.3615139664e+00  1.2738318898e+00 -3.3206205319e+00 -1.4947040724e+00  2.7827502280e-01 -3.7416713405e-01 -2.0754928906e+00  4.0078246169e-01 -2.7585108892e+00 -2.9219040725e+00  3.2305587499e-01 -1.4384537004e+00 -2.9523657125e+00  1.1004354039e+00 -1.3189254804e+00 -5.3535808423e+00  6.9901106109e-01  1.5610416694e-01 -4.4034255362e+00  2.1199459018e+00 -2.5916771347e+00  5.2697736996e-01 -3.1779845387e-01 -2.3042810849e-01  4.0684376618e-02 -2.6493490985e-01 -3.7922143005e+00 -1.2405816193e+00  1.2388962540e+00 -4.1223843094e+00 -1.4359059883e+00 -4.6797023972e-01  8.5068536565e-03 -2.5958416360e+00 -4.8869301742e-01  4.8531085142e-01 -1.9349839826e+00  1.0643282443e+00 -3.4820293437e+00 -3.6074721221e+00  7.7382022619e-01 -2.5768948292e+00 -3.2837527280e+00 -6.9443149983e-01 -1.5952154597e+00 -2.5394646742e+00  2.1050560463e+00  3.1236179521e-01 -5.3457356028e+00  2.3214154234e+00
ENERGY -4.233021197817e+02
GRADIENT -2.5519073979e-06  1.8661266942e-05 -2.9416465818e-05 -1.0515027922e-05 -1.3124179987e-05  1.2956533221e-05 -5.2324423247e-03 -1.1764675074e-03  6.6374192245e-03  1.4554318376e-05  5.8574025407e-07  9.2574233256e-06  1.5107811403e-05  3.4418072488e-06  1.9564023903e-05  2.5172393593e-06 -5.6683588609e-06 -7.4652465600e-06  7.6334349470e-05  1.9456016783e-05  4.1595085945e-05  3.1558853794e-03  8.1930101673e-04 -3.8728726755e-03  5.4844570802e-03 -2.1711101016e-05 -7.1845408498e-03 -1.2284683227e-06  1.0359779866e-05  1.7575119010e-05 -2.4732439941e-06  1.0397722653e-05  2.7390322179e-05 -1.3669650222e-05  8.4771318328e-06 -9.3532608870e-06  1.3829233850e-05  1.9619756037e-06 -1.4230341075e-05 -3.6447100964e-05 -1.2807036078e-06 -1.4680788948e-05  2.3249242675e-05 -1.6504781183e-05 -2.3021934771e-05  6.1413863212e-06  4.5689834604e-06  7.5224451125e-06 -9.3929451968e-06 -2.3296275441e-06  3.4085986110e-06 -1.6468358374e-05  2.7746360633e-05 -7.5806544336e-06 -3.4376384582e-03  3.5569407663e-04  4.3941479324e-03

JOB 11
COORDS -2.2191607313e+00 -5.0471492003e-01 -4.4983082476e-02 -9.0939301875e-01 -7.8083866899e-01  3.3071075368e-03 -9.0782476038e-01 -4.3844960758e+00  1.3196466216e+00 -3.2914233920e+00 -1.5115137238e+00  2.9290067073e-01 -3.5065100560e-01 -2.1150474584e+00  4.3394967265e-01 -2.7422885026e+00 -2.9427499103e+00  3.5811854504e-01 -1.4249811238e+00 -2.9747670238e+00  1.1405257635e+00 -1.2555255725e+00 -5.3636922347e+00  6.8843996204e-01  5.6058487206e-02 -4.4522154757e+00  2.2824181636e+00 -2.5436411349e+00  4.9117433367e-01 -3.4360935839e-01 -1.8690113590e-01 -1.5277779207e-02 -2.7605987730e-01 -3.7579878307e+00 -1.2384022091e+00  1.2507163060e+00 -4.0943141895e+00 -1.4566317029e+00 -4.5237344616e-01  3.7882246817e-02 -2.6526097654e+00 -4.4267540978e-01  5.0272133035e-01 -1.9669815801e+00  1.1042695453e+00 -3.4736199062e+00 -3.6153440533e+00  8.1634199002e-01 -2.5605400902e+00 -3.3199775183e+00 -6.5355326980e-01 -1.5803769715e+00 -2.5526884635e+00  2.1409553611e+00  3.4476994938e-01 -5.3848294585e+00  2.3127152878e+00
ENERGY -4.233035040596e+02
GRADIENT -4.3977935217e-06  7.0684637657e-05  8.2346807116e-06 -3.1757329279e-05 -6.2282992254e-05  1.7945495664e-05 -2.5135083550e-04 -9.8500272450e-05  2.6344678020e-04  2.0037659641e-05 -9.2212447706e-06  5.2475327663e-06  2.4086839192e-05 -3.2704111165e-06 -1.9335105187e-05  8.3842986974e-06 -5.1888097850e-06  2.2613767576e-05 -2.8210121994e-05 -9.6512715464e-06 -2.0770279168e-05  1.4100932576e-04  5.9429339171e-05 -1.4134408577e-04  3.0065929845e-04  9.0860931828e-05 -2.7573470356e-04  8.8568945752e-07 -8.5346606708e-08 -1.8438527903e-05 -2.3576518016e-06 -2.0032620721e-05 -2.3190845795e-05  1.1667646024e-05 -2.9125928095e-06  2.1625916083e-06  5.7413718374e-06  3.7270241760e-06  2.7923757604e-06  3.0836623872e-05 -5.0156283137e-06  2.1990157644e-05 -1.3841210940e-05  4.0582937962e-06  2.8402987885e-05 -1.8371317999e-06 -5.0226168516e-06 -7.8270156985e-07  5.5088936676e-06 -2.0624198647e-07 -2.5811785339e-06  4.9510734715e-06 -1.2024256579e-05  1.1824791807e-05 -1.9316442619e-04 -4.7042344536e-05  1.7615197154e-04

JOB 12
COORDS -2.2250256423e+00 -5.0066311758e-01 -4.6593966057e-02 -9.1540841184e-01 -7.7738247113e-01  2.4516717492e-03 -9.1701836936e-01 -4.3850746145e+00  1.3064923503e+00 -3.2988716853e+00 -1.5078879618e+00  2.8477839646e-01 -3.5878972140e-01 -2.1145128309e+00  4.2707448335e-01 -2.7510288292e+00 -2.9398071940e+00  3.4637955236e-01 -1.4344663675e+00 -2.9755103376e+00  1.1296575686e+00 -1.2668770859e+00 -5.3630262125e+00  6.7564727211e-01  5.2280412139e-03 -4.4628296233e+00  2.3112933892e+00 -2.5483385068e+00  4.9702940729e-01 -3.4041618266e-01 -1.9199041103e-01 -1.0746240760e-02 -2.7151796169e-01 -3.7675005757e+00 -1.2377322340e+00  1.2424052055e+00 -4.0999249474e+00 -1.4495386303e+00 -4.6222721403e-01  2.8417180616e-02 -2.6481777969e+00 -4.5269878418e-01  4.9467222539e-01 -1.9709040411e+00  1.0983433661e+00 -3.4831932474e+00 -3.6130701216e+00  8.0227146464e-01 -2.5689129192e+00 -3.3144082373e+00 -6.6621287172e-01 -1.5894751116e+00 -2.5565011996e+00  2.1315678140e+00  4.4489114268e-01 -5.3294951447e+00  2.2177346098e+00
ENERGY -4.233023330043e+02
GRADIENT  1.1631675175e-05 -4.8058749669e-05  1.8345070605e-05  1.2571167746e-05  1.4266347167e-05  1.0789434811e-06  6.0744406510e-03  1.5561669971e-03 -5.3243090467e-03 -2.3565407631e-05  1.0593709579e-05  1.3508229311e-06  7.9359678254e-06 -6.6857482988e-06  2.8821644641e-05  1.3495370869e-05  5.2461207616e-06  2.0104128096e-07 -5.5184432079e-05 -1.7452380907e-05 -2.5255852632e-05 -3.6199273234e-03 -7.5461778804e-04  3.1612148211e-03 -5.9488584577e-03 -2.9104202621e-03  5.2737868538e-03  4.4297579331e-06 -1.2758396645e-05 -5.0754085006e-06  1.2170361921e-05 -1.0317035173e-05 -7.6653356190e-06  1.2997185065e-06 -6.7397157653e-07  2.9212230483e-06 -2.6824183267e-06 -3.8014941596e-06  3.0093988274e-06  4.0009248494e-06 -7.9996346119e-06  1.0543126134e-05 -1.7895928859e-06  4.8699603706e-07  3.7176271526e-06 -9.7013580993e-06  5.4286867554e-06 -4.0843578978e-06  3.8801731139e-06 -1.2635212959e-06  6.6885981292e-06 -2.8902468670e-05  9.7270716892e-06  1.3049871442e-05  3.5754485240e-03  2.1347268985e-03 -3.1116335591e-03

JOB 13
COORDS -2.2139948737e+00 -5.0456368125e-01 -4.4717144575e-02 -9.0630333417e-01 -7.8902850858e-01  1.0780150423e-02 -9.3588942445e-01 -4.3965404354e+00  1.3173894965e+00 -3.2959048544e+00 -1.5049514475e+00  2.8110111374e-01 -3.6046291557e-01 -2.1299463522e+00  4.3788620977e-01 -2.7576215173e+00 -2.9404405765e+00  3.4471984161e-01 -1.4451776350e+00 -2.9851033799e+00  1.1337578489e+00 -1.3063671629e+00 -5.3772972219e+00  7.0560078585e-01 -2.8843776654e-02 -4.4758632104e+00  2.3433670083e+00 -2.5295028061e+00  4.9529786077e-01 -3.3967405425e-01 -1.7679930572e-01 -2.6734006165e-02 -2.5919128090e-01 -3.7669333985e+00 -1.2321551106e+00  1.2367836895e+00 -4.0932413255e+00 -1.4407898422e+00 -4.6939291092e-01  2.8684012826e-02 -2.6644202552e+00 -4.4078468682e-01  4.8964251971e-01 -1.9916320788e+00  1.1145480676e+00 -3.4957188458e+00 -3.6094267538e+00  7.9721614680e-01 -2.5737440247e+00 -3.3156977411e+00 -6.6741924181e-01 -1.6009664389e+00 -2.5655978263e+00  2.1355625395e+00  5.5607778688e-01 -5.2333196539e+00  2.1568150816e+00
ENERGY -4.232988827684e+02
GRADIENT  2.3114220302e-05 -1.1715555133e-04  3.0885540371e-05  8.6445349437e-05  1.0420659199e-04 -4.5034214671e-05  1.0489505554e-02  2.9085576667e-03 -9.1295194423e-03 -2.6859785522e-05  1.3775387773e-05 -3.3259948570e-06 -7.0258807250e-05  1.1637465827e-05  1.6758373468e-05 -3.1721884605e-06  1.1865132199e-05  2.8118839948e-07  8.5763957397e-05  2.7256162833e-05  4.7299866670e-05 -6.2887835217e-03 -1.2109543469e-03  5.6160563796e-03 -1.0148191521e-02 -7.4377185529e-03  8.2356426930e-03  1.6148397459e-05 -1.2751768838e-05  1.1727755106e-06  1.6205428646e-05  1.1592580971e-05 -6.0649618230e-06 -2.6958636380e-07  1.2008055583e-06  3.3709156477e-06 -7.3155209578e-06 -9.6448971329e-06  5.7761688785e-06  1.7310828862e-06  2.4290904843e-06 -2.1838052539e-06  1.4799028051e-06  1.0454495757e-05 -8.5676671930e-06  4.0599357562e-06  2.9392087363e-06  4.8318189091e-06  1.1298155187e-06 -1.7727208197e-06  1.5390675703e-06 -9.3689381736e-06 -1.0934162945e-05  5.1021113391e-06  5.8545125104e-03  5.6951230164e-03 -4.7226262922e-03

JOB 14
COORDS -2.2200926331e+00 -5.1503639571e-01 -4.3949160578e-02 -9.1349288635e-01 -8.0261055597e-01  2.1119252983e-02 -9.6409595557e-01 -4.4203371917e+00  1.3103485372e+00 -3.3065435135e+00 -1.5159955196e+00  2.6446989556e-01 -3.7312692024e-01 -2.1471304598e+00  4.4406142489e-01 -2.7713223491e+00 -2.9530700577e+00  3.2065201439e-01 -1.4661363357e+00 -3.0069706987e+00  1.1200289708e+00 -1.3933310157e+00 -5.4097616699e+00  7.5778829038e-01 -1.0436640465e-02 -4.4894186561e+00  2.3056177542e+00 -2.5309434851e+00  4.8769783657e-01 -3.3414859969e-01 -1.8038495087e-01 -3.9577084329e-02 -2.3671949913e-01 -3.7848154218e+00 -1.2505114246e+00  1.2185957331e+00 -4.0975831117e+00 -1.4436104032e+00 -4.9190988970e-01  2.7046024799e-02 -2.6736563730e+00 -4.3483751523e-01  4.6829573649e-01 -2.0142601689e+00  1.1323506773e+00 -3.5138662354e+00 -3.6252921206e+00  7.6040528232e-01 -2.5797825587e+00 -3.3191438899e+00 -6.9370342107e-01 -1.6299917074e+00 -2.5939134579e+00  2.1239243338e+00  6.8495290786e-01 -5.1094260623e+00  2.0231572430e+00
ENERGY -4.232940136554e+02
GRADIENT -1.4229516652e-06  2.1821192576e-05  9.8985397013e-07 -1.1674041688e-05 -2.0866550569e-05  1.0130883300e-05  1.1937173853e-02  3.0994042345e-03 -1.1609095859e-02  5.9787992470e-06  4.8143201475e-06 -3.6136426743e-07  2.2990812506e-05  1.9671086980e-05 -1.5112324045e-05  3.5121561133e-06  7.2205605911e-06 -4.8004827866e-06  3.8118855102e-05  1.1811080885e-05  4.0057764259e-05 -7.3168357549e-03 -7.8925473154e-04  7.1233898164e-03 -1.0365091564e-02 -1.0902803462e-02  9.2818501535e-03  1.1542987927e-06  6.6271270985e-06  2.6584842545e-06  1.7626816414e-06 -2.5082724965e-07  2.3450419255e-06  1.8690061588e-06  2.2137537342e-06 -1.3508391718e-06  3.6402304346e-06  5.9915423799e-06 -2.2822083578e-06  6.2525109181e-06  3.2359605687e-07  7.4033937609e-06 -5.7206507361e-06  1.3839034688e-06  1.0321108043e-05 -3.9961256251e-06  5.9169996515e-06 -5.8807112054e-06  3.8793455342e-06  3.7099808350e-06 -2.1031099336e-06  5.2310504351e-06 -9.5971611009e-06  8.2704632495e-07  5.6909102805e-03  8.5873916565e-03 -4.8603970486e-03

JOB 15
COORDS -2.2234459167e+00 -5.4631755104e-01 -4.8098469186e-02 -9.1765194240e-01 -8.3429662167e-01  3.0104715485e-02 -9.8550754181e-01 -4.4410657692e+00  1.3615476343e+00 -3.3132876733e+00 -1.5433135361e+00  2.6092483829e-01 -3.8173134884e-01 -2.1748794328e+00  4.7102611519e-01 -2.7800084032e+00 -2.9804228200e+00  3.3345691243e-01 -1.4810749548e+00 -3.0289829432e+00  1.1427245733e+00 -1.4617174431e+00 -5.4415632179e+00  8.7590537525e-01  1.8828440458e-02 -4.4928836700e+00  2.3184174981e+00 -2.5307894999e+00  4.5401386311e-01 -3.5009456011e-01 -1.8187878579e-01 -7.4247083878e-02 -2.2890268699e-01 -3.7980138053e+00 -1.2692609065e+00  1.2093414646e+00 -4.0988420661e+00 -1.4762711124e+00 -5.0162570642e-01  2.8412264561e-02 -2.7082060853e+00 -3.9956601606e-01  4.5205994583e-01 -2.0344718145e+00  1.1670134324e+00 -3.5259269519e+00 -3.6487529976e+00  7.7293961745e-01 -2.5815405747e+00 -3.3546048556e+00 -6.7687235391e-01 -1.6533454843e+00 -2.6064796071e+00  2.1419094143e+00  7.9603342033e-01 -4.9449061607e+00  1.9486508677e+00
ENERGY -4.232888652336e+02
GRADIENT -6.3590876457e-06  3.1021874253e-05  5.0262557167e-07 -5.3341074756e-06 -3.8391601774e-05  1.4031305479e-05  1.0655885307e-02  2.6233301869e-03 -1.0820845407e-02  2.0441406856e-05  1.2644767305e-06  3.0667274913e-08 -4.6708952075e-05  3.4370499660e-05  2.5549140856e-05 -1.1110310340e-05  1.0891116310e-05  3.3854438999e-06  6.4876167990e-05  5.5914428296e-05 -1.2261939525e-04 -6.6783571909e-03 -3.1330835757e-04  6.9349041213e-03 -7.8335450484e-03 -1.1784532307e-02  7.3455711824e-03  2.5125245942e-06  1.1723138644e-05  1.0812262842e-05  5.4725860333e-07  3.0470985614e-07  1.0320916767e-05 -2.7773374772e-06  4.3963915699e-06 -2.1825331502e-06  3.6369184182e-06  8.7766064562e-06 -3.9305463950e-06  1.3263464441e-05 -6.2844773557e-06  2.8968981750e-06  1.1472863746e-05 -7.4051701245e-06  1.4955030367e-06  2.9782621140e-07  2.5370791923e-06 -1.3643608418e-05  2.4994057322e-06  7.1498240215e-06 -1.0215856889e-05 -2.6634376180e-05 -4.1296167046e-05  2.2816665341e-05  3.8222177038e-03  9.4324400884e-03 -3.4676284603e-03

JOB 16
COORDS -2.2184957780e+00 -5.6539615992e-01 -4.9714623370e-02 -9.1357941738e-01 -8.5440133121e-01  3.7530412905e-02 -9.9529643787e-01 -4.4551005381e+00  1.3899013719e+00 -3.3120661211e+00 -1.5578093875e+00  2.6006410544e-01 -3.8255571136e-01 -2.1928336728e+00  4.9157234356e-01 -2.7818959935e+00 -2.9953548720e+00  3.4371139959e-01 -1.4875327134e+00 -3.0430187334e+00  1.1605740151e+00 -1.4902501325e+00 -5.4573329042e+00  9.3249483866e-01  4.3128560512e-02 -4.5103562109e+00  2.3203841844e+00 -2.5221265443e+00  4.3343169303e-01 -3.6020717491e-01 -1.7498714967e-01 -9.7357614036e-02 -2.2222086955e-01 -3.8005971521e+00 -1.2769336291e+00  1.2044996749e+00 -4.0938459367e+00 -1.4935997435e+00 -5.0657034160e-01  3.4220061513e-02 -2.7312291902e+00 -3.7295408045e-01  4.4526549307e-01 -2.0454975137e+00  1.1934261700e+00 -3.5313925512e+00 -3.6598033776e+00  7.8277483768e-01 -2.5789211591e+00 -3.3754883444e+00 -6.6358782041e-01 -1.6641417641e+00 -2.6153731516e+00  2.1567304556e+00  8.7375161428e-01 -4.7507147650e+00  1.8775691883e+00
ENERGY -4.232846295496e+02
GRADIENT  3.8383634057e-05 -1.8471676719e-04  4.8638148762e-05  6.9668394278e-05  1.7103243619e-04 -8.7597214722e-05  7.2534720486e-03  1.8824119853e-03 -8.4414640560e-03 -8.4804158320e-05  3.6257007948e-05 -8.4411881718e-06  1.2484726823e-04 -4.6235567717e-05 -6.4138074439e-05 -4.4436622724e-06  3.9085472739e-05 -6.8901091073e-05 -8.7007099989e-05 -1.3444785360e-04  6.2523117586e-04 -4.5482763347e-03 -1.6686483532e-04  5.2571463911e-03 -4.1998731797e-03 -9.0523300691e-03  4.2272350363e-03  1.4294801139e-05 -1.2917589889e-05  2.8499811201e-05  3.0682288872e-05  1.5710252490e-05  1.9214562682e-05 -1.3086439597e-05  7.9132644148e-06 -2.3145459556e-06 -9.1998458502e-06 -1.4367849736e-06 -4.3961847243e-06 -3.6518804489e-05  1.9412219380e-05  2.3834403071e-06 -4.9255287959e-05  1.2524275435e-05 -1.0168900162e-05 -2.1447900035e-05  2.3452570888e-05 -1.7415760099e-05 -3.5279790794e-06  6.2851454280e-06  9.1350334935e-06 -1.3648092012e-05  1.1263853672e-04 -9.7883486961e-05  1.5016558691e-03  7.3017523834e-03 -1.4679177355e-03

JOB 17
COORDS  1.5258925160e-01 -1.0149144263e+00 -1.9049603635e+00 -2.0072598557e-01 -9.3678172799e-01 -6.1317671544e-01 -3.8042502250e-01 -4.1084482796e+00 -7.2250573141e-01 -4.7701047734e-01 -1.9661841421e+00 -2.8928580867e+00 -1.2587293899e+00 -1.8218967357e+00  4.0203587563e-03 -1.7121944859e+00 -2.6827804640e+00 -2.3210731146e+00 -1.4989418859e+00 -3.0781831959e+00 -8.5164364699e-01  8.5114416211e-03 -4.8084239404e+00 -1.6259258235e+00  8.8512229977e-02 -4.2925268595e+00  5.7764362292e-01  9.3788347980e-01 -3.6036050924e-01 -2.2814696350e+00  2.8026078595e-01 -2.0346602174e-01  3.2674854089e-02 -7.5594979190e-01 -1.4142892877e+00 -3.7990556701e+00  2.7007045621e-01 -2.7037093985e+00 -3.2111516597e+00 -9.8367474785e-01 -2.1028769060e+00  1.0245564334e+00 -2.2023750569e+00 -1.2666487301e+00  9.0233637467e-02 -2.5783597711e+00 -2.0125632411e+00 -2.3645315270e+00 -1.9469587872e+00 -3.5632495993e+00 -2.9240053549e+00 -2.3924499530e+00 -3.5922328882e+00 -4.7041912271e-01  8.7997528085e-01 -3.7474838048e+00  7.2047394574e-01
ENERGY -4.232824110644e+02
GRADIENT -4.9866124712e-05 -1.4831494116e-06 -1.5568968651e-06  3.9096317535e-05 -1.1677392600e-05  3.5008590445e-05  1.5498811237e-03  1.8803801417e-03 -2.6242208745e-04 -1.0109355686e-05  3.2587163905e-05 -1.0582801847e-05  4.6344596761e-05  8.5046834725e-06  4.4092505928e-06 -1.8298410647e-05  2.5182606133e-05 -8.4718394369e-06  1.2217479500e-05 -5.9069568866e-05 -2.0710913002e-05 -1.2868708962e-03 -1.0716142194e-03  2.7897501023e-04  8.0911006988e-04 -2.2558273969e-03 -6.0826365741e-04 -9.5572537415e-06  1.5510895262e-06  1.3199839474e-06  1.4233410795e-05 -6.7322413684e-06  3.8817364458e-06  1.7218408468e-05 -2.3918376044e-05 -1.3658274693e-05  4.5217439944e-06 -1.7780283671e-05  1.8789003460e-05 -1.9035594542e-05  1.0962522494e-05  1.2710773406e-05 -1.5479570645e-06  2.3532255606e-06 -3.0243261034e-05 -3.0955750805e-06 -9.1070807339e-06  8.7163693910e-06  1.0177441044e-05  6.5945200138e-07 -8.9683981292e-06  3.2572804718e-06  1.5393580162e-05  9.1733735614e-06 -1.1155806921e-03  1.4509393186e-03  6.1757239696e-04

JOB 18
COORDS  1.7280228367e-01 -1.0575865822e+00 -1.8072165085e+00 -2.5463445838e-01 -9.7103500595e-01 -5.3759021579e-01 -4.8025272894e-01 -4.1426812478e+00 -7.2019171448e-01 -4.2496514149e-01 -1.9940514284e+00 -2.8307912074e+00 -1.3572154475e+00 -1.8411026222e+00  2.1945319447e-02 -1.7118087741e+00 -2.6704175558e+00 -2.3307848461e+00 -1.5806517096e+00 -3.0837206416e+00 -8.5060633836e-01 -3.9709598716e-01 -5.0954722946e+00 -1.4573846001e+00  4.2489825881e-01 -3.9684901020e+00  3.1773743447e-01  9.8786694096e-01 -4.1579093743e-01 -2.1398830580e+00  2.0314231359e-01 -2.4627559965e-01  1.3417722581e-01 -6.3270015581e-01 -1.4355258751e+00 -3.7517235921e+00  3.1764551114e-01 -2.7531452144e+00 -3.1123027297e+00 -1.1228852830e+00 -2.1314323500e+00  1.0499663540e+00 -2.2914270898e+00 -1.2656284292e+00  7.1320634524e-02 -2.5509971450e+00 -1.9706549522e+00 -2.4127390543e+00 -1.9455506577e+00 -3.5428389937e+00 -2.9449960073e+00 -2.5036477364e+00 -3.5892959029e+00 -5.4074806366e-01  1.0506798116e+00 -3.2627013419e+00  7.6106410768e-02
ENERGY -4.232831533753e+02
GRADIENT  2.3388725551e-05 -5.3326705895e-05  1.6866854116e-05 -4.6562575998e-05  8.2061268309e-05 -2.1933274265e-05 -3.4805025517e-03 -4.2181038282e-03  3.3511393579e-03  2.7218494509e-05 -4.3228039596e-05  1.3870607047e-05  1.1528089605e-05  2.1142049899e-05 -7.6501798772e-05  5.7594858818e-05  2.8391248629e-05  2.9649851915e-05  1.1572970090e-05 -1.5800278415e-06  1.4580375747e-04  2.9124962434e-03  2.3309365260e-03 -2.7030824837e-03 -2.6313371522e-03  5.3359923349e-03  1.4002669337e-03  3.0465135033e-05 -3.9147740672e-05  3.3567196291e-06  1.7677174268e-06 -5.8185048862e-06 -1.9076758851e-07 -4.1759716683e-05  4.8116334754e-05  3.5512796733e-05 -8.8671892962e-06  1.6315197030e-05 -7.0844520337e-05  5.6983854233e-05 -6.4477166099e-06  3.9349580227e-06 -6.9776667448e-07 -2.3454215172e-05  6.2633736748e-05 -2.6285822147e-05 -4.2404667322e-05 -4.7739646451e-05  3.5327510747e-05 -4.1429522548e-05  2.9035198949e-05 -3.0352671746e-05  5.7596063481e-05 -3.3832008663e-05  3.1613349805e-03 -3.5361728753e-03 -2.1539595934e-03

JOB 19
COORDS  1.6992936057e-01 -1.0529431387e+00 -1.7631701381e+00 -2.8120057785e-01 -9.7115740988e-01 -5.0090431116e-01 -5.4869792677e-01 -4.1761817926e+00 -7.1251800767e-01 -4.0000698455e-01 -2.0000066329e+00 -2.7931923296e+00 -1.3814493304e+00 -1.8536957278e+00  4.4478300536e-02 -1.7079655997e+00 -2.6556316889e+00 -2.3243028565e+00 -1.6173620198e+00 -3.0841407129e+00 -8.4313091418e-01 -6.0320051718e-01 -5.2131909462e+00 -1.3307967250e+00  5.1699197460e-01 -3.9097328915e+00  1.2335267744e-01  9.8095987934e-01 -3.9966588764e-01 -2.0825777557e+00  1.5613332459e-01 -2.4050382907e-01  1.7787290002e-01 -5.7120221059e-01 -1.4545186674e+00 -3.7289936884e+00  3.4495951646e-01 -2.7699563157e+00 -3.0396576551e+00 -1.1406345622e+00 -2.1592173070e+00  1.0675958382e+00 -2.3129072997e+00 -1.2756579262e+00  1.1098977448e-01 -2.5313164120e+00 -1.9387760491e+00 -2.4190538981e+00 -1.9467431264e+00 -3.5209321084e+00 -2.9470497062e+00 -2.5586110707e+00 -3.5692166785e+00 -5.6244683425e-01  9.6421902627e-01 -3.0990132907e+00 -1.8530123804e-01
ENERGY -4.232865510085e+02
GRADIENT  3.3568188521e-05 -4.0128697829e-05 -1.7334265098e-06 -1.4037432663e-05  2.9604581667e-05  7.0863032189e-06 -4.6378553949e-03 -5.9478335543e-03  7.3567823110e-03 -1.6908678227e-05 -2.6581072938e-05  1.9345090013e-05 -5.9238654363e-05  3.1177179791e-05 -9.7700535012e-05  2.8927620427e-05  4.7509703181e-06 -3.9279584740e-05  1.1451243277e-04  3.3839154847e-05  1.2266873183e-04  4.0781398381e-03  3.3005025026e-03 -5.9461245890e-03 -4.8238581901e-03  7.4820009914e-03  3.7761792976e-03  1.1589750028e-05 -1.0513824810e-05  3.2744697517e-06 -1.9962526953e-05  1.6616413821e-05 -8.8798828277e-06 -8.4328182246e-06  2.2027318278e-05  1.5598853018e-05  9.1915964526e-06  1.1024898057e-05 -2.2818961467e-05  5.5678713565e-05 -1.5286357129e-05  1.3555337984e-05 -8.1687201738e-07 -3.7236108378e-05  7.0788737197e-05 -1.6574108061e-05 -3.5692171999e-05 -1.4946492653e-05  4.2434707648e-05 -1.9495717067e-05  2.1943750939e-05 -3.5618212162e-05  6.0437468482e-05  1.8925638273e-06  5.3456097875e-03 -4.8733544447e-03 -5.2726525708e-03

JOB 20
COORDS  1.2512356298e-01 -1.0789700956e+00 -1.7443606845e+00 -3.3400516097e-01 -1.0022671383e+00 -4.8422319689e-01 -7.0215372158e-01 -4.2209088434e+00 -7.3138340585e-01 -4.5040427271e-01 -2.0117753336e+00 -2.7843107604e+00 -1.4520243916e+00 -1.8715429841e+00  4.6892040878e-02 -1.7815177418e+00 -2.6334792866e+00 -2.3355264202e+00 -1.7231606579e+00 -3.0833236583e+00 -8.5851979409e-01 -8.7459880549e-01 -5.3006761124e+00 -1.2494931028e+00  4.5698813419e-01 -3.9504792030e+00 -4.9560389441e-02  9.4742544071e-01 -4.3443827765e-01 -2.0520441211e+00  1.0927355293e-01 -2.8398752556e-01  2.0372547193e-01 -5.9283083348e-01 -1.4622563094e+00 -3.7223260582e+00  2.7988989638e-01 -2.7995124387e+00 -3.0189508850e+00 -1.2175307432e+00 -2.1980693818e+00  1.0657850897e+00 -2.3686185780e+00 -1.2719225875e+00  1.2638334820e-01 -2.5806667553e+00 -1.8896033136e+00 -2.4302799436e+00 -2.0417420609e+00 -3.4834651385e+00 -2.9711443045e+00 -2.6838357382e+00 -3.5364107155e+00 -5.9550638414e-01  7.8142602900e-01 -3.0655810309e+00 -3.0863634680e-01
ENERGY -4.232908026325e+02
GRADIENT  1.1559458579e-04  1.3956383833e-04  4.3652364505e-05 -7.3210329169e-05 -1.6923541117e-04 -2.2315609393e-05 -3.3330993707e-03 -4.7409015749e-03  8.8067326819e-03  1.7148656170e-05 -2.7770391428e-05  1.0431288433e-05  1.7221032442e-04  2.9173265473e-05 -1.2452322182e-06 -1.4413182563e-04 -1.4664343407e-05  5.5512924676e-05 -1.4221549006e-04 -1.0634506055e-05 -2.3263174959e-04  3.3078169197e-03  2.6717993207e-03 -7.0135135675e-03 -4.7788030595e-03  5.9989685417e-03  5.1251415177e-03 -1.0073423473e-05  3.6428991780e-05 -2.1999342220e-05 -1.7262051159e-05  2.2965081762e-05 -3.9170606327e-05  1.4080286384e-05  4.2322288740e-07  1.8403641856e-05  4.9411647274e-06 -1.3656466525e-05 -1.9257942676e-06 -3.7494744146e-05 -2.7494824852e-05  1.6120890495e-05 -5.9340703657e-06  1.8616027470e-06  5.0691148307e-06  4.2544550650e-05  2.5225953529e-05  5.8482788337e-06  3.1309614726e-05 -2.1831243553e-06 -1.1466043813e-05  4.8638984734e-05 -4.4019342002e-05  3.7899151989e-05  4.9495986005e-03 -3.8350286621e-03 -6.7786293007e-03

JOB 21
COORDS  1.4170102206e-01 -1.0540319151e+00 -1.7348978355e+00 -3.2123467001e-01 -9.8847349422e-01 -4.7534573412e-01 -6.7157007974e-01 -4.2331425531e+00 -7.1648099306e-01 -4.1088984823e-01 -1.9981767918e+00 -2.7762548978e+00 -1.4257632792e+00 -1.8778853716e+00  5.2230987007e-02 -1.7331634050e+00 -2.6423026305e+00 -2.3341844908e+00 -1.6854518595e+00 -3.0918192934e+00 -8.5591585166e-01 -9.0781481714e-01 -5.3556444050e+00 -1.1038796477e+00  5.4974105106e-01 -3.9295728379e+00 -1.8414409727e-01  9.5447795722e-01 -3.9566566936e-01 -2.0382288125e+00  1.0896481519e-01 -2.6528287548e-01  2.1568853933e-01 -5.5829353565e-01 -1.4526942715e+00 -3.7157930930e+00  3.3660440431e-01 -2.7713457228e+00 -3.0044214308e+00 -1.1865426885e+00 -2.2033315232e+00  1.0710022617e+00 -2.3503101545e+00 -1.2913953538e+00  1.3551115932e-01 -2.5437756305e+00 -1.9116336347e+00 -2.4356577155e+00 -1.9776576626e+00 -3.4959563034e+00 -2.9717294843e+00 -2.6480714377e+00 -3.5441507917e+00 -6.0287089812e-01  7.5826354954e-01 -2.9907561227e+00 -3.6307068395e-01
ENERGY -4.232945605304e+02
GRADIENT  2.0694770819e-05  6.7610455799e-05 -3.7581784777e-05 -3.3286993925e-06 -1.2517795328e-05 -7.4354192541e-05 -2.3590829026e-03 -2.6672569944e-03  6.6238992320e-03 -3.9335381641e-05  1.1049642713e-05  3.1842507024e-05 -5.5025833070e-05 -5.1422394289e-05  1.0327066209e-04  5.8136194900e-05  1.1554792980e-05 -6.0852389507e-06  7.7839911306e-05 -1.1686824931e-05  3.7474476957e-05  2.0607980711e-03  1.5668333633e-03 -5.5170932405e-03 -2.7253006615e-03  2.9426820664e-03  4.8610474553e-03  2.4155643626e-05 -2.5086975562e-06  4.4172851068e-06  2.5361845983e-05 -2.7005776468e-05  3.1976142258e-06  1.7132121814e-06 -3.4333774664e-06  1.3027476280e-06  2.1781187916e-05  8.5499174763e-06  1.7234273006e-05 -1.4436870034e-05  2.6237806921e-05  5.0681476684e-06 -9.8270514832e-07 -1.3766009782e-06 -5.7033326252e-05 -9.4656092807e-06 -1.0941173923e-05 -3.4174527346e-06 -1.9080608495e-05 -4.4813572494e-06  6.3478348200e-06  7.1514292092e-06 -1.4823392561e-05 -1.2517851532e-05  3.0392240083e-03 -1.8064506434e-03 -5.9276937705e-03

JOB 22
COORDS  1.3031948844e-01 -1.0558960205e+00 -1.7314967038e+00 -3.3450817546e-01 -1.0022251111e+00 -4.7214422385e-01 -7.2700120116e-01 -4.2656089167e+00 -7.1024085850e-01 -4.1450824413e-01 -1.9966663778e+00 -2.7792592420e+00 -1.4385650815e+00 -1.8964793284e+00  4.8114968925e-02 -1.7375080275e+00 -2.6458120582e+00 -2.3469002649e+00 -1.7109740926e+00 -3.1025889926e+00 -8.7005234425e-01 -1.0385271084e+00 -5.4148801186e+00 -9.3228836967e-01  5.5084834335e-01 -3.9633878144e+00 -3.4393783443e-01  9.4168967533e-01 -3.9274465994e-01 -2.0278645952e+00  9.2680678917e-02 -2.8343796995e-01  2.2529451478e-01 -5.6023904430e-01 -1.4467665366e+00 -3.7164769113e+00  3.3756115633e-01 -2.7650346944e+00 -3.0069454622e+00 -1.1971892534e+00 -2.2331547800e+00  1.0632813999e+00 -2.3607734813e+00 -1.3082758409e+00  1.4306732533e-01 -2.5477033621e+00 -1.9149894213e+00 -2.4518141613e+00 -1.9791988271e+00 -3.4948362103e+00 -2.9924075889e+00 -2.6844823131e+00 -3.5350565569e+00 -6.2756619168e-01  7.0245115610e-01 -3.0012244450e+00 -4.3389066412e-01
ENERGY -4.232969295563e+02
GRADIENT  6.9179462974e-05  7.8440572467e-05 -7.9053434801e-05 -2.5023967319e-05  2.9924403731e-05 -1.1718224784e-04 -1.0401314767e-03 -6.9096033162e-04  3.2355937124e-03 -8.1326688749e-05  3.2729819628e-05  6.3701959117e-05 -1.9153162828e-04 -2.0480357463e-05  1.3033529315e-04  1.0592897221e-04  3.0747656023e-06  1.8051106559e-05  1.7971419744e-04  7.2856945522e-06 -5.8979777829e-05  8.7008785145e-04  4.4068548350e-04 -2.7627875255e-03 -7.8195828661e-04  6.7837278970e-04  2.6365958223e-03  3.4994070080e-05  1.1593189323e-05  1.6631246887e-05  1.8951470697e-05 -1.8438019491e-05  1.1493801502e-06  2.0663002046e-05  1.6656375751e-05 -3.8235388707e-07  2.7855500604e-05  1.9170517529e-05  3.4929969916e-05  2.0816493164e-05  5.4712965489e-06 -1.5884108955e-06  1.0108569896e-05 -1.7266794733e-05 -2.0784318385e-05 -1.2851823702e-05 -1.2560282323e-05  2.6035809085e-06 -3.8680781485e-05 -3.1902380755e-06  1.2224635365e-05 -9.5943877927e-06 -1.1582481171e-05  2.5844548935e-05  9.6156231702e-04 -4.7139755066e-04 -3.1308146771e-03

JOB 23
COORDS  1.1228587713e-01 -1.0876703476e+00 -1.7426077433e+00 -3.5137468690e-01 -1.0446471833e+00 -4.8255682910e-01 -7.7977089035e-01 -4.3147746724e+00 -7.0572177159e-01 -4.2939350101e-01 -2.0220980158e+00 -2.7969754795e+00 -1.4600634210e+00 -1.9373795298e+00  2.8932302675e-02 -1.7509314171e+00 -2.6794550417e+00 -2.3712891173e+00 -1.7421940169e+00 -3.1393033669e+00 -8.9514636739e-01 -1.1411729416e+00 -5.4703593581e+00 -7.4798855677e-01  5.3548248263e-01 -4.0218167289e+00 -5.0297571103e-01  9.2348486468e-01 -4.2214509376e-01 -2.0338517196e+00  7.5585335468e-02 -3.3138049068e-01  2.2066123677e-01 -5.7842177769e-01 -1.4647788379e+00 -3.7293398125e+00  3.2611019997e-01 -2.7847650906e+00 -3.0298896509e+00 -1.2262915278e+00 -2.2803160238e+00  1.0441289391e+00 -2.3790513449e+00 -1.3440893601e+00  1.2444706839e-01 -2.5635152291e+00 -1.9518961197e+00 -2.4811313609e+00 -1.9858808879e+00 -3.5261010723e+00 -3.0230379306e+00 -2.7237633917e+00 -3.5552135650e+00 -6.5889734895e-01  6.6537184542e-01 -3.0525020085e+00 -4.9471217825e-01
ENERGY -4.232974726856e+02
GRADIENT -3.5252078196e-05  5.1106714677e-05 -1.9348164139e-05  1.4275720332e-05 -3.0701939658e-05  5.2041730934e-05  1.5481648353e-04 -3.7649030979e-05 -9.8677620083e-04  4.1210513226e-05  1.0718538145e-05 -1.8542755931e-05  9.6554694802e-05 -1.1787363141e-05 -2.4771987412e-05 -7.7917974341e-05  1.2076453870e-05 -1.2961286809e-05 -5.6340277707e-05  2.5043295263e-05  4.6654384324e-05 -1.1664856132e-04  3.9239437378e-05  8.3982477383e-04  1.5462341961e-04 -7.1698890653e-05 -8.1162606219e-04 -1.4332400907e-05  1.0939566943e-05 -6.6343213461e-06 -7.0234657346e-06  1.5369739430e-05 -1.4315564502e-06  6.9224272907e-06  1.7174228682e-05  1.1764270982e-05 -1.1810449419e-05 -5.3525172242e-06  9.2396821289e-06 -6.7571962857e-05  9.5767256789e-06  1.1227516533e-05  4.9762214391e-06  5.1036675481e-05 -2.9296673874e-05  5.2092352219e-06  6.8370083691e-06 -1.0589406418e-05  2.5023957536e-05 -1.6972838909e-06  1.1278964862e-05  1.2362430673e-05 -1.0571822727e-05  6.8813529128e-06 -1.3762440167e-04  3.4625272510e-05  9.6230595049e-04

