24
-1 1 C7H9N2O4S2
C                     4.773640203313     1.463768911081    -4.801812742451
C                     3.819409555503     0.716913890393    -4.175152972428
C                     4.982416494625    -1.024321345439    -4.989555519637
C                     1.302279347739     0.798646944479    -3.885849136786
C                    -0.021126293265     0.357234583127    -5.784736971158
C                     5.478881021278    -2.501497954508    -7.930681964146
C                     2.659001123603     1.269672983221    -3.392308888583
N                     3.929801433232    -0.649467306970    -4.275455039356
N                     5.278937254664    -2.316639855831    -5.223012041518
O                     0.383609369095     0.435576483661    -3.171231904303
O                     6.620711692435    -4.176710058026    -6.237173836851
O                     7.536235755558    -1.824714320180    -6.429835877144
O                     1.201023343157     0.868717247661    -5.234392504396
S                     5.953190687268     0.423279369699    -5.565565078359
S                     6.358184660671    -2.728857414529    -6.349863564004
H                     4.846902747192     2.543364902137    -4.855999904767
H                     0.082939537917     0.453758435790    -6.866422276978
H                    -0.881321594622     0.931809160735    -5.427891085951
H                    -0.151962466816    -0.691741256365    -5.506960144064
H                     6.164756841013    -2.775934432006    -8.735529191904
H                     4.602993786995    -3.152167575252    -7.926044171266
H                     5.186194772895    -1.452875511542    -8.018573621277
H                     2.715827679451     0.975327328474    -2.340616089298
H                     2.667151742505     2.365130511599    -3.438736314834

28.182862354357418
      -0.1194       -0.0718        0.0027
      -0.0197       -0.1283        0.0867
       0.0569       -0.0586        0.0468
      -0.0389       -0.0024        0.0074
      -0.0212        0.4331       -0.1082
      -0.1610       -0.2649        0.0898
      -0.0175       -0.1927        0.1330
       0.0819       -0.1327        0.1178
       0.1763       -0.0464        0.0973
      -0.1364        0.0198       -0.0972
       0.3299        0.0475        0.1056
      -0.0629        0.1684       -0.2789
       0.0444        0.1879        0.0108
      -0.1732        0.0037       -0.1218
       0.1247       -0.0067       -0.0091
      -0.0615       -0.0195       -0.0106
       0.0129        0.1582       -0.0266
       0.0172        0.1552       -0.0228
      -0.0623        0.1223       -0.0696
      -0.0682       -0.0736        0.0066
      -0.0231       -0.1081        0.0778
      -0.0881       -0.0896        0.0094
      -0.0210       -0.1077        0.0246
       0.0147       -0.0536        0.0916

30.20355226950167
      -0.0589       -0.0431       -0.1134
      -0.0549       -0.0466       -0.1107
      -0.0582       -0.0423       -0.1248
      -0.0498        0.0354        0.0847
      -0.2933        0.2878        0.1970
       0.4047        0.0044       -0.1238
       0.0105       -0.0369       -0.0183
      -0.0689       -0.0492       -0.1394
      -0.0768       -0.0437       -0.1588
       0.0180        0.0009        0.1741
       0.0794       -0.0516        0.0564
       0.1709       -0.0678        0.2932
      -0.2266        0.1853        0.1167
      -0.0899       -0.0652       -0.1818
       0.1912       -0.0614        0.0487
      -0.0091       -0.0124       -0.0196
      -0.1207        0.1119        0.0562
      -0.0622        0.0889        0.1029
      -0.0948        0.0781        0.0323
       0.1590        0.0030       -0.0009
       0.1149        0.0041       -0.0858
       0.1256        0.0027       -0.0462
       0.0249       -0.0199       -0.0091
       0.0134       -0.0104        0.0034

40.2799773827866
      -0.0543       -0.0603        0.0130
      -0.0187       -0.0881        0.0351
       0.0078       -0.0524       -0.0030
      -0.0648        0.1061        0.0345
       0.0014       -0.1057        0.0411
       0.0853        0.0801       -0.0454
       0.0004       -0.1061        0.0659
       0.0204       -0.0924        0.0334
       0.0354       -0.0449       -0.0379
      -0.2958        0.7235        0.0682
       0.0619        0.0078       -0.1119
       0.0621        0.0186        0.0303
       0.1276       -0.3811        0.0075
      -0.0747       -0.0365       -0.0336
       0.0870        0.0188       -0.0601
      -0.0231       -0.0168        0.0073
       0.0499       -0.1556        0.0056
       0.0458        0.0945       -0.0800
      -0.1166        0.0121        0.1181
       0.0309        0.0360       -0.0123
       0.0265        0.0207       -0.0279
       0.0225        0.0236       -0.0009
      -0.0113       -0.0624        0.0111
       0.0223       -0.0287        0.0604

63.15426787755699
      -0.1717       -0.0079       -0.2020
       0.0172       -0.0227        0.0679
       0.0463       -0.0197        0.1052
       0.0441       -0.0421        0.0113
       0.1592        0.0525       -0.0975
       0.0058        0.3607        0.1068
       0.0207       -0.0494        0.0890
       0.1507       -0.0264        0.2632
       0.1019       -0.0166        0.1742
       0.0188       -0.1236       -0.0685
      -0.2319       -0.0551       -0.1741
       0.1509       -0.1753        0.2037
       0.1346        0.0424        0.0098
      -0.3125        0.0085       -0.4058
       0.0069        0.0080        0.0980
      -0.0866       -0.0025       -0.1084
       0.0642        0.0368       -0.0246
       0.0370        0.0039       -0.0320
       0.0465        0.0091       -0.0510
      -0.0077        0.1223        0.0170
      -0.0164        0.1286        0.0028
       0.0316        0.1166        0.0791
       0.0004       -0.0296        0.0215
       0.0044       -0.0139        0.0381

72.69150707568552
      -0.0266        0.0397        0.0992
       0.0073        0.0328        0.1377
      -0.1540        0.0433       -0.1134
       0.0730        0.0157        0.0922
       0.3805       -0.1172       -0.0980
       0.2166       -0.2405       -0.1863
       0.0392       -0.0108        0.2125
      -0.0724        0.0388        0.0191
      -0.2806        0.0436       -0.2496
       0.0135       -0.0367       -0.0133
       0.0337        0.0317        0.2125
      -0.1161        0.0874        0.1041
       0.2586        0.0569        0.0975
      -0.2611        0.0668       -0.1870
      -0.0785       -0.0011       -0.0112
       0.0073        0.0116        0.0529
       0.1521       -0.0261       -0.0237
       0.0700       -0.0725       -0.0632
       0.1450       -0.0410       -0.0382
       0.1089       -0.0869       -0.0089
       0.0728       -0.0834       -0.0775
       0.0509       -0.0771       -0.1052
       0.0038       -0.0376        0.0523
       0.0142       -0.0019        0.0948

127.62430374493135
      -0.0171        0.1672        0.1075
       0.0099        0.0700        0.0434
       0.0929        0.1718       -0.0696
      -0.0289       -0.1659        0.0142
      -0.0977        0.1522       -0.0112
       0.0490       -0.1212       -0.0512
      -0.0579       -0.1356        0.0869
       0.0889        0.1022       -0.0524
       0.0917        0.1968       -0.0703
      -0.1003       -0.1139       -0.0267
      -0.3118       -0.1306        0.1762
       0.1944       -0.3404       -0.1575
       0.0498       -0.2414        0.0121
       0.0448        0.4160        0.0275
       0.0117       -0.1200       -0.0355
      -0.0183        0.0502        0.0484
       0.0165       -0.0338       -0.0058
       0.0292        0.1703       -0.0661
      -0.1653        0.0779        0.0584
      -0.0078       -0.1284       -0.0018
      -0.0342        0.0302        0.0203
       0.0917       -0.0179       -0.0687
      -0.0130       -0.0822        0.0130
      -0.0501       -0.0367        0.0745

146.20741988853405
       0.0695       -0.0130       -0.0437
       0.0633        0.0435        0.0095
      -0.0437       -0.0236        0.0314
       0.1004       -0.1210       -0.0431
      -0.0847        0.1895        0.0229
      -0.0017        0.0301       -0.0084
       0.0385        0.0618       -0.0573
       0.0120        0.0390        0.0736
      -0.1502       -0.0447       -0.0088
       0.1563       -0.2269       -0.0434
       0.0653        0.0816       -0.0063
      -0.1705        0.1897        0.1441
       0.1058       -0.1916       -0.0517
       0.0178       -0.1365       -0.0570
      -0.1083        0.0809        0.0504
       0.0293       -0.0050       -0.0265
       0.1240       -0.3112       -0.0117
       0.0728        0.3839       -0.2813
      -0.3214        0.1794        0.3298
       0.0239        0.0490        0.0046
       0.0236       -0.0240       -0.0297
      -0.0376       -0.0004        0.0116
       0.0127        0.0562       -0.0059
      -0.0168        0.0163       -0.0590

163.48932693024506
       0.0784        0.0242       -0.0090
       0.0992        0.0556        0.0587
       0.0018        0.0149        0.0422
       0.0940       -0.1705       -0.0689
      -0.1529        0.2056        0.0251
       0.0275       -0.0094       -0.0437
       0.0263        0.0040       -0.0408
       0.0938        0.0593        0.1393
      -0.1454       -0.0022       -0.0377
       0.0350        0.0346       -0.0546
      -0.0104        0.0567        0.0309
      -0.1497        0.1316        0.1185
       0.1879       -0.4937       -0.1001
       0.0357       -0.0407       -0.0633
      -0.1225        0.0583        0.0338
       0.0228        0.0061       -0.0210
      -0.2167        0.4015        0.0210
       0.0171       -0.0539        0.3326
      -0.0026       -0.0308       -0.3080
       0.0348        0.0189        0.0028
       0.0242       -0.0248       -0.0383
      -0.0156       -0.0094       -0.0138
      -0.0003        0.0285       -0.0037
      -0.0333        0.0006       -0.0379

196.09847645029907
       0.0308        0.0202       -0.0616
      -0.1005        0.0262       -0.2580
      -0.1167        0.0095       -0.2191
       0.0374       -0.1047        0.1235
       0.1650        0.1139       -0.0548
      -0.1927        0.1462        0.2222
       0.0540       -0.1426        0.0670
      -0.2992        0.0418       -0.5409
       0.0275       -0.0101        0.0963
      -0.0172       -0.0294        0.1117
       0.0533        0.0189        0.0483
       0.0068        0.0177        0.1002
       0.1931       -0.1530        0.1395
       0.0631       -0.0056       -0.0660
       0.0164        0.0173        0.1394
       0.0562        0.0060        0.0465
       0.0722        0.0919       -0.0084
       0.0580        0.0393       -0.0008
       0.0092        0.0200       -0.0812
      -0.0900        0.1039        0.0142
      -0.0381        0.0186        0.0785
      -0.0934        0.0374        0.1306
       0.0773       -0.1194       -0.0057
      -0.0029       -0.0377        0.1010

221.97842340602023
       0.0102        0.0406        0.0304
       0.0177        0.0167        0.0205
       0.0427        0.0302       -0.0020
      -0.0182        0.0051       -0.0089
      -0.0201       -0.0240        0.0046
       0.0128       -0.0274       -0.0214
      -0.0103       -0.0243        0.0158
       0.0534        0.0258        0.0122
       0.0249        0.0218        0.0046
      -0.0257        0.0043       -0.0160
      -0.0564       -0.0567        0.0166
       0.0108       -0.0831       -0.0235
      -0.0379        0.0335       -0.0081
       0.0258        0.1110       -0.0070
      -0.0204       -0.0706       -0.0078
      -0.0040        0.0123        0.0082
      -0.0058       -0.0157        0.0006
      -0.0110       -0.0114       -0.0042
       0.0037       -0.0055        0.0109
       0.1922        0.5296       -0.0288
       0.3072       -0.4178       -0.2411
      -0.4777       -0.1207        0.2421
      -0.0081       -0.0219        0.0007
      -0.0033       -0.0062        0.0217

251.69898663316394
       0.2122       -0.0355        0.4687
       0.0761       -0.0407        0.2407
      -0.1582       -0.0204       -0.1256
       0.0945        0.0646       -0.1440
      -0.1257       -0.0363        0.1588
      -0.0990        0.1161        0.1369
       0.0104        0.1322       -0.0022
      -0.1660       -0.0455       -0.0861
       0.0175        0.0118       -0.0446
       0.1319        0.0083       -0.1746
       0.0898        0.0034        0.0827
       0.1919       -0.1236       -0.0940
       0.0322       -0.0194       -0.1722
      -0.3313       -0.0330       -0.2069
       0.1506       -0.0023        0.0086
       0.0874       -0.0099        0.1839
      -0.1112       -0.0339        0.0370
      -0.0057        0.0029        0.0970
      -0.0252       -0.0022        0.0811
      -0.0746        0.0604       -0.0087
      -0.0322        0.0389        0.0687
      -0.0341        0.0363        0.0890
      -0.0669        0.0985        0.0202
       0.0236        0.0351       -0.0667

257.0487432988451
      -0.1680       -0.0436       -0.0641
      -0.1598       -0.0042       -0.0254
      -0.1094       -0.0277        0.0770
      -0.0028        0.0070        0.1217
       0.1407        0.1549       -0.1407
       0.0977       -0.0057       -0.0732
      -0.0697        0.3631       -0.1382
      -0.1919       -0.0358        0.0428
       0.1008        0.0219        0.0313
       0.0760       -0.0451        0.2065
      -0.0007        0.0018        0.0232
       0.1822       -0.1293       -0.2870
       0.1467       -0.1911        0.1236
      -0.2013       -0.1275        0.2359
       0.1153        0.0175       -0.0870
      -0.0545       -0.0135       -0.0383
       0.0885        0.1012       -0.0315
       0.0563        0.0727       -0.0458
      -0.0291        0.0348       -0.1094
       0.0604        0.0390       -0.0075
       0.0529       -0.0349       -0.0545
      -0.0063       -0.0104       -0.0114
       0.0132        0.3048        0.0140
      -0.0310        0.0958       -0.2565

290.5337866925243
      -0.0360        0.0798        0.0825
      -0.0118        0.0269        0.0489
       0.0191        0.0115       -0.0298
      -0.0283        0.0100        0.0362
       0.0209        0.0314       -0.0773
      -0.2023       -0.2924        0.0959
      -0.0437        0.1422       -0.0514
       0.0367        0.0276        0.0076
      -0.0471       -0.0299       -0.1040
       0.0073       -0.0058        0.0836
       0.1793       -0.1062       -0.5265
       0.0760       -0.0598        0.4655
      -0.0104       -0.0432        0.0373
      -0.0469        0.2767        0.0076
       0.1030       -0.1078       -0.0439
      -0.0273        0.0248        0.0318
       0.0309        0.0251       -0.0187
       0.0037        0.0135       -0.0340
      -0.0117        0.0055       -0.0435
      -0.1227       -0.1224       -0.0144
      -0.0272       -0.1254        0.1559
      -0.1209       -0.1060       -0.0180
      -0.0138        0.1284        0.0097
      -0.0186        0.0375       -0.1059

309.99009434873085
      -0.2768        0.0139       -0.1786
      -0.1408       -0.0411       -0.0914
      -0.0452       -0.0073        0.0399
       0.1872        0.0929       -0.1237
       0.0241       -0.0103        0.4039
       0.0520       -0.1395       -0.0579
       0.0619       -0.0161        0.0731
      -0.1603       -0.0475       -0.0940
       0.1187        0.0037        0.1381
       0.1370       -0.0218       -0.3215
      -0.0785       -0.0089       -0.1672
      -0.0006        0.0138        0.0356
       0.2964        0.0323       -0.1492
      -0.1267        0.1041        0.2726
      -0.0124        0.0296        0.0009
      -0.0975        0.0053       -0.0399
      -0.1272       -0.0471        0.1008
       0.0575        0.0146        0.2076
       0.0317        0.0121        0.1830
       0.0473       -0.0619        0.0182
       0.0366       -0.0693       -0.0143
      -0.0110       -0.0526       -0.0736
       0.0116       -0.0784        0.0004
       0.0533       -0.0032        0.0850

321.2859185249182
       0.1854       -0.0002        0.2533
       0.0325        0.0092        0.0369
       0.0319        0.0000        0.0125
      -0.0305       -0.0133        0.0173
      -0.0121        0.0030       -0.0882
       0.2432       -0.1328       -0.1322
      -0.0140        0.0257       -0.0217
      -0.0832        0.0117       -0.1911
       0.3534       -0.0527        0.4980
      -0.0019        0.0078        0.0750
      -0.1646       -0.0423       -0.2676
      -0.2101        0.1540       -0.0271
      -0.0600       -0.0181        0.0209
      -0.0725        0.0395       -0.1908
      -0.1328        0.0057        0.1236
       0.0594        0.0005        0.0852
       0.0231        0.0110       -0.0222
      -0.0117       -0.0006       -0.0425
      -0.0108       -0.0022       -0.0401
       0.1786       -0.0949        0.0738
       0.0749       -0.0457       -0.1171
       0.0898       -0.0429       -0.1495
      -0.0107        0.0364        0.0024
      -0.0091        0.0066       -0.0328

349.24196665955833
       0.1614       -0.0005       -0.0567
       0.0393        0.1509       -0.0118
      -0.0652        0.0712        0.0578
      -0.0535       -0.0324        0.0220
      -0.0215       -0.0130        0.0044
      -0.0728       -0.2424       -0.0100
      -0.0234       -0.0425        0.0905
      -0.0639        0.1419        0.0563
       0.0342        0.1402        0.0058
      -0.1306       -0.0337       -0.0512
      -0.2655        0.2042       -0.1127
       0.3491       -0.0587        0.0572
      -0.0356        0.0007        0.0305
      -0.0072       -0.4779       -0.0375
       0.1148        0.3714       -0.0234
       0.1112       -0.0056       -0.0403
      -0.0001       -0.0029        0.0020
      -0.0099       -0.0070       -0.0027
      -0.0037       -0.0042        0.0006
      -0.0250       -0.1111        0.0076
       0.0534       -0.1685        0.1150
      -0.1402       -0.1136       -0.1243
       0.0074       -0.1032        0.0001
      -0.0372       -0.0076        0.1255

370.5756493872055
      -0.1260       -0.1716        0.0629
      -0.0123       -0.3151        0.0008
       0.0596       -0.0371       -0.0545
       0.1227        0.0048       -0.0843
      -0.0357       -0.0097       -0.1726
      -0.0914       -0.0802       -0.0019
       0.1180       -0.1385       -0.1320
       0.0143       -0.2986       -0.0402
       0.0687        0.0579       -0.0836
       0.3623        0.1235        0.2216
      -0.3857        0.1309        0.1957
       0.0478        0.1368        0.1716
      -0.0769       -0.0022       -0.1069
      -0.0211        0.1446        0.0230
       0.0092        0.2421       -0.0097
      -0.0957       -0.0448        0.0553
       0.0124        0.0010       -0.0479
      -0.0202       -0.0044       -0.0700
      -0.0126       -0.0055       -0.0600
      -0.0490       -0.0362       -0.0156
       0.0109       -0.0725        0.0748
      -0.0899       -0.0445       -0.0458
      -0.0014       -0.0040       -0.0264
       0.0912       -0.0431       -0.0818

403.31144034941724
      -0.0305        0.1661       -0.0511
       0.0155        0.1781       -0.0050
      -0.1011        0.0355        0.0678
       0.1208        0.0289       -0.1310
      -0.1349       -0.0407       -0.2592
       0.0480        0.0081        0.0059
       0.0724       -0.1362        0.1015
      -0.0771        0.1750        0.0602
      -0.0707       -0.0037        0.0603
       0.4383        0.1091        0.2424
       0.2091       -0.0365       -0.1410
       0.0260       -0.1229       -0.1125
      -0.1526       -0.0640       -0.1743
      -0.2474       -0.0555        0.1982
      -0.0182       -0.0780        0.0270
       0.0272        0.0451       -0.0161
      -0.0084       -0.0004       -0.0716
      -0.0459       -0.0082       -0.0963
      -0.0488       -0.0156       -0.0933
       0.0356        0.0032        0.0200
       0.0032        0.0163       -0.0343
       0.0349        0.0084        0.0057
      -0.0158       -0.2764       -0.0354
       0.0254       -0.0299        0.2764

487.90043276941753
      -0.0051        0.0261       -0.0169
      -0.0075        0.0234       -0.0257
      -0.0018       -0.0027       -0.0212
      -0.0017        0.0035        0.0001
       0.0008        0.0008        0.0015
       0.2489       -0.0615        0.4661
      -0.0016        0.0063       -0.0023
       0.0280        0.0230        0.0274
      -0.1794       -0.0154       -0.2245
      -0.0011       -0.0028       -0.0012
      -0.3547       -0.2142       -0.2304
      -0.1012        0.3571       -0.2935
       0.0016       -0.0026        0.0014
      -0.0346       -0.0148        0.0251
       0.2774       -0.0784        0.1497
       0.0300        0.0070        0.0273
       0.0002        0.0006        0.0005
       0.0007        0.0007        0.0009
      -0.0003        0.0002       -0.0000
       0.0398       -0.0009        0.1018
       0.0749       -0.0194        0.1565
       0.0629       -0.0192        0.1564
       0.0039       -0.0079       -0.0037
      -0.0032        0.0022        0.0088

507.5748826760076
      -0.0426       -0.1370       -0.0061
      -0.0411       -0.0984        0.0246
      -0.1663       -0.1056        0.1078
       0.0018        0.0128       -0.0071
      -0.0030       -0.0014       -0.0031
       0.1070       -0.0440        0.1587
       0.0017       -0.0196        0.0095
      -0.1373       -0.1176        0.0747
      -0.3484       -0.1221        0.0878
       0.0220       -0.0007        0.0063
       0.1332        0.2131       -0.1902
       0.1690       -0.2873       -0.2579
       0.0047       -0.0041       -0.0110
       0.3414        0.2586       -0.2075
      -0.1910        0.2273        0.2235
      -0.0484       -0.0345        0.0478
      -0.0030       -0.0005       -0.0010
       0.0007        0.0006        0.0011
      -0.0011       -0.0002       -0.0003
       0.1190       -0.0575        0.1373
       0.0558       -0.0459        0.0073
       0.0105       -0.0283       -0.0652
      -0.0100       -0.0018        0.0047
       0.0196       -0.0066       -0.0051

541.6681700600631
       0.1009        0.0965        0.1504
      -0.0465       -0.0596       -0.3071
       0.2779        0.1159        0.1416
       0.0647       -0.2691       -0.0113
       0.1249        0.0368        0.1141
       0.0305       -0.0053        0.0657
       0.0199       -0.2563       -0.3419
       0.1675        0.0169       -0.0240
      -0.1342        0.0761       -0.0806
      -0.0510        0.1119        0.0380
       0.1120        0.0936       -0.0805
       0.0087       -0.1451       -0.0608
       0.0607        0.1518        0.0376
      -0.3481       -0.0673        0.1001
      -0.1671        0.0749        0.1337
       0.0879        0.0259        0.1160
       0.0137       -0.0169        0.0288
       0.0248       -0.0069        0.0341
       0.0674        0.0141        0.0611
       0.0532       -0.0142        0.0615
       0.0111       -0.0051       -0.0199
       0.0112       -0.0040       -0.0210
       0.0926        0.0267       -0.0769
      -0.0754       -0.0769       -0.2009

564.6625030108207
       0.0602        0.0102        0.0755
      -0.2080        0.0704       -0.2879
       0.1780       -0.1841        0.5616
      -0.0653        0.1758        0.0069
       0.0124        0.0077        0.0049
      -0.0623        0.0089       -0.1408
      -0.0361        0.0857       -0.0034
      -0.1285        0.0034        0.0431
      -0.0885       -0.1781       -0.0275
       0.0377       -0.0813        0.0103
      -0.0856       -0.0553        0.1085
       0.0434        0.0956        0.0348
       0.0417       -0.0778       -0.0038
       0.0038        0.1342       -0.1737
       0.1571       -0.0337       -0.1379
       0.2146        0.0058        0.3336
      -0.0015        0.0122        0.0018
       0.0159        0.0142        0.0120
      -0.0137        0.0020       -0.0069
      -0.0580        0.0084       -0.0776
      -0.0182        0.0035        0.0039
      -0.0234        0.0038       -0.0094
       0.0239       -0.1243       -0.0444
       0.0305        0.0294        0.1410

582.3228624797952
       0.1573        0.1651        0.0491
       0.1244        0.1400       -0.0573
      -0.3356       -0.3050       -0.0305
       0.0814       -0.2873       -0.0125
       0.0551        0.0160        0.0490
      -0.0462        0.0065       -0.1175
       0.0226       -0.1561       -0.1703
      -0.0566        0.0895        0.1286
      -0.1005       -0.3765        0.1983
      -0.0574        0.1117        0.0192
      -0.1334       -0.0269        0.1024
       0.1033        0.1052       -0.0122
      -0.0079        0.1241        0.0238
      -0.0392        0.2149        0.0668
       0.2132        0.0178       -0.1321
      -0.1295        0.0470       -0.2444
       0.0096       -0.0155        0.0118
       0.0005       -0.0131        0.0061
       0.0421        0.0062        0.0324
      -0.0517       -0.0068       -0.0642
      -0.0014       -0.0134        0.0311
      -0.0348       -0.0042       -0.0318
       0.0569        0.0024       -0.0390
      -0.1110       -0.0442       -0.0825

622.6988831484736
      -0.2098        0.0526       -0.3710
       0.2506        0.0316        0.3255
       0.0954       -0.0518        0.1406
       0.1541       -0.2949       -0.0024
      -0.0770       -0.0289       -0.0512
      -0.0122        0.0028       -0.0296
       0.1141       -0.0291        0.1521
      -0.0954        0.0514       -0.2274
      -0.0509       -0.0992        0.0340
      -0.0604        0.1265       -0.0802
      -0.0217        0.0032        0.0199
       0.0282        0.0124       -0.0167
      -0.1081        0.0924        0.0131
      -0.0341        0.0236        0.0419
       0.0271        0.0129       -0.0122
       0.2871        0.0170        0.3952
       0.0058       -0.0138       -0.0129
      -0.0457       -0.0269       -0.0413
      -0.0015       -0.0107       -0.0148
      -0.0067       -0.0034       -0.0100
       0.0002       -0.0041        0.0028
      -0.0091       -0.0013       -0.0132
      -0.0194        0.1926        0.1034
      -0.0691       -0.0147       -0.1679

633.6113348197567
      -0.0592       -0.0870        0.0245
      -0.1472        0.0632        0.0964
      -0.1434        0.1341        0.1743
       0.0508       -0.3018       -0.1147
       0.1029        0.0381        0.0774
       0.0001       -0.0093       -0.0165
      -0.3122       -0.1479       -0.0508
      -0.2947        0.0147        0.1609
       0.1434        0.3256       -0.0709
       0.1253        0.1530        0.1927
       0.0394       -0.1181       -0.0346
      -0.0693        0.0537        0.0507
       0.0975        0.1559       -0.1286
       0.2786       -0.0792       -0.1990
       0.0508       -0.1249       -0.0543
      -0.0196       -0.0225        0.0350
      -0.0357       -0.0336        0.0127
       0.0347        0.0015        0.0500
       0.0668        0.0197        0.0723
      -0.0196        0.0256       -0.0313
      -0.0182        0.0218       -0.0207
       0.0247        0.0093        0.0562
      -0.1161        0.0011       -0.0025
      -0.2249       -0.0423       -0.0563

669.3707385429734
       0.0053       -0.0224       -0.1251
      -0.0548       -0.0105       -0.2278
      -0.4022       -0.0016       -0.3397
       0.0049        0.0155        0.0288
       0.0024       -0.0004        0.0021
       0.0027       -0.0028        0.0157
       0.1265       -0.0156       -0.1155
       0.0813       -0.0661        0.4353
       0.1853        0.1128        0.0582
      -0.0504       -0.0226       -0.0547
       0.0178       -0.0119       -0.0163
      -0.0401       -0.0089        0.0296
      -0.0272       -0.0185        0.0558
       0.0229        0.0671        0.0591
      -0.0206       -0.0224       -0.0036
       0.3146       -0.0024        0.4801
       0.0191        0.0090        0.0030
      -0.0055       -0.0025       -0.0104
      -0.0053       -0.0026       -0.0108
       0.0118        0.0022        0.0132
      -0.0015        0.0020       -0.0148
       0.0098        0.0016        0.0047
       0.0935       -0.0533       -0.0500
       0.0428       -0.0037        0.0033

679.6840660849717
       0.1582       -0.0406        0.0213
       0.1014       -0.0287       -0.0940
      -0.0859        0.0114        0.3171
       0.1752       -0.1060        0.0993
      -0.1136       -0.0426       -0.0735
       0.0747       -0.0344        0.1343
       0.4053        0.0192        0.0166
      -0.3528       -0.0958        0.0833
       0.1494        0.2840       -0.1386
      -0.1198        0.0276       -0.2418
       0.0510       -0.0035       -0.0073
      -0.0936       -0.0418        0.0636
      -0.1617       -0.0243        0.1547
      -0.0411        0.0914       -0.0112
      -0.0687       -0.0506       -0.1482
      -0.1362       -0.0108       -0.1914
       0.0522        0.0185       -0.0114
      -0.0643       -0.0257       -0.0750
      -0.0429       -0.0226       -0.0645
       0.0221        0.0114        0.0330
       0.0072        0.0107        0.0108
       0.0480        0.0005        0.0816
       0.2009        0.0149        0.0044
       0.1116        0.0040       -0.0125

708.2336702885189
       0.0020        0.0706       -0.0335
       0.0277        0.0738        0.0388
       0.0101       -0.1827        0.0095
      -0.0749        0.0297       -0.0339
       0.0479        0.0179        0.0279
       0.2486       -0.0673        0.4417
      -0.1476        0.0067       -0.0160
       0.0604        0.0317       -0.0520
       0.1971       -0.1455       -0.0101
       0.0239       -0.0146        0.0957
       0.0111        0.2202        0.1313
      -0.1013       -0.1567        0.1412
       0.0552        0.0098       -0.0575
      -0.0267        0.0047        0.0132
      -0.2346        0.0684       -0.5493
       0.0571        0.0199        0.0324
      -0.0198       -0.0072        0.0039
       0.0246        0.0092        0.0279
       0.0172        0.0091        0.0251
       0.0676       -0.0181        0.1272
       0.0774       -0.0215        0.1433
       0.0750       -0.0202        0.1386
      -0.0748       -0.0208       -0.0094
      -0.0586        0.0043        0.0281

783.70620238204
      -0.1611        0.0394        0.2588
      -0.4204        0.0271       -0.2557
       0.0795        0.0470       -0.1343
       0.2962       -0.2590        0.0558
      -0.1524       -0.0544       -0.0873
       0.0356       -0.0021        0.0403
       0.0207        0.1518        0.3805
       0.1908        0.0683        0.0507
      -0.0627       -0.1163        0.1050
       0.0764        0.1479       -0.1622
      -0.0084        0.0228        0.0322
       0.0197        0.0009        0.0166
      -0.0675        0.0657        0.0092
       0.1228       -0.1315       -0.0793
      -0.0050        0.0053       -0.1195
      -0.1056        0.0153        0.0404
       0.0053       -0.0077       -0.0205
      -0.0664       -0.0280       -0.0595
      -0.0333       -0.0209       -0.0420
      -0.0032       -0.0043        0.0019
       0.0158       -0.0068        0.0381
      -0.0002       -0.0041        0.0125
       0.0946        0.1374        0.1302
      -0.0878        0.0383       -0.0362

834.8191170573516
       0.3278       -0.4604       -0.1686
      -0.0886        0.0938       -0.1027
       0.0100       -0.1312       -0.0115
       0.0100       -0.1858        0.0285
      -0.0655       -0.0222       -0.0592
      -0.0349        0.0158       -0.0134
      -0.0754        0.1672        0.2466
       0.0885       -0.0071       -0.0191
       0.1633       -0.0428       -0.2118
      -0.0476        0.0306        0.1146
      -0.0094        0.0376       -0.0146
      -0.0346       -0.0352       -0.0151
       0.0944        0.0967       -0.1870
      -0.1805        0.2509        0.1191
      -0.0462        0.0325        0.1687
       0.2446       -0.1548       -0.2002
      -0.0913       -0.0458       -0.0274
      -0.0010       -0.0060        0.0245
       0.0100        0.0037        0.0322
       0.0133       -0.0070        0.0196
      -0.0070       -0.0014       -0.0300
      -0.0135        0.0013       -0.0429
       0.0109        0.0343        0.0666
      -0.1254        0.0508        0.0793

861.131010173498
      -0.0404        0.2603        0.0427
       0.0596       -0.0446       -0.0923
      -0.0443       -0.0122        0.0341
      -0.2001        0.0198        0.1620
      -0.1387       -0.0556       -0.1506
      -0.0096       -0.0016       -0.0034
       0.2471       -0.0653        0.1656
      -0.0533       -0.0468        0.0362
      -0.0025        0.0358        0.0036
      -0.2122       -0.1234        0.3156
       0.0020       -0.0067       -0.0047
      -0.0044        0.0030        0.0000
       0.2947        0.1335       -0.4716
       0.0443       -0.0751       -0.0279
       0.0108       -0.0037        0.0019
      -0.0860        0.0844        0.0484
      -0.2487       -0.1058       -0.0715
       0.0240       -0.0005        0.0829
       0.0108        0.0110        0.0804
       0.0078        0.0003        0.0077
      -0.0038        0.0010       -0.0138
       0.0044        0.0014       -0.0014
       0.1797        0.1446        0.0886
       0.1256       -0.0250       -0.1297

877.6588384710104
      -0.0926        0.3982        0.0665
       0.0392        0.0999       -0.0373
      -0.0670       -0.3667        0.0445
       0.0485       -0.0197       -0.0267
       0.0095        0.0042        0.0183
      -0.1268        0.0521       -0.0064
      -0.0938        0.0680        0.0405
       0.0277       -0.1453       -0.0222
       0.3674       -0.0880       -0.4466
       0.0465        0.0327       -0.0538
      -0.0283        0.0921       -0.0286
      -0.1047       -0.0743       -0.0238
      -0.0440       -0.0128        0.0709
       0.0697       -0.0914       -0.0445
      -0.0377        0.0528        0.3310
      -0.1061        0.1276        0.0468
       0.0383        0.0155        0.0101
      -0.0077       -0.0015       -0.0154
      -0.0038       -0.0031       -0.0144
       0.0903       -0.0305        0.1203
      -0.0162       -0.0161       -0.1238
      -0.0225        0.0083       -0.1419
      -0.0517        0.0006        0.0076
      -0.0772        0.0219        0.0397

954.6599215033403
       0.1273        0.0068       -0.0507
      -0.0956        0.0141       -0.0978
      -0.1191       -0.0655        0.0761
      -0.0089        0.3777        0.0212
      -0.0599       -0.0323       -0.0029
      -0.0338       -0.0409        0.0080
      -0.1185       -0.5034        0.2275
       0.0248        0.1741        0.0111
       0.0405        0.0373       -0.0380
       0.1714       -0.0255       -0.1193
      -0.0066        0.0074       -0.0085
       0.0090        0.0059        0.0074
       0.0062       -0.0731        0.0798
      -0.0069        0.0357        0.0062
       0.0109        0.0019        0.0055
       0.1402       -0.0090       -0.1160
       0.0553        0.0341        0.0099
      -0.0281       -0.0024       -0.0407
      -0.0399       -0.0196       -0.0495
       0.0242        0.0194        0.0204
      -0.0331        0.0195       -0.0712
       0.0415        0.0056        0.0337
      -0.0960        0.2927        0.1875
       0.0180       -0.1598       -0.4045

961.97925377383
       0.0078        0.0498       -0.0030
      -0.0003        0.0168       -0.0157
      -0.0275       -0.0175        0.0255
      -0.0007        0.0353        0.0012
      -0.0113       -0.0053       -0.0021
       0.3615        0.1123       -0.1841
      -0.0138       -0.0447        0.0229
      -0.0042       -0.0223        0.0037
       0.0832       -0.0120       -0.0308
       0.0174       -0.0015       -0.0135
       0.0178        0.0949       -0.0355
      -0.2409       -0.1786       -0.0714
       0.0052       -0.0044        0.0125
       0.0085       -0.0039       -0.0058
      -0.0364        0.0136        0.1732
      -0.0015        0.0157        0.0001
       0.0058        0.0031        0.0009
      -0.0035       -0.0003       -0.0040
      -0.0041       -0.0025       -0.0051
      -0.3583       -0.0212       -0.4268
       0.1578       -0.0410        0.5276
      -0.2098       -0.0456        0.0479
      -0.0082        0.0290        0.0181
      -0.0061       -0.0141       -0.0360

972.4421613087055
       0.0160       -0.0296       -0.0099
      -0.0118       -0.0070        0.0031
       0.0162        0.0519        0.0010
      -0.0031        0.0310        0.0055
      -0.0011       -0.0011        0.0001
      -0.0526        0.4199        0.0881
       0.0029       -0.0480        0.0064
      -0.0406        0.0315        0.0259
      -0.0255        0.0395       -0.0017
       0.0084       -0.0050       -0.0050
       0.0846       -0.2591        0.0994
      -0.0455        0.0292       -0.0001
      -0.0001       -0.0066       -0.0006
      -0.0020        0.0085        0.0032
       0.0113       -0.0567       -0.1286
       0.0206       -0.0109       -0.0194
       0.0016        0.0017        0.0002
      -0.0013       -0.0001       -0.0025
      -0.0026       -0.0009       -0.0029
       0.1427       -0.2434        0.2832
       0.2339       -0.2125        0.2279
      -0.2835       -0.0070       -0.5457
      -0.0005        0.0184        0.0107
       0.0097       -0.0150       -0.0337

1010.8968563608793
       0.2274        0.3606       -0.1337
       0.1279       -0.0916       -0.1674
       0.1626        0.1462       -0.1142
       0.0239        0.0077       -0.0205
       0.0057        0.0021        0.0139
       0.0159       -0.0097       -0.0004
      -0.1918        0.0766        0.1917
      -0.1898       -0.5922        0.1249
      -0.1466        0.0277        0.1419
       0.0532        0.0238       -0.0204
       0.0142       -0.0449        0.0075
       0.0709        0.0474        0.0004
      -0.0232       -0.0089        0.0143
      -0.0364        0.0276        0.0260
      -0.0368       -0.0015       -0.0569
       0.2196        0.0938       -0.1520
       0.0228        0.0102        0.0066
      -0.0057       -0.0001       -0.0116
      -0.0055       -0.0029       -0.0119
      -0.0064        0.0048       -0.0112
       0.0008        0.0032        0.0165
       0.0056       -0.0009        0.0240
      -0.1387        0.0553        0.0696
      -0.1673        0.0258        0.0385

1062.1114223838883
      -0.0166       -0.0226       -0.0100
       0.0571        0.0160        0.0671
       0.0112        0.0108       -0.0068
       0.1390        0.1033        0.1836
      -0.5098       -0.2038       -0.1954
       0.0040       -0.0018        0.0013
      -0.1731       -0.0267       -0.2252
      -0.0097       -0.0299       -0.0104
       0.0051       -0.0135       -0.0042
       0.0173       -0.0037       -0.0639
       0.0082       -0.0339        0.0048
       0.0401        0.0271       -0.0006
       0.5322        0.1963        0.2806
      -0.0033        0.0011       -0.0004
      -0.0412        0.0092       -0.0017
      -0.0176       -0.0048        0.0287
      -0.0181       -0.0096       -0.0365
      -0.1287       -0.0367       -0.0721
      -0.0920       -0.0612       -0.0651
      -0.0013        0.0004       -0.0016
       0.0003        0.0006        0.0058
       0.0005       -0.0002        0.0064
       0.0074       -0.0912       -0.0928
      -0.1793       -0.0027        0.0532

1083.4718162109928
      -0.0047        0.0072        0.0088
       0.0050        0.0481       -0.0112
      -0.0757       -0.0667        0.0518
      -0.0158       -0.0039       -0.0165
       0.0377        0.0142        0.0141
       0.0950       -0.0254       -0.0305
       0.0184       -0.0017        0.0156
       0.0670       -0.0007       -0.0414
       0.1237       -0.0362       -0.0902
       0.0014        0.0005        0.0017
       0.1172       -0.4403        0.0371
       0.4973        0.3326       -0.0284
      -0.0407       -0.0145       -0.0173
       0.0016       -0.0003       -0.0034
      -0.5550        0.1200        0.0384
      -0.0654        0.0089        0.0380
       0.0020        0.0013        0.0030
       0.0107        0.0030        0.0063
       0.0072        0.0046        0.0056
      -0.0616        0.0118       -0.0833
       0.0140        0.0113        0.1283
      -0.0067       -0.0072        0.1099
       0.0081        0.0120        0.0078
       0.0033       -0.0008       -0.0059

1142.6934975489355
       0.2424       -0.1369       -0.1535
       0.2759       -0.0781       -0.2246
      -0.0656       -0.0192        0.0473
      -0.0046        0.0852        0.0234
       0.0316        0.0093        0.0207
      -0.0050        0.0042       -0.0012
      -0.0983        0.0282        0.1516
       0.0844        0.0386       -0.0522
      -0.0677        0.1094        0.0603
       0.0297       -0.0045       -0.0099
       0.0029       -0.0027       -0.0037
      -0.0328       -0.0208        0.0017
      -0.0417       -0.0247       -0.0411
      -0.0850       -0.0114        0.0554
       0.0516       -0.0029       -0.0272
      -0.6130        0.0242        0.4015
       0.0107        0.0081        0.0058
       0.0011        0.0017       -0.0087
      -0.0062       -0.0008       -0.0105
       0.0052       -0.0026        0.0062
       0.0028       -0.0039       -0.0011
       0.0012        0.0014       -0.0052
      -0.0753        0.0629        0.0618
      -0.3330        0.0178        0.0429

1177.3475747467603
      -0.0007        0.0009       -0.0000
       0.0008       -0.0034       -0.0006
      -0.0020       -0.0012        0.0014
       0.0164       -0.0124        0.0108
       0.1606       -0.3876       -0.0467
      -0.0001       -0.0001       -0.0001
      -0.0054       -0.0073       -0.0067
       0.0009        0.0022       -0.0008
      -0.0004        0.0017        0.0004
      -0.0019        0.0155       -0.0095
       0.0002       -0.0013        0.0000
      -0.0012       -0.0007        0.0001
      -0.0841        0.2104        0.0353
       0.0002        0.0002       -0.0001
       0.0010        0.0012       -0.0004
       0.0033       -0.0001       -0.0019
      -0.1345        0.2306       -0.0001
       0.4469        0.3518        0.1951
      -0.5547       -0.0756       -0.1478
       0.0002       -0.0000        0.0001
      -0.0001        0.0001       -0.0001
       0.0000       -0.0000        0.0002
      -0.0077       -0.0006       -0.0012
      -0.0016       -0.0019        0.0015

1193.9342280761616
      -0.1098       -0.0751        0.0555
      -0.0014        0.1583        0.1479
       0.1296        0.0960       -0.0853
       0.0583        0.2502        0.2573
       0.1294        0.0503        0.0009
       0.0015        0.0035        0.0109
       0.0279       -0.1174       -0.0833
      -0.1237       -0.0719        0.0604
       0.0480       -0.1487       -0.0512
       0.0543       -0.0242       -0.0855
      -0.0196        0.0826       -0.0005
       0.0413        0.0279       -0.0029
      -0.1670       -0.0914       -0.1770
       0.0175        0.0047       -0.0140
      -0.0352       -0.0645        0.0264
       0.0496       -0.0316       -0.0229
      -0.0792       -0.0259       -0.0181
       0.0212       -0.0071        0.0111
      -0.0033        0.0178        0.0108
      -0.0044       -0.0005       -0.0010
      -0.0026        0.0037       -0.0085
      -0.0098       -0.0035       -0.0154
       0.5106       -0.0110       -0.0500
      -0.5507       -0.0246       -0.0004

1213.4977274616263
       0.0077        0.0115       -0.0042
      -0.0006       -0.0276       -0.0197
      -0.0252       -0.0229        0.0162
       0.1037        0.0300        0.0899
       0.1010        0.0932       -0.4110
      -0.0007       -0.0019       -0.0029
      -0.0312       -0.0094       -0.0235
       0.0276        0.0081       -0.0162
      -0.0111        0.0326        0.0114
       0.0459        0.0231       -0.1048
       0.0050       -0.0236        0.0005
      -0.0127       -0.0094        0.0008
      -0.1157       -0.0785        0.3049
      -0.0010       -0.0010        0.0010
       0.0098        0.0213       -0.0058
       0.0092        0.0028       -0.0061
      -0.5110       -0.2397       -0.1937
       0.1572       -0.0555        0.3215
       0.1355        0.1356        0.3399
       0.0017        0.0009        0.0004
      -0.0002       -0.0002        0.0016
       0.0029        0.0009        0.0048
      -0.1352       -0.0075       -0.0004
       0.0045       -0.0036        0.0005

1234.0674179550072
       0.0898       -0.0303       -0.0550
      -0.0241        0.0568       -0.0174
       0.1237        0.1778       -0.0746
      -0.0459       -0.0399       -0.1059
      -0.0281       -0.0101       -0.0327
       0.0182        0.0619        0.0247
       0.0340       -0.0338        0.0209
      -0.1942        0.0632        0.1357
       0.0902       -0.2106       -0.0889
      -0.0038        0.0023        0.0184
      -0.0858        0.4966       -0.0299
       0.2751        0.2233       -0.0186
       0.0387        0.0136        0.0877
      -0.0055        0.0123        0.0046
      -0.1615       -0.5363        0.0626
      -0.1408        0.0078        0.0854
      -0.0106       -0.0059       -0.0084
       0.0146        0.0036        0.0289
       0.0134        0.0059        0.0276
      -0.0260       -0.0429       -0.0005
       0.0286       -0.0210        0.0114
      -0.0611       -0.0105       -0.0805
      -0.1054        0.0194        0.0207
       0.1449       -0.0127       -0.0386

1265.8138610563474
      -0.1035        0.0579        0.0660
       0.0511       -0.1351       -0.0227
      -0.2427       -0.2822        0.1591
       0.1383        0.0266        0.2319
       0.0441        0.0179        0.0382
       0.0060        0.0555       -0.0404
      -0.0673        0.0625       -0.0477
       0.3081       -0.0482       -0.2085
      -0.1290        0.4105        0.1286
      -0.0245       -0.0042       -0.0229
      -0.0280        0.2643       -0.0387
       0.1566        0.1449       -0.0144
      -0.0536       -0.0109       -0.1434
      -0.0005       -0.0076       -0.0002
      -0.0446       -0.3667       -0.0145
       0.1829       -0.0034       -0.1122
      -0.0143       -0.0052        0.0042
      -0.0298       -0.0148       -0.0471
      -0.0297       -0.0075       -0.0438
       0.0068       -0.0538        0.0173
       0.0422       -0.0406        0.0644
      -0.0265        0.0056        0.0027
      -0.0503       -0.0320       -0.0238
      -0.0943        0.0210        0.0660

1299.7420874870027
       0.0625        0.0214       -0.0460
      -0.0002       -0.1229       -0.0200
       0.0855        0.0998       -0.0551
       0.3534        0.0211        0.5667
       0.0981        0.0426        0.0734
       0.0108       -0.0174        0.0215
      -0.1307       -0.0216       -0.1407
      -0.1484        0.1585        0.1023
       0.0728       -0.1707       -0.0692
      -0.0877       -0.0155       -0.0471
       0.0043       -0.0534        0.0088
      -0.0196       -0.0243        0.0002
      -0.1062       -0.0167       -0.3021
       0.0058        0.0066       -0.0038
      -0.0143        0.0816        0.0213
      -0.0286        0.0113        0.0235
      -0.0720       -0.0315       -0.0000
      -0.0706       -0.0388       -0.1075
      -0.0729       -0.0152       -0.1021
      -0.0174        0.0198       -0.0201
      -0.0178        0.0227       -0.0292
      -0.0068       -0.0085       -0.0183
      -0.3900       -0.0435       -0.0276
       0.1847       -0.0097        0.0348

1324.0839885223318
      -0.1441       -0.0358        0.1087
      -0.0521        0.0216       -0.0804
       0.0109        0.0233       -0.0079
      -0.0602        0.0807       -0.0780
      -0.0215       -0.0134        0.0121
       0.0071       -0.0037        0.0149
       0.5617       -0.0136       -0.0536
      -0.0168        0.0346        0.0212
       0.0184       -0.0364       -0.0153
      -0.0886       -0.0591        0.0736
       0.0006       -0.0094        0.0021
      -0.0028       -0.0039        0.0006
       0.0388        0.0030        0.0172
       0.0225       -0.0049       -0.0102
      -0.0035        0.0133        0.0027
       0.0929       -0.0291       -0.0828
       0.0368        0.0213        0.0106
       0.0062        0.0141       -0.0011
       0.0105       -0.0057        0.0001
      -0.0140        0.0065       -0.0126
      -0.0054        0.0081       -0.0191
      -0.0070       -0.0049       -0.0174
      -0.5779        0.0128        0.0355
      -0.4905        0.0083        0.0256

1337.8471891883476
      -0.0056        0.0068        0.0027
       0.0058        0.0024        0.0003
      -0.0554       -0.0075        0.0422
      -0.0053       -0.0041       -0.0090
      -0.0012       -0.0004       -0.0020
       0.2002       -0.0351        0.3739
      -0.0195        0.0067        0.0053
       0.0562       -0.0339       -0.0393
      -0.0214        0.0389        0.0291
       0.0059        0.0030       -0.0022
       0.0111       -0.0377        0.0088
       0.0272        0.0190        0.0061
       0.0004        0.0003        0.0054
       0.0007       -0.0015       -0.0003
      -0.0158        0.0042       -0.0349
       0.0112        0.0013       -0.0065
       0.0005        0.0003       -0.0003
       0.0013        0.0005        0.0021
       0.0015        0.0006        0.0026
      -0.3802        0.0853       -0.3150
      -0.0933        0.1693       -0.4849
      -0.2148       -0.1245       -0.4623
       0.0336        0.0012       -0.0009
       0.0075        0.0019        0.0034

1391.4352316471766
       0.0683       -0.1083       -0.0416
      -0.2076        0.6993        0.1281
      -0.0218        0.0132        0.0162
       0.0603        0.0144        0.1109
       0.0215        0.0076        0.0165
      -0.0128        0.0033       -0.0035
       0.0963       -0.1240       -0.0947
       0.1585       -0.4631       -0.1117
      -0.0728        0.0731        0.0589
      -0.0328       -0.0142       -0.0055
      -0.0024        0.0052        0.0005
      -0.0202       -0.0156        0.0035
      -0.0093       -0.0020       -0.0451
      -0.0201       -0.0163        0.0119
       0.0402       -0.0063       -0.0252
      -0.1701       -0.0082        0.1108
      -0.0361       -0.0136       -0.0023
      -0.0174       -0.0079       -0.0308
      -0.0212       -0.0048       -0.0303
       0.0155       -0.0006        0.0152
       0.0031       -0.0071        0.0059
       0.0083        0.0044        0.0043
      -0.1519        0.0187       -0.0011
       0.1797       -0.0391       -0.0699

1464.7208642499809
       0.0374        0.0161       -0.0230
      -0.0103       -0.0105        0.0334
       0.0149       -0.0279       -0.0112
       0.0060        0.0207        0.0047
       0.0261        0.0075        0.0171
       0.0047        0.0023       -0.0010
       0.0188        0.1785        0.2069
      -0.0050        0.0000       -0.0035
      -0.0061        0.0171        0.0051
      -0.0168       -0.0039        0.0116
       0.0008       -0.0013       -0.0008
       0.0023        0.0017       -0.0008
       0.0072       -0.0002        0.0043
      -0.0036        0.0011        0.0033
      -0.0020        0.0003        0.0011
      -0.0239        0.0100        0.0055
      -0.0495       -0.0199       -0.0035
      -0.0228       -0.0183       -0.0326
      -0.0345       -0.0030       -0.0323
      -0.0035       -0.0117        0.0000
      -0.0010        0.0033       -0.0069
      -0.0102       -0.0020        0.0075
      -0.0296       -0.6696       -0.1499
      -0.0634        0.0096       -0.6587

1471.8321955966585
      -0.0033       -0.0009        0.0008
       0.0016        0.0026       -0.0009
       0.0049       -0.0219       -0.0031
      -0.0054       -0.0014       -0.0080
       0.0058       -0.0001        0.0015
       0.0952       -0.1705       -0.0673
       0.0008        0.0005        0.0020
      -0.0005        0.0025        0.0012
      -0.0057        0.0226        0.0036
       0.0016        0.0006        0.0007
      -0.0012        0.0067        0.0034
      -0.0007        0.0093        0.0032
       0.0040        0.0008        0.0055
       0.0003        0.0007        0.0007
       0.0126       -0.0372       -0.0140
       0.0006       -0.0004       -0.0006
      -0.0112        0.0042       -0.0005
      -0.0083       -0.0082       -0.0093
      -0.0100        0.0018        0.0020
       0.3479        0.3606        0.1294
      -0.3786        0.5022        0.3285
      -0.3521       -0.1564       -0.1843
       0.0029        0.0002        0.0004
       0.0003        0.0002       -0.0007

1475.7408035885196
      -0.0123       -0.0014        0.0095
       0.0082       -0.0145       -0.0126
       0.0060       -0.0064       -0.0045
      -0.1550       -0.0417       -0.1319
       0.2506        0.0983        0.1636
       0.0084        0.0101       -0.0036
       0.0432       -0.0029        0.0096
      -0.0072        0.0130        0.0062
       0.0002        0.0016       -0.0000
       0.0659        0.0232       -0.0251
      -0.0002       -0.0007       -0.0001
       0.0003        0.0001        0.0000
       0.1049        0.0358        0.1463
       0.0008        0.0001       -0.0004
       0.0003        0.0026        0.0002
       0.0069       -0.0021       -0.0054
      -0.5263       -0.2216       -0.0395
      -0.2688       -0.2298       -0.3358
      -0.3659       -0.0199       -0.3194
      -0.0080       -0.0431        0.0063
       0.0009        0.0033       -0.0234
      -0.0262       -0.0030        0.0306
       0.0267        0.0666        0.0212
      -0.0151        0.0039        0.0570

1477.0399797378777
       0.0006        0.0066       -0.0002
       0.0021       -0.0169       -0.0006
      -0.0436        0.0461        0.0336
      -0.0087       -0.0027       -0.0064
       0.0159        0.0086        0.0115
      -0.1579       -0.1061        0.0790
       0.0008        0.0080        0.0055
       0.0262       -0.0116       -0.0186
       0.0101       -0.0184       -0.0063
       0.0043        0.0018       -0.0021
       0.0055        0.0106       -0.0011
       0.0031        0.0037       -0.0031
       0.0057        0.0026        0.0079
       0.0017       -0.0001       -0.0009
      -0.0238       -0.0305        0.0089
       0.0066        0.0016       -0.0054
      -0.0316       -0.0225       -0.0028
      -0.0158       -0.0147       -0.0172
      -0.0245       -0.0025       -0.0272
       0.0051        0.5690       -0.1519
       0.1086       -0.2144        0.2615
       0.5278        0.0971       -0.4276
       0.0048       -0.0115       -0.0026
      -0.0068        0.0017       -0.0081

1500.6190957136498
       0.0014        0.0005       -0.0009
      -0.0014       -0.0006        0.0005
       0.0074       -0.0095       -0.0051
       0.0003       -0.0057       -0.0006
       0.0645       -0.1802        0.0009
      -0.0027        0.0004        0.0013
      -0.0028        0.0027        0.0005
      -0.0041        0.0031        0.0029
      -0.0018        0.0052        0.0014
       0.0007        0.0030       -0.0019
       0.0003       -0.0004       -0.0004
       0.0005        0.0003       -0.0004
       0.0127       -0.0422        0.0061
      -0.0002        0.0003        0.0001
      -0.0010        0.0003        0.0010
      -0.0011        0.0003        0.0007
      -0.3193        0.6321        0.0274
      -0.1051        0.0913       -0.4767
       0.1494        0.0641        0.4305
      -0.0043        0.0036       -0.0042
       0.0057       -0.0082       -0.0001
       0.0108        0.0029       -0.0035
       0.0001        0.0003        0.0001
       0.0059        0.0007        0.0014

1510.473500224029
      -0.0016       -0.0040        0.0014
      -0.0022        0.0129        0.0013
       0.0203       -0.0231       -0.0144
       0.0089        0.0022       -0.0105
       0.1177        0.0332       -0.1316
      -0.0007        0.0006        0.0008
       0.0031       -0.0018       -0.0016
      -0.0112        0.0023        0.0070
      -0.0050        0.0126        0.0042
      -0.0164       -0.0060        0.0258
       0.0007       -0.0017       -0.0006
       0.0010        0.0003       -0.0006
       0.0327        0.0141       -0.0581
      -0.0005        0.0002        0.0004
      -0.0016        0.0016        0.0012
      -0.0031       -0.0010        0.0020
       0.2653        0.2035        0.0186
      -0.2386       -0.5344        0.2368
      -0.5317        0.1749        0.3687
      -0.0049        0.0005       -0.0040
       0.0043       -0.0057       -0.0019
       0.0062        0.0017       -0.0012
      -0.0026       -0.0004       -0.0005
       0.0034       -0.0004       -0.0021

1528.3309325540165
       0.0358        0.0522       -0.0231
      -0.0068       -0.1329        0.0068
      -0.4628        0.5959        0.3323
      -0.0080       -0.0096        0.0118
       0.0123        0.0010       -0.0008
      -0.0132        0.0123       -0.0051
      -0.0053        0.0391        0.0078
       0.2734       -0.1466       -0.1863
       0.1190       -0.3377       -0.1100
       0.0104        0.0062       -0.0089
      -0.0167        0.0255        0.0122
      -0.0324       -0.0218        0.0113
      -0.0039        0.0004       -0.0081
       0.0109       -0.0130       -0.0079
       0.0393       -0.0103       -0.0145
       0.0414        0.0148       -0.0331
       0.0028        0.0174        0.0024
      -0.0140       -0.0235       -0.0017
      -0.0222        0.0087        0.0196
       0.0422       -0.0467        0.0543
      -0.0176        0.0207       -0.0075
      -0.0426       -0.0034        0.0411
       0.0198       -0.0283       -0.0089
      -0.0394        0.0094        0.0003

1583.706519565303
      -0.4268       -0.2378        0.2795
       0.5873        0.2782       -0.3889
      -0.0139        0.0997        0.0102
       0.0239        0.0040       -0.0038
       0.0015        0.0006       -0.0004
      -0.0032        0.0007        0.0002
      -0.1672        0.0038        0.1006
      -0.0539       -0.0490        0.0345
       0.0166       -0.0529       -0.0135
      -0.0134       -0.0029        0.0109
      -0.0024        0.0019        0.0017
      -0.0048       -0.0049        0.0014
      -0.0039       -0.0013        0.0016
       0.0077        0.0005       -0.0043
       0.0033        0.0024        0.0002
       0.0992       -0.1190       -0.0672
      -0.0036        0.0002       -0.0007
      -0.0009       -0.0002       -0.0027
       0.0002        0.0004       -0.0002
       0.0033       -0.0005        0.0035
      -0.0000       -0.0010       -0.0003
       0.0005        0.0007        0.0018
      -0.0485       -0.0039        0.0237
       0.1197        0.0000       -0.0670

1784.0310688410011
       0.0142        0.0063       -0.0085
      -0.0293       -0.0107        0.0148
      -0.0083        0.0087        0.0057
       0.6261        0.2501       -0.4247
       0.0305        0.0130        0.0050
       0.0004       -0.0001       -0.0004
      -0.0789       -0.0298        0.0084
       0.0091       -0.0041       -0.0049
       0.0030       -0.0065       -0.0025
      -0.4410       -0.1756        0.3305
       0.0002       -0.0015        0.0001
       0.0002       -0.0007       -0.0002
      -0.0400       -0.0170        0.0438
      -0.0000       -0.0003       -0.0003
      -0.0010        0.0018        0.0009
      -0.0024        0.0038        0.0010
      -0.0645       -0.0271       -0.0100
      -0.0118       -0.0142       -0.0411
      -0.0209        0.0027       -0.0401
      -0.0002       -0.0006       -0.0000
      -0.0001        0.0003       -0.0002
      -0.0005        0.0000        0.0011
       0.0791        0.0286       -0.0028
      -0.0183       -0.0062        0.0055

3057.9999576669375
      -0.0001        0.0007        0.0001
      -0.0012       -0.0002        0.0009
      -0.0004        0.0009        0.0003
       0.0022        0.0012       -0.0110
       0.1418        0.0338        0.0240
      -0.0054        0.0023       -0.0131
      -0.0029       -0.0487       -0.0303
       0.0005        0.0000       -0.0002
       0.0004       -0.0007       -0.0004
      -0.0033       -0.0013        0.0027
      -0.0000       -0.0001       -0.0001
      -0.0000       -0.0001       -0.0001
       0.0075        0.0032        0.0081
       0.0001       -0.0001       -0.0001
       0.0000        0.0001        0.0006
       0.0000       -0.0021       -0.0001
       0.0460        0.0385       -0.4419
      -0.5043        0.3493        0.2159
      -0.0542       -0.5161        0.1360
      -0.0367        0.0147        0.0413
       0.0402        0.0303       -0.0012
       0.0145       -0.0530        0.0036
       0.0082       -0.0351        0.1146
       0.0029        0.2035       -0.0106

3058.3575823992896
       0.0005       -0.0030       -0.0001
       0.0036        0.0013       -0.0029
      -0.0001       -0.0006        0.0000
      -0.0037        0.0002       -0.0027
       0.0372        0.0081        0.0062
       0.0031       -0.0013        0.0077
       0.0125        0.1855        0.1310
      -0.0001       -0.0009       -0.0002
      -0.0002        0.0005        0.0002
      -0.0004        0.0002        0.0005
      -0.0000        0.0001        0.0000
      -0.0000        0.0001        0.0001
       0.0020        0.0008        0.0013
      -0.0003        0.0003        0.0003
       0.0000       -0.0001       -0.0003
      -0.0003        0.0081        0.0001
       0.0120        0.0100       -0.1130
      -0.1316        0.0913        0.0564
      -0.0138       -0.1318        0.0347
       0.0216       -0.0086       -0.0243
      -0.0235       -0.0177        0.0007
      -0.0085        0.0310       -0.0021
      -0.0302        0.1484       -0.4822
      -0.0119       -0.7910        0.0415

3059.9451870215244
      -0.0001        0.0005        0.0000
      -0.0003       -0.0002        0.0002
       0.0006       -0.0011       -0.0005
       0.0005        0.0001       -0.0008
       0.0116        0.0026        0.0019
       0.0564       -0.0255        0.1358
      -0.0009       -0.0152       -0.0101
      -0.0005        0.0004        0.0003
      -0.0003        0.0005        0.0011
      -0.0004       -0.0002        0.0002
       0.0003       -0.0014        0.0002
       0.0011        0.0006        0.0002
       0.0005        0.0003        0.0006
       0.0001       -0.0001       -0.0002
      -0.0022        0.0008       -0.0031
      -0.0000       -0.0010        0.0001
       0.0037        0.0032       -0.0357
      -0.0412        0.0285        0.0176
      -0.0044       -0.0416        0.0110
       0.3831       -0.1533       -0.4315
      -0.4186       -0.3158        0.0129
      -0.1515        0.5565       -0.0367
       0.0024       -0.0115        0.0375
       0.0009        0.0642       -0.0034

3121.2426506356255
       0.0013        0.0028       -0.0009
      -0.0034       -0.0029        0.0025
      -0.0012        0.0002        0.0008
      -0.0038       -0.0046        0.0065
      -0.0013       -0.0000       -0.0020
       0.0000        0.0001       -0.0001
       0.0154       -0.2034        0.2272
       0.0007       -0.0001       -0.0010
       0.0001        0.0001       -0.0001
       0.0016        0.0009       -0.0027
      -0.0000        0.0001       -0.0000
       0.0000        0.0001        0.0000
      -0.0001       -0.0000       -0.0013
       0.0003        0.0003       -0.0001
       0.0000       -0.0001        0.0000
       0.0002       -0.0058       -0.0001
      -0.0006       -0.0006        0.0077
       0.0038       -0.0024       -0.0014
       0.0008        0.0029       -0.0004
      -0.0003        0.0001        0.0003
       0.0001        0.0001        0.0000
       0.0001       -0.0005       -0.0000
      -0.0481        0.2151       -0.7778
       0.0093        0.5026       -0.0164

3147.309592745089
      -0.0000       -0.0003        0.0000
      -0.0001        0.0001        0.0000
       0.0001        0.0001       -0.0000
      -0.0006       -0.0011       -0.0001
      -0.1302        0.2762        0.0662
      -0.0008        0.0004        0.0005
      -0.0001        0.0012        0.0005
      -0.0001       -0.0001       -0.0001
      -0.0000       -0.0001       -0.0000
       0.0007       -0.0004       -0.0000
      -0.0000        0.0000       -0.0000
      -0.0001       -0.0000       -0.0000
       0.0006       -0.0011       -0.0003
      -0.0000       -0.0000        0.0000
       0.0001        0.0000        0.0000
       0.0000        0.0006       -0.0000
       0.0135        0.0296       -0.1836
       0.5117       -0.3471       -0.2258
      -0.0780       -0.6285        0.1822
       0.0017       -0.0007       -0.0020
       0.0007        0.0005       -0.0000
       0.0003       -0.0010        0.0001
      -0.0001        0.0004       -0.0015
       0.0004       -0.0018        0.0002

3169.8972942903433
       0.0002        0.0001       -0.0000
      -0.0001       -0.0002       -0.0000
       0.0003       -0.0007       -0.0003
       0.0001        0.0000       -0.0001
       0.0002       -0.0011        0.0007
      -0.1934        0.2087        0.1303
      -0.0000       -0.0001       -0.0001
      -0.0001        0.0002        0.0001
       0.0010       -0.0001       -0.0005
      -0.0000       -0.0000        0.0000
       0.0006       -0.0017       -0.0001
       0.0007       -0.0002       -0.0004
      -0.0000        0.0000        0.0000
      -0.0001        0.0001        0.0001
      -0.0021        0.0022        0.0011
      -0.0000       -0.0000       -0.0000
       0.0003        0.0001       -0.0019
      -0.0011        0.0007        0.0005
       0.0004        0.0030       -0.0008
       0.4408       -0.1702       -0.5110
       0.0654        0.0631        0.0048
       0.1642       -0.6160        0.0545
       0.0000       -0.0001        0.0002
      -0.0000        0.0003       -0.0000

3176.9436249178766
      -0.0000        0.0001       -0.0000
      -0.0000       -0.0000        0.0001
      -0.0001        0.0001        0.0001
      -0.0041       -0.0014        0.0008
      -0.0793       -0.1083        0.2834
       0.0005       -0.0008       -0.0004
       0.0003       -0.0008        0.0009
       0.0001        0.0000       -0.0001
       0.0001       -0.0001       -0.0001
       0.0020        0.0009       -0.0007
      -0.0000        0.0000       -0.0000
      -0.0000       -0.0000       -0.0000
       0.0001        0.0002       -0.0016
       0.0000        0.0000       -0.0000
      -0.0000        0.0000        0.0001
       0.0000       -0.0002        0.0001
       0.0872        0.0748       -0.8154
       0.1519       -0.1157       -0.0546
       0.0392        0.4151       -0.1015
      -0.0012        0.0004        0.0013
       0.0002        0.0000       -0.0000
      -0.0005        0.0022       -0.0002
      -0.0003        0.0011       -0.0039
       0.0002        0.0019       -0.0000

3182.787759363579
      -0.0002       -0.0002        0.0000
       0.0001       -0.0000       -0.0000
       0.0000       -0.0007       -0.0003
      -0.0000       -0.0000       -0.0000
       0.0002       -0.0003       -0.0003
      -0.2010       -0.2306        0.0703
       0.0000       -0.0000        0.0001
      -0.0001        0.0001        0.0001
       0.0007        0.0004        0.0001
       0.0000        0.0000        0.0000
       0.0004        0.0015       -0.0002
       0.0016        0.0014       -0.0006
       0.0000        0.0000        0.0000
       0.0000        0.0001       -0.0001
      -0.0022       -0.0028        0.0013
       0.0001        0.0010       -0.0001
      -0.0001       -0.0001        0.0008
      -0.0006        0.0004        0.0003
       0.0001        0.0006       -0.0002
       0.1764       -0.0828       -0.2095
       0.6414        0.4781       -0.0073
      -0.1223        0.4047       -0.0292
      -0.0000        0.0001       -0.0003
      -0.0000        0.0001        0.0000

3235.766803312457
       0.0295        0.2906       -0.0208
      -0.0170       -0.0048        0.0111
      -0.0013       -0.0025        0.0007
       0.0004       -0.0001       -0.0003
      -0.0000        0.0002       -0.0000
      -0.0001       -0.0002       -0.0000
       0.0009        0.0032       -0.0009
       0.0021       -0.0044       -0.0016
       0.0004       -0.0000       -0.0001
      -0.0000        0.0000        0.0001
       0.0001        0.0002       -0.0000
       0.0001        0.0004        0.0001
      -0.0000       -0.0001        0.0000
       0.0024       -0.0016       -0.0015
      -0.0004       -0.0004        0.0001
      -0.0660       -0.9523        0.0488
      -0.0000        0.0000        0.0001
       0.0003       -0.0002       -0.0001
      -0.0001       -0.0005        0.0001
      -0.0001        0.0000       -0.0002
       0.0009        0.0007        0.0001
      -0.0002        0.0001       -0.0002
       0.0007       -0.0007        0.0001
       0.0006       -0.0107       -0.0002

