28
0 1 C12H11NO4
C                     1.355449763282    -1.595542313677    -5.743672942900
C                     2.499911508377    -0.598179411853    -2.291965171008
C                    -0.255698336806    -0.749747937531    -1.938023357572
C                     0.013800147431    -1.651146173693    -5.498806641854
C                     1.687446184865    -0.951205792021    -3.377469086344
C                     0.547260021493    -0.395581056429    -0.855475039590
C                     0.293256527758    -1.027546499168    -3.194990955073
C                     2.304435355318    -1.240426333107    -4.700741688411
C                     1.963068925157    -0.318932436398    -1.035933319377
C                    -0.202340991021    -0.130152559459     0.415391717680
C                     4.141927816889     0.096104431347    -0.151093766428
C                    -0.147501396164     0.515124662803     2.675271764356
N                    -0.516285285545    -1.378592861782    -4.270353410431
O                     3.530170253996    -1.177446899068    -4.875941607880
O                    -1.416299795116    -0.251948520475     0.501141575876
O                     2.728787169547     0.021579643854     0.033088023634
O                     0.565141387683     0.256465856521     1.449069837443
H                     1.735880241508    -1.819119228070    -6.734009676290
H                     3.564478624334    -0.556407812387    -2.487145033194
H                    -1.327844543650    -0.802898402420    -1.770964196273
H                    -0.704706172176    -1.915216920664    -6.268862861555
H                     4.546738624074     0.382203871627     0.820153638613
H                     4.407595175631     0.854158477345    -0.896912208182
H                     4.556991092257    -0.873256055292    -0.450441745942
H                     0.617293615412     0.808873105818     3.393992080875
H                    -0.669266500546    -0.384096127732     3.011119857831
H                    -0.874071041872     1.318613079173     2.533138655830
H                    -1.516165171990    -1.432510291662    -4.129614402186

-2.5734564736914325
      -0.0076        0.1030       -0.0270
       0.0019       -0.0305        0.0124
       0.0004       -0.0564        0.0121
      -0.0063        0.0804       -0.0235
      -0.0004        0.0143       -0.0019
       0.0016       -0.0726        0.0172
      -0.0001       -0.0052       -0.0005
      -0.0049        0.0697       -0.0168
       0.0022       -0.0765        0.0227
       0.0100       -0.0972        0.0274
       0.0122       -0.2051        0.0557
      -0.0278        0.4052       -0.1138
      -0.0028        0.0315       -0.0111
      -0.0065        0.0972       -0.0240
       0.0657       -0.5565        0.1635
       0.0103       -0.1904        0.0543
      -0.0472        0.4550       -0.1369
      -0.0025        0.0422       -0.0108
       0.0007       -0.0093        0.0038
       0.0006       -0.0242        0.0050
      -0.0022        0.0298       -0.0088
       0.0058       -0.0814        0.0217
       0.0120       -0.0483        0.0303
      -0.0063       -0.0583       -0.0015
      -0.0197        0.2341       -0.0682
       0.0874        0.0864        0.0322
      -0.0896        0.0385       -0.0631
      -0.0003        0.0024       -0.0015

58.28242210162659
       0.0017       -0.0531        0.0131
       0.0043       -0.0170        0.0041
      -0.0129        0.1594       -0.0429
      -0.0181        0.1768       -0.0444
       0.0028       -0.0063        0.0011
      -0.0073        0.0924       -0.0252
      -0.0118        0.1594       -0.0409
       0.0168       -0.2018        0.0501
      -0.0064        0.0861       -0.0225
       0.0076       -0.0730        0.0186
      -0.0240        0.2754       -0.0678
       0.0126       -0.1951        0.0531
      -0.0256        0.2963       -0.0745
       0.0469       -0.5489        0.1368
       0.0456       -0.3941        0.1012
      -0.0163        0.1838       -0.0458
      -0.0164        0.0784       -0.0207
       0.0024       -0.0408        0.0103
       0.0040       -0.0353        0.0095
      -0.0041        0.0499       -0.0133
      -0.0084        0.0827       -0.0207
      -0.0109        0.1212       -0.0302
      -0.0322        0.0641       -0.0446
       0.0198        0.0824        0.0089
      -0.0027       -0.0107        0.0034
       0.0810       -0.1032        0.0108
      -0.0619       -0.1103        0.0467
      -0.0100        0.1155       -0.0287

76.732669454441
       0.0195       -0.2793        0.0726
      -0.0149        0.2215       -0.0627
      -0.0135        0.2247       -0.0562
       0.0208       -0.2808        0.0778
      -0.0126        0.1570       -0.0427
      -0.0135        0.2310       -0.0591
      -0.0103        0.1479       -0.0353
      -0.0033        0.0083       -0.0053
      -0.0126        0.2191       -0.0597
      -0.0023        0.0622       -0.0172
       0.0411       -0.4228        0.1118
       0.0043       -0.2504        0.0697
       0.0020       -0.0251        0.0130
      -0.0132        0.1062       -0.0348
       0.0244       -0.1628        0.0314
      -0.0102        0.1729       -0.0466
      -0.0228        0.1176       -0.0225
       0.0096       -0.1384        0.0356
      -0.0044        0.0635       -0.0179
      -0.0029        0.0547       -0.0129
       0.0104       -0.1383        0.0380
       0.0169       -0.1894        0.0500
       0.1284       -0.1404        0.0558
      -0.0984       -0.1677        0.0258
      -0.0046       -0.0501        0.0171
       0.0725       -0.1248       -0.0086
      -0.0592       -0.1184        0.0709
       0.0022       -0.0225        0.0085

119.36756504573677
       0.0023       -0.3399        0.0924
       0.0241       -0.0405       -0.0011
       0.0083        0.2320       -0.0393
      -0.0057       -0.2099        0.0771
      -0.0015        0.1015       -0.0289
       0.0354        0.0336        0.0016
      -0.0075        0.2057       -0.0378
      -0.0128        0.0146       -0.0143
       0.0486       -0.1531        0.0344
       0.0161        0.0084       -0.0053
       0.0133        0.2634       -0.0670
      -0.1020       -0.0272       -0.0039
      -0.0244        0.2017       -0.0202
      -0.0361        0.2160       -0.0921
       0.0177       -0.0156       -0.0444
       0.0863       -0.5451        0.1345
      -0.0358        0.0345        0.0238
       0.0034       -0.1791        0.0461
       0.0090       -0.0412        0.0043
       0.0002        0.0993       -0.0170
      -0.0002       -0.1118        0.0385
       0.0023        0.0816       -0.0204
      -0.1421        0.1559        0.0098
       0.1368        0.1549       -0.0888
      -0.0448        0.0092        0.0079
      -0.0118       -0.0208       -0.0085
      -0.0474       -0.0257       -0.0090
      -0.0060        0.0563       -0.0013

126.61925180098973
      -0.1676        0.0535       -0.0006
       0.1268       -0.0122       -0.0317
       0.1590       -0.0149        0.0966
      -0.1477        0.0705        0.1027
       0.0770       -0.0266       -0.0037
       0.1830        0.0119        0.0557
       0.0894       -0.0139        0.0833
      -0.0541       -0.0283       -0.0690
       0.1736        0.0294       -0.0087
       0.0629       -0.0060       -0.0089
       0.1931       -0.0309        0.0047
      -0.5398       -0.0249       -0.0460
      -0.0215        0.0167        0.1766
      -0.0822       -0.0958       -0.2307
       0.0571       -0.0378       -0.2374
       0.2022        0.1199       -0.0345
      -0.1815       -0.0055        0.1739
      -0.0738        0.0258       -0.0121
       0.0350       -0.0010       -0.0191
       0.0491       -0.0072        0.0394
      -0.0635        0.0355        0.0441
       0.0561       -0.0034       -0.0005
       0.0814       -0.0286       -0.0091
       0.0308       -0.0252        0.0199
      -0.2292        0.0577        0.0371
      -0.1288       -0.0294       -0.0309
      -0.1945       -0.0567       -0.0935
      -0.0025        0.0208        0.0745

144.15589258803408
      -0.0100        0.1559       -0.0401
       0.0167       -0.2205        0.0532
      -0.0016       -0.0041        0.0007
      -0.0015        0.0528       -0.0157
       0.0110       -0.1826        0.0466
      -0.0073        0.0850       -0.0248
       0.0081       -0.1478        0.0373
      -0.0005        0.0056        0.0016
       0.0073       -0.0877        0.0185
      -0.0204        0.2299       -0.0636
      -0.0087        0.0550       -0.0065
       0.0484       -0.3518        0.0993
       0.0134       -0.1692        0.0402
      -0.0082        0.1055       -0.0167
      -0.0125        0.1723       -0.0452
       0.0027       -0.0971        0.0231
      -0.0427        0.4189       -0.1172
      -0.0072        0.0985       -0.0253
       0.0060       -0.0793        0.0189
      -0.0026        0.0233       -0.0056
      -0.0018        0.0386       -0.0112
      -0.0076        0.0545       -0.0111
      -0.0314        0.0050       -0.0230
       0.0287        0.0220        0.0219
      -0.0111        0.1053       -0.0293
       0.3086       -0.2634        0.0585
      -0.2355       -0.3161        0.1043
       0.0020       -0.0297        0.0054

166.58257177637051
      -0.0262        0.0562       -0.0186
       0.0276       -0.1285        0.0371
       0.0135        0.0399       -0.0033
      -0.0209        0.0180        0.0039
       0.0263       -0.1051        0.0246
       0.0088        0.0802       -0.0146
       0.0215       -0.0580        0.0200
      -0.0029       -0.0097       -0.0135
       0.0175       -0.0269        0.0132
      -0.0069        0.1058       -0.0275
       0.0133        0.0246        0.0039
      -0.0336       -0.1486        0.0409
       0.0059       -0.0685        0.0357
      -0.0129        0.0551       -0.0650
       0.0234       -0.1551        0.0211
       0.0185       -0.0219        0.0170
      -0.0612        0.3574       -0.0801
      -0.0121        0.0404       -0.0127
       0.0097       -0.0514        0.0150
       0.0027        0.0246       -0.0052
      -0.0099        0.0163        0.0008
       0.0013        0.0361       -0.0062
      -0.0068       -0.0077       -0.0180
       0.0159        0.0048        0.0244
       0.0426       -0.5282        0.1545
      -0.3611        0.0462       -0.3022
       0.2919        0.2666        0.2029
       0.0010       -0.0054        0.0113

173.65833542849882
      -0.0424        0.2494       -0.0717
      -0.0204        0.4131       -0.1042
       0.0162       -0.0275        0.0035
      -0.0145       -0.0337        0.0126
      -0.0080        0.2848       -0.0783
       0.0040        0.0377       -0.0102
       0.0163        0.0033       -0.0019
      -0.0095        0.0579       -0.0334
      -0.0008        0.0975       -0.0211
      -0.0010        0.0405       -0.0128
      -0.0076        0.0346        0.0418
      -0.0024       -0.0527        0.0132
       0.0297       -0.3153        0.0935
       0.0281       -0.4313        0.0568
      -0.0016        0.0456       -0.0231
       0.0232       -0.3724        0.1141
      -0.0114        0.0804       -0.0195
      -0.0171        0.1023       -0.0294
      -0.0078        0.1499       -0.0351
       0.0070       -0.0376        0.0074
      -0.0049       -0.0336        0.0124
       0.0036       -0.1395        0.0539
      -0.0614        0.1557        0.1385
       0.0455        0.0858       -0.1667
       0.0018       -0.0464        0.0139
      -0.0079       -0.0228       -0.0276
       0.0057       -0.0043        0.0321
       0.0144       -0.1482        0.0469

182.37179029410925
       0.1314        0.0563        0.0565
      -0.1053        0.0234        0.0046
      -0.0603        0.0098        0.0448
       0.1166        0.0094        0.0005
      -0.0972        0.0250        0.0463
      -0.0366        0.0192        0.0525
      -0.0872       -0.0010        0.0290
       0.0368        0.0418        0.1297
      -0.0334        0.0107        0.0207
      -0.0601        0.0137        0.0427
       0.1665       -0.1459       -0.6199
      -0.1489       -0.0121        0.0383
       0.0011       -0.0424       -0.0321
       0.0756        0.0597        0.3671
      -0.0695       -0.0030        0.0370
       0.2322       -0.0496       -0.1415
      -0.0952        0.0316        0.0661
       0.0511        0.0225        0.0199
      -0.0368        0.0017       -0.0223
      -0.0161        0.0033        0.0213
       0.0513       -0.0018       -0.0147
       0.1546       -0.0546       -0.2209
      -0.0134       -0.0458       -0.2044
      -0.0051       -0.0503       -0.2254
      -0.0537       -0.0147        0.0266
      -0.0520       -0.0058       -0.0093
      -0.0381        0.0004        0.0076
      -0.0029       -0.0242       -0.0356

246.6474697440472
       0.0163       -0.2789        0.0830
      -0.0121        0.2060       -0.0395
       0.0518       -0.4804        0.1265
      -0.0181        0.1268       -0.0174
       0.0035        0.0873       -0.0143
       0.0277       -0.3129        0.0865
       0.0199       -0.0859        0.0297
       0.0049       -0.0449        0.0146
       0.0046        0.0018        0.0150
      -0.0274        0.0062       -0.0155
       0.0173       -0.0225       -0.0097
       0.0313       -0.1083        0.0225
      -0.0285        0.3613       -0.0748
      -0.0046        0.0253       -0.0217
      -0.0504        0.1589       -0.0615
       0.0142        0.0554       -0.0031
      -0.0511        0.2598       -0.1020
       0.0084       -0.1406        0.0390
      -0.0088        0.1227       -0.0267
       0.0192       -0.1876        0.0480
      -0.0106        0.0833       -0.0160
       0.0249       -0.1788        0.0396
       0.0215        0.1055        0.1161
      -0.0297        0.0288       -0.1633
       0.0206       -0.0782        0.0135
       0.0296       -0.0659       -0.0536
      -0.0055       -0.0305        0.0867
      -0.0102        0.1304       -0.0256

271.9498175210722
      -0.1055        0.0604        0.1779
       0.0435        0.0320        0.0877
       0.0240        0.0171        0.0189
      -0.1099        0.0081        0.1602
      -0.0269        0.0724        0.1206
       0.0592       -0.0159       -0.0464
      -0.0170        0.0438        0.0638
      -0.0767        0.0593        0.1628
       0.0896        0.0191        0.0899
      -0.1111       -0.0828       -0.2497
       0.1421        0.0178        0.0397
       0.2423       -0.0419       -0.2449
      -0.0911        0.0163        0.1652
      -0.0805        0.0302        0.2325
      -0.1386       -0.1258       -0.4256
       0.1493        0.0243        0.0936
      -0.0609       -0.1077       -0.3964
      -0.0314        0.0133        0.0522
       0.0095       -0.0055        0.0062
       0.0106        0.0074        0.0226
      -0.0281       -0.0107        0.0475
       0.0410        0.0819       -0.0108
       0.0346       -0.0486       -0.0448
       0.0459       -0.0149        0.0822
       0.1172       -0.0249       -0.1155
       0.0730       -0.0009       -0.0346
       0.0780        0.0035       -0.0276
      -0.0208       -0.0025        0.0681

277.49016542766975
      -0.0179       -0.0127        0.0265
       0.0251       -0.1120        0.0664
       0.0033        0.1821       -0.0478
      -0.0239        0.0929        0.0120
       0.0607       -0.2769        0.0903
      -0.0264        0.1732       -0.0338
       0.0459       -0.1028        0.0432
       0.0196       -0.1190        0.0324
      -0.0063        0.0786        0.0167
      -0.0764       -0.0004       -0.0296
       0.0169        0.0313       -0.0478
       0.0714        0.0511       -0.0032
       0.0183       -0.0466        0.0582
      -0.0075        0.1081       -0.0881
      -0.0794       -0.1052       -0.0402
       0.0191        0.0991        0.0065
      -0.0483       -0.1392       -0.0231
      -0.0130        0.0437       -0.0060
       0.0050        0.0023        0.0152
      -0.0032        0.0878       -0.0298
      -0.0154        0.0840       -0.0082
       0.0590       -0.4557        0.1005
       0.0115        0.3275        0.3093
      -0.0539        0.1233       -0.4582
       0.0417        0.0308       -0.0296
       0.0156        0.0351        0.0461
       0.0303        0.0216       -0.0134
      -0.0014        0.0718        0.0027

278.6010358030102
      -0.0214        0.0061       -0.0303
       0.0381        0.0299        0.1054
       0.0856        0.0100       -0.0096
       0.0054       -0.0255        0.0634
       0.1860        0.0607       -0.0279
      -0.0856       -0.0081        0.1046
       0.1836        0.0594        0.0109
       0.0967        0.0100       -0.1285
      -0.0503       -0.0007        0.1129
      -0.2979       -0.0245        0.0597
       0.0166       -0.0534       -0.1998
       0.1963        0.0783        0.2213
       0.1291        0.0422        0.0911
       0.0763       -0.1294       -0.4562
      -0.3535       -0.0169        0.0161
       0.0432        0.0075        0.0772
      -0.2752       -0.0196        0.0030
      -0.0226       -0.0091       -0.0126
       0.0173        0.0066        0.0689
       0.0180       -0.0103       -0.0460
      -0.0159       -0.0238        0.0404
       0.0562        0.0839       -0.1090
      -0.0297       -0.0918       -0.1468
      -0.0137       -0.0474        0.0195
       0.1380        0.0219       -0.0214
       0.0826        0.0341        0.1367
       0.0571        0.0350        0.1310
       0.0411       -0.0163        0.0592

344.4992614476662
       0.0224       -0.2413        0.0655
      -0.0278        0.3255       -0.0891
       0.0026        0.0035        0.0032
      -0.0264        0.3215       -0.0744
       0.0171       -0.1574        0.0379
      -0.0201        0.2329       -0.0594
       0.0267       -0.2524        0.0708
       0.0249       -0.2323        0.0581
      -0.0222        0.2293       -0.0666
      -0.0132        0.0473       -0.0147
      -0.0043       -0.0257        0.0002
       0.0127        0.0274        0.0125
       0.0208       -0.1821        0.0565
      -0.0083        0.1478       -0.0430
      -0.0023       -0.0620       -0.0033
       0.0163       -0.2638        0.0589
      -0.0052       -0.0885        0.0287
      -0.0018        0.0021       -0.0004
      -0.0095        0.1115       -0.0294
       0.0015       -0.0075        0.0018
      -0.0257        0.2927       -0.0729
      -0.0173        0.1774       -0.0478
      -0.0412       -0.1122       -0.1186
       0.0503       -0.0339        0.1529
       0.0081        0.0185       -0.0054
      -0.0033        0.0208        0.0267
       0.0109        0.0115       -0.0135
      -0.0257        0.2989       -0.0752

350.62042282960107
       0.0324       -0.0346       -0.1566
      -0.0630       -0.0362       -0.1055
       0.0195       -0.0001        0.0063
       0.0235       -0.0526       -0.2127
      -0.1490       -0.0278       -0.0724
       0.0707        0.0124        0.0380
      -0.1385       -0.0334       -0.0947
      -0.0954       -0.0169       -0.0385
       0.1268        0.0022       -0.0267
      -0.1170        0.0020        0.0589
       0.3352        0.0971        0.2668
       0.0927        0.1045        0.3230
      -0.0641       -0.0669       -0.2255
      -0.0888        0.0327        0.1726
      -0.1453       -0.0551       -0.1301
       0.2945        0.0067       -0.0902
      -0.2401        0.0224        0.1624
       0.0350       -0.0068       -0.0364
      -0.0195       -0.0161       -0.0526
       0.0099        0.0064        0.0323
       0.0162       -0.0174       -0.0702
       0.0052        0.0240        0.1178
       0.1444        0.0440        0.1102
       0.1420        0.0400        0.1011
       0.0932        0.0172        0.0291
       0.0357        0.0443        0.1459
       0.0389        0.0511        0.1469
      -0.0216       -0.0205       -0.0917

392.71931683118476
      -0.0130        0.0230        0.0497
       0.0859       -0.0514       -0.1495
       0.0337       -0.0140        0.0420
      -0.0159        0.0266        0.1454
       0.0166        0.0040       -0.0655
       0.0912       -0.0045       -0.0425
       0.0378        0.0289        0.0592
       0.0398        0.0148       -0.0076
      -0.0115       -0.0615       -0.2071
       0.1378        0.0174        0.0001
      -0.3000       -0.0499       -0.0938
       0.1063        0.1088        0.3366
      -0.0085        0.0403        0.1367
       0.0796        0.0411        0.1736
       0.1529       -0.1238       -0.5079
      -0.2773       -0.0566       -0.1520
      -0.1017        0.0552        0.2261
      -0.0380       -0.0062        0.0039
       0.0227       -0.0204       -0.0496
       0.0123       -0.0121        0.0119
      -0.0080       -0.0003        0.0485
      -0.0799       -0.0228       -0.0281
      -0.0861       -0.0113       -0.0243
      -0.0891       -0.0127       -0.0374
       0.0814        0.0191        0.0499
       0.0374        0.0417        0.1362
       0.0433        0.0509        0.1387
      -0.0010        0.0139        0.0453

432.1629938658932
      -0.0088        0.0744       -0.0355
      -0.0179        0.1476        0.0142
       0.0084       -0.0714        0.0089
       0.0051       -0.0946       -0.0362
       0.0183       -0.2674        0.1027
      -0.0024        0.1754       -0.0457
       0.0089       -0.2537        0.0438
      -0.0216       -0.0943        0.0412
      -0.0132        0.2106        0.0079
       0.0296        0.0669       -0.0214
      -0.0122       -0.0181       -0.0197
       0.0030        0.0127        0.0194
      -0.0428        0.4493       -0.1715
      -0.0466        0.0230       -0.0305
       0.0482       -0.0524       -0.0681
       0.0069       -0.1153        0.1273
       0.0209       -0.0463        0.0420
       0.0100        0.0691       -0.0162
      -0.0085        0.0680       -0.0086
       0.0004        0.0140       -0.0000
       0.0088       -0.0928        0.0048
       0.0188        0.0461       -0.0302
      -0.0383       -0.0313       -0.0439
       0.0051       -0.0107        0.0215
      -0.0008        0.0115        0.0044
      -0.0030        0.0097        0.0164
       0.0045        0.0046       -0.0083
       0.0546       -0.6156        0.1435

440.7078738687336
      -0.0155        0.0481        0.0757
       0.0402       -0.0161       -0.2364
      -0.0297        0.0076        0.0259
      -0.0209        0.0503        0.2766
       0.0464       -0.1025       -0.1295
      -0.0735        0.0061       -0.0206
       0.0676       -0.0184        0.0948
       0.1510       -0.0363       -0.0638
      -0.0246       -0.0427       -0.2934
      -0.1630       -0.0069        0.0114
       0.0876        0.0367        0.1230
      -0.0216       -0.0217       -0.0769
      -0.0356        0.1546        0.2217
       0.2230        0.0652        0.1465
      -0.1929        0.0556        0.3058
       0.0445       -0.1385       -0.4518
      -0.0739       -0.0387       -0.1012
      -0.0866        0.0108       -0.0095
       0.0158        0.0164       -0.0456
      -0.0147        0.0077       -0.0262
      -0.0105       -0.0012        0.0907
      -0.1143        0.0226        0.0913
       0.0956        0.0255        0.0753
       0.1023        0.0272        0.0861
      -0.0004       -0.0111       -0.0269
      -0.0115       -0.0023       -0.0207
      -0.0040       -0.0034       -0.0177
       0.0067       -0.1123        0.1148

449.5142128105906
      -0.0015       -0.0170       -0.0023
      -0.0212        0.3184       -0.0813
      -0.0332        0.4152       -0.1089
      -0.0084        0.0545       -0.0255
       0.0176       -0.2010        0.0550
       0.0524       -0.4820        0.1251
       0.0021       -0.0227        0.0022
       0.0052       -0.1490        0.0399
       0.0272       -0.2678        0.0718
       0.0335       -0.1706        0.0493
      -0.0152        0.0003       -0.0062
       0.0007       -0.0112        0.0178
       0.0045       -0.0538        0.0054
      -0.0136        0.0557       -0.0035
       0.0053        0.0804       -0.0476
      -0.0213        0.1187       -0.0161
      -0.0122        0.1281       -0.0214
      -0.0045        0.0654       -0.0181
      -0.0218        0.2675       -0.0713
      -0.0279        0.3261       -0.0841
      -0.0066        0.0577       -0.0180
      -0.0008        0.0225       -0.0099
       0.0175       -0.0254       -0.0199
      -0.0283       -0.0181        0.0234
       0.0021       -0.0176        0.0091
       0.0135       -0.0202       -0.0188
      -0.0103       -0.0075        0.0350
       0.0121       -0.1356        0.0334

509.8197044052649
       0.1750        0.0901        0.2805
      -0.2615       -0.0116        0.0198
      -0.2137        0.0044        0.0774
       0.1508        0.0513        0.1464
      -0.1653       -0.0120        0.0162
      -0.0622       -0.0074        0.0280
      -0.2947       -0.0205        0.0352
       0.2541        0.0425        0.0722
      -0.1014       -0.0054        0.0447
       0.0831        0.0079       -0.0067
       0.1149        0.0252        0.0607
       0.0129        0.0041        0.0092
      -0.2634       -0.0248       -0.0093
       0.2638       -0.0975       -0.4533
       0.0973       -0.0488       -0.2142
       0.0785       -0.0073       -0.0736
       0.0638        0.0176        0.0323
       0.0365        0.0219        0.0767
      -0.0747        0.0009        0.0025
      -0.0568        0.0158        0.0566
       0.1158        0.0032       -0.0197
      -0.0120        0.0062        0.0373
       0.0571        0.0149        0.0341
       0.0546        0.0122        0.0321
      -0.0063        0.0022        0.0128
       0.0028       -0.0012       -0.0050
       0.0028       -0.0009       -0.0045
      -0.0800       -0.0231       -0.0692

536.6712992859194
       0.0274       -0.3409        0.0950
       0.0130       -0.1583        0.0414
       0.0006        0.0038       -0.0086
      -0.0380        0.3736       -0.0940
      -0.0284        0.3422       -0.0917
      -0.0038        0.0233       -0.0100
      -0.0124        0.1407       -0.0430
       0.0162       -0.1146        0.0301
       0.0070       -0.0891        0.0227
      -0.0019        0.0186       -0.0051
       0.0016        0.0064       -0.0007
      -0.0011        0.0011        0.0025
       0.0093       -0.2045        0.0535
       0.0019        0.0707       -0.0160
       0.0013       -0.0065        0.0040
      -0.0038        0.0594       -0.0170
       0.0007       -0.0068        0.0041
      -0.0041        0.0167       -0.0032
       0.0118       -0.1375        0.0361
       0.0027       -0.0292        0.0050
      -0.0274        0.3058       -0.0797
       0.0021       -0.0268        0.0076
       0.0067        0.0148        0.0146
      -0.0063        0.0051       -0.0185
      -0.0003        0.0013        0.0004
      -0.0013        0.0014        0.0024
       0.0005        0.0007       -0.0013
       0.0491       -0.5681        0.1489

559.089799404376
      -0.1944        0.0131        0.1239
      -0.0550        0.0020        0.0204
       0.2349       -0.0347       -0.2215
      -0.3081       -0.0333       -0.0044
       0.0768       -0.0382       -0.1649
       0.0592       -0.0099       -0.0659
       0.0114       -0.0869       -0.2983
       0.2589        0.0172       -0.0747
       0.0543        0.0317        0.1060
       0.0014       -0.0017       -0.0089
      -0.0065       -0.0040       -0.0145
      -0.0221        0.0138        0.0612
      -0.4316       -0.0547       -0.0697
       0.3812        0.0748        0.1693
       0.0108        0.0302        0.1051
       0.0022        0.0632        0.2446
      -0.0206        0.0049        0.0408
      -0.1367       -0.0148        0.0072
      -0.0165       -0.0014        0.0007
       0.0661       -0.0102       -0.0697
      -0.0423       -0.0170       -0.0441
       0.0658       -0.0011       -0.0328
      -0.0391       -0.0120       -0.0278
      -0.0389       -0.0098       -0.0254
      -0.0000        0.0058        0.0105
      -0.0029        0.0044        0.0242
      -0.0061        0.0043        0.0203
      -0.1117        0.0182        0.0359

587.2062093395444
      -0.0195        0.1148        0.4569
       0.2860        0.0347        0.0327
      -0.0056       -0.0645       -0.2475
      -0.0531       -0.0318       -0.0954
       0.1331        0.0636        0.1957
      -0.0232       -0.0541       -0.2120
       0.0757       -0.0479       -0.1824
      -0.0997        0.1004        0.3913
       0.0564       -0.0397       -0.1365
      -0.0013       -0.0082       -0.0382
       0.0072       -0.0039       -0.0186
      -0.0437        0.0307        0.1298
      -0.0607       -0.0393       -0.1349
      -0.2004       -0.0566       -0.1428
       0.0077        0.0384        0.1400
      -0.0066       -0.0523       -0.2069
      -0.0724        0.0058        0.0554
       0.1205        0.0566        0.1783
       0.0807        0.0093       -0.0008
      -0.0059       -0.0223       -0.0932
       0.0455       -0.0165       -0.0811
      -0.0467       -0.0002        0.0143
       0.0278        0.0064        0.0112
       0.0275        0.0042        0.0120
       0.0095        0.0056        0.0159
      -0.0086        0.0124        0.0528
      -0.0080        0.0152        0.0516
      -0.0113        0.0084        0.0051

608.7369789336306
      -0.0024        0.1032       -0.0125
       0.0127       -0.0080       -0.0106
       0.0188       -0.0816        0.0280
       0.0126       -0.1015        0.0218
       0.0115       -0.2201        0.0573
       0.0324       -0.1681        0.0460
      -0.0620        0.5576       -0.1485
       0.0362       -0.3769        0.1070
      -0.0156        0.3881       -0.1042
       0.0223       -0.2134        0.0595
      -0.0119       -0.0113        0.0000
       0.0004       -0.0037       -0.0001
      -0.0109       -0.0843        0.0112
      -0.0107        0.1358       -0.0450
      -0.0162        0.1042       -0.0195
       0.0019       -0.0961        0.0388
      -0.0154        0.0802       -0.0257
      -0.0166        0.2399       -0.0572
       0.0138       -0.1325        0.0241
       0.0222       -0.1981        0.0609
       0.0033        0.0271       -0.0128
       0.0023        0.0023       -0.0041
      -0.0227       -0.0009       -0.0038
       0.0084        0.0023       -0.0033
       0.0027       -0.0133        0.0023
       0.0089       -0.0123       -0.0162
      -0.0069       -0.0034        0.0217
      -0.0036       -0.0214       -0.0002

634.4817040613186
       0.1485        0.0298        0.0568
       0.2140       -0.0455       -0.2480
       0.1506        0.0797        0.2355
       0.1540        0.0272        0.0098
      -0.1737       -0.0083       -0.0267
       0.3295        0.0520        0.0286
      -0.2127       -0.0338        0.0745
      -0.0053        0.0185        0.0281
       0.3440       -0.0166       -0.1108
      -0.0917       -0.0050       -0.0348
      -0.2146       -0.0236       -0.0200
       0.0184       -0.0157       -0.0704
      -0.1668       -0.0227       -0.0596
      -0.0174       -0.0375       -0.1063
      -0.1179        0.0413        0.2251
      -0.1108        0.0458        0.1923
      -0.1883       -0.0586       -0.1162
       0.0618       -0.0054        0.0269
       0.0417       -0.0385       -0.2040
       0.0597        0.0619        0.1821
       0.0912       -0.0079       -0.0344
       0.0382       -0.0110       -0.0473
      -0.1127       -0.0237       -0.0413
      -0.1159       -0.0177       -0.0463
       0.0431       -0.0131       -0.0570
       0.0056        0.0061        0.0088
       0.0107        0.0062        0.0097
      -0.0533       -0.0388       -0.0842

696.2232013406746
       0.0058       -0.0614        0.0163
       0.0232       -0.1840        0.0492
      -0.0206        0.1798       -0.0408
      -0.0123        0.1198       -0.0356
      -0.0033        0.0613       -0.0121
       0.0222       -0.2231        0.0630
       0.0234       -0.2873        0.0772
      -0.0237        0.2756       -0.0700
      -0.0484        0.5524       -0.1463
       0.0462       -0.3907        0.1121
      -0.0028       -0.0076        0.0021
      -0.0009        0.0012       -0.0012
      -0.0004       -0.0272        0.0044
       0.0081       -0.0724        0.0187
      -0.0183        0.1387       -0.0421
       0.0065       -0.0929        0.0135
      -0.0114        0.1142       -0.0313
       0.0198       -0.2068        0.0542
       0.0218       -0.2230        0.0588
      -0.0158        0.1616       -0.0392
       0.0040       -0.0459        0.0101
      -0.0037       -0.0008        0.0015
      -0.0145        0.0027        0.0009
       0.0151        0.0043       -0.0009
       0.0009       -0.0159        0.0052
       0.0122       -0.0155       -0.0232
      -0.0108       -0.0042        0.0266
       0.0016       -0.0285        0.0064

719.359310523123
       0.0352        0.0428        0.1305
      -0.3302       -0.0164        0.0547
       0.5925        0.0735        0.0827
       0.0204       -0.0139       -0.0845
      -0.0209       -0.0181       -0.0657
       0.1272        0.0932        0.3282
       0.1123       -0.0184       -0.1009
      -0.0633        0.0185        0.1168
      -0.1169        0.0042        0.0525
      -0.0740        0.0355        0.1178
      -0.1496       -0.0131        0.0007
       0.0481       -0.0260       -0.1156
      -0.0311       -0.0200       -0.0683
      -0.1213       -0.0160       -0.0217
      -0.1038       -0.0427       -0.0856
      -0.0376       -0.0793       -0.2989
       0.1220        0.0150        0.0054
       0.0779        0.0149        0.0645
      -0.0897        0.0132        0.0685
       0.1731        0.0241        0.0167
       0.0376       -0.0165       -0.0497
      -0.1257       -0.0027        0.0347
       0.0050        0.0087        0.0284
       0.0048        0.0069        0.0281
      -0.0333       -0.0014        0.0133
       0.0032       -0.0142       -0.0682
       0.0060       -0.0201       -0.0664
      -0.0065       -0.0073       -0.0042

757.911716075264
      -0.0012        0.0140       -0.0041
       0.0058       -0.0350        0.0090
      -0.0041        0.0684       -0.0137
       0.0289       -0.3345        0.0844
      -0.0380        0.4306       -0.1110
       0.0053       -0.0479        0.0179
       0.0285       -0.3343        0.0877
       0.0263       -0.2853        0.0741
      -0.0005        0.0180       -0.0052
       0.0028       -0.0414        0.0155
      -0.0028        0.0015       -0.0005
       0.0010       -0.0000       -0.0026
      -0.0188        0.1804       -0.0490
      -0.0041        0.0647       -0.0168
      -0.0052        0.0089       -0.0053
      -0.0023        0.0237       -0.0094
       0.0022        0.0106       -0.0020
      -0.0448        0.5074       -0.1319
       0.0192       -0.2129        0.0549
      -0.0115        0.1353       -0.0334
      -0.0199        0.2261       -0.0600
      -0.0000       -0.0151        0.0041
       0.0001        0.0050        0.0044
      -0.0014        0.0022       -0.0059
      -0.0009       -0.0011        0.0010
       0.0012       -0.0016       -0.0036
      -0.0009       -0.0008        0.0006
      -0.0132        0.1375       -0.0365

771.2287907277661
      -0.1366       -0.0467       -0.0752
       0.3585        0.0700        0.1200
      -0.1706        0.0572        0.2901
      -0.2567       -0.1150       -0.3372
       0.1427        0.0535        0.2076
      -0.0200        0.0857        0.1958
      -0.0898        0.0374        0.1377
       0.1503        0.0361        0.0081
       0.0250       -0.0330       -0.0259
      -0.0752       -0.0007        0.1514
      -0.0835       -0.0138       -0.0288
       0.0473       -0.0212       -0.0941
      -0.1169       -0.0575       -0.1805
       0.2512        0.0163        0.0014
      -0.1456       -0.0414       -0.1306
      -0.0055       -0.0489       -0.2073
       0.1407        0.0336        0.0316
      -0.0117        0.0072       -0.0188
       0.1102        0.0407        0.0740
      -0.0416        0.0129        0.1426
      -0.0799       -0.0200       -0.1034
      -0.0754       -0.0042        0.0125
       0.0094        0.0056        0.0123
       0.0072        0.0021        0.0130
      -0.0429        0.0029        0.0281
       0.0056       -0.0170       -0.0687
       0.0023       -0.0235       -0.0653
      -0.0319       -0.0097       -0.0357

794.4516579044255
       0.0127       -0.0044        0.0088
      -0.0248        0.0365       -0.0220
       0.0109        0.0431       -0.0343
       0.0218       -0.0111        0.0292
      -0.0085       -0.0117       -0.0145
      -0.0423        0.4567       -0.1260
       0.0111       -0.0616        0.0035
      -0.0115       -0.0007       -0.0019
       0.0212       -0.2834        0.0747
       0.0798       -0.6760        0.1916
       0.0045        0.0051        0.0013
      -0.0013        0.0091       -0.0026
      -0.0015        0.0402        0.0007
      -0.0184       -0.0062        0.0022
      -0.0274        0.2160       -0.0578
      -0.0042        0.0535       -0.0006
      -0.0184        0.1697       -0.0460
      -0.0012        0.0304       -0.0063
      -0.0153        0.0983       -0.0324
       0.0273       -0.2622        0.0586
       0.0056        0.0245       -0.0001
       0.0043        0.0010       -0.0006
       0.0040        0.0001       -0.0005
      -0.0049       -0.0007       -0.0006
       0.0016       -0.0211        0.0070
       0.0141       -0.0156       -0.0284
      -0.0129       -0.0018        0.0318
       0.0010       -0.0082        0.0038

827.1926103121451
       0.0588       -0.3268        0.1094
       0.0434       -0.0742       -0.0466
       0.0008       -0.0223       -0.0355
       0.0584       -0.1254        0.0907
       0.0128       -0.2478        0.0167
      -0.0302       -0.0190        0.0074
      -0.0042        0.1172       -0.0588
      -0.0752        0.5278       -0.1460
       0.0179        0.0638       -0.0408
      -0.0659        0.0370        0.0554
       0.0145        0.0023        0.0087
       0.0119        0.0019        0.0036
      -0.0224        0.0224        0.0082
      -0.0277       -0.1645        0.0483
      -0.1067       -0.0356       -0.0510
       0.0012       -0.0099        0.0648
       0.1413        0.0235        0.0481
      -0.0362        0.4555       -0.1125
      -0.0072        0.1710       -0.0877
      -0.0021       -0.0280       -0.0297
      -0.0025        0.3015       -0.0705
       0.0245        0.0131       -0.0093
      -0.0067       -0.0067       -0.0088
      -0.0079       -0.0036       -0.0016
      -0.0433        0.0091        0.0471
      -0.0058       -0.0079       -0.0355
      -0.0038       -0.0125       -0.0363
      -0.0061       -0.0057       -0.0013

830.6435768448038
       0.0488        0.1262        0.0535
       0.1550       -0.0177       -0.1999
      -0.0498       -0.0290       -0.1121
       0.0920        0.0833        0.1086
      -0.0103        0.0361       -0.1419
      -0.1235       -0.0132        0.0135
       0.0245       -0.0550       -0.0635
      -0.0507       -0.1656        0.0239
       0.0758       -0.0295       -0.0756
      -0.2160        0.0447        0.2125
       0.0597        0.0116        0.0228
       0.0435        0.0094        0.0180
      -0.0521       -0.0076        0.0197
      -0.1005        0.0451        0.0048
      -0.3688       -0.1011       -0.1879
      -0.0045        0.0565        0.1974
       0.4930        0.1017        0.1603
       0.0191       -0.1372        0.0583
       0.0430       -0.0870       -0.1052
      -0.0270       -0.0243       -0.1143
       0.0668       -0.0787        0.0319
       0.0903       -0.0003       -0.0227
      -0.0237       -0.0091       -0.0199
      -0.0225       -0.0041       -0.0222
      -0.1509        0.0301        0.1664
      -0.0172       -0.0280       -0.1249
      -0.0136       -0.0443       -0.1217
      -0.0160       -0.0012       -0.0100

905.5941590126632
      -0.0363        0.0820        0.0236
       0.0003       -0.4352        0.0749
      -0.0353        0.1829       -0.0331
      -0.0408       -0.0535       -0.0331
      -0.0349        0.1890       -0.0670
       0.0088       -0.0882        0.0226
       0.0159       -0.0755        0.0287
       0.0287       -0.1450        0.0625
      -0.0076        0.1784       -0.0605
      -0.0080        0.0534       -0.0102
       0.0095        0.0018        0.0052
       0.0022       -0.0006       -0.0011
       0.0714        0.0275       -0.0124
       0.0259        0.0303       -0.0140
      -0.0026       -0.0120        0.0007
       0.0009       -0.0501        0.0390
       0.0051       -0.0094        0.0038
       0.0120       -0.0485        0.0322
      -0.0739        0.6971       -0.2061
       0.0191       -0.2696        0.0772
      -0.0285        0.0416       -0.0140
       0.0101        0.0352       -0.0118
       0.0071       -0.0116       -0.0088
      -0.0131       -0.0079        0.0072
      -0.0013        0.0008        0.0012
      -0.0004        0.0002       -0.0011
       0.0008       -0.0007       -0.0030
       0.0220        0.0067        0.0124

910.6012260228038
      -0.1761        0.0425        0.2973
      -0.2702       -0.0291       -0.2659
      -0.1052       -0.0170        0.1112
      -0.2721       -0.0862       -0.2672
      -0.1317       -0.0773       -0.1276
       0.0184        0.0225        0.0068
       0.0646        0.0308        0.0414
       0.0822        0.0772        0.1441
       0.0659       -0.0457       -0.0958
      -0.0037       -0.0027        0.0491
       0.0555        0.0154        0.0415
       0.0198       -0.0069       -0.0366
       0.4916        0.0337       -0.0281
       0.1698       -0.0032       -0.0377
      -0.0143       -0.0010       -0.0103
      -0.0273        0.0480        0.1612
      -0.0151        0.0035        0.0068
       0.0600        0.0578        0.1209
      -0.0857       -0.1515       -0.1568
      -0.0362        0.0582        0.0218
      -0.1556       -0.0242       -0.0088
       0.0875       -0.0021       -0.0153
      -0.0291       -0.0104       -0.0182
      -0.0272       -0.0024       -0.0234
       0.0011       -0.0027       -0.0056
       0.0034       -0.0024       -0.0149
       0.0032       -0.0040       -0.0121
       0.1475        0.0342        0.0906

927.4806109836379
       0.0006       -0.0359        0.0125
      -0.0217        0.1572       -0.0434
      -0.0392        0.4336       -0.1120
      -0.0069        0.0199       -0.0100
       0.0009       -0.0636        0.0163
       0.0221       -0.1974        0.0470
       0.0141       -0.1635        0.0441
      -0.0050        0.0784       -0.0160
       0.0071       -0.0595        0.0159
      -0.0190        0.1608       -0.0473
      -0.0033       -0.0006        0.0010
      -0.0018       -0.0016        0.0045
       0.0080        0.0383       -0.0080
       0.0056       -0.0173        0.0029
       0.0046       -0.0349        0.0107
      -0.0001        0.0184       -0.0070
       0.0056       -0.0300        0.0062
      -0.0005        0.0274       -0.0053
       0.0229       -0.2931        0.0737
       0.0655       -0.7172        0.1952
      -0.0018       -0.0268        0.0079
      -0.0004       -0.0128        0.0039
      -0.0070        0.0039        0.0019
       0.0055        0.0034       -0.0033
      -0.0004        0.0035       -0.0003
      -0.0024        0.0014        0.0044
       0.0014        0.0002       -0.0034
       0.0043       -0.0098        0.0054

948.3422737435917
       0.0217       -0.2488        0.0602
       0.0071       -0.0485        0.0173
       0.0008       -0.0081        0.0005
      -0.0311        0.3635       -0.0923
      -0.0050        0.0684       -0.0132
       0.0001        0.0080       -0.0053
       0.0021       -0.0460        0.0112
       0.0049       -0.0464        0.0107
       0.0005        0.0107       -0.0012
      -0.0021       -0.0073       -0.0013
      -0.0009        0.0002       -0.0007
      -0.0019        0.0017        0.0065
      -0.0013       -0.0195        0.0041
      -0.0002        0.0034       -0.0010
      -0.0051        0.0008       -0.0007
       0.0007       -0.0032       -0.0005
       0.0087        0.0015       -0.0022
      -0.0437        0.4613       -0.1221
      -0.0054        0.0710       -0.0164
      -0.0012        0.0152       -0.0046
       0.0636       -0.7086        0.1848
      -0.0008        0.0027       -0.0009
       0.0021       -0.0010       -0.0002
      -0.0019       -0.0008        0.0011
      -0.0027        0.0006        0.0039
      -0.0007       -0.0000       -0.0004
      -0.0008       -0.0003       -0.0001
      -0.0062        0.0588       -0.0169

969.6482133992257
       0.0419        0.0354        0.1344
       0.1452       -0.0268       -0.1455
      -0.0492        0.0185        0.0634
       0.0411        0.0069       -0.0114
       0.1676       -0.0356       -0.2051
      -0.1961        0.0419        0.2557
       0.1073        0.0060        0.0002
      -0.0688       -0.0244       -0.0640
      -0.1772       -0.0415       -0.1048
       0.1057        0.0883        0.2477
       0.2126        0.0180       -0.0018
       0.1589       -0.0893       -0.3833
      -0.1451       -0.0288       -0.0609
      -0.1077        0.0042        0.0499
       0.1926        0.0069       -0.0537
      -0.1306        0.0265        0.1489
      -0.3608        0.0086        0.1917
       0.0484        0.0218        0.0525
       0.0560        0.0149        0.0353
      -0.0307       -0.0381       -0.0954
       0.0977       -0.0213       -0.0744
       0.0997        0.0048       -0.0165
       0.0274       -0.0012       -0.0159
       0.0282       -0.0020       -0.0151
       0.0919       -0.0318       -0.1567
       0.0476       -0.0005       -0.0299
       0.0486       -0.0049       -0.0304
      -0.0420       -0.0093       -0.0274

1040.523437037939
      -0.0525       -0.0248       -0.0816
      -0.0382        0.0138        0.0727
      -0.0697       -0.0630       -0.2177
       0.0164        0.0326        0.1134
      -0.1477        0.0321        0.1710
       0.0703       -0.0197       -0.0889
      -0.0833       -0.0399       -0.1250
       0.0413        0.0148        0.0543
       0.2076        0.0483        0.1107
      -0.0170        0.0466        0.1674
      -0.3088       -0.0189        0.0289
       0.2249       -0.0758       -0.3603
       0.1308        0.0123        0.0044
       0.0554       -0.0023       -0.0335
      -0.0320       -0.0103       -0.0207
       0.2905       -0.0090       -0.1271
      -0.2136        0.0893        0.4065
      -0.1308       -0.0297       -0.0633
      -0.0336       -0.0340       -0.1281
      -0.0284       -0.0316       -0.1123
      -0.0627        0.0158        0.0957
      -0.0924       -0.0048        0.0105
      -0.0552       -0.0052        0.0149
      -0.0569        0.0023        0.0135
      -0.0016       -0.0089       -0.0358
       0.0363       -0.0048       -0.0869
       0.0424       -0.0318       -0.0816
       0.0366        0.0030       -0.0049

1073.7290667990164
       0.1118       -0.0750       -0.3267
       0.0036        0.0027        0.0079
       0.2207       -0.0071       -0.1026
      -0.0730       -0.0262       -0.0768
      -0.1745        0.0561        0.2760
       0.0401       -0.0313       -0.1277
      -0.0866       -0.0068        0.0054
       0.0704        0.0702        0.2453
      -0.0824       -0.0392       -0.1266
      -0.0241        0.0019        0.0202
       0.3740        0.0194       -0.0531
       0.0870       -0.0175       -0.0992
      -0.0822        0.0464        0.2060
       0.1077       -0.0133       -0.0866
      -0.0462       -0.0034        0.0075
      -0.4185       -0.0259        0.0406
      -0.0347        0.0407        0.1593
       0.1899        0.0041       -0.0492
      -0.0159       -0.0269       -0.0974
       0.0682       -0.0003       -0.0264
      -0.1738        0.0124        0.1059
       0.0554        0.0050        0.0038
       0.0763        0.0105       -0.0133
       0.0750       -0.0038       -0.0097
      -0.0230        0.0028        0.0207
       0.0073       -0.0013       -0.0406
       0.0099       -0.0175       -0.0357
      -0.0145        0.0318        0.1283

1094.0074997266788
       0.2328       -0.0272       -0.1824
      -0.0468       -0.0258       -0.0800
      -0.1016       -0.0125       -0.0124
      -0.1102       -0.0603       -0.2009
       0.0581       -0.0259       -0.1271
      -0.1076        0.0060        0.0575
       0.1220        0.0268        0.0632
      -0.0064        0.0228        0.0979
       0.0629        0.0133        0.0310
       0.0184        0.0062        0.0123
      -0.2632       -0.0042        0.0695
      -0.0423        0.0024        0.0286
      -0.2707        0.0529        0.2971
      -0.0070       -0.0041       -0.0159
       0.0475        0.0032       -0.0099
       0.3266        0.0279        0.0000
       0.0003       -0.0186       -0.0643
       0.5207        0.0702        0.0944
      -0.0183       -0.0149       -0.0595
      -0.0543       -0.0505       -0.1727
      -0.0912       -0.0143       -0.0143
       0.0053       -0.0024       -0.0108
      -0.0692       -0.0168        0.0000
      -0.0723        0.0029       -0.0045
       0.0216       -0.0039       -0.0266
      -0.0007        0.0011        0.0252
      -0.0019        0.0110        0.0207
      -0.0590        0.0580        0.2382

1136.6800940516148
      -0.0548       -0.0227       -0.0683
       0.1683       -0.0213       -0.1380
       0.1578       -0.0081       -0.0907
       0.0152        0.0138        0.0445
      -0.1804        0.0459        0.2391
      -0.2631        0.0687        0.3548
      -0.0472       -0.0044        0.0057
       0.0414        0.0332        0.1123
      -0.0625        0.0039        0.0356
       0.0506        0.0376        0.1101
      -0.0320        0.0104        0.0515
      -0.1875        0.0000        0.0987
       0.0493       -0.0144       -0.0741
       0.0729       -0.0059       -0.0478
       0.1338        0.0043       -0.0408
       0.0675        0.0015       -0.0169
       0.0571       -0.0681       -0.2745
      -0.1992       -0.0403       -0.0829
       0.0039       -0.0953       -0.3662
       0.0007       -0.0988       -0.3685
      -0.0290        0.0085        0.0427
       0.0342        0.0027       -0.0023
      -0.0329       -0.0145       -0.0119
      -0.0333        0.0017       -0.0163
       0.1055       -0.0221       -0.1359
      -0.0012        0.0058        0.1154
       0.0012        0.0565        0.0908
       0.0070       -0.0208       -0.0816

1174.494637622662
       0.0005       -0.0003       -0.0004
       0.0016       -0.0033       -0.0004
       0.0006       -0.0018       -0.0002
      -0.0007       -0.0003       -0.0008
      -0.0015        0.0022       -0.0006
       0.0005       -0.0068        0.0012
      -0.0013       -0.0002        0.0007
       0.0005       -0.0006        0.0005
      -0.0012        0.0063       -0.0011
      -0.0002       -0.0009       -0.0004
       0.0344       -0.4033        0.1024
       0.0077       -0.0564        0.0158
      -0.0003        0.0004        0.0005
       0.0009        0.0001       -0.0002
       0.0002        0.0021       -0.0006
      -0.0176        0.2082       -0.0528
      -0.0043        0.0299       -0.0074
       0.0020        0.0012        0.0004
      -0.0011        0.0219       -0.0038
       0.0003        0.0036        0.0012
      -0.0015       -0.0001        0.0010
      -0.0245        0.2519       -0.0646
      -0.5670        0.1286        0.0782
       0.5444        0.1645       -0.1520
      -0.0051        0.0364       -0.0092
      -0.0480        0.0325        0.0588
       0.0431        0.0066       -0.0714
      -0.0001        0.0007        0.0001

1175.7582041756511
       0.0010        0.0006        0.0017
       0.0001        0.0006        0.0002
      -0.0009        0.0010       -0.0003
      -0.0007       -0.0001       -0.0000
       0.0006       -0.0015       -0.0040
       0.0024       -0.0083       -0.0012
      -0.0021       -0.0001       -0.0016
      -0.0004       -0.0004       -0.0018
      -0.0005        0.0018       -0.0002
       0.0026       -0.0151        0.0061
      -0.0044        0.0568       -0.0166
       0.0491       -0.3978        0.1134
       0.0018        0.0004        0.0009
      -0.0005        0.0001        0.0006
      -0.0022        0.0151       -0.0040
       0.0012       -0.0305        0.0087
      -0.0272        0.2143       -0.0621
       0.0036        0.0007        0.0016
       0.0012       -0.0018        0.0071
       0.0011        0.0009        0.0105
      -0.0017        0.0001        0.0013
       0.0010       -0.0358        0.0097
       0.0818       -0.0175       -0.0105
      -0.0754       -0.0233        0.0226
      -0.0322        0.2566       -0.0697
      -0.3382        0.2286        0.4166
       0.3040        0.0485       -0.4987
       0.0006        0.0004        0.0016

1206.5190182022932
       0.0016       -0.0213       -0.0831
       0.0308        0.0172        0.0566
       0.0367        0.0050        0.0102
       0.0175        0.0254        0.0909
      -0.0089       -0.0197       -0.0738
      -0.0478       -0.0169       -0.0472
      -0.1185       -0.0655       -0.2125
       0.0214        0.0476        0.1771
      -0.0690       -0.0599       -0.2097
       0.0051        0.0523        0.1846
      -0.0404        0.0606        0.2519
      -0.1682       -0.0393       -0.0705
       0.0640        0.0032       -0.0091
      -0.0035       -0.0059       -0.0224
      -0.0380       -0.0160       -0.0404
       0.1124       -0.0106       -0.0798
       0.1108        0.0072       -0.0200
      -0.0020       -0.0072       -0.0263
       0.0511        0.0882        0.3211
       0.0433        0.0710        0.2505
      -0.1732        0.0324        0.1855
       0.4078        0.0110       -0.0967
      -0.1727       -0.0894       -0.0969
      -0.1785        0.0032       -0.1214
       0.1490       -0.0441       -0.2195
       0.0407       -0.0010        0.1416
       0.0297        0.0825        0.1203
       0.0156       -0.0072       -0.0336

1209.937258444616
       0.0182        0.0118        0.0385
       0.1121        0.0053       -0.0155
      -0.0121       -0.0136       -0.0440
      -0.0562        0.0256        0.1157
      -0.0105       -0.0321       -0.1227
       0.0196        0.0058        0.0148
      -0.1340       -0.0444       -0.1264
      -0.0285       -0.0218       -0.0687
       0.0133        0.0316        0.1175
      -0.0066        0.0297        0.1051
      -0.0184       -0.0717       -0.2760
      -0.2029       -0.0527       -0.1074
       0.0910       -0.0027       -0.0407
       0.0191        0.0065        0.0149
      -0.0562       -0.0157       -0.0309
      -0.0291        0.0334        0.1429
       0.1578        0.0272        0.0349
       0.2421        0.0452        0.0933
       0.0385        0.0045        0.0019
       0.0127        0.0339        0.1192
      -0.2158        0.0342        0.2113
      -0.4141       -0.0134        0.0869
       0.1973        0.1006        0.1153
       0.2033       -0.0003        0.1424
       0.1796       -0.0544       -0.2688
       0.0535        0.0036        0.1929
       0.0382        0.1073        0.1692
       0.0171       -0.0194       -0.0833

1220.60975461642
       0.0043        0.0019        0.0059
      -0.1583       -0.0015        0.0470
      -0.0673        0.0006        0.0249
       0.0514       -0.0364       -0.1582
       0.0182        0.0261        0.0940
       0.0880       -0.0255       -0.1287
       0.1836        0.0485        0.1236
       0.0106       -0.0085       -0.0361
       0.1170        0.0108        0.0028
      -0.0368       -0.0096       -0.0168
       0.0543        0.0070        0.0131
      -0.2147       -0.0814       -0.1870
      -0.0991        0.0169        0.0995
      -0.0323       -0.0022        0.0034
      -0.1306       -0.0180       -0.0085
      -0.0902       -0.0187       -0.0449
       0.2227        0.0821        0.1891
      -0.2041       -0.0360       -0.0692
      -0.0679       -0.0348       -0.1120
      -0.0245       -0.0099       -0.0284
       0.3144       -0.0531       -0.3114
       0.0149        0.0023        0.0026
      -0.0193       -0.0073       -0.0155
      -0.0170       -0.0035       -0.0171
       0.2043       -0.0632       -0.3188
       0.0664        0.0168        0.2596
       0.0563        0.1345        0.2199
      -0.0068        0.0538        0.2088

1243.0563124684197
       0.0268       -0.0306       -0.1266
       0.0180       -0.0135       -0.0570
      -0.0202        0.0079        0.0409
       0.1042       -0.0202       -0.1158
      -0.0447       -0.0261       -0.0865
      -0.0818       -0.0168       -0.0351
       0.0184       -0.0512       -0.2028
       0.0588        0.0940        0.3431
      -0.0548       -0.0465       -0.1632
       0.0335        0.0744        0.2490
      -0.1070       -0.0497       -0.1583
       0.0132        0.0267        0.0826
      -0.0098        0.0380        0.1502
      -0.0456       -0.0161       -0.0469
       0.0507       -0.0041       -0.0360
       0.1426        0.0665        0.2117
      -0.0780       -0.0609       -0.1768
      -0.3469       -0.0732       -0.1617
       0.0243        0.0302        0.1061
       0.0189        0.0602        0.2181
       0.1373       -0.0215       -0.1276
      -0.2158       -0.0103        0.0327
       0.1372        0.0632        0.0864
       0.1409        0.0089        0.1008
      -0.0167        0.0084        0.0405
      -0.0125       -0.0195       -0.0851
      -0.0137       -0.0307       -0.0778
       0.0284        0.0788        0.2919

1268.3525520054854
      -0.0459       -0.0129       -0.0321
      -0.0764       -0.0175       -0.0469
       0.0010        0.0115        0.0390
       0.0155       -0.0160       -0.0631
      -0.0833       -0.0326       -0.0922
       0.2070        0.0257        0.0251
      -0.0800        0.0486        0.2171
       0.0371        0.0538        0.1844
       0.1290       -0.0426       -0.2070
      -0.0257       -0.0214       -0.0616
      -0.0420       -0.0242       -0.0806
      -0.0163       -0.0091       -0.0212
      -0.0023        0.0018        0.0046
       0.0140       -0.0075       -0.0281
      -0.0441        0.0015        0.0234
       0.0052        0.0332        0.1263
       0.0373        0.0153        0.0327
      -0.0995       -0.0173       -0.0400
       0.0540        0.1385        0.5201
      -0.0758       -0.1592       -0.5739
      -0.0477        0.0041        0.0240
      -0.0439       -0.0066       -0.0096
       0.0548        0.0345        0.0399
       0.0568       -0.0020        0.0489
       0.0120       -0.0046       -0.0218
       0.0022        0.0069        0.0332
       0.0039        0.0130        0.0281
      -0.0264       -0.0562       -0.2009

1292.7482755228148
       0.0259       -0.0149       -0.0693
      -0.2009        0.0321        0.1929
      -0.2943       -0.0116        0.0545
       0.0098        0.0285        0.1062
       0.1467       -0.0042       -0.0676
       0.2116        0.0333        0.0554
       0.1744       -0.0329       -0.1885
      -0.0019        0.0183        0.0789
       0.4140        0.0535        0.0657
       0.0462        0.1154        0.3863
       0.1498        0.0099       -0.0071
      -0.0418        0.0222        0.0969
      -0.0719       -0.0246       -0.0685
      -0.0460       -0.0033        0.0021
      -0.0017       -0.0127       -0.0449
      -0.2896       -0.0615       -0.1461
      -0.0586       -0.0820       -0.2635
       0.0166       -0.0039       -0.0179
      -0.0848       -0.0278       -0.0853
      -0.1135       -0.0441       -0.1228
      -0.0731        0.0191        0.0987
      -0.0250        0.0028        0.0212
      -0.0461       -0.0072       -0.0359
      -0.0418       -0.0173       -0.0337
       0.0372       -0.0046       -0.0267
      -0.0049       -0.0288       -0.0713
      -0.0077       -0.0155       -0.0779
      -0.0198       -0.0070       -0.0225

1306.9758613604533
       0.0041       -0.0421       -0.1618
      -0.1446       -0.0563       -0.1689
      -0.0984        0.0140        0.0872
       0.0360        0.0121        0.0352
       0.4135        0.0088       -0.1074
       0.0179        0.0127        0.0394
       0.1760        0.0344        0.0719
       0.0615        0.1170        0.4267
      -0.1059        0.0042        0.0537
      -0.0271       -0.0805       -0.2732
      -0.0178       -0.0017       -0.0014
       0.0192       -0.0154       -0.0580
      -0.1435       -0.0404       -0.1066
      -0.0864       -0.0164       -0.0316
      -0.0305        0.0066        0.0358
       0.0533        0.0156        0.0413
       0.0503        0.0495        0.1490
      -0.1731       -0.0434       -0.1094
      -0.0707       -0.0695       -0.2424
      -0.0149        0.0311        0.1248
      -0.1842        0.0306        0.1774
      -0.0360       -0.0007        0.0130
       0.0016        0.0034        0.0059
       0.0023        0.0002        0.0072
      -0.0255        0.0024        0.0182
       0.0022        0.0211        0.0571
       0.0046        0.0119        0.0551
      -0.0723       -0.0819       -0.2898

1325.709396205713
       0.0811        0.0107        0.0119
       0.1728        0.0344        0.0736
      -0.0823        0.0267        0.1274
       0.0440       -0.0085       -0.0479
      -0.1399       -0.0855       -0.2813
      -0.1752        0.0667        0.3109
      -0.1223       -0.0914       -0.3095
       0.0073        0.0301        0.1155
       0.2451        0.0749        0.2098
      -0.0343       -0.1203       -0.4114
       0.1059        0.0101        0.0033
       0.0413       -0.0096       -0.0527
       0.0778        0.0281        0.0812
      -0.0330       -0.0065       -0.0136
       0.0478        0.0152        0.0341
      -0.1699       -0.0501       -0.1395
       0.0415        0.0475        0.1480
      -0.1172       -0.0223       -0.0455
       0.0624        0.0266        0.0808
      -0.0451       -0.0222       -0.0634
      -0.0400        0.0055        0.0349
      -0.0300        0.0018        0.0212
      -0.0679       -0.0047       -0.0349
      -0.0659       -0.0235       -0.0293
      -0.0623        0.0098        0.0654
      -0.0113        0.0368        0.0691
      -0.0076        0.0020        0.0771
       0.0526        0.0749        0.2704

1386.2912540230975
      -0.0235       -0.0047       -0.0104
      -0.0446        0.0765        0.3093
       0.1277        0.0978        0.3279
      -0.0136        0.0180        0.0733
      -0.2814       -0.0259       -0.0050
      -0.4471       -0.0847       -0.1690
       0.3765        0.0183       -0.0576
      -0.0219       -0.0083       -0.0242
       0.2655       -0.0580       -0.3149
      -0.0252       -0.0257       -0.0721
      -0.0379       -0.0139       -0.0421
       0.0200       -0.0057       -0.0294
      -0.0799       -0.0319       -0.0943
       0.0569       -0.0006       -0.0195
       0.0631        0.0048       -0.0121
       0.0533        0.0281        0.0894
       0.0013        0.0190        0.0624
       0.0555        0.0094        0.0183
      -0.0430       -0.0215       -0.0701
       0.0297        0.0046        0.0143
      -0.0255        0.0085        0.0403
      -0.0502       -0.0053        0.0052
       0.0369        0.0124        0.0186
       0.0390        0.0046        0.0216
      -0.0255        0.0006        0.0253
      -0.0036        0.0152        0.0272
      -0.0031       -0.0016        0.0254
      -0.0436       -0.0568       -0.2040

1421.851347287793
       0.3241        0.0649        0.1385
      -0.1208       -0.0215       -0.0421
      -0.1107        0.0012        0.0403
      -0.0317        0.0007        0.0135
       0.0166        0.0866        0.3280
       0.1478        0.0602        0.1784
       0.1429       -0.0166       -0.1125
       0.0283       -0.0629       -0.2512
      -0.0534       -0.0728       -0.2633
      -0.0020       -0.0317       -0.1157
      -0.0906       -0.0125       -0.0204
       0.0126       -0.0056       -0.0268
      -0.1061       -0.0767       -0.2590
      -0.1060       -0.0032        0.0244
      -0.0276        0.0023        0.0211
       0.0441        0.0327        0.1105
       0.0200        0.0073        0.0155
      -0.1442       -0.0233       -0.0399
      -0.0329        0.0057        0.0330
      -0.0462       -0.0147       -0.0358
      -0.2737        0.0370        0.2342
       0.0948       -0.0079       -0.0510
       0.0995        0.0124        0.0495
       0.1003        0.0296        0.0475
      -0.0413        0.0037        0.0402
      -0.0084        0.0239        0.0473
      -0.0069        0.0011        0.0495
       0.0230        0.0975        0.3676

1436.0135790623385
      -0.3605       -0.0900       -0.2237
      -0.1020       -0.0242       -0.0593
      -0.1355       -0.0152       -0.0131
      -0.0030        0.0773        0.3003
       0.0900        0.0592        0.1977
       0.1002        0.0860        0.2932
       0.0083       -0.0705       -0.2752
      -0.0116        0.0186        0.0757
       0.0168       -0.0550       -0.2178
      -0.0125       -0.0429       -0.1491
      -0.0697       -0.0121       -0.0239
       0.0254       -0.0108       -0.0496
       0.0839       -0.0053       -0.0499
       0.0983        0.0071       -0.0056
      -0.0007        0.0057        0.0203
       0.0026        0.0222        0.0837
       0.0227        0.0054        0.0067
       0.3260        0.0500        0.0807
      -0.0266        0.0062        0.0323
      -0.0426        0.0043        0.0349
       0.3324       -0.0199       -0.1928
       0.0834       -0.0062       -0.0462
       0.0878        0.0148        0.0458
       0.0884        0.0237        0.0445
      -0.0785        0.0093        0.0755
      -0.0208        0.0468        0.0851
      -0.0158       -0.0009        0.0941
       0.0311        0.0060        0.0139

1477.2036643471106
       0.0332        0.0089        0.0231
      -0.0093       -0.0066       -0.0223
       0.0163       -0.0146       -0.0608
      -0.0040       -0.0107       -0.0399
       0.0034        0.0018        0.0061
       0.0072       -0.0175       -0.0685
      -0.0081        0.0154        0.0628
       0.0010       -0.0040       -0.0163
       0.0129        0.0069        0.0219
      -0.0620        0.0533        0.2145
       0.0726        0.0044       -0.0044
       0.1021       -0.0652       -0.2720
      -0.0092        0.0059        0.0257
      -0.0077       -0.0001        0.0019
       0.0864        0.0028       -0.0267
       0.0157       -0.0003       -0.0050
      -0.0047       -0.0531       -0.1835
      -0.0295       -0.0044       -0.0065
       0.0032        0.0085        0.0323
       0.0128        0.0094        0.0299
      -0.0245       -0.0005        0.0069
      -0.1046        0.0063        0.0476
      -0.1083        0.0220       -0.0219
      -0.1048       -0.0474       -0.0068
      -0.4136        0.0590        0.3697
      -0.0715        0.2132        0.4044
      -0.0454        0.0180        0.4660
      -0.0075       -0.0084       -0.0297

1484.734741855135
       0.0051       -0.0110       -0.0427
      -0.0703       -0.0622       -0.2164
      -0.0024       -0.0238       -0.0890
      -0.0479        0.0226        0.1020
      -0.0426        0.0442        0.1855
      -0.0919        0.0124        0.0783
       0.1245        0.0240        0.0522
       0.0030        0.0010       -0.0004
       0.0608       -0.0101       -0.0583
       0.0229       -0.0124       -0.0543
       0.2690        0.0093       -0.0517
      -0.0126        0.0086        0.0582
      -0.0321       -0.0388       -0.1390
       0.0207       -0.0007       -0.0096
      -0.0101       -0.0007        0.0025
       0.0982        0.0213        0.0524
       0.0004        0.0078        0.0338
       0.0383        0.0032       -0.0011
       0.0186        0.0551        0.2090
       0.0173        0.0319        0.1122
       0.0256        0.0011       -0.0042
      -0.3763        0.0147        0.1663
      -0.4490        0.1541       -0.0309
      -0.4208       -0.2209        0.0623
       0.0828        0.0122       -0.0810
      -0.0093       -0.0350       -0.0967
       0.0014       -0.0089       -0.0724
       0.0050        0.0172        0.0657

1500.7118303686673
       0.0031        0.0002       -0.0001
      -0.0026       -0.0020       -0.0056
      -0.0020       -0.0037       -0.0124
      -0.0026       -0.0005       -0.0012
      -0.0066       -0.0008       -0.0009
      -0.0104        0.0042        0.0060
       0.0104        0.0028        0.0084
       0.0003        0.0007        0.0024
       0.0196        0.0041        0.0106
       0.0006       -0.0044        0.0003
      -0.0164        0.0019       -0.0011
       0.0247       -0.1818        0.0515
      -0.0028       -0.0003       -0.0002
       0.0006       -0.0002       -0.0008
       0.0021        0.0021       -0.0010
      -0.0126       -0.0018       -0.0057
       0.0054       -0.0430        0.0112
      -0.0019       -0.0004       -0.0010
       0.0004        0.0027        0.0066
       0.0012        0.0034        0.0111
      -0.0010       -0.0002       -0.0005
       0.0264       -0.0131       -0.0090
       0.0206       -0.0081       -0.0004
       0.0309        0.0122        0.0081
      -0.0792        0.6798       -0.1928
      -0.2044       -0.0742       -0.4257
       0.1752        0.1902        0.3954
      -0.0015       -0.0018       -0.0059

1508.2681985437737
      -0.0059       -0.0023       -0.0070
       0.0051        0.0002       -0.0007
      -0.0037        0.0049        0.0200
      -0.0014        0.0041        0.0164
      -0.0084       -0.0004        0.0014
       0.0156        0.0014       -0.0005
       0.0067       -0.0018       -0.0095
      -0.0038        0.0012        0.0058
      -0.0220       -0.0038       -0.0072
      -0.0209       -0.0064       -0.0134
       0.0125        0.0039        0.0094
      -0.1744       -0.0288       -0.0156
       0.0008       -0.0048       -0.0188
       0.0057        0.0001       -0.0015
       0.0321        0.0069        0.0103
       0.0096        0.0027        0.0066
      -0.0644       -0.0129       -0.0152
       0.0079        0.0011        0.0011
       0.0016        0.0002       -0.0003
      -0.0046       -0.0047       -0.0162
       0.0060        0.0006       -0.0003
      -0.0335        0.0001        0.0177
      -0.0115       -0.0189       -0.0240
      -0.0121        0.0031       -0.0281
      -0.2405        0.0406        0.2019
       0.5620       -0.3249        0.0493
       0.4787        0.4252       -0.1458
       0.0030        0.0046        0.0169

1514.1460231667145
      -0.0077       -0.0003        0.0013
       0.0051        0.0012        0.0226
       0.0019        0.0069        0.0265
       0.0082        0.0002       -0.0017
       0.0116       -0.0015       -0.0047
       0.0211       -0.0028       -0.0113
      -0.0190       -0.0059       -0.0183
      -0.0004       -0.0013       -0.0039
      -0.0320       -0.0035       -0.0219
      -0.0001        0.0003       -0.0003
      -0.0025        0.1853       -0.0368
       0.0011        0.0023       -0.0012
       0.0047        0.0020        0.0049
      -0.0012       -0.0001        0.0018
      -0.0046       -0.0003        0.0010
       0.0128        0.0420        0.0009
       0.0014        0.0012        0.0012
       0.0028        0.0010        0.0023
      -0.0052        0.0268       -0.0268
      -0.0038       -0.0058       -0.0236
       0.0005        0.0004        0.0017
       0.0193       -0.6704        0.1933
      -0.3190       -0.1999       -0.3521
       0.3025        0.0546        0.3288
       0.0029       -0.0093        0.0008
      -0.0021        0.0038        0.0056
      -0.0063       -0.0060       -0.0034
       0.0019        0.0024        0.0070

1517.7778585853464
      -0.0455       -0.0046       -0.0025
       0.0229        0.0346        0.1241
       0.0007        0.0443        0.1681
       0.0403        0.0077        0.0171
       0.0586        0.0011       -0.0176
       0.1366       -0.0013       -0.0532
      -0.0922       -0.0374       -0.1147
      -0.0029       -0.0055       -0.0174
      -0.1977       -0.0576       -0.1550
      -0.0004       -0.0058       -0.0193
       0.0781        0.0283        0.1541
       0.0115       -0.0051        0.0034
       0.0230       -0.0013       -0.0124
      -0.0038        0.0016        0.0072
      -0.0306       -0.0007        0.0090
       0.1082        0.0337        0.1073
       0.0122        0.0047        0.0161
       0.0253        0.0058        0.0135
      -0.0131       -0.0269       -0.0885
      -0.0272       -0.0417       -0.1450
       0.0059        0.0043        0.0141
      -0.4171        0.0796        0.1911
       0.0483       -0.3440       -0.3228
      -0.0522        0.1397       -0.5167
       0.0193        0.0201       -0.0266
      -0.0434        0.0168       -0.0208
      -0.0249       -0.0217        0.0181
       0.0158        0.0206        0.0733

1525.9290165827192
       0.0638       -0.0046       -0.0381
      -0.0353       -0.0790       -0.2920
      -0.0217       -0.0716       -0.2645
      -0.0976        0.0114        0.0748
      -0.1588        0.0073        0.0841
      -0.1759        0.0115        0.1047
       0.2269        0.0709        0.1994
      -0.0040        0.0161        0.0588
       0.2675        0.0744        0.1982
      -0.0003        0.0035        0.0099
      -0.0883        0.0219        0.0776
      -0.0008        0.0096       -0.0006
      -0.0513       -0.0361       -0.1218
       0.0318       -0.0034       -0.0243
       0.0386        0.0009       -0.0107
      -0.1138       -0.0157       -0.0263
      -0.0079       -0.0033       -0.0132
      -0.0035       -0.0058       -0.0212
       0.0439        0.0752        0.2713
       0.0360        0.0651        0.2283
       0.0162       -0.0045       -0.0215
      -0.0445       -0.0282        0.0289
       0.2275       -0.2794       -0.1881
       0.2146        0.1909       -0.2756
       0.0007       -0.0291        0.0120
       0.0085        0.0038        0.0175
      -0.0081       -0.0083       -0.0147
      -0.0113       -0.0060       -0.0184

1555.9091088827358
      -0.0171       -0.0336       -0.1225
       0.1635        0.0084       -0.0222
      -0.0047        0.0492        0.1913
      -0.0948        0.0671        0.2902
      -0.2395       -0.0739       -0.2042
       0.1710       -0.0424       -0.2213
       0.1980        0.0518        0.1310
      -0.0888        0.0445        0.2030
      -0.2654        0.0387        0.2389
      -0.0049        0.0161        0.0598
      -0.0088        0.0007        0.0072
       0.0091       -0.0051       -0.0178
      -0.0180       -0.1171       -0.4447
       0.1105       -0.0026       -0.0485
      -0.0236       -0.0021        0.0012
       0.0223       -0.0145       -0.0637
       0.0026       -0.0013       -0.0047
       0.0769        0.0043       -0.0098
       0.0524        0.0002       -0.0178
      -0.0244       -0.0348       -0.1247
       0.0743        0.0069        0.0018
       0.0745        0.0007       -0.0270
      -0.0053        0.0355        0.0385
      -0.0024       -0.0131        0.0501
      -0.0086        0.0038        0.0035
      -0.0212        0.0195        0.0150
      -0.0158       -0.0120        0.0268
       0.0517        0.0883        0.3213

1611.8815541861788
       0.2104        0.0257        0.0269
       0.1622        0.0321        0.0701
      -0.2106       -0.0462       -0.1037
      -0.2005       -0.0276       -0.0376
      -0.3978       -0.0426       -0.0297
       0.3318        0.0752        0.1718
       0.3883       -0.0163       -0.1976
      -0.0193       -0.0037       -0.0046
      -0.2792       -0.0230        0.0060
       0.0622       -0.0048       -0.0498
       0.0260        0.0050        0.0110
       0.0010       -0.0001       -0.0004
       0.0016        0.0629        0.2421
       0.0206       -0.0038       -0.0234
      -0.0801       -0.0045        0.0190
       0.0337        0.0027       -0.0003
       0.0052       -0.0011       -0.0040
      -0.0621       -0.0160       -0.0402
       0.0453        0.0015       -0.0119
      -0.0514        0.0183        0.0871
       0.0226       -0.0235       -0.0964
      -0.0118        0.0028        0.0125
      -0.0336        0.0086       -0.0059
      -0.0321       -0.0157        0.0003
      -0.0037        0.0013        0.0040
      -0.0021        0.0032        0.0052
      -0.0017       -0.0010        0.0062
      -0.0501       -0.0958       -0.3537

1648.3655368880195
      -0.4547       -0.0198        0.0797
       0.0352       -0.0186       -0.0831
      -0.0774       -0.0126       -0.0212
       0.5992       -0.0164       -0.2689
      -0.1558        0.0004        0.0546
       0.0848        0.0135        0.0221
       0.2372        0.0133       -0.0296
      -0.1877       -0.0242       -0.0286
      -0.0722        0.0148        0.0819
       0.0197        0.0014       -0.0055
       0.0060        0.0016        0.0040
       0.0002        0.0001       -0.0007
      -0.1864        0.0033        0.0769
       0.2192        0.0173       -0.0089
      -0.0220       -0.0018        0.0035
      -0.0069       -0.0055       -0.0181
       0.0001       -0.0011       -0.0035
       0.0259        0.0273        0.0963
       0.0201        0.0118        0.0388
      -0.0191        0.0084        0.0379
      -0.1629        0.0465        0.2362
       0.0060        0.0011       -0.0006
      -0.0013        0.0007       -0.0003
      -0.0022       -0.0012       -0.0002
      -0.0013       -0.0004        0.0015
      -0.0008        0.0015        0.0025
      -0.0011       -0.0008        0.0022
      -0.0451        0.0174        0.0808

1671.3177668095354
       0.0502        0.0044       -0.0007
       0.0018        0.1003        0.3860
      -0.0116       -0.1063       -0.4036
       0.0010        0.0044        0.0159
       0.0203       -0.0665       -0.2638
       0.0406        0.0692        0.2521
      -0.0953        0.0794        0.3383
      -0.3505       -0.0047        0.1031
       0.0649       -0.0720       -0.3005
       0.0939       -0.0035       -0.0566
       0.0075       -0.0009       -0.0072
       0.0023        0.0012        0.0010
      -0.0082       -0.0311       -0.1163
       0.2439        0.0103       -0.0448
      -0.0693       -0.0040        0.0162
       0.0198        0.0151        0.0526
      -0.0056       -0.0015       -0.0018
      -0.0477       -0.0093       -0.0180
      -0.0429       -0.0387       -0.1363
       0.0319        0.0375        0.1307
      -0.0058        0.0017        0.0108
      -0.0273       -0.0008        0.0109
      -0.0199        0.0056       -0.0045
      -0.0171       -0.0099        0.0010
      -0.0078        0.0001        0.0101
       0.0037        0.0002        0.0050
       0.0027        0.0023        0.0028
       0.0128        0.0304        0.1111

1705.0215709861054
      -0.2327       -0.0264       -0.0229
       0.0679        0.0503        0.1710
      -0.0203       -0.0502       -0.1866
       0.1151        0.0067       -0.0135
      -0.1811       -0.0537       -0.1435
       0.0378        0.0295        0.1006
       0.0493        0.0550        0.1957
       0.6831        0.0552       -0.0220
      -0.0137       -0.0238       -0.0876
       0.1054        0.0085       -0.0163
       0.0114        0.0009       -0.0013
       0.0022        0.0003       -0.0016
      -0.0287       -0.0268       -0.0932
      -0.4463       -0.0244        0.0582
      -0.0788       -0.0073        0.0094
       0.0007        0.0008        0.0037
      -0.0092       -0.0038       -0.0097
       0.1047        0.0224        0.0506
       0.0045       -0.0180       -0.0701
       0.0117        0.0185        0.0657
      -0.0194        0.0103        0.0461
      -0.0087        0.0001        0.0054
      -0.0104        0.0038       -0.0032
      -0.0091       -0.0066        0.0001
      -0.0086        0.0005        0.0099
       0.0030        0.0020        0.0063
       0.0025        0.0023        0.0059
       0.0076        0.0218        0.0814

1752.5606849289861
       0.0179        0.0014       -0.0011
      -0.0167       -0.0189       -0.0682
       0.0492        0.0277        0.0887
      -0.0138        0.0004        0.0058
       0.0381        0.0133        0.0390
      -0.1308       -0.0217       -0.0340
      -0.0285       -0.0158       -0.0514
      -0.0450       -0.0043       -0.0008
       0.0259        0.0177        0.0589
       0.7768        0.0799       -0.0441
      -0.0106       -0.0013        0.0000
       0.0215       -0.0048       -0.0271
       0.0110        0.0031        0.0082
       0.0266        0.0015       -0.0025
      -0.5554       -0.0548        0.0420
       0.0001       -0.0016       -0.0073
      -0.0759       -0.0196       -0.0370
      -0.0059       -0.0017       -0.0044
       0.0023        0.0065        0.0248
       0.0082       -0.0125       -0.0488
       0.0054       -0.0012       -0.0067
       0.0053       -0.0004       -0.0042
       0.0110       -0.0048        0.0016
       0.0102        0.0068       -0.0018
      -0.0585        0.0098        0.0594
       0.0130        0.0213        0.0454
       0.0145        0.0088        0.0496
       0.0008       -0.0021       -0.0082

3033.648574662292
       0.0008       -0.0000       -0.0001
       0.0046       -0.0003       -0.0023
      -0.0004       -0.0002       -0.0002
      -0.0007        0.0002        0.0004
       0.0014        0.0004       -0.0001
      -0.0015       -0.0001       -0.0002
      -0.0006        0.0003        0.0008
      -0.0009       -0.0005       -0.0002
       0.0049        0.0019        0.0064
       0.0006        0.0002       -0.0006
      -0.1377        0.0096        0.0840
      -0.0015        0.0015        0.0011
       0.0000       -0.0003       -0.0006
       0.0008        0.0003       -0.0001
      -0.0002        0.0000       -0.0000
      -0.0121       -0.0017       -0.0022
      -0.0003       -0.0002        0.0006
      -0.0005        0.0001        0.0008
      -0.0164       -0.0007        0.0019
       0.0017        0.0002       -0.0003
      -0.0002       -0.0004       -0.0004
       0.1287        0.0931        0.3165
       0.1465        0.4569       -0.4407
       0.2360       -0.5815       -0.1717
      -0.0048       -0.0016       -0.0042
       0.0025        0.0051       -0.0016
       0.0070       -0.0088        0.0018
      -0.0006        0.0003        0.0002

3070.3177468399117
      -0.0002        0.0001        0.0001
       0.0002        0.0001        0.0000
       0.0005        0.0001       -0.0003
       0.0001       -0.0002        0.0000
      -0.0000       -0.0002        0.0001
       0.0006        0.0003        0.0008
      -0.0001        0.0001        0.0003
       0.0000        0.0002       -0.0000
      -0.0000       -0.0001       -0.0005
      -0.0063       -0.0031       -0.0072
       0.0017       -0.0001       -0.0020
      -0.1000        0.0184        0.1115
       0.0001        0.0001        0.0000
      -0.0001       -0.0001        0.0002
       0.0032        0.0004        0.0000
      -0.0000        0.0001        0.0003
      -0.0013        0.0028        0.0097
       0.0004        0.0000       -0.0006
      -0.0014       -0.0002        0.0002
      -0.0028       -0.0003        0.0002
       0.0004        0.0004        0.0004
      -0.0010       -0.0008       -0.0025
      -0.0024       -0.0071        0.0071
      -0.0034        0.0081        0.0024
      -0.3306       -0.1260       -0.3073
       0.2877        0.5137       -0.1841
       0.4026       -0.4547        0.0881
       0.0001       -0.0003       -0.0001

3115.3291234322023
       0.0001       -0.0000       -0.0002
       0.0007       -0.0003        0.0002
      -0.0002        0.0001        0.0001
      -0.0002       -0.0001       -0.0002
      -0.0000        0.0003       -0.0002
       0.0001        0.0002       -0.0001
       0.0000       -0.0000       -0.0002
      -0.0001       -0.0000       -0.0000
      -0.0000       -0.0011        0.0004
       0.0000        0.0001        0.0000
      -0.0262        0.3032       -0.0779
       0.0002       -0.0007        0.0001
      -0.0001       -0.0000        0.0000
       0.0001       -0.0000       -0.0000
      -0.0000       -0.0000        0.0000
       0.0001       -0.0011        0.0003
       0.0000       -0.0001        0.0000
      -0.0002        0.0002        0.0006
      -0.0020       -0.0013        0.0006
       0.0004       -0.0000       -0.0001
       0.0004        0.0002        0.0005
      -0.0018        0.0157       -0.0052
      -0.1512       -0.4576        0.4661
       0.2428       -0.5956       -0.1946
       0.0002        0.0001        0.0002
       0.0004        0.0008       -0.0003
      -0.0014        0.0016       -0.0003
       0.0002        0.0000       -0.0000

3163.23344529953
      -0.0003        0.0001        0.0007
      -0.0014       -0.0002       -0.0001
       0.0015        0.0001        0.0000
       0.0006        0.0002        0.0006
      -0.0001       -0.0000        0.0000
       0.0000        0.0008       -0.0002
      -0.0001        0.0001        0.0002
       0.0001        0.0000        0.0001
       0.0001       -0.0001       -0.0002
       0.0001       -0.0008       -0.0000
       0.0002        0.0002       -0.0021
      -0.0378        0.3004       -0.0849
       0.0003        0.0000       -0.0000
      -0.0002       -0.0000        0.0001
       0.0001       -0.0006        0.0002
      -0.0000       -0.0000       -0.0000
       0.0001       -0.0015        0.0004
       0.0007       -0.0005       -0.0020
       0.0039        0.0003       -0.0005
      -0.0040       -0.0002        0.0005
      -0.0014       -0.0005       -0.0016
       0.0013        0.0010        0.0031
      -0.0012       -0.0038        0.0037
      -0.0009        0.0021        0.0005
       0.0006        0.0136       -0.0016
      -0.3237       -0.5518        0.1927
       0.4522       -0.4899        0.0993
      -0.0006       -0.0000        0.0000

3174.6052422471007
       0.0001       -0.0001       -0.0004
      -0.0092       -0.0004        0.0016
      -0.0023       -0.0002        0.0000
      -0.0003       -0.0001       -0.0004
      -0.0000        0.0002        0.0005
      -0.0001        0.0001        0.0006
       0.0001       -0.0001       -0.0002
       0.0001        0.0000        0.0002
       0.0032        0.0004        0.0006
       0.0000       -0.0000       -0.0003
      -0.0559       -0.0797       -0.2915
       0.0022       -0.0012        0.0011
      -0.0002       -0.0000        0.0001
      -0.0000       -0.0000       -0.0001
      -0.0000        0.0000        0.0001
      -0.0011        0.0001        0.0009
       0.0000        0.0001        0.0003
      -0.0004        0.0002        0.0009
       0.0324        0.0019       -0.0037
       0.0069        0.0004       -0.0010
       0.0009        0.0003        0.0010
       0.3228        0.2347        0.7998
      -0.0517       -0.1692        0.1478
      -0.0836        0.2066        0.0495
      -0.0032       -0.0013       -0.0028
       0.0002        0.0002        0.0001
      -0.0048        0.0054       -0.0010
       0.0002        0.0001        0.0000

3193.243037245831
       0.0002       -0.0001       -0.0003
      -0.0007       -0.0001       -0.0001
      -0.0058       -0.0003        0.0008
      -0.0005       -0.0002       -0.0005
       0.0000        0.0000        0.0001
      -0.0003       -0.0000        0.0002
       0.0001       -0.0001       -0.0003
       0.0001        0.0000       -0.0001
       0.0002        0.0002        0.0005
       0.0035       -0.0002       -0.0022
       0.0005        0.0005        0.0020
       0.2691        0.0746        0.1445
      -0.0001        0.0000        0.0000
      -0.0001       -0.0000        0.0000
      -0.0018        0.0000        0.0008
      -0.0002       -0.0001       -0.0002
      -0.0012       -0.0005       -0.0011
      -0.0004        0.0002        0.0009
       0.0023        0.0001       -0.0002
       0.0191        0.0009       -0.0030
       0.0017        0.0006        0.0018
      -0.0023       -0.0016       -0.0054
       0.0003        0.0012       -0.0011
       0.0005       -0.0014       -0.0003
      -0.5954       -0.2254       -0.5479
      -0.1376       -0.2661        0.0996
      -0.1941        0.2367       -0.0419
       0.0002        0.0000        0.0000

3203.39382044645
       0.0003       -0.0007       -0.0029
       0.0020       -0.0001       -0.0008
       0.2850        0.0149       -0.0408
       0.0080        0.0028        0.0077
      -0.0017       -0.0002       -0.0003
      -0.0043       -0.0024       -0.0075
      -0.0043        0.0026        0.0114
       0.0001        0.0000        0.0007
      -0.0022       -0.0001        0.0002
       0.0031        0.0004       -0.0004
      -0.0008       -0.0004       -0.0019
       0.0059        0.0003        0.0030
       0.0006       -0.0000       -0.0004
       0.0000        0.0000       -0.0002
      -0.0011       -0.0007       -0.0019
       0.0003        0.0000       -0.0001
      -0.0003        0.0001        0.0008
      -0.0039        0.0021        0.0097
      -0.0074       -0.0003        0.0011
      -0.9444       -0.0481        0.1410
      -0.0266       -0.0101       -0.0292
       0.0028        0.0020        0.0065
      -0.0003       -0.0008        0.0005
      -0.0001        0.0004       -0.0000
      -0.0114       -0.0044       -0.0099
      -0.0023       -0.0043        0.0018
      -0.0073        0.0082       -0.0013
      -0.0027       -0.0012       -0.0039

3216.2393414399203
      -0.0312        0.0252        0.1077
       0.0033        0.0001       -0.0007
       0.0121        0.0003       -0.0031
      -0.1738       -0.0642       -0.1875
      -0.0004        0.0000        0.0003
       0.0002       -0.0000       -0.0001
       0.0022        0.0013        0.0040
      -0.0006       -0.0003       -0.0011
      -0.0004        0.0001        0.0005
       0.0003        0.0000        0.0002
      -0.0001       -0.0001        0.0001
      -0.0002        0.0002       -0.0004
       0.0022        0.0011        0.0034
      -0.0005       -0.0000        0.0000
      -0.0002       -0.0000       -0.0001
       0.0000        0.0000        0.0000
       0.0001        0.0000       -0.0000
       0.1352       -0.0821       -0.3621
      -0.0113       -0.0005        0.0017
      -0.0406       -0.0021        0.0062
       0.5731        0.2124        0.6208
       0.0000       -0.0000        0.0000
       0.0002        0.0005       -0.0005
       0.0002       -0.0002       -0.0000
       0.0010        0.0004        0.0008
      -0.0004       -0.0008        0.0003
       0.0003       -0.0003        0.0001
      -0.0126       -0.0021       -0.0037

3238.7209678200948
       0.1036       -0.0533       -0.2406
      -0.0167       -0.0007        0.0031
       0.0023        0.0002       -0.0003
      -0.0936       -0.0294       -0.0807
      -0.0006        0.0001        0.0011
      -0.0001       -0.0001       -0.0002
       0.0003        0.0003        0.0009
       0.0078        0.0022        0.0053
       0.0005       -0.0001       -0.0007
       0.0001       -0.0000        0.0002
       0.0001        0.0000        0.0009
      -0.0007        0.0007       -0.0005
      -0.0005        0.0013        0.0051
      -0.0024       -0.0003       -0.0002
      -0.0001       -0.0000       -0.0001
      -0.0001       -0.0000        0.0001
       0.0000        0.0001       -0.0001
      -0.3040        0.1795        0.7942
       0.0566        0.0025       -0.0089
      -0.0074       -0.0005        0.0011
       0.2609        0.0950        0.2757
      -0.0010       -0.0008       -0.0028
       0.0003        0.0011       -0.0010
       0.0000       -0.0005       -0.0002
       0.0011        0.0004        0.0010
      -0.0005       -0.0008        0.0002
       0.0020       -0.0020        0.0004
      -0.0065       -0.0012       -0.0019

3242.5341339441366
      -0.0068        0.0033        0.0153
      -0.2813       -0.0114        0.0500
       0.0028        0.0001       -0.0004
       0.0039        0.0010        0.0025
       0.0032        0.0015        0.0041
       0.0014        0.0001       -0.0001
       0.0017        0.0004        0.0005
      -0.0038       -0.0005        0.0005
       0.0060       -0.0020       -0.0096
       0.0001       -0.0002       -0.0007
      -0.0009        0.0031        0.0096
      -0.0007       -0.0014        0.0003
       0.0004       -0.0001       -0.0001
       0.0014        0.0005        0.0010
       0.0000        0.0001        0.0000
      -0.0016       -0.0000        0.0005
      -0.0001       -0.0001        0.0001
       0.0195       -0.0118       -0.0521
       0.9425        0.0429       -0.1506
      -0.0075       -0.0003        0.0015
      -0.0091       -0.0034       -0.0094
      -0.0065       -0.0064       -0.0229
       0.0023        0.0116       -0.0133
       0.0058       -0.0187       -0.0070
       0.0007        0.0005        0.0008
       0.0021        0.0038       -0.0013
      -0.0009        0.0005       -0.0002
      -0.0019        0.0000        0.0002

3628.595464223978
       0.0041        0.0004       -0.0000
      -0.0010        0.0002        0.0010
       0.0011        0.0002        0.0002
      -0.0011       -0.0022       -0.0075
       0.0028        0.0001       -0.0002
      -0.0005       -0.0001       -0.0003
       0.0007        0.0009        0.0032
      -0.0018       -0.0002       -0.0009
       0.0003       -0.0000       -0.0004
       0.0007       -0.0002       -0.0002
      -0.0003       -0.0001       -0.0000
       0.0001        0.0001       -0.0003
      -0.2633       -0.0140        0.0375
       0.0013        0.0000        0.0001
      -0.0006       -0.0000        0.0001
       0.0003        0.0001        0.0004
       0.0001        0.0001        0.0000
      -0.0001        0.0000       -0.0004
       0.0018       -0.0001       -0.0008
      -0.0028       -0.0005       -0.0009
       0.0068        0.0031        0.0091
      -0.0000       -0.0001       -0.0000
       0.0002        0.0005       -0.0004
       0.0002       -0.0003       -0.0000
       0.0002        0.0000        0.0001
      -0.0002       -0.0004        0.0002
       0.0005       -0.0002        0.0001
       0.9535        0.0522       -0.1304

