21
0 1 C8FH9N2O
C                     1.803624711571    -1.535264951841    -0.212203268603
C                     0.747785399856    -0.992156284749     0.529936094550
C                     3.024166420683    -1.827319149789     0.399977270358
C                     2.122365006029    -1.023189271925     2.522471952488
C                     0.897889158051    -0.734945408973     1.898984124905
C                     3.151453894020    -1.561416383353     1.761853713178
C                     0.140979462932     1.265908675979     3.185860199151
C                    -0.227203721501    -0.123972858395     2.713636158947
N                     0.532294461465     1.587670601563     4.369823123429
N                     0.007853498341     2.284484094102     2.238437087799
O                     0.539248883429     0.456912336716     5.244241913410
F                     4.334090658477    -1.842034545572     2.369857325906
H                     1.674728228117    -1.734208002156    -1.272655243395
H                    -0.200450487262    -0.777570690926     0.042853704476
H                     3.859248096850    -2.249702543722    -0.150185328565
H                     2.268522007568    -0.827140650259     3.580912249108
H                    -1.134710633607    -0.052413898395     2.107746246156
H                    -0.444293013489    -0.742317401196     3.585638159550
H                     0.327869858478     2.006885622104     1.314558855357
H                     0.450335804237     3.149125871218     2.537986693709
H                     0.780698767858     0.865962894513     6.090025319564

28.060290636772983
      -0.1119       -0.1560       -0.0034
      -0.0738       -0.1321        0.0334
      -0.0530       -0.0594       -0.0750
       0.0798        0.0764       -0.0709
       0.0212       -0.0171        0.0011
       0.0437        0.0569       -0.1066
       0.1107       -0.0183        0.0538
       0.0610       -0.0006        0.0432
      -0.1467        0.0115        0.1376
       0.4843       -0.0652       -0.0422
      -0.5542        0.0842        0.2398
       0.1304        0.1991       -0.2236
      -0.0539       -0.0711        0.0065
      -0.0336       -0.0571        0.0256
      -0.0229       -0.0205       -0.0306
       0.0462        0.0460       -0.0280
       0.0143        0.0105        0.0185
       0.0180       -0.0031        0.0101
       0.1857       -0.0434        0.0158
       0.1348       -0.0257        0.0049
      -0.1736        0.0287        0.0664

30.388596604969813
      -0.0521       -0.3355        0.0575
      -0.0553       -0.2009       -0.0452
      -0.0386       -0.1802        0.1044
      -0.0369        0.2316       -0.0507
      -0.0487        0.0797       -0.0995
      -0.0308        0.1067        0.0476
       0.0390        0.0659        0.0063
      -0.0776        0.1700       -0.2028
       0.1328       -0.1766        0.0448
       0.0673        0.2542        0.2026
       0.1082       -0.3732       -0.1866
      -0.0177        0.3401        0.1165
      -0.0167       -0.1605        0.0287
      -0.0174       -0.0899       -0.0241
      -0.0097       -0.0785        0.0527
      -0.0112        0.1257       -0.0256
       0.0052        0.1016       -0.0937
      -0.0835        0.0309       -0.0860
      -0.0104        0.1058        0.0334
       0.0438        0.0437        0.0868
       0.0390       -0.1414       -0.0271

85.71437538853112
      -0.0102        0.1830        0.0165
      -0.1201       -0.0340        0.0217
       0.0008        0.2821        0.0438
      -0.2228       -0.1215        0.0949
      -0.2097       -0.1642        0.0540
      -0.1098        0.1180        0.0871
       0.1138       -0.1224       -0.0801
      -0.1729       -0.0883        0.0382
       0.3128       -0.1281       -0.1508
       0.3633       -0.2035       -0.1938
       0.1016       -0.0608       -0.0560
      -0.1214        0.3099        0.1487
       0.0222        0.0870       -0.0047
      -0.0321       -0.0173       -0.0024
       0.0271        0.1405        0.0083
      -0.0852       -0.0542        0.0338
      -0.0500        0.0021        0.0144
      -0.0641       -0.0043        0.0223
       0.0632       -0.1095       -0.0475
       0.1707       -0.0804       -0.0860
       0.0736       -0.0122       -0.0292

210.14347038511625
       0.0826       -0.0719       -0.1316
       0.0305        0.0646       -0.2744
       0.0218       -0.1233       -0.0126
      -0.0364        0.3279       -0.2405
      -0.0307        0.1696       -0.2808
      -0.0429        0.1028       -0.0485
       0.0066       -0.1638        0.1135
       0.0185       -0.1369        0.0231
       0.0834       -0.0369        0.0620
       0.0086       -0.2595        0.0352
       0.1216        0.1944        0.3476
      -0.2739       -0.0008        0.2875
       0.0409       -0.0628       -0.0325
       0.0143       -0.0079       -0.1025
      -0.0030       -0.0984        0.0302
      -0.0273        0.1233       -0.0725
      -0.0436       -0.0483        0.0784
       0.1019       -0.0958       -0.0085
       0.0073       -0.0940        0.0182
       0.0030       -0.0628       -0.0116
       0.0955        0.0973        0.0452

228.29725737309826
       0.1165       -0.0885       -0.1215
       0.0406       -0.1190       -0.1828
       0.1061       -0.0499       -0.0679
      -0.2118       -0.4745       -0.0441
      -0.1046       -0.2330       -0.1287
      -0.0485       -0.1769       -0.0299
       0.0910        0.0236        0.0370
       0.0241        0.0340       -0.0969
       0.0369        0.0760        0.0519
      -0.0967        0.2029        0.2341
       0.0010        0.2700        0.2468
       0.0319        0.3104        0.0251
       0.0631        0.0062       -0.0449
       0.0385        0.0071       -0.0872
       0.0626        0.0486       -0.0200
      -0.0846       -0.1683       -0.0036
       0.0048        0.0558       -0.0201
      -0.0217        0.0133       -0.0304
       0.0415        0.1481        0.0573
      -0.1067        0.0676        0.1466
       0.0363        0.1013        0.0354

243.41302081442137
      -0.0324        0.0387        0.0277
       0.1472        0.5028       -0.0631
      -0.1999       -0.4464        0.1271
      -0.0499       -0.1442        0.0739
       0.0372        0.1042        0.0186
      -0.0719       -0.1638        0.0611
      -0.0425       -0.0319        0.0072
       0.0013       -0.0319        0.0436
      -0.0393       -0.0255        0.0006
       0.0299       -0.1326       -0.1002
       0.0410       -0.0842       -0.0531
       0.1380        0.3863       -0.0960
      -0.0082        0.0251        0.0053
       0.0831        0.2727       -0.0415
      -0.0891       -0.2110        0.0522
      -0.0166       -0.0516        0.0235
      -0.0052       -0.0269        0.0189
       0.0242       -0.0204        0.0094
      -0.0116       -0.0813       -0.0197
       0.0396       -0.0382       -0.0669
      -0.0154       -0.0254       -0.0039

269.0061438446265
      -0.0055        0.0245        0.0369
       0.0336        0.0782        0.0448
      -0.0263       -0.0493        0.0337
       0.0582        0.0683        0.0307
       0.0334        0.0427        0.0461
       0.0272        0.0084        0.0161
       0.0575       -0.0500       -0.0589
      -0.0602       -0.0236       -0.0084
       0.5538       -0.1491       -0.2054
      -0.2317        0.0175        0.0602
      -0.5354        0.0732        0.0977
       0.0745       -0.0435       -0.0694
      -0.0081        0.0059        0.0118
       0.0101        0.0313        0.0163
      -0.0179       -0.0367        0.0115
       0.0224        0.0231        0.0072
      -0.0074       -0.0184       -0.0164
      -0.0221       -0.0100       -0.0066
      -0.0603        0.0693       -0.0040
      -0.1247        0.0271        0.0474
       0.4103       -0.0459       -0.1003

337.65674333609195
      -0.0296        0.0362        0.0061
      -0.0169        0.0443        0.0100
      -0.0460       -0.0206        0.0169
       0.0203        0.0623        0.0029
       0.0073       -0.0085        0.0101
      -0.0089        0.0229        0.0072
       0.1192       -0.0678       -0.0741
       0.0318       -0.0532        0.0332
       0.3656       -0.0963       -0.1485
      -0.1493       -0.0127        0.0253
      -0.0125       -0.0006       -0.0279
      -0.0349        0.0108        0.0361
      -0.0081        0.0129        0.0012
      -0.0063        0.0204        0.0095
      -0.0212       -0.0221        0.0054
       0.0148        0.0284       -0.0020
      -0.0030       -0.0251        0.0289
       0.0406        0.0014        0.0301
       0.1250        0.1132        0.0267
      -0.2240        0.0553        0.1136
      -0.7899        0.1237        0.1584

352.7595373414528
      -0.0851       -0.0065       -0.0359
      -0.0791       -0.0023       -0.0140
      -0.0037        0.0070       -0.1197
       0.0100       -0.0976       -0.1239
       0.0343       -0.0126       -0.0260
       0.0045       -0.0358       -0.0987
       0.2102        0.1144       -0.0244
       0.3462       -0.0373        0.3241
      -0.0433        0.1187        0.0646
      -0.0507        0.0150       -0.0992
      -0.1579       -0.1953       -0.2836
      -0.1891        0.1497        0.3223
      -0.0376       -0.0044       -0.0086
      -0.0299        0.0011        0.0103
      -0.0137        0.0131       -0.0626
       0.0142       -0.0497       -0.0341
      -0.0002       -0.1013        0.2340
       0.2756        0.0249        0.1581
       0.1570        0.0603        0.0143
      -0.2141        0.0895        0.0255
       0.1399       -0.1597       -0.0690

362.3829214821648
      -0.0287        0.0536        0.0330
      -0.0165        0.0432        0.0334
      -0.0740       -0.0134        0.0750
       0.0206        0.1041        0.0614
      -0.0055       -0.0263        0.0310
      -0.0119        0.0451        0.0556
      -0.1269       -0.1326       -0.0918
      -0.0878       -0.1293       -0.0636
      -0.1781       -0.0876       -0.1179
       0.1318        0.0276       -0.0410
       0.1639        0.0806       -0.0007
       0.0362       -0.0449       -0.0694
      -0.0017        0.0209        0.0079
      -0.0047        0.0275        0.0180
      -0.0276       -0.0261        0.0295
      -0.0001        0.0434        0.0161
      -0.0114       -0.0442       -0.0367
      -0.0268       -0.0357       -0.0155
       0.6649        0.1980        0.1433
      -0.3067        0.0692        0.3298
       0.2181        0.0367       -0.0585

434.87704555949983
       0.0216        0.1796       -0.0341
      -0.0061       -0.0245        0.0825
      -0.0008       -0.1857       -0.1081
       0.1375        0.0781       -0.1241
      -0.0194       -0.1465        0.1038
       0.0606       -0.0940       -0.1161
      -0.2360       -0.0700       -0.1403
      -0.0961       -0.2406        0.1392
      -0.0556       -0.1035       -0.2275
       0.1606        0.3601        0.2360
       0.0047        0.1167       -0.0736
      -0.0341        0.0689        0.1800
      -0.0033        0.1290       -0.0234
      -0.0053       -0.0061        0.0306
      -0.0314       -0.0805       -0.0586
       0.1046        0.0662       -0.0530
      -0.0729       -0.2198        0.0876
       0.0851       -0.0095        0.1112
      -0.1690        0.1311       -0.0183
       0.3327       -0.0710        0.1204
      -0.0239        0.0785       -0.0357

449.14775626140295
       0.1485       -0.1187        0.0193
      -0.0036       -0.0094       -0.2259
       0.0170        0.0901        0.2778
      -0.2294        0.0572        0.0925
      -0.1443        0.0374       -0.1963
      -0.0799        0.1347        0.2344
      -0.0167        0.0282       -0.0380
       0.0503       -0.1259        0.2391
      -0.0034        0.0298       -0.0430
       0.0575        0.1466        0.0834
      -0.0387       -0.0144       -0.1127
       0.1614       -0.1560       -0.3674
       0.1083       -0.0974        0.0096
       0.0163       -0.0289       -0.1120
       0.0456        0.0152        0.1511
      -0.1730        0.0140        0.0424
      -0.1222       -0.1692        0.2563
       0.2646       -0.0145        0.1443
      -0.0628        0.0562       -0.0086
       0.0881       -0.0027        0.0364
      -0.0225       -0.0191       -0.0174

461.50113121193834
       0.2210        0.3974       -0.1093
      -0.0710       -0.2730       -0.0105
      -0.0687       -0.2520        0.1248
       0.0148        0.2687       -0.0409
      -0.1422       -0.2434        0.0103
      -0.1329       -0.2347        0.1116
       0.1998        0.0519        0.0398
       0.0191        0.0668        0.0263
      -0.0288        0.1080        0.1239
      -0.0555       -0.0726       -0.0379
      -0.0230       -0.0424       -0.0288
       0.0486        0.0512       -0.1349
       0.1586        0.3207       -0.0818
      -0.0122       -0.0851       -0.0227
       0.0047       -0.0492        0.0554
       0.0496        0.2741       -0.0544
       0.0133        0.0998        0.0052
      -0.0558        0.0385        0.0059
      -0.0114       -0.0205       -0.0082
      -0.1144        0.0443       -0.0499
       0.0248       -0.0542        0.0052

499.5783527725769
      -0.2257        0.0852       -0.0458
      -0.1665        0.0399       -0.0489
      -0.2966        0.1327        0.1490
       0.0495        0.0280        0.1559
       0.1930       -0.0910       -0.1139
      -0.0250        0.0367        0.1692
       0.3418       -0.1872       -0.2199
       0.3665       -0.1137       -0.2664
      -0.2180       -0.1213       -0.0832
      -0.0095        0.0437        0.1007
       0.0217        0.0543        0.1085
       0.0329        0.0116        0.0847
      -0.0200        0.0146       -0.0167
      -0.0784        0.0376        0.0579
      -0.0928        0.0396        0.0325
      -0.0504        0.0383        0.0482
       0.1085       -0.0151       -0.0778
       0.0819       -0.0217       -0.0740
      -0.2335        0.1000       -0.0754
       0.0314       -0.0049        0.0183
       0.0539        0.0741       -0.0161

527.109624019572
       0.1742       -0.1067       -0.1173
       0.3776       -0.0647        0.1496
       0.0663       -0.0363       -0.0533
       0.0121        0.0632        0.2759
       0.1547       -0.0465        0.1863
      -0.3052        0.1451       -0.0894
       0.0901       -0.0462       -0.0529
       0.1098       -0.0618       -0.0028
      -0.0499       -0.0106       -0.0248
       0.0104        0.0147        0.0403
      -0.0042        0.0150       -0.0068
      -0.5663        0.1190       -0.2867
      -0.0051       -0.0263       -0.0275
       0.1023       -0.0063        0.0644
       0.0814       -0.0290        0.0947
       0.0683       -0.0163        0.0764
       0.0440       -0.0317       -0.0198
       0.0173        0.0013        0.0094
      -0.0494        0.0368       -0.0159
       0.0002        0.0013        0.0205
       0.0180        0.0095       -0.0101

567.6250782906646
       0.0141       -0.0261        0.0508
       0.0410        0.1881       -0.0447
       0.0244       -0.1079        0.0043
      -0.0183        0.0270       -0.0817
      -0.2366       -0.4076        0.1056
       0.2156        0.4891       -0.1358
       0.3057       -0.0769       -0.0117
      -0.1240       -0.0601        0.0505
      -0.0988        0.1568        0.0578
       0.0060       -0.0629        0.1351
      -0.0229        0.0663       -0.1614
       0.0140       -0.1487        0.0369
      -0.0259       -0.0846        0.0328
       0.0507        0.1299       -0.0564
      -0.0715       -0.2311        0.0351
      -0.0229       -0.0490       -0.0105
       0.0063        0.1262       -0.0326
      -0.1811        0.0264        0.0107
      -0.0959        0.0529       -0.0155
      -0.0611        0.0138        0.0350
       0.0118       -0.0415       -0.0183

603.6821088409449
       0.0478        0.0259        0.0652
       0.0122        0.0269        0.0345
       0.0566       -0.0727       -0.0093
      -0.0274       -0.0059       -0.0516
      -0.1243       -0.1115        0.0669
       0.0652        0.1481       -0.0673
       0.0604        0.1572       -0.2191
      -0.0062        0.1443        0.0397
      -0.0923       -0.3301       -0.0068
      -0.0793        0.2743       -0.3946
       0.0956       -0.2408        0.5143
      -0.0092       -0.0402       -0.0136
      -0.0028       -0.0004        0.0225
       0.0223        0.0261       -0.0189
      -0.0122       -0.0896        0.0066
       0.0052       -0.0199       -0.0131
      -0.0592       -0.0509        0.0866
       0.0872        0.1424        0.1069
      -0.0062        0.0439       -0.0940
      -0.0603        0.1116       -0.1546
       0.0342        0.1009        0.0514

663.4926090182195
       0.0411       -0.1107        0.3844
      -0.0009        0.1699        0.1282
       0.2663        0.0645       -0.0526
      -0.0614        0.1002       -0.2153
      -0.1609        0.2124        0.0412
      -0.0975       -0.3389       -0.0141
       0.3491       -0.1916       -0.1758
      -0.1224        0.0291        0.0574
      -0.2006       -0.0828       -0.0819
       0.0487       -0.0956        0.1012
       0.0261        0.0465       -0.0261
      -0.0260        0.0357       -0.1037
      -0.0246       -0.0126        0.1133
       0.0299        0.0158       -0.0354
       0.1083        0.1750       -0.0869
       0.0436        0.0796       -0.0806
      -0.0468        0.0744        0.0425
      -0.0268        0.0260        0.0308
      -0.1546        0.1245       -0.0700
      -0.1101        0.0191        0.0677
       0.0191        0.0475       -0.0282

707.9780039245519
      -0.1594       -0.3704       -0.1792
       0.1331        0.1986       -0.1434
      -0.0468        0.2162       -0.0599
       0.1174        0.2144        0.0673
      -0.0593       -0.3911        0.0754
      -0.0820       -0.2159        0.0928
      -0.0438        0.0722        0.0337
      -0.0429       -0.0497        0.0549
       0.0431        0.0417        0.0484
      -0.0373        0.0843       -0.0684
      -0.0045       -0.0412        0.0390
       0.0666       -0.0197        0.0750
       0.0176        0.0226       -0.0852
       0.1119        0.3318       -0.0656
       0.0903        0.3041       -0.0464
       0.0981        0.2804       -0.0291
      -0.0039       -0.0148        0.0021
      -0.0570        0.0202        0.0302
       0.0446       -0.0248        0.0122
       0.0394        0.0066       -0.0386
       0.0002       -0.0214        0.0155

755.7571990960545
       0.0270       -0.0056        0.3956
      -0.1488        0.0127        0.0390
       0.0932       -0.0464        0.1288
      -0.0197       -0.0316       -0.1796
      -0.0093       -0.1258       -0.0527
       0.0337        0.0802       -0.0393
      -0.0068       -0.0309        0.0586
       0.2992        0.0043       -0.0800
       0.0435       -0.0437        0.0013
      -0.2940        0.1015       -0.0426
      -0.0335        0.0408       -0.0395
      -0.1966        0.0105       -0.1326
       0.0869        0.1451        0.0797
       0.0429        0.1823       -0.0738
       0.0377        0.0844       -0.0180
      -0.0033        0.0359       -0.0630
       0.1167        0.0392       -0.0630
       0.0202       -0.0389       -0.0685
       0.2995       -0.1626        0.1574
       0.4072       -0.2105        0.0041
      -0.0136       -0.0045       -0.0011

779.3689781545523
       0.0291        0.0782       -0.2456
       0.1084        0.0832       -0.0510
       0.0024        0.1296       -0.0938
      -0.0001        0.0584        0.0803
      -0.0370        0.0513        0.0459
      -0.0759       -0.1807        0.0556
       0.3057       -0.0995       -0.0545
      -0.1168        0.0204        0.1679
      -0.0791       -0.0519        0.0022
      -0.3110        0.1226       -0.0629
      -0.0117        0.0184       -0.0173
       0.1226        0.0186        0.0591
      -0.1232       -0.3094        0.0058
      -0.0843       -0.2824        0.0741
      -0.0671       -0.2054        0.0541
       0.0047       -0.0046        0.0280
      -0.0125        0.1404        0.0319
      -0.1024        0.0169        0.0394
       0.2567       -0.0775        0.1148
       0.3562       -0.1896        0.0235
      -0.0053        0.0082       -0.0050

796.0581949584243
       0.0576        0.1568        0.2201
      -0.0409        0.2165       -0.0620
       0.1151        0.2325        0.0570
       0.0429       -0.0078       -0.1189
       0.0018       -0.2935       -0.0226
      -0.0584       -0.2231        0.0447
      -0.2041        0.1155        0.0743
       0.1393       -0.1678       -0.1315
       0.1043        0.1145        0.0560
       0.1158        0.0442       -0.0375
      -0.0023       -0.0493        0.0424
      -0.1402        0.0666       -0.0989
      -0.0937       -0.3856        0.1597
      -0.0978       -0.2152        0.0292
      -0.1106       -0.2830        0.0702
       0.0496        0.1626       -0.0720
       0.0748       -0.0929       -0.0955
      -0.0129       -0.0458       -0.0488
      -0.0707        0.0144       -0.0402
      -0.1253        0.0988       -0.0457
      -0.0007       -0.0382        0.0237

856.8123977123649
      -0.0170       -0.0240        0.0817
      -0.0021        0.0714       -0.0203
      -0.0550       -0.1342        0.0621
       0.0812        0.1104       -0.0482
       0.0820        0.0773       -0.0545
       0.0149       -0.0104       -0.0015
       0.1889        0.0321        0.0091
      -0.2133       -0.4929       -0.0272
       0.0614        0.3274        0.1349
      -0.0484        0.2557       -0.1890
       0.0070       -0.1524        0.1183
      -0.0478        0.0181       -0.0237
       0.0461        0.0984       -0.0016
      -0.0645       -0.1659        0.0377
       0.0727        0.2396       -0.0600
      -0.0987       -0.2976        0.0637
       0.0052       -0.0806       -0.1022
      -0.1420       -0.1997       -0.0667
       0.0176        0.0841       -0.0488
       0.0288        0.0541       -0.0571
      -0.0084       -0.0992        0.0646

900.7808387516637
      -0.0247       -0.0241        0.0231
      -0.0665       -0.3102        0.1265
       0.1096        0.2867       -0.1108
      -0.0080        0.0594        0.0134
       0.0230        0.1430       -0.0346
      -0.0592       -0.1306        0.0240
       0.1099       -0.0195       -0.0081
      -0.1230       -0.1525       -0.0868
       0.0160        0.1544        0.0466
      -0.0279        0.0616       -0.0492
       0.0036       -0.0640        0.0457
       0.0441        0.0267        0.0079
      -0.0115        0.0913       -0.0108
       0.1866        0.5056       -0.1005
      -0.1798       -0.4925        0.0884
      -0.0378       -0.0743        0.0262
      -0.0618       -0.0777        0.0107
       0.0478       -0.0953       -0.0405
       0.0077        0.0322       -0.0140
       0.0250        0.0016       -0.0111
      -0.0036       -0.0465        0.0286

910.2862276083449
      -0.0008       -0.0556       -0.0034
      -0.0425        0.0165       -0.0685
       0.0122        0.0777        0.0414
       0.1850        0.3893       -0.1262
      -0.0276       -0.1858        0.0412
      -0.0462       -0.1881        0.0493
      -0.1213        0.0288        0.0170
       0.1271        0.1566        0.0998
      -0.0139       -0.1700       -0.0436
       0.0426       -0.0624        0.0485
      -0.0023        0.0732       -0.0529
      -0.0297        0.0558       -0.0313
       0.0697        0.0373       -0.0199
      -0.0137        0.0006       -0.0211
      -0.0222       -0.0691        0.0440
      -0.2256       -0.6790        0.1480
       0.0692        0.0751       -0.0168
      -0.0728        0.1055        0.0462
      -0.0280       -0.0292        0.0061
      -0.0416        0.0119       -0.0012
      -0.0002        0.0528       -0.0314

942.3444572248264
      -0.0484        0.0505        0.0606
       0.1966        0.0675        0.2063
       0.0358       -0.1046       -0.1948
      -0.1570        0.1962        0.0597
      -0.1823       -0.1470        0.0158
      -0.0988        0.0022       -0.0098
       0.0623        0.0556        0.0336
       0.0070        0.0267       -0.4848
       0.0395        0.0368        0.1163
      -0.0445       -0.0532        0.0820
      -0.0052        0.0566       -0.0451
       0.1672       -0.0400        0.0680
      -0.2103        0.0269        0.0405
       0.0167       -0.0975        0.0948
       0.0188        0.0599       -0.1155
      -0.1607       -0.0945        0.0624
      -0.1933       -0.2391        0.1264
       0.3774        0.0313       -0.0297
       0.0781       -0.1268        0.0833
       0.0293       -0.0061       -0.0560
      -0.0047       -0.0529        0.0215

971.5223853948969
       0.0147        0.0521       -0.0250
      -0.0085       -0.0093        0.0127
       0.0284       -0.0608       -0.0395
      -0.0430        0.0667        0.0094
      -0.0349       -0.0409        0.0208
      -0.0190       -0.0010       -0.0024
      -0.1330       -0.0854       -0.1786
       0.1185        0.1646        0.0058
       0.0207        0.5455       -0.3454
      -0.0085       -0.1872        0.1068
      -0.0030       -0.4142        0.3067
       0.0346       -0.0094        0.0118
      -0.0638       -0.0843        0.0193
       0.0125        0.0317       -0.0108
       0.0371        0.0552       -0.0254
      -0.0755       -0.0348        0.0220
       0.0384        0.0599       -0.0024
       0.0119        0.1173        0.0420
       0.0017        0.0908       -0.0112
       0.1074       -0.1743        0.2314
       0.0116       -0.0026        0.0305

974.0401652589201
       0.1250        0.3382       -0.0742
      -0.0837       -0.2225        0.0332
      -0.0893       -0.1656        0.0777
       0.0719        0.0481       -0.0266
       0.0214        0.0041       -0.0066
       0.0163       -0.0164        0.0029
       0.0302        0.0058        0.0234
      -0.0532       -0.0156        0.0054
      -0.0053       -0.0701        0.0503
       0.0011        0.0243       -0.0159
       0.0011        0.0553       -0.0416
      -0.0325        0.0039       -0.0097
      -0.1823       -0.6046        0.1371
       0.1330        0.3906       -0.0965
       0.1086        0.3353       -0.0664
       0.0093       -0.0899        0.0130
      -0.0226       -0.0173        0.0107
      -0.0038       -0.0133       -0.0009
      -0.0055       -0.0078       -0.0016
      -0.0155        0.0247       -0.0341
      -0.0016       -0.0015       -0.0033

980.035641551499
       0.0347       -0.0220        0.0822
      -0.1191        0.0350       -0.1670
      -0.0973        0.0844        0.1649
       0.3867       -0.1209        0.0709
       0.1257       -0.0784       -0.0505
       0.1489       -0.0545       -0.0045
       0.1296        0.0011       -0.0541
      -0.3680        0.1852       -0.2010
      -0.0196        0.1021        0.0146
      -0.0460       -0.1014        0.1016
       0.0030       -0.0326        0.0181
      -0.2251        0.0641       -0.0725
       0.2093       -0.0218        0.0033
      -0.0579       -0.0386       -0.0261
      -0.0689        0.0026        0.0089
       0.2767       -0.0992        0.0118
      -0.2813       -0.1163        0.1828
       0.2066        0.1599        0.0959
       0.0569       -0.0735        0.0626
       0.0305       -0.0400        0.0073
       0.0060       -0.0268        0.0124

1019.7525936449332
       0.0196        0.0149        0.0634
      -0.4672        0.1020       -0.2388
       0.4007       -0.2158       -0.3123
       0.0606        0.1036        0.5426
       0.0281       -0.0119       -0.0240
      -0.0565        0.0142       -0.0241
      -0.0040        0.0005        0.0125
       0.0243       -0.0257        0.0083
       0.0002       -0.0325        0.0142
       0.0051        0.0198       -0.0117
      -0.0021        0.0218       -0.0162
       0.0021       -0.0005        0.0017
      -0.0012       -0.0086        0.0158
      -0.1315        0.0426       -0.0855
       0.1137       -0.0605       -0.1104
      -0.0005        0.0391        0.1665
       0.0104        0.0175       -0.0001
      -0.0166       -0.0203       -0.0120
      -0.0059       -0.0015       -0.0035
      -0.0095        0.0148       -0.0157
       0.0008        0.0027       -0.0034

1098.7460373515182
      -0.0513       -0.0500       -0.3004
      -0.2693        0.1255        0.1364
       0.2472       -0.0537        0.1444
      -0.0097       -0.0469       -0.2154
      -0.0327        0.0427        0.1284
      -0.0434        0.0174        0.0106
       0.0361        0.0159       -0.0172
      -0.0019       -0.0220       -0.1123
       0.0029        0.0237        0.0172
      -0.0078       -0.0143        0.0315
       0.0020       -0.0000        0.0034
       0.0283       -0.0121       -0.0093
      -0.0309       -0.0103       -0.0942
      -0.2003        0.1433        0.3112
       0.3886       -0.0223        0.5114
       0.0988       -0.0526       -0.0734
       0.0047       -0.1326       -0.0532
       0.0396        0.0370        0.0084
       0.0163       -0.0330        0.0228
       0.0021        0.0036       -0.0178
       0.0001       -0.0155        0.0085

1158.7828799357512
      -0.0367        0.0083       -0.0030
       0.0022       -0.0331       -0.0452
       0.0355       -0.0106       -0.0032
      -0.0690       -0.0057       -0.0291
       0.1452        0.0604        0.0184
       0.0860       -0.0259        0.0219
       0.1297        0.1710       -0.1019
      -0.0756       -0.1308        0.0568
      -0.0664        0.0211       -0.1972
       0.0182        0.0079        0.3256
      -0.0041       -0.0834        0.0356
      -0.0497        0.0119       -0.0278
      -0.0327        0.0155       -0.0011
       0.0214        0.0089       -0.0472
      -0.0263       -0.0058       -0.0562
      -0.2529        0.1160        0.0009
       0.1005       -0.2487       -0.1888
      -0.1708        0.2569        0.1912
       0.1168       -0.4072        0.2469
      -0.0985        0.1778       -0.2800
       0.0040        0.1437       -0.0714

1166.9231167116575
       0.0755       -0.0209        0.0280
      -0.0492       -0.0050       -0.0871
      -0.1408        0.0504        0.0007
      -0.0287        0.0192        0.0445
      -0.2938        0.1588        0.2208
      -0.2841        0.0662       -0.1534
       0.0289        0.0568       -0.0272
       0.1635       -0.0970       -0.0712
      -0.0081        0.0280       -0.0561
       0.0056       -0.0005        0.0845
      -0.0016       -0.0336        0.0184
       0.2035       -0.0484        0.1048
       0.1783       -0.0617        0.0010
       0.1042       -0.1061       -0.3109
      -0.0159        0.0158        0.0469
       0.5348       -0.1955       -0.0234
       0.1325       -0.1671       -0.1589
       0.0096       -0.0060       -0.0147
       0.0293       -0.1005        0.0617
      -0.0186        0.0392       -0.0640
       0.0031        0.0346       -0.0166

1179.71290901023
       0.2198       -0.1004       -0.1048
      -0.0933        0.0717        0.1700
      -0.0383       -0.0067       -0.0859
      -0.1039        0.0282       -0.0383
      -0.0895        0.0445        0.0803
      -0.0140        0.0137        0.0370
       0.0040        0.0081       -0.0045
       0.0478       -0.0213       -0.0367
       0.0016        0.0057       -0.0036
      -0.0005        0.0002        0.0083
       0.0002       -0.0028        0.0035
       0.0102       -0.0051       -0.0064
       0.6254       -0.2366       -0.0624
      -0.1785        0.1553        0.3987
      -0.2208        0.0007       -0.3410
      -0.0837        0.0284       -0.0081
       0.0250       -0.0402       -0.0304
       0.0132       -0.0198       -0.0208
       0.0036       -0.0093        0.0060
       0.0006        0.0024       -0.0056
      -0.0010       -0.0002        0.0011

1198.239114155166
      -0.0336        0.0051       -0.0184
      -0.0278       -0.0172       -0.0897
       0.0125       -0.0000        0.0167
      -0.0817        0.0124       -0.0245
       0.0779        0.0617        0.1479
       0.0397       -0.0219       -0.0351
       0.0268        0.0060       -0.0659
      -0.0265        0.0712       -0.0288
       0.0584       -0.0436        0.2943
      -0.0546       -0.1399       -0.1487
       0.0152        0.1332       -0.0366
      -0.0097        0.0025       -0.0067
       0.0510       -0.0162       -0.0105
       0.0409       -0.0427       -0.1449
      -0.0249       -0.0011       -0.0374
      -0.1597        0.0645       -0.0008
       0.1338       -0.4584       -0.2699
      -0.0869        0.3490        0.2085
      -0.0393        0.2470       -0.1333
       0.0971       -0.1881        0.2478
      -0.0006       -0.2166        0.1110

1278.2016414328266
      -0.0118       -0.0562       -0.2750
      -0.0707        0.0420        0.0422
       0.0991       -0.0187        0.0755
       0.0695       -0.0157        0.0059
      -0.3398        0.1187        0.2515
       0.4565       -0.0873        0.3210
       0.0470        0.0487        0.0025
       0.0710        0.0651       -0.0180
      -0.0126        0.0030       -0.0278
      -0.0017       -0.0149        0.0074
      -0.0020       -0.0333        0.0026
      -0.2429        0.0546       -0.1365
      -0.1438        0.0309       -0.0807
       0.0560       -0.0765       -0.1944
      -0.0884       -0.0071       -0.1686
      -0.0138        0.0000        0.0131
       0.0717       -0.1428       -0.0946
       0.1253       -0.2747       -0.1907
      -0.0019        0.0074       -0.0022
       0.0033       -0.0117        0.0183
       0.0000        0.0810       -0.0422

1305.9755854148748
      -0.1157        0.0613        0.0755
      -0.0119        0.0111       -0.0169
      -0.0934        0.0265       -0.0229
       0.0017        0.0147        0.0244
       0.1499       -0.0770        0.2319
      -0.0083       -0.0765       -0.3541
       0.0817        0.0744        0.0180
      -0.1107        0.1873        0.0703
      -0.0263       -0.0052       -0.0326
      -0.0060       -0.0290        0.0072
      -0.0055       -0.0588       -0.0062
       0.0498       -0.0043        0.0602
       0.3190       -0.1134        0.0060
       0.0742       -0.0864       -0.1946
       0.1399        0.0078        0.2503
      -0.3703        0.1281        0.0352
      -0.0177       -0.1232       -0.0180
       0.1452       -0.3710       -0.2410
      -0.0011        0.0195       -0.0059
       0.0063       -0.0202        0.0270
      -0.0010        0.1733       -0.0915

1324.9998308071988
       0.0651       -0.0043        0.0751
       0.0505       -0.0303       -0.0705
       0.0405       -0.0118        0.0132
      -0.0332        0.0086       -0.0212
       0.0788       -0.1166       -0.2408
      -0.1666        0.0810        0.0916
       0.1155        0.3729       -0.0459
      -0.1324        0.1201        0.1735
      -0.0144       -0.0547        0.0687
      -0.0266       -0.1808        0.0248
      -0.0131       -0.0953       -0.0276
       0.0506       -0.0161        0.0089
      -0.1879        0.0733        0.0352
      -0.0964        0.0842        0.2409
      -0.0682       -0.0018       -0.1141
       0.2009       -0.0795       -0.0226
       0.0675       -0.2879       -0.1513
      -0.0377       -0.2154       -0.1288
      -0.0143        0.0758       -0.0303
       0.0493       -0.1339        0.1768
       0.0092        0.3644       -0.1971

1358.178051839085
       0.1485       -0.0590       -0.0157
      -0.0999        0.0866        0.2647
      -0.1764        0.0113       -0.2292
       0.2648       -0.1005        0.0050
      -0.1572        0.0825       -0.1136
       0.0009        0.0233        0.1116
      -0.0081        0.3293       -0.0109
       0.0731       -0.2879       -0.1496
       0.0297       -0.0535        0.1161
      -0.0174       -0.1380       -0.0074
      -0.0191       -0.0594       -0.0367
      -0.0243        0.0106        0.0084
       0.0809       -0.0290       -0.0069
       0.0880       -0.0599       -0.1873
       0.1036        0.0014        0.1645
      -0.1730        0.0786        0.0164
      -0.0628        0.1821        0.1089
      -0.0998        0.1865        0.1225
      -0.0182        0.0700       -0.0367
       0.0500       -0.1197        0.1632
       0.0093        0.2992       -0.1647

1366.8983693157002
      -0.2676        0.0850       -0.0310
       0.1070       -0.1020       -0.2494
       0.1937       -0.0060        0.2709
      -0.2978        0.1122        0.0429
       0.0787        0.0751        0.2847
       0.1708       -0.1095       -0.2080
      -0.0116        0.1829        0.0499
       0.0740       -0.2471       -0.1847
       0.0255       -0.0196        0.0811
      -0.0097       -0.0727       -0.0226
      -0.0202       -0.0663       -0.0390
      -0.0230        0.0030       -0.0228
       0.0542       -0.0216       -0.0179
      -0.0318        0.0414        0.0801
      -0.0620       -0.0003       -0.1006
       0.1077       -0.0313        0.0008
      -0.1126        0.2324        0.1791
      -0.0278        0.1310        0.0804
      -0.0133        0.0647       -0.0341
       0.0351       -0.0706        0.0919
       0.0093        0.2820       -0.1578

1427.7010364595492
       0.0468       -0.0220       -0.0279
      -0.0473        0.0300        0.0387
       0.0034       -0.0067       -0.0227
       0.0009       -0.0124       -0.0504
       0.0536       -0.0197        0.0080
      -0.0630        0.0391        0.0712
      -0.0074       -0.5169        0.3552
      -0.0087        0.1355       -0.0482
       0.0490        0.1473        0.1024
      -0.0028        0.1739       -0.1355
      -0.0479       -0.1493       -0.1063
       0.0149       -0.0053       -0.0000
      -0.0201        0.0055       -0.0078
       0.0115       -0.0253       -0.0548
      -0.0176       -0.0024       -0.0352
      -0.0032       -0.0029       -0.0173
       0.0130       -0.1447       -0.0496
       0.0194        0.1767        0.0914
       0.0174        0.1213       -0.0569
      -0.0039        0.0912       -0.1536
       0.0122        0.4887       -0.2873

1483.6585962903112
       0.0262       -0.0505       -0.1793
      -0.2171        0.1074        0.1352
       0.1939       -0.0432        0.1112
      -0.0274       -0.0498       -0.2678
       0.4135       -0.1048        0.2279
      -0.3603        0.1757        0.2102
       0.0026        0.0926       -0.0394
      -0.1336       -0.0387       -0.0329
      -0.0090       -0.0253       -0.0105
       0.0002       -0.0267        0.0135
       0.0043        0.0135        0.0099
       0.0837       -0.0297        0.0005
      -0.0466        0.0016       -0.0607
       0.0794       -0.0956       -0.3050
      -0.1296       -0.0112       -0.2526
      -0.0318       -0.0138       -0.0922
      -0.0349        0.1986        0.0165
       0.1729       -0.0497        0.0140
      -0.0060       -0.0143        0.0042
       0.0025       -0.0185        0.0319
      -0.0004       -0.0342        0.0210

1501.9425615822142
      -0.0321        0.0207        0.0463
       0.0524       -0.0255       -0.0283
      -0.0337        0.0018       -0.0427
      -0.0121        0.0221        0.0533
      -0.0714       -0.0197       -0.0663
       0.0816       -0.0331       -0.0204
      -0.0210        0.0184        0.0054
      -0.2298       -0.1039        0.0736
       0.0080       -0.0081        0.0294
      -0.0000       -0.0099        0.0012
      -0.0055       -0.0034       -0.0103
      -0.0202        0.0059       -0.0036
       0.0278       -0.0078        0.0142
      -0.0161        0.0297        0.0693
       0.0379        0.0021        0.0572
       0.0149       -0.0043        0.0194
       0.3129        0.3431       -0.4815
       0.6134        0.0479        0.2342
      -0.0063        0.0194       -0.0088
       0.0082       -0.0047       -0.0074
       0.0057        0.0414       -0.0260

1521.911228809186
       0.4539       -0.1593        0.0034
      -0.1225       -0.0117       -0.2369
      -0.1306        0.0961        0.2180
       0.2310       -0.0799        0.0066
      -0.1296        0.1072        0.2785
      -0.1509       -0.0188       -0.3161
       0.0006       -0.0039        0.0145
       0.0255       -0.0425       -0.0659
       0.0003        0.0004       -0.0051
      -0.0002        0.0028       -0.0037
      -0.0012       -0.0012       -0.0000
       0.0561       -0.0070        0.0566
      -0.3636        0.1348        0.0296
      -0.1461        0.0892        0.1565
      -0.1458        0.0359       -0.0700
      -0.2665        0.1011        0.0253
       0.0031        0.0472       -0.0028
       0.0666       -0.0111       -0.0030
      -0.0006        0.0084       -0.0041
       0.0032       -0.0000       -0.0030
      -0.0012        0.0071       -0.0032

1641.534658801428
      -0.2396        0.0419       -0.1848
       0.0396        0.0551        0.2968
       0.3055       -0.0058        0.4487
       0.2656       -0.0615        0.1430
      -0.2399        0.0031       -0.3630
      -0.1689       -0.0179       -0.3403
      -0.0104       -0.0102       -0.0097
       0.0162        0.0078        0.0426
       0.0058        0.0039        0.0137
      -0.0026       -0.0071        0.0097
      -0.0012       -0.0008       -0.0017
       0.0302       -0.0046        0.0269
       0.0538       -0.0345       -0.0690
       0.0815       -0.0460       -0.0663
      -0.1110        0.0020       -0.1649
      -0.0934        0.0478        0.0578
       0.0462       -0.0389       -0.0562
      -0.0228        0.0258        0.0211
       0.0112        0.0221       -0.0006
       0.0068        0.0056       -0.0293
      -0.0002        0.0077       -0.0043

1661.328849829493
       0.2860       -0.1244       -0.1000
      -0.1952        0.1334        0.2833
      -0.1215        0.0669        0.1025
      -0.3392        0.1495        0.1255
       0.1714       -0.0964       -0.1634
       0.2418       -0.1449       -0.2583
      -0.0039       -0.0717       -0.0900
      -0.0236        0.0232        0.0311
       0.0308        0.0219        0.1043
       0.0361        0.1272       -0.1023
      -0.0045       -0.0031       -0.0158
      -0.0182        0.0086        0.0088
      -0.1015        0.0301       -0.0228
       0.0279       -0.0347       -0.1179
      -0.0426        0.0217        0.0312
       0.1362       -0.0439        0.0266
       0.0015        0.0074       -0.0060
      -0.0039        0.0043        0.0060
      -0.1223       -0.3515        0.0490
      -0.1030       -0.0315        0.3144
       0.0006        0.0400       -0.0248

1666.176676656828
      -0.1976        0.0835        0.0600
       0.1325       -0.0891       -0.1798
       0.0923       -0.0433       -0.0468
       0.2336       -0.1000       -0.0759
      -0.1281        0.0709        0.0986
      -0.1654        0.0927        0.1499
       0.0165       -0.1211       -0.0462
       0.0141        0.0138       -0.0076
       0.0300        0.0308        0.0913
       0.0554        0.2066       -0.1757
      -0.0068       -0.0084       -0.0176
       0.0151       -0.0061       -0.0035
       0.0676       -0.0211        0.0133
      -0.0173        0.0279        0.0802
       0.0236       -0.0141       -0.0258
      -0.0946        0.0300       -0.0145
       0.0078        0.0008       -0.0103
       0.0147       -0.0018       -0.0023
      -0.1935       -0.5275        0.0650
      -0.1557       -0.0503        0.4901
      -0.0017        0.0511       -0.0302

1735.4107854395936
       0.0121       -0.0062       -0.0092
      -0.0123        0.0121        0.0303
      -0.0019        0.0037        0.0127
      -0.0205        0.0101        0.0146
       0.0112       -0.0159       -0.0373
       0.0144       -0.0102       -0.0220
       0.2168        0.1835        0.6891
      -0.0336       -0.0412       -0.0643
      -0.1617       -0.1027       -0.5268
       0.0052        0.0300       -0.1467
       0.0091       -0.0006        0.0398
      -0.0017        0.0007        0.0006
      -0.0038        0.0006       -0.0027
       0.0038       -0.0046       -0.0085
      -0.0036        0.0010        0.0001
       0.0083        0.0007        0.0034
       0.0001       -0.0766       -0.0332
       0.0131        0.0790        0.0525
      -0.0817       -0.0053       -0.0591
      -0.0186       -0.0618        0.2003
      -0.0065       -0.1314        0.0778

3085.530062212104
      -0.0003        0.0001        0.0001
       0.0067       -0.0020        0.0020
      -0.0001       -0.0000       -0.0001
       0.0012       -0.0004       -0.0009
       0.0005       -0.0011       -0.0036
      -0.0002        0.0001       -0.0000
      -0.0012        0.0023       -0.0028
      -0.2265       -0.0673       -0.0201
      -0.0003       -0.0009        0.0028
       0.0004        0.0009        0.0007
       0.0012        0.0014        0.0013
      -0.0001        0.0001        0.0001
       0.0001        0.0005        0.0026
      -0.0198        0.0049       -0.0080
       0.0006       -0.0004       -0.0001
       0.0009        0.0001        0.0040
       0.6866       -0.0559        0.4711
       0.0862        0.2825       -0.3992
      -0.0011       -0.0014       -0.0008
       0.0006       -0.0008        0.0009
      -0.0010       -0.0000       -0.0016

3154.828398408407
       0.0007       -0.0001        0.0016
      -0.0094        0.0018       -0.0052
      -0.0004        0.0001       -0.0004
       0.0006       -0.0003       -0.0039
       0.0003        0.0002        0.0031
      -0.0009        0.0006        0.0008
       0.0012       -0.0017        0.0029
       0.0664       -0.1451        0.2621
       0.0000       -0.0019        0.0002
      -0.0003        0.0015       -0.0007
       0.0013        0.0019        0.0018
       0.0001       -0.0000       -0.0000
      -0.0008       -0.0012       -0.0063
       0.0300       -0.0068        0.0140
       0.0008       -0.0006       -0.0007
       0.0001        0.0017        0.0106
      -0.3944        0.0286       -0.2652
       0.1605        0.4706       -0.6560
       0.0010        0.0014        0.0012
      -0.0020       -0.0012       -0.0009
      -0.0011        0.0000       -0.0027

3184.9692260530687
      -0.0212       -0.0190       -0.1146
       0.2237       -0.0495        0.1201
      -0.0149        0.0082        0.0126
      -0.0017        0.0007        0.0001
       0.0022       -0.0028       -0.0090
      -0.0008        0.0003       -0.0000
      -0.0001       -0.0001        0.0004
       0.0070       -0.0035        0.0096
       0.0000       -0.0001       -0.0002
      -0.0003        0.0001        0.0001
      -0.0000        0.0001        0.0000
      -0.0000       -0.0000       -0.0001
       0.0511        0.0733        0.3962
      -0.7526        0.1694       -0.3885
       0.0581       -0.0297       -0.0397
       0.0006       -0.0005       -0.0011
      -0.0300        0.0030       -0.0178
       0.0026        0.0104       -0.0143
       0.0011        0.0004       -0.0003
       0.0000        0.0001       -0.0003
      -0.0000       -0.0000       -0.0001

3204.6058391458187
       0.0215        0.0468        0.2360
       0.1121       -0.0272        0.0502
       0.0709       -0.0386       -0.0589
       0.0016        0.0046        0.0220
      -0.0009       -0.0011       -0.0066
       0.0022       -0.0002        0.0023
      -0.0002       -0.0002        0.0001
       0.0024       -0.0010        0.0032
       0.0000        0.0002       -0.0001
      -0.0001        0.0001        0.0001
      -0.0000       -0.0001        0.0001
      -0.0005        0.0001       -0.0003
      -0.0919       -0.1463       -0.7753
      -0.3504        0.0797       -0.1775
      -0.2609        0.1336        0.1789
      -0.0094       -0.0138       -0.0733
      -0.0094        0.0010       -0.0055
       0.0003        0.0033       -0.0041
       0.0005       -0.0001       -0.0002
       0.0001        0.0001       -0.0001
      -0.0000        0.0001        0.0000

3214.317268709288
      -0.0017       -0.0037       -0.0190
      -0.0094        0.0018       -0.0061
      -0.0057        0.0027        0.0032
       0.0370        0.0531        0.2832
      -0.0099        0.0024       -0.0041
       0.0114       -0.0055       -0.0066
       0.0004       -0.0000       -0.0000
       0.0002       -0.0020        0.0029
      -0.0003        0.0002       -0.0002
       0.0000       -0.0000        0.0002
       0.0002       -0.0000        0.0006
      -0.0018        0.0006       -0.0001
       0.0071        0.0116        0.0611
       0.0284       -0.0064        0.0147
       0.0194       -0.0099       -0.0129
      -0.1268       -0.1727       -0.9290
      -0.0002       -0.0001       -0.0014
       0.0032        0.0057       -0.0089
       0.0001       -0.0000       -0.0002
      -0.0000       -0.0001       -0.0001
      -0.0006        0.0001       -0.0004

3225.0512741265816
       0.0218        0.0166        0.1055
       0.0257       -0.0071        0.0078
      -0.2102        0.1063        0.1383
       0.0013       -0.0004        0.0003
      -0.0000       -0.0004       -0.0017
      -0.0044       -0.0016       -0.0137
       0.0000       -0.0000        0.0001
       0.0004        0.0002       -0.0000
      -0.0000        0.0001        0.0000
      -0.0000        0.0000       -0.0001
      -0.0000       -0.0000       -0.0000
       0.0016       -0.0002        0.0016
      -0.0429       -0.0614       -0.3317
      -0.0716        0.0166       -0.0348
       0.6806       -0.3459       -0.4555
      -0.0008       -0.0001       -0.0017
      -0.0010        0.0001       -0.0006
      -0.0003       -0.0006        0.0010
       0.0000       -0.0000        0.0001
       0.0001        0.0001        0.0001
       0.0000        0.0000        0.0001

3513.1120125719785
       0.0001       -0.0000       -0.0001
       0.0002        0.0001       -0.0001
      -0.0000       -0.0000       -0.0001
      -0.0000       -0.0001        0.0000
      -0.0002        0.0002        0.0006
      -0.0000        0.0000        0.0001
       0.0050       -0.0027        0.0018
      -0.0006       -0.0004       -0.0013
       0.0023        0.0000        0.0015
       0.1218        0.1040       -0.1264
      -0.0009       -0.0006        0.0005
       0.0000        0.0000        0.0000
      -0.0000       -0.0000       -0.0001
      -0.0007       -0.0003       -0.0001
      -0.0001        0.0000        0.0000
      -0.0002        0.0001       -0.0001
       0.0010       -0.0004        0.0010
      -0.0003       -0.0006        0.0018
      -0.2018        0.2002        0.6578
      -0.2721       -0.5747       -0.2011
       0.0002        0.0005        0.0014

3621.5090848585755
      -0.0002        0.0001        0.0001
      -0.0001       -0.0002        0.0001
       0.0000        0.0000        0.0001
      -0.0001       -0.0000       -0.0000
       0.0003       -0.0002       -0.0005
      -0.0001       -0.0000       -0.0002
       0.0008        0.0025        0.0019
      -0.0001       -0.0006       -0.0006
      -0.0006        0.0003       -0.0008
       0.0279        0.2059        0.2120
      -0.0001       -0.0004       -0.0005
       0.0001       -0.0000        0.0000
      -0.0000       -0.0000       -0.0000
       0.0005        0.0004        0.0001
       0.0001       -0.0000       -0.0001
       0.0001        0.0001        0.0002
      -0.0006       -0.0012       -0.0001
      -0.0007       -0.0001        0.0014
       0.2002       -0.1739       -0.5924
      -0.3041       -0.5983       -0.2003
       0.0006        0.0009        0.0018

3787.6758008806023
       0.0000       -0.0000       -0.0000
      -0.0000        0.0000        0.0000
      -0.0000        0.0000        0.0000
      -0.0001        0.0001        0.0002
       0.0002        0.0001       -0.0002
       0.0002       -0.0001        0.0001
      -0.0003       -0.0010       -0.0001
      -0.0003       -0.0006        0.0009
       0.0001       -0.0030        0.0028
       0.0004       -0.0011        0.0009
      -0.0610       -0.0985       -0.2159
      -0.0001        0.0000       -0.0001
      -0.0000        0.0000        0.0001
       0.0000       -0.0000       -0.0000
      -0.0000        0.0000        0.0000
       0.0000       -0.0002       -0.0004
       0.0004        0.0003       -0.0002
       0.0011        0.0026       -0.0025
      -0.0009       -0.0003        0.0005
       0.0007        0.0025        0.0004
       0.2419        0.4077        0.8457

