JOB 0
COORDS -6.9115004679e-01 -2.6535149650e+00  6.6807786609e-02  4.6507008517e-01 -1.9400476667e+00 -1.4499857266e-01  7.8249121997e-01 -5.2739901820e-01  2.5443455118e-01 -6.8257867588e-01 -3.9265003569e+00 -4.4840008361e-01  4.0459221329e-01 -4.2560907794e+00 -1.0402247241e+00  2.4675158748e+00 -9.6523158000e-01  1.9657595993e+00  2.1811864870e+00 -3.9652125861e-01  6.8170992070e-01  1.5526685917e+00 -2.9490509425e+00 -1.0055484379e+00 -1.5734381169e+00 -2.3016387242e+00  5.8949810319e-01  6.4265774292e-01  1.3230895054e-01 -6.1101622334e-01  6.1500178342e-02 -2.1093092059e-01  1.0288692154e+00  1.7011733430e+00 -7.7095524604e-01  2.6213292610e+00  2.4872379577e+00 -1.9773126762e+00  1.8485391837e+00  2.4095073545e+00  5.9227308092e-01  7.4632625306e-01
ENERGY -7.350759475707e+02
GRADIENT  5.9744345924e-05 -2.7722081302e-05 -1.1972098710e-04  7.2039525245e-06  4.0105046475e-05  5.5096751252e-05  3.7673421816e-05 -2.8858686440e-06  5.9967456632e-06 -3.7965050948e-05 -5.7854490499e-05  9.7443324825e-06 -3.7577446651e-05  7.8396549529e-06  1.3296941355e-05  2.8037334006e-03  2.2842998737e-04 -4.7876872460e-04  2.5899784281e-03 -7.1607699782e-04 -8.5486685365e-04 -1.4015223203e-05  1.3489047718e-05  5.3619138671e-05  7.7768591596e-06 -7.4067861339e-06 -6.5082003468e-06 -2.3182844759e-05  5.2467685207e-06  3.9689538229e-06  2.8825686621e-05 -2.2617033851e-05  1.4866776090e-05  4.3966353344e-05  1.8683205218e-05 -7.4897612523e-05 -2.8008286507e-03 -5.1557675318e-05  5.2398195871e-04 -2.6442601518e-03  5.2451486573e-04  8.3637143059e-04

JOB 1
COORDS -7.0564389261e-01 -2.6391413588e+00  6.5091755558e-02  4.5431332967e-01 -1.9299586479e+00 -1.3959836900e-01  7.7149067262e-01 -5.1478057038e-01  2.5295548030e-01 -6.9321083137e-01 -3.9169571048e+00 -4.3833083486e-01  4.0032841724e-01 -4.2545963253e+00 -1.0133554814e+00  2.4381217223e+00 -9.4799427424e-01  1.9821423741e+00  2.1590558498e+00 -3.8447967193e-01  6.9930083312e-01  1.5504919121e+00 -2.9487445596e+00 -9.7648319538e-01 -1.5934450187e+00 -2.2809454693e+00  5.7399286784e-01  6.4593731737e-01  1.3953886834e-01 -6.1862311096e-01  3.8399522626e-02 -1.8956401278e-01  1.0126503637e+00  1.6168643553e+00 -9.0216660939e-01  2.5928023873e+00  2.6686773837e+00 -1.9305047533e+00  1.8491235009e+00  2.4216399596e+00  5.9652569017e-01  7.3801725339e-01
ENERGY -7.350765581840e+02
GRADIENT  2.8019248514e-05 -1.4605202789e-05  1.1721408850e-05 -2.8724396121e-06  1.7855970502e-05  1.2142193106e-05  1.4387865049e-05 -2.4274588134e-06 -1.3485552723e-05 -4.4916856896e-06 -9.2757511838e-08 -2.5610935796e-05  1.5462849935e-06 -2.1295079696e-05  1.2848325810e-05 -3.4443781401e-04 -1.1187782827e-04 -2.0782761103e-05 -3.3695849674e-04  1.2917835428e-04  1.3491978882e-04 -2.3838977851e-05 -5.4256391491e-07 -2.4725676100e-06  4.4532828022e-06 -8.3498172076e-07  2.2769846250e-07  1.2451410544e-05 -7.3307055725e-06 -7.0969910681e-06 -3.8881345643e-06  5.7152879576e-06 -7.6870252912e-06 -1.1222381661e-05 -1.1364183740e-05  1.7202496220e-05  3.5684429250e-04  6.4121924254e-05 -2.0116180489e-05  3.4293656394e-04 -8.4195993149e-05 -1.1310697459e-04

JOB 2
COORDS -7.2574311988e-01 -2.6313672513e+00  4.9633241239e-02  4.4459429026e-01 -1.9333602559e+00 -1.3303774898e-01  7.6538775365e-01 -5.1655657835e-01  2.5363164679e-01 -7.1143180309e-01 -3.9138516719e+00 -4.4190597055e-01  3.9342835134e-01 -4.2653880329e+00 -9.8643063816e-01  2.4189254192e+00 -9.3909715254e-01  1.9956774147e+00  2.1457013274e+00 -3.8767401185e-01  7.0629682823e-01  1.5524614506e+00 -2.9681441144e+00 -9.3283344844e-01 -1.6228694718e+00 -2.2617446522e+00  5.3343746224e-01  6.4680641122e-01  1.3393766738e-01 -6.2154276568e-01  2.6864570006e-02 -1.8346479805e-01  1.0050924884e+00  1.5651683081e+00 -1.0538468196e+00  2.5445037463e+00  2.8547792771e+00 -1.8494143948e+00  1.8698101729e+00  2.4382487777e+00  5.8515111522e-01  7.1852683368e-01
ENERGY -7.350756224332e+02
GRADIENT  9.2788253701e-05 -6.0558449479e-05  2.0545196697e-05 -1.4696125474e-05  5.5723844086e-05  1.2043854628e-06  8.7403718626e-05  1.2820299374e-05 -2.6707673655e-05 -2.4852526385e-05 -1.3258144497e-05 -7.1167281798e-05 -3.3017889859e-05 -4.6821193178e-05  5.9866996373e-05 -3.1112011831e-03 -1.9556402355e-03 -2.4618385045e-04 -3.2194339520e-03  1.4738686158e-03  1.3506362400e-03 -4.3621750386e-05  4.8518005090e-05 -6.6746692819e-06  9.8361558490e-06 -3.9089386770e-06 -8.4369572251e-07  1.0950289785e-05  1.0785088876e-05  7.4613092506e-06 -1.9478568201e-05 -6.2495571798e-06 -6.3560266051e-06 -2.6834276736e-05 -3.9575812081e-05  1.5397488430e-05  3.1354829838e-03  1.4571681423e-03 -2.4377179768e-06  3.1902966143e-03 -9.4246890056e-04 -1.1128738879e-03

JOB 3
COORDS -7.4609499213e-01 -2.6166589300e+00  3.9694588082e-02  4.3682492412e-01 -1.9354740481e+00 -1.2552861622e-01  7.6676817007e-01 -5.1727496788e-01  2.4989327059e-01 -7.3676237364e-01 -3.9045511744e+00 -4.3770378658e-01  3.7562660422e-01 -4.2746125300e+00 -9.5486052573e-01  2.3863995179e+00 -9.2616633683e-01  2.0187656295e+00  2.1464155099e+00 -3.9430709208e-01  7.0018576524e-01  1.5484615022e+00 -2.9918105132e+00 -8.9051993692e-01 -1.6488720389e+00 -2.2308765460e+00  4.9987872380e-01  6.5464202502e-01  1.2637137822e-01 -6.3071234474e-01  2.9806286116e-02 -1.7077655708e-01  9.9678530911e-01  1.5245193863e+00 -1.2882995096e+00  2.4241512855e+00  3.0483207482e+00 -1.6931417749e+00  1.9256496972e+00  2.4306993058e+00  5.8153211076e-01  7.2135321037e-01
ENERGY -7.350734693360e+02
GRADIENT -5.4015681455e-05  1.8084030873e-05  8.0867772905e-05  1.5422581746e-05 -2.1532640589e-05 -4.3378725728e-05 -1.6671897639e-04 -2.8636261233e-05 -5.4698440564e-05  1.2321229924e-05  6.0085695514e-05 -4.8942357989e-05  4.9012886987e-05 -1.4944477239e-05  3.7164544052e-05 -3.5529958712e-03 -4.1002959893e-03 -9.7619680472e-04 -4.5153569377e-03  2.2136783434e-03  1.7606419992e-03  2.8906469823e-05 -2.2053377004e-05 -3.2440685846e-05 -3.5215009030e-06  7.1380178735e-06  2.9955353631e-06  2.2966905209e-05  7.9323968154e-06  6.2686987443e-06  3.4416847731e-05 -1.2868397127e-05  6.8771582796e-06 -1.5444806831e-06  4.7697310725e-05  1.5853807459e-05  3.6924562535e-03  3.1303161849e-03  5.7200419619e-04  4.4700652900e-03 -1.2793418058e-03 -1.3395226373e-03

JOB 4
COORDS -7.3662192477e-01 -2.6085939603e+00  6.6735056522e-02  4.4814752331e-01 -1.9418338296e+00 -1.4093129707e-01  8.0070334914e-01 -5.2266334972e-01  2.0867530363e-01 -7.5532826293e-01 -3.9016260269e+00 -3.9622120996e-01  3.3665792527e-01 -4.2883618396e+00 -9.4386422767e-01  2.3024213981e+00 -9.1547620471e-01  2.0541925532e+00  2.1823584395e+00 -4.2118984461e-01  6.7694171314e-01  1.5247107314e+00 -3.0186823118e+00 -9.2883525161e-01 -1.6204674422e+00 -2.2074897220e+00  5.4989650739e-01  7.1858470976e-01  1.0178682023e-01 -6.8817282291e-01  6.5981243886e-02 -1.4569218083e-01  9.4064007392e-01  1.5765467460e+00 -1.6209657628e+00  2.1864030451e+00  3.1800740735e+00 -1.4357090021e+00  2.0747197207e+00  2.4054725704e+00  5.7069585170e-01  7.4485335768e-01
ENERGY -7.350720182653e+02
GRADIENT  1.8878779966e-05  3.4723571734e-05 -2.2635901884e-06 -2.6475742110e-05 -1.0725308516e-05  4.3938687470e-06  1.5815781671e-05  4.7975163821e-05  2.0531351272e-05  1.8531492342e-05 -2.1556327148e-05 -1.8694127652e-06 -9.0442238677e-06 -2.5788968894e-05 -1.7974610742e-05 -4.3939982371e-04 -1.0952597803e-03 -4.8946515394e-04 -1.0659697641e-03  4.1600646670e-04  3.3826523030e-04 -1.3120981478e-05 -1.1907168297e-05  1.5336672463e-05  2.5723257364e-06 -5.2231274549e-06 -1.7860756714e-06  9.7029742337e-06 -1.0705817349e-05 -1.3091278135e-05 -1.0698888238e-06 -6.1385936070e-06 -7.8133670000e-06  8.6571427145e-07 -1.1843937494e-05  4.0911985217e-05  5.2374566120e-04  8.6143730460e-04  3.0628872449e-04  9.8282379648e-04 -2.0580340409e-04 -2.1274326054e-04

JOB 5
COORDS -7.5437547445e-01 -2.5962966859e+00  6.5458697474e-02  4.3518617937e-01 -1.9399321792e+00 -1.4810058178e-01  8.0211505050e-01 -5.2446405439e-01  2.0073181710e-01 -7.8817096138e-01 -3.8883849071e+00 -3.9882650179e-01  2.9626786103e-01 -4.2847407714e+00 -9.5452342940e-01  2.2298263943e+00 -9.1378209746e-01  2.0807756911e+00  2.1842769125e+00 -4.4261259118e-01  6.8202879747e-01  1.4963421398e+00 -3.0260342049e+00 -9.4577867364e-01 -1.6303527384e+00 -2.1877095302e+00  5.5644283434e-01  7.3639450566e-01  9.6905950883e-02 -6.9936686912e-01  7.3175092986e-02 -1.3851620204e-01  9.3165089130e-01  1.7235703256e+00 -1.8026257498e+00  2.0805272477e+00  3.2027843024e+00 -1.1950305764e+00  2.2189336456e+00  2.3993534798e+00  5.5152308106e-01  7.5756294036e-01
ENERGY -7.350719601528e+02
GRADIENT  6.0492460244e-05 -2.9155507265e-06 -1.6091821071e-04 -3.3591222867e-06  5.1689007975e-05  7.0078870568e-05  1.1705149590e-04  2.5350244133e-05 -6.0752232500e-05 -1.4013417292e-05 -7.6594541615e-05  4.8041027487e-05 -3.9256893295e-05 -1.9324659578e-06 -3.2120081660e-05  7.6317330297e-05  4.3314473654e-04  1.1855231295e-04  2.4846640856e-04 -1.9594224677e-04 -1.4648989794e-05 -4.2552803210e-05  4.8032146694e-06  7.7238209640e-05  5.6237208498e-06 -8.9443745477e-06 -4.6032286563e-06 -7.4089730645e-05  2.3624034337e-05  1.2234104099e-05  2.3107597025e-05 -2.9292520770e-05  3.8927115526e-05  1.6921181348e-05  9.7202695881e-07 -3.8307643462e-05 -7.5206785697e-05 -3.1781271134e-04 -7.1920488105e-05 -2.8907955651e-04  4.2877868594e-05  6.0423694728e-06

JOB 6
COORDS  5.5420326203e-02 -3.1771260549e+00  8.4622726110e-01  5.4071330202e-01 -2.0790383024e+00  1.7187678485e-01  1.0559750372e+00 -8.0356487906e-01  7.9548781238e-01 -3.5011765868e-01 -4.2178773577e+00  4.9100217122e-02 -2.1749425001e-01 -4.0000046826e+00 -1.2094036852e+00  2.1095726832e+00 -3.1871272356e-03 -1.1721993723e+00  2.3254505144e+00 -2.9452318562e-01  2.5758404864e-01  4.5467895922e-01 -2.4301237623e+00 -1.5080239179e+00 -2.4283329268e-02 -3.2769492474e+00  1.9233481530e+00  3.0851521289e-01 -6.4214570596e-03  6.9900579049e-01  1.2004797977e+00 -9.6984462229e-01  1.8671476294e+00  1.4402554898e+00  7.7164868487e-01 -1.1713121595e+00  2.9772578547e+00  4.4225036423e-01 -1.4798890797e+00  2.9561765966e+00 -1.0994119385e+00  2.4558709804e-01
ENERGY -7.350725122029e+02
GRADIENT  1.7664174396e-06  3.2027173551e-05 -1.0178111214e-05 -4.2432771908e-05 -3.2663114240e-05 -4.6165645263e-06  3.1346044517e-05  1.8056749705e-05 -5.6494938486e-06 -4.6885202912e-06 -3.9483066003e-05 -3.8625272212e-05 -2.5246962720e-05 -4.5329836346e-05  1.0128639614e-04  7.0350892373e-04 -2.6412770059e-03 -6.3789233192e-04  1.9230445607e-03  1.9738431163e-03  1.1841007017e-04  2.5823270157e-05  8.0419793335e-05 -4.2137499683e-05 -9.8548573732e-06 -5.8164784793e-06 -3.7126502040e-06 -5.0393594878e-06 -3.5949861441e-06  9.3169801933e-06  7.6071790413e-06 -5.7325458396e-07 -1.8955162666e-06 -7.5742753811e-06  7.9591624160e-06  7.9746356568e-06 -8.4595137715e-04  2.0393033709e-03  5.5134533152e-04 -1.7739306032e-03 -1.3898621337e-03 -2.5047585703e-05

JOB 7
COORDS  9.9098706910e-02 -3.1986488688e+00  8.3905273225e-01  5.2834625561e-01 -2.0719631477e+00  1.7414432946e-01  1.0203262930e+00 -7.9181414923e-01  8.0188440871e-01 -2.9292079533e-01 -4.2376800553e+00  3.2439470868e-02 -2.0367938591e-01 -3.9895541671e+00 -1.2247945442e+00  2.0666605931e+00  1.3048277129e-02 -1.1636716003e+00  2.2867159222e+00 -2.6788134092e-01  2.6591121495e-01  4.0542442350e-01 -2.3925374789e+00 -1.5093876705e+00  5.1460981554e-02 -3.3214912291e+00  1.9156800290e+00  2.6538438221e-01 -3.7301580895e-03  6.9827566910e-01  1.1630058798e+00 -9.5389515342e-01  1.8745407559e+00  1.5756652006e+00  9.1084408030e-01 -1.1706291719e+00  2.9893202115e+00  2.4078577457e-01 -1.5394449294e+00  2.9382438252e+00 -1.0553622661e+00  2.6844106202e-01
ENERGY -7.350733726987e+02
GRADIENT -6.1692054556e-05 -3.2434329582e-05 -1.5179833594e-04  1.3072133155e-04  9.1910015092e-05  3.8773162757e-05 -2.2070970830e-04 -5.9220761875e-05  9.6234210479e-06 -2.6476347731e-05 -1.0065889210e-04  7.1830233905e-05  2.1564693388e-05  9.3965418037e-05  6.2459654491e-05  5.5045949014e-05 -1.6115566973e-03 -3.9884592305e-04  1.2617181036e-03  1.2354208580e-03  8.4755994490e-05 -5.2303963868e-05 -2.8330185486e-05  2.8390270666e-05  9.8319510066e-07 -8.1346431586e-06 -1.2025489289e-05  3.0377530946e-05  1.9827429258e-05 -1.5273275611e-06  3.2292000416e-05 -2.7477348721e-05 -1.6134671887e-05 -5.8612915724e-06 -1.0780537525e-05 -4.5408469216e-06 -2.0882453787e-04  1.2503967861e-03  2.9667356249e-04 -9.8678238492e-04 -8.2449135912e-04  1.0173485013e-05

JOB 8
COORDS  1.1340809221e-01 -3.2176509164e+00  8.4853634610e-01  4.8739151188e-01 -2.0663304978e+00  1.9278642553e-01  9.7351148022e-01 -7.8646084124e-01  8.2282432360e-01 -2.7890739990e-01 -4.2505085494e+00  3.3516600068e-02 -2.4260641334e-01 -3.9745223282e+00 -1.2203484785e+00  2.0194820770e+00  2.2868193551e-02 -1.1428668002e+00  2.2386107960e+00 -2.6059887584e-01  2.8332747779e-01  3.1142541651e-01 -2.3543491138e+00 -1.4917302564e+00  1.0659548338e-01 -3.3635967159e+00  1.9232841226e+00  2.1800755699e-01 -4.5306547209e-04  7.1730583183e-01  1.1179168190e+00 -9.4803466102e-01  1.8955704986e+00  1.7313307592e+00  1.0034775090e+00 -1.1688615567e+00  2.9414333338e+00  2.0915482795e-02 -1.5812341535e+00  2.9032645641e+00 -1.0354232048e+00  3.0190261181e-01
ENERGY -7.350738789166e+02
GRADIENT -2.8651902384e-05  2.1789035671e-05  6.5333702041e-05  7.7812498683e-06 -3.6229250213e-05 -2.7708293155e-05 -1.1080011488e-05 -3.0070537052e-05 -4.8896549278e-06  9.0095206270e-06 -9.4985346938e-06 -1.4000064822e-05  1.7730800739e-05  2.0951492857e-05  4.4063202854e-05 -2.3437557616e-04 -1.1710462078e-03 -2.2973615912e-04  8.3608920681e-04  8.7114040093e-04  9.3192435447e-05 -2.0434733827e-05  4.0646406344e-05 -7.0543208574e-05 -8.5096877476e-06 -6.2998220399e-06  3.7280603192e-06  1.5802961669e-05 -6.9620647950e-06 -1.3983230442e-05  1.1526182453e-05  3.6103688269e-06 -1.7275720401e-06  1.6647625534e-05 -2.1911990944e-05  1.5694081318e-05  5.5060917928e-05  8.8154282298e-04  1.7943597636e-04 -7.0012023634e-04 -5.7148497995e-04 -3.0524557978e-05

JOB 9
COORDS  1.5237893020e-01 -3.2364469871e+00  8.4247962429e-01  4.5921932963e-01 -2.0587917364e+00  1.9857156842e-01  9.3038465541e-01 -7.7548291091e-01  8.3135712281e-01 -2.3637569283e-01 -4.2649800851e+00  2.0235622645e-02 -2.6118332538e-01 -3.9622170368e+00 -1.2273798596e+00  1.9965193248e+00  4.1262915248e-02 -1.1264912221e+00  2.1961628682e+00 -2.4276231417e-01  2.9757659512e-01  2.2519741080e-01 -2.3168888380e+00 -1.4833059015e+00  1.9242885005e-01 -3.4048713418e+00  1.9131709839e+00  1.7155529924e-01  4.9846409610e-03  7.1850079817e-01  1.0703976611e+00 -9.3617100482e-01  1.9050705540e+00  1.9098756188e+00  1.0574127529e+00 -1.1853334449e+00  2.8680676630e+00 -1.7496127821e-01 -1.6101599897e+00  2.8790529330e+00 -9.9874808481e-01  3.4832790269e-01
ENERGY -7.350743491476e+02
GRADIENT -1.2432960941e-05  3.3367784704e-05  4.7484215155e-05 -1.3894377758e-05 -4.4375793436e-05 -4.6215027281e-05 -1.9467083399e-04 -1.7475808245e-05  5.5189153134e-05  4.6018756390e-05 -7.3613689435e-05  7.2920629280e-06 -3.8707286339e-05  7.5285054763e-05  8.5273502460e-05 -6.6517219076e-04 -1.4814823765e-03 -2.7355896951e-04  1.2511349545e-03  1.1408135120e-03  1.4888881233e-04  2.1740570591e-05  2.9561972665e-05 -1.0484066218e-04 -1.0841005115e-05 -1.2260910724e-05  5.6914519403e-07 -2.5691911714e-05 -1.1628655245e-05  1.2680417519e-05  7.7289609347e-06 -7.0411162190e-06 -7.4284206250e-06 -2.3260930676e-05  6.8150441171e-05 -1.3722212743e-05  4.2730157956e-04  1.0606160190e-03  1.5846449244e-04 -7.8444879779e-04 -7.8079655402e-04 -6.0987168844e-05

JOB 10
COORDS  2.0116159349e-01 -3.2532114785e+00  8.3242598626e-01  4.3640932968e-01 -2.0518268622e+00  2.0193408608e-01  8.9252569238e-01 -7.6375907385e-01  8.3619399638e-01 -1.8379698891e-01 -4.2786501611e+00  4.7911950168e-03 -2.7277522274e-01 -3.9541804310e+00 -1.2338440372e+00  1.9911598889e+00  6.2397085731e-02 -1.1049335777e+00  2.1608839658e+00 -2.2692278183e-01  3.1404942004e-01  1.3982204683e-01 -2.2848883142e+00 -1.4733027575e+00  2.9160538831e-01 -3.4410271540e+00  1.8967682802e+00  1.3222619784e-01  1.2063573984e-02  7.1046208094e-01  1.0224437260e+00 -9.2217286556e-01  1.9117284844e+00  2.1045897197e+00  1.0724584880e+00 -1.1954522035e+00  2.7675626364e+00 -3.4625417445e-01 -1.6237286330e+00  2.8597553030e+00 -9.6358559611e-01  4.0289662964e-01
ENERGY -7.350750440480e+02
GRADIENT -2.0059904632e-05  3.1669737177e-05  4.1471272299e-05  9.8820216863e-06 -5.2032971779e-05 -1.5942991074e-05  1.2924426319e-05 -2.0535177547e-05 -1.7733964761e-05  4.3992882883e-07 -3.9185269769e-05 -3.6761749585e-06  3.1962367137e-05  3.0239766310e-05  5.1780680994e-05 -1.4310466084e-03 -2.1267243014e-03 -2.4343867372e-04  1.7494019019e-03  1.8735655009e-03  1.5329685467e-04 -2.5341797179e-05  2.9212511540e-05 -7.1970255724e-05 -6.1533195292e-06 -8.0448101967e-06  6.2703323355e-07  1.8341789525e-05 -6.9603403884e-06 -1.9332764494e-05  1.3067099608e-05  7.2014372360e-06 -5.1520655969e-06  3.0960893953e-05 -4.9927096165e-05  4.7263201397e-05  9.1368870851e-04  1.5052814837e-03  2.3103980795e-04 -1.2839256951e-03 -1.2032957601e-03 -1.3310640782e-04

JOB 11
COORDS  2.5423552771e-01 -3.2601382255e+00  8.1126234062e-01  4.1014532794e-01 -2.0375012735e+00  1.9651095318e-01  8.5204065145e-01 -7.4398971435e-01  8.3155617803e-01 -1.3029534738e-01 -4.2832319502e+00 -1.8864667915e-02 -2.9201374362e-01 -3.9411831083e+00 -1.2446935627e+00  1.9910855237e+00  9.4096264434e-02 -1.0863144797e+00  2.1244803136e+00 -2.0555216977e-01  3.2467512486e-01  4.1654654398e-02 -2.2502494461e+00 -1.4666165850e+00  4.0260952466e-01 -3.4644775533e+00  1.8660038715e+00  9.1460132167e-02  2.8211690603e-02  6.9133257582e-01  9.6876429157e-01 -9.0036494692e-01  1.9090400536e+00  2.2886436875e+00  1.0620725585e+00 -1.2039221153e+00  2.6375207595e+00 -4.7310726778e-01 -1.6337125520e+00  2.8394119823e+00 -9.2079170830e-01  4.5315075426e-01
ENERGY -7.350759612610e+02
GRADIENT  7.0509366506e-05 -2.1940604717e-05 -2.5192907944e-05 -3.0770231185e-05  3.3846898954e-05  2.4775549674e-05 -1.3813500533e-06  2.3311272509e-05  7.1102189889e-06 -6.1351376700e-05  5.5564030627e-05  5.9447593325e-06  1.3109283914e-05 -4.1914697297e-05 -5.5231727083e-05 -1.9846460860e-03 -2.0839059657e-03 -1.8489435179e-04  2.0138914743e-03  2.0870935657e-03  1.7258136772e-04  9.7458989844e-06 -4.6518614694e-05  5.6222608058e-05  7.9967850098e-06  6.3249778920e-06  2.1818750494e-06 -2.1361757185e-05  6.0866142568e-06  1.7103311044e-05 -8.5138551156e-06 -6.0817204161e-06  4.9898767696e-06 -2.5217288927e-05  9.6303924278e-06 -2.2002246732e-05  1.3967364765e-03  1.4116648896e-03  1.5753384831e-04 -1.3529273669e-03 -1.4326739015e-03 -1.4236816275e-04

JOB 12
COORDS  3.1515208203e-01 -3.2652211188e+00  8.0729775712e-01  4.0341967348e-01 -2.0297045965e+00  2.0446538838e-01  8.3331944342e-01 -7.2943185400e-01  8.3754958381e-01 -6.6418645719e-02 -4.2900823317e+00 -2.1545039380e-02 -2.8920504144e-01 -3.9407797326e+00 -1.2347838661e+00  2.0271027761e+00  1.1686012016e-01 -1.0464491209e+00  2.1152157632e+00 -1.9859173006e-01  3.5502918855e-01 -2.5521645782e-02 -2.2338778580e+00 -1.4449729864e+00  5.1223850461e-01 -3.4775842304e+00  1.8524128016e+00  7.8180525312e-02  4.2594837882e-02  6.7246942135e-01  9.2644323399e-01 -8.7931949825e-01  1.9182623228e+00  2.4993147981e+00  1.0090546059e+00 -1.1820525899e+00  2.5149880789e+00 -5.7432275149e-01 -1.6167832113e+00  2.8410630410e+00 -8.9565452019e-01  5.2180517809e-01
ENERGY -7.350767736579e+02
GRADIENT -3.4461853016e-05  1.9278476263e-05 -2.7891912003e-05  4.0429316385e-06 -2.9567456243e-05 -6.6815201372e-06 -7.6129106523e-06  2.8640610686e-05 -4.2902021272e-06  1.7358807391e-05 -6.0871990096e-05 -1.8606497748e-06  5.6793059638e-06  3.4296650018e-05  7.0047890392e-05 -1.6954293293e-03 -1.0837638544e-03 -8.6707429440e-05  1.3801014033e-03  1.3412561816e-03  2.2532798956e-04  2.1019910465e-06  2.6954456145e-05 -2.7463825992e-05 -2.5636326094e-06 -4.5602644790e-06 -4.1580697555e-06 -1.4154311603e-05 -1.4000337381e-05 -1.7210105474e-06  7.6447451382e-06  8.4667801712e-06 -3.5421487699e-06  7.3766742047e-05  2.5188267708e-05 -5.5466001494e-07  1.1075296334e-03  6.5345056264e-04  6.2871128417e-05 -8.2274904018e-04 -9.1898256948e-04 -1.6359415425e-04

JOB 13
COORDS  3.6545726693e-01 -3.2600657547e+00  7.9248695545e-01  3.8851956790e-01 -2.0146354983e+00  2.0372248738e-01  8.0960624416e-01 -7.0850557599e-01  8.3565681823e-01 -1.6569119256e-02 -4.2861056141e+00 -3.4150247191e-02 -2.9942461879e-01 -3.9321674774e+00 -1.2326646445e+00  2.0539473220e+00  1.4957958387e-01 -1.0130917608e+00  2.0990914172e+00 -1.8661249102e-01  3.7714932691e-01 -1.0133533700e-01 -2.2128509412e+00 -1.4291989503e+00  6.1143963373e-01 -3.4785477083e+00  1.8259104745e+00  6.0701814293e-02  6.4449826815e-02  6.4860736460e-01  8.7986859348e-01 -8.5335729674e-01  1.9187328987e+00  2.6738700441e+00  9.4236088344e-01 -1.1618441034e+00  2.3643012821e+00 -6.2046466280e-01 -1.6081690353e+00  2.8372359165e+00 -8.6303758981e-01  5.7724184528e-01
ENERGY -7.350769324202e+02
GRADIENT -1.4182850976e-05  1.7422020727e-06 -2.3247972723e-05 -2.1453732333e-05 -1.1630994214e-05  5.6889708669e-07  2.9560839800e-05  3.2597107239e-05 -5.9208215745e-06  2.6818546716e-05 -3.9744230281e-05  1.0858304602e-05 -9.8429977401e-06  4.7570197144e-05  3.0988290541e-05  9.0279517511e-04  4.7973634633e-04  1.5558926725e-04 -7.7458204130e-04 -7.6211849839e-04 -1.4604741884e-04  1.1743952852e-05 -2.4858289266e-06 -1.5397433818e-05 -4.5324119616e-06 -1.3033100227e-06 -1.2098608687e-06 -9.7733007597e-06 -8.6773495103e-06 -3.2353141461e-06  1.3808068790e-07  1.0215382949e-05 -1.5587784556e-06  5.5675430654e-05  1.5921688713e-05 -2.3422860955e-05 -6.6387417398e-04 -2.7250410894e-04 -8.2972369063e-05  4.8265358186e-04  5.3740568375e-04  1.2123128847e-04

JOB 14
COORDS  4.0863639560e-01 -3.2669013087e+00  7.7335627555e-01  3.7475537250e-01 -2.0166240978e+00  1.9522425401e-01  7.8656561828e-01 -7.0328891737e-01  8.2403981142e-01  2.6430808911e-02 -4.2966309764e+00 -4.8125536589e-02 -3.0851443500e-01 -3.9447337960e+00 -1.2329115056e+00  2.0780530860e+00  1.6339676576e-01 -9.9235344115e-01  2.0814906039e+00 -1.8910705256e-01  3.8928064614e-01 -1.6846738740e-01 -2.2163984591e+00 -1.4203432155e+00  6.9771450865e-01 -3.4861215806e+00  1.7954075162e+00  4.2805947754e-02  6.9301242174e-02  6.1502468090e-01  8.3408878740e-01 -8.4126017823e-01  1.9091419837e+00  2.8197954861e+00  8.3835441970e-01 -1.1548974646e+00  2.2043803626e+00 -6.4402030490e-01 -1.6068582480e+00  2.8345087817e+00 -8.3882279955e-01  6.2315404086e-01
ENERGY -7.350759052525e+02
GRADIENT  3.0583803087e-07  1.6181295233e-05  2.4208028082e-05  4.5814267512e-05  3.3026917315e-05  2.2864164486e-05 -5.4407981337e-05 -5.3435160662e-05 -2.3706523759e-05 -2.6655642790e-05  6.7489153014e-05 -5.8892053783e-05  9.4777341614e-08 -1.0600998679e-04 -2.1312859277e-05  5.5042708316e-03  1.4410895594e-03  1.6426529173e-04 -3.9856120298e-03 -3.8392560390e-03 -8.0903284958e-04 -9.0057350743e-06  1.5929803136e-05  4.0158391529e-05  2.5888690677e-06  9.5693537939e-06  2.4743901201e-06  1.0966136841e-05  1.2587509366e-05  1.3555334499e-06  2.7017748997e-07 -2.7488874963e-06  5.4460018585e-06 -1.9248971294e-05 -1.0668340459e-05  3.0268783030e-05 -3.7897490278e-03 -4.8647583934e-04 -7.2524462793e-05  2.3195179502e-03  2.9393443554e-03  6.9340229299e-04

JOB 15
COORDS  4.4184142154e-01 -3.2578363056e+00  7.6394151821e-01  3.6795837969e-01 -2.0052914443e+00  1.9419395168e-01  7.7573626498e-01 -6.8709164550e-01  8.2173876991e-01  6.0434876248e-02 -4.2904195497e+00 -5.3695092764e-02 -3.1016360454e-01 -3.9418391872e+00 -1.2281314709e+00  2.1123300234e+00  1.9516292769e-01 -9.6068660575e-01  2.0772164942e+00 -1.8472808113e-01  4.1198798046e-01 -2.1196789055e-01 -2.2076835383e+00 -1.4080225515e+00  7.6125138872e-01 -3.4764694133e+00  1.7770530226e+00  3.9990271022e-02  8.8071113322e-02  5.9243945946e-01  7.9935157179e-01 -8.1918797801e-01  1.9081640751e+00  2.9608006246e+00  7.2342586967e-01 -1.1366058637e+00  2.0437342430e+00 -6.0345727915e-01 -1.5970085336e+00  2.8403885520e+00 -8.1327113356e-01  6.7036846695e-01
ENERGY -7.350733211694e+02
GRADIENT -1.4079810016e-05  5.5288739755e-06  2.4437005234e-05  7.2100727580e-05  4.1253657532e-05  2.4859692901e-05 -1.2265611288e-04 -1.1022371773e-04 -3.7204162707e-05 -4.6899657398e-05  4.4495936617e-05 -3.0647228443e-05  3.9369350803e-05 -6.6988226710e-05 -4.0092453906e-06  1.0549669055e-02  7.9220870890e-04  2.5030391571e-04 -7.3607007036e-03 -7.1024500682e-03 -1.9527108095e-03 -2.9516082078e-05  1.1506795799e-05  3.3494261073e-06  4.3269358465e-06  7.4409637045e-06 -2.6372704714e-07  8.3097978615e-06  8.7219405320e-06 -5.1023731011e-06  1.2969389069e-05  7.0002723621e-06  2.7471405800e-06 -3.1900050551e-05 -1.3020856420e-05  4.8385547508e-05 -7.2881670194e-03  6.5633325134e-04  6.0957655290e-05  4.2029326321e-03  5.7437587824e-03  1.5927871513e-03

JOB 16
COORDS  4.6372651535e-01 -3.2477624794e+00  7.6695798586e-01  3.5921049649e-01 -1.9933154491e+00  2.0552384293e-01  7.6356305611e-01 -6.7246434654e-01  8.3594225630e-01  9.1051215932e-02 -4.2821911225e+00 -5.1478402061e-02 -3.0173424356e-01 -3.9368067986e+00 -1.2190652401e+00  2.1428567047e+00  2.3767480649e-01 -9.1039312624e-01  2.0728627380e+00 -1.8221217788e-01  4.5459257108e-01 -2.3914677582e-01 -2.1974198276e+00 -1.3890538579e+00  8.0129687407e-01 -3.4660960994e+00  1.7742455640e+00  3.7293415693e-02  1.0718675930e-01  5.8916125028e-01  7.6102970589e-01 -8.0070176161e-01  1.9227867068e+00  3.0842310752e+00  5.5889050551e-01 -1.1106214473e+00  1.8654870137e+00 -5.0248215293e-01 -1.5621182324e+00  2.8378479520e+00 -8.0380226257e-01  7.2204825261e-01
ENERGY -7.350692087083e+02
GRADIENT -6.2769370202e-05  1.5918513972e-05 -3.6023890318e-05 -1.1810454821e-05  1.3316780690e-05  3.0115547400e-05  6.1174890152e-05  6.5302318759e-05 -6.3453827821e-05  6.6610910037e-05 -1.4219726972e-05 -5.7881982935e-05 -2.5161376604e-05 -6.3665019348e-05  3.0734095795e-05  1.3494496491e-02 -1.6077672330e-03  8.4246394938e-05 -9.6631766580e-03 -9.4541286807e-03 -3.2951200516e-03  2.0337180240e-05  1.7875856055e-05  3.8308677813e-05 -1.6475054257e-05  4.3149269566e-06  5.4111267499e-07 -6.3637890408e-06 -1.7707915976e-06 -1.0613026858e-06  1.9068658942e-06 -3.9164893580e-07 -8.3220246969e-06  4.9746777651e-05 -6.5102727341e-05  4.4275600101e-05 -9.4725460438e-03  3.0748752420e-03  4.7963142773e-04  5.5547520751e-03  8.0234824134e-03  2.7183287978e-03

JOB 17
COORDS  4.7404866308e-01 -3.2397816489e+00  7.6600030249e-01  3.7210338609e-01 -1.9912829649e+00  1.8938228810e-01  7.6080844111e-01 -6.6599125768e-01  8.2058838144e-01  1.3092769273e-01 -4.2843643995e+00 -5.1258518434e-02 -2.3726957862e-01 -3.9568781065e+00 -1.2312791004e+00  2.1707281186e+00  3.0264305214e-01 -8.8903620399e-01  2.0794434668e+00 -1.7657724189e-01  4.6955127243e-01 -1.8833862935e-01 -2.2149934148e+00 -1.4153470597e+00  7.9026775645e-01 -3.4453596478e+00  1.7828696568e+00  4.0321625784e-02  1.1486532925e-01  5.5831378725e-01  7.3179651846e-01 -7.8721877616e-01  1.9074838657e+00  3.1481828829e+00  3.1132889992e-01 -1.1651022727e+00  1.6446787769e+00 -2.9729289275e-01 -1.5320777484e+00  2.8259900903e+00 -8.3476634563e-01  6.9544396360e-01
ENERGY -7.350643529645e+02
GRADIENT -3.5179140021e-05 -5.3086576397e-06  1.0072769195e-05  6.2465007463e-05 -6.1632464117e-07 -3.8918249404e-05  6.4894956739e-05 -1.3869151533e-05  2.2349306477e-05  2.4860212898e-05 -4.9358908781e-06  2.2769681559e-05  1.5600804911e-05  4.0182072700e-05 -2.7731808299e-05  1.1787991989e-02 -5.2105267544e-03 -9.1698663636e-04 -9.4363790732e-03 -8.1147361388e-03 -3.5735155775e-03 -4.9588320339e-05 -1.7489912912e-05  1.2707151339e-05  3.6510128382e-06 -1.4765587238e-07 -1.6820839949e-06  4.4281218907e-06  9.9492399145e-06 -2.3215861211e-05 -1.2018293789e-05  1.1981544693e-05 -8.6004265012e-06 -7.4640384857e-05  6.6865482647e-05 -1.7988167011e-05 -8.0687711657e-03  5.6513039203e-03  1.4260234056e-03  5.7201997229e-03  7.5901538549e-03  3.0699551616e-03

JOB 18
COORDS  4.2297095914e-01 -3.2347580287e+00  7.9864098233e-01  4.1821838875e-01 -1.9964631050e+00  1.9065943033e-01  7.8859777967e-01 -6.7775054960e-01  8.3851142122e-01  1.3242945472e-01 -4.2861525892e+00 -3.0213064476e-02 -1.0729014991e-01 -3.9766183613e+00 -1.2458427923e+00  2.2066727150e+00  3.7172698249e-01 -8.4528060049e-01  2.1166202942e+00 -1.7287868096e-01  5.0785942735e-01  1.4207576934e-02 -2.2362739980e+00 -1.4580624441e+00  6.2958719802e-01 -3.4272253870e+00  1.8457074041e+00  6.4226694041e-02  1.0428097960e-01  5.8950436336e-01  7.5162487061e-01 -8.1073611643e-01  1.9237270014e+00  3.0570929154e+00  1.4084543281e-02 -1.2775901949e+00  1.4290281584e+00  2.5388817064e-02 -1.4137875168e+00  2.8151299548e+00 -9.0616608153e-01  6.3169880475e-01
ENERGY -7.350606865879e+02
GRADIENT  2.4416050455e-05  1.1665394707e-05 -9.3848558282e-06 -8.4876937511e-05 -1.6060295650e-05  2.9300910542e-05  1.7182314838e-04  5.7256900453e-05 -3.4232433943e-05 -1.1981044496e-06  1.9930769909e-06 -2.9627035607e-05  3.3432955137e-05 -3.4794476877e-05  1.1072045678e-05  4.0776501166e-03 -3.9778066843e-03 -1.2853410600e-03 -4.6513617564e-03 -3.1819506685e-03 -1.6158806697e-03 -1.5462935449e-05  1.6894346691e-05  1.1055192430e-05 -2.0139345878e-05  4.1328370755e-06  5.0610431286e-06 -2.3887335828e-06 -5.1881123530e-06  5.9718095177e-06 -9.5556043764e-06 -1.0544034606e-05  6.5603185407e-06  4.4273139367e-06  3.5226015041e-05 -3.1860342598e-05 -2.6925451932e-03  3.8235680268e-03  1.3225734242e-03  3.1632624968e-03  3.2963850039e-03  1.6041353929e-03

JOB 19
COORDS  3.7753165729e-01 -3.2341813158e+00  8.0693334996e-01  4.6623447037e-01 -2.0059459463e+00  1.8563660925e-01  8.1340003049e-01 -6.9089082415e-01  8.4497410646e-01  1.3057617103e-01 -4.2891089847e+00 -3.2463977055e-02  1.1087972683e-02 -3.9903577595e+00 -1.2677559483e+00  2.2421876779e+00  3.6065210164e-01 -8.5152443929e-01  2.1461895196e+00 -1.5980320413e-01  5.1991696872e-01  2.0937228795e-01 -2.2581307279e+00 -1.4919575115e+00  4.8373980957e-01 -3.4173104410e+00  1.8704457621e+00  7.5860295837e-02  8.2505906983e-02  6.0740901423e-01  7.8016854570e-01 -8.3197691079e-01  1.9295394128e+00  2.8370277700e+00 -2.6811621084e-01 -1.3960004808e+00  1.3261357921e+00  2.7833987344e-01 -1.2974941717e+00  2.8022640479e+00 -9.3768655716e-01  5.9654523797e-01
ENERGY -7.350601890312e+02
GRADIENT  8.2807942255e-05  1.6222394876e-05  6.4808604434e-05 -1.1656827019e-04 -7.3384620561e-05 -1.8274659965e-05  9.1075753936e-05  8.3252957299e-05 -2.1164905373e-06 -2.8871895509e-05  2.5090238697e-05  2.8350565885e-05  2.5545213392e-05  4.5676298876e-05 -6.3064996086e-05 -1.0612671056e-03  2.6571370222e-03  9.4185607255e-04  2.3209043473e-03  1.4106715168e-03  7.9979237621e-04 -7.8305023068e-06 -3.9084600499e-05 -1.7257659733e-05 -6.9110195961e-06  1.3168068427e-06  8.3748333668e-06 -4.2099489143e-05 -2.6728467407e-05 -2.0955444531e-07 -3.8741673359e-05  8.9465778177e-06  1.3371419557e-05  3.5932078262e-05 -6.1521795281e-05 -5.9310111137e-05  5.3053812080e-04 -2.3591747665e-03 -9.0154496394e-04 -1.7692242803e-03 -1.6547963876e-03 -7.7301470137e-04

JOB 20
COORDS  3.8680210807e-01 -3.2339905633e+00  7.9930406757e-01  4.8384382460e-01 -2.0062266905e+00  1.7825488115e-01  8.1331903466e-01 -6.8874246078e-01  8.3614184070e-01  1.5327425006e-01 -4.2900138297e+00 -4.2591879783e-02  5.2781484548e-02 -3.9920940210e+00 -1.2799591774e+00  2.2904603681e+00  3.1250700667e-01 -8.6190130392e-01  2.1525450571e+00 -1.4336438413e-01  5.2401407931e-01  2.5500887227e-01 -2.2610754233e+00 -1.5036715376e+00  4.7577358431e-01 -3.4158586333e+00  1.8645963189e+00  7.2325277059e-02  7.7684046159e-02  5.8729868483e-01  7.7161520384e-01 -8.2459635746e-01  1.9212983700e+00  2.6378513470e+00 -4.6429576693e-01 -1.4344721356e+00  1.3500080408e+00  4.6411948749e-01 -1.2310291489e+00  2.7958198998e+00 -9.2861380162e-01  6.2749319700e-01
ENERGY -7.350626610713e+02
GRADIENT  8.8691691057e-05  5.5805617738e-06  2.8510333104e-05 -5.9013792434e-05 -1.6406096919e-05  1.4355666002e-05  1.4235869401e-05 -1.5299366749e-06 -1.0366728678e-05 -7.9456164322e-05  4.5328510487e-05 -3.5437002816e-05  1.8588282475e-05 -6.7636126691e-05  1.8126515426e-05 -7.5864284829e-04  7.3832059881e-03  2.2750831092e-03  6.0329950468e-03  3.8104402233e-03  1.9497627199e-03  4.0261569339e-05  3.1344263637e-05 -1.8038299156e-05  3.8561225284e-06  2.5475230161e-06  2.5682903167e-06  1.9405598089e-05  1.4839178274e-05  1.5866124719e-06  1.8007355417e-05  1.1579981860e-05 -3.2853620789e-06 -2.4443992554e-05 -2.6700233400e-05  3.4158125367e-05 -1.8232143979e-04 -6.7455202203e-03 -2.2533610539e-03 -5.1277248526e-03 -4.4349378876e-03 -1.9764832795e-03

JOB 21
COORDS  4.1719252622e-01 -3.2445447234e+00  7.8795525825e-01  4.7775465895e-01 -2.0142907765e+00  1.6669139530e-01  7.9534928972e-01 -6.9060649205e-01  8.1504977683e-01  1.8360562263e-01 -4.3035905165e+00 -4.9636966645e-02  4.8852350615e-02 -4.0053048401e+00 -1.2844075081e+00  2.3365894945e+00  2.5282570493e-01 -8.6418750731e-01  2.1432946939e+00 -1.4474336647e-01  5.2193134447e-01  2.1438860015e-01 -2.2725481500e+00 -1.5095993413e+00  5.3254167670e-01 -3.4257193228e+00  1.8508717483e+00  5.9139546203e-02  7.1769858171e-02  5.4140487286e-01  7.3414811755e-01 -8.1357581251e-01  1.9009660561e+00  2.4739407027e+00 -5.8289132306e-01 -1.4461577025e+00  1.4423723460e+00  6.1986324785e-01 -1.1942213801e+00  2.7893957651e+00 -9.1884282878e-01  6.7660977099e-01
ENERGY -7.350665113736e+02
GRADIENT -3.6338161608e-05  5.6530701452e-06  1.6974031786e-05  6.0070855458e-05  7.3059652422e-06 -3.6617767637e-05 -3.1008520720e-05 -1.1890436255e-05 -1.5958132944e-05 -7.5954571863e-06  9.3574756848e-06  1.7399981548e-05  7.5678479283e-06  1.5105187192e-05 -2.6105773909e-05  1.4811934040e-03  8.1370787411e-03  2.5165089065e-03  6.6007270969e-03  4.8471430844e-03  2.2358013440e-03 -2.3787216470e-05 -1.4469905640e-05  1.8188624789e-05  9.4903863545e-06  2.4169806400e-06  3.3640211152e-06 -1.9673148857e-05  7.8078630871e-06  2.7824397316e-05  8.0984031724e-06 -3.1063094348e-05  2.2834007508e-06  1.5786772522e-05  4.2784550307e-05  3.9901255250e-05 -2.1862655941e-03 -7.6122874210e-03 -2.5148649813e-03 -5.8602930187e-03 -5.3738181916e-03 -2.2612839899e-03

JOB 22
COORDS -6.5773868945e-01 -2.6757068545e+00  8.3896129046e-02  4.8046580206e-01 -1.9437262671e+00 -1.6311508484e-01  7.9570272704e-01 -5.3623430556e-01  2.5380551319e-01 -6.5870012997e-01 -3.9361685212e+00 -4.6026926972e-01  4.0498107372e-01 -4.2375691187e+00 -1.1086034996e+00  2.4893974549e+00 -1.0106226103e+00  1.9507611144e+00  2.2082514458e+00 -4.0679824637e-01  6.6212364586e-01  1.5391235179e+00 -2.9209537076e+00 -1.0937948252e+00 -1.5198433508e+00 -2.3452333732e+00  6.5233229442e-01  6.4415167309e-01  1.3431027149e-01 -6.0120077317e-01  8.4853897082e-02 -2.3470261508e-01  1.0430038611e+00  1.9133829775e+00 -5.4531214120e-01  2.6662012216e+00  2.0944105821e+00 -1.9519701939e+00  1.9133128615e+00  2.3696250885e+00  5.9063087535e-01  7.8956683505e-01
ENERGY -7.350704603511e+02
GRADIENT  5.1267411435e-05 -2.1766058104e-05 -9.9949960959e-05 -1.2511939538e-05  2.4960695727e-05  3.6615749958e-05  5.9336094223e-05 -1.7042713084e-06  1.3488567515e-05 -2.9371401309e-05 -4.7947324654e-05 -1.0631746707e-05 -4.7867428553e-05 -1.2303773978e-05  2.4797096033e-05  6.9194182558e-03 -3.1561564774e-03 -2.8472401686e-03  7.6527974222e-03 -6.3291311119e-04 -2.0328759023e-03 -8.9838322411e-06  3.2721236565e-05  4.4966190815e-05  5.3159132194e-06 -6.5949507456e-06 -4.9489663274e-06 -2.9584698717e-05  8.8991789634e-06  5.9752587452e-06  1.9622346892e-05 -2.2650314728e-05  1.6141876351e-05  1.8095291637e-05 -9.9185200454e-06 -8.6365390518e-05 -6.9719758667e-03  2.8686462518e-03  2.7621837277e-03 -7.6297680323e-03  9.3775448226e-04  2.1677061437e-03

JOB 23
COORDS -6.7340679490e-01 -2.6637688648e+00  7.8348057458e-02  4.7323239168e-01 -1.9405977886e+00 -1.5343040490e-01  7.8988750044e-01 -5.3055728412e-01  2.5428941380e-01 -6.7036804890e-01 -3.9303043193e+00 -4.5203427016e-01  4.0394717299e-01 -4.2453817609e+00 -1.0750772156e+00  2.4794658980e+00 -9.8414827130e-01  1.9582755178e+00  2.1963123342e+00 -4.0053337279e-01  6.7170608882e-01  1.5448711527e+00 -2.9331691395e+00 -1.0526979446e+00 -1.5446364892e+00 -2.3230298365e+00  6.2637719446e-01  6.4365417792e-01  1.3439338932e-01 -6.0607424463e-01  7.4846694336e-02 -2.2148526061e-01  1.0369308195e+00  1.7895727842e+00 -6.5152601388e-01  2.6453252842e+00  2.2891595081e+00 -1.9827454560e+00  1.8707642843e+00  2.3890140597e+00  5.9389942176e-01  7.6966926655e-01
ENERGY -7.350738460153e+02
GRADIENT  8.1165670879e-05 -3.9017742817e-05 -1.4422722081e-04  2.4731745600e-06  5.1199025387e-05  6.9473602262e-05  6.6808920088e-05  2.5087367575e-06  3.1776374879e-05 -5.0823048228e-05 -7.1374187499e-05  4.4297557460e-06 -4.3997004305e-05  3.9594178642e-06  1.7967295413e-05  5.4861884966e-03 -9.3666811549e-04 -1.4724001065e-03  5.3297060474e-03 -9.0697914660e-04 -1.6418520172e-03 -3.0038411956e-05  2.2245194305e-05  6.6599350532e-05  1.0054542996e-05 -9.2580177167e-06 -6.3327943607e-06 -2.6623002219e-05  4.8180931413e-06  9.0051658001e-07  2.7084497725e-05 -2.4070200592e-05  1.1626286728e-05  5.7375299369e-05  1.0142662776e-06 -1.2233374218e-04 -5.4705643388e-03  9.9715704284e-04  1.5364527565e-03 -5.4272195565e-03  8.5262902449e-04  1.6368609654e-03

