JOB 0
COORDS  1.5542541277e-01  4.0780717524e-01 -2.3776712830e+00  8.7394073685e-02 -8.2794732318e-01 -1.6765907059e+00 -1.0748507278e+00  1.0040506606e+00 -2.5266297930e+00 -1.1525545705e+00 -3.5854119289e+00 -3.5598113035e-01 -1.6556469915e+00 -2.3051569892e+00 -5.7122390685e-01 -1.2074668815e+00 -1.1584981966e+00 -1.3067612781e+00 -2.1605589453e+00 -4.2145280536e+00  5.2525185077e-01  1.2842367056e+00 -3.8149447334e+00  1.5457772413e-01 -2.0465713514e+00 -5.5197485693e+00  1.2435948854e+00  1.5679868000e-01 -4.1699326673e+00 -7.9971746593e-01 -2.9644724674e+00 -3.2600964046e+00  9.4938743852e-01  2.1150048174e+00 -2.9476105333e+00 -3.3979000222e-02 -2.9749665129e+00 -2.3885896862e+00 -2.0227430455e-01  1.2571152096e+00 -4.5656896991e+00  1.2871325897e+00 -2.3424156221e+00  7.6513935268e-02 -1.8056189707e+00  1.0779974365e+00  8.4298170214e-01 -2.7469890232e+00  9.5331436050e-01 -1.4250755978e+00 -1.4126596660e+00 -1.3065004520e+00  1.9415706593e+00 -3.0165371711e+00 -1.0471244936e+00 -5.6627335653e+00  1.6635885360e+00 -2.7943606360e+00 -5.5711102561e+00  2.0378611509e+00 -2.2364590088e+00 -6.3423960102e+00  5.4389151262e-01  4.3863649279e-01 -3.7954553244e+00 -1.7868206775e+00  7.1252069060e-02 -5.2593125001e+00 -8.4960806182e-01  1.9787914508e+00 -4.2354800496e+00  1.8571101154e+00
ENERGY -1.065111124068e+03
GRADIENT -1.3263074531e-04 -2.1894470827e-05 -2.3797986983e-05  2.7316909754e-05  1.2601493328e-04  5.9897525698e-05  9.1167360249e-05  1.5804398427e-04 -4.0942984510e-05  9.0079976099e-04 -8.1964845864e-04 -8.1074127854e-04  9.5545332290e-03  3.9879574818e-02  3.8182530698e-02 -7.1395108069e-04  3.5888118426e-05 -2.5628201196e-05 -4.3068135971e-02 -2.6090727881e-02 -2.6681718619e-02  3.6943650915e-05 -5.5974146823e-05  1.7633084088e-04 -7.7980250494e-04  2.2358580121e-04  3.1235314914e-04  1.8328764954e-04  3.7023897863e-04 -2.0868919907e-04  5.4461903267e-02  4.6252061660e-02  3.7505527884e-02 -6.4590727724e-05  4.7382769695e-05 -1.8967009386e-04 -2.0581750261e-02 -5.9930346589e-02 -4.8166446095e-02 -1.8227114997e-05 -1.0798240407e-04  1.3008905370e-04  1.0539382683e-04 -1.0733303907e-04 -7.3499379811e-05 -1.0562596970e-05  6.6465510639e-06 -1.4359988551e-06 -3.1064440697e-05  5.6793767508e-06 -2.6791338142e-05 -7.4282287733e-06  1.6757186702e-05  7.4642459277e-06 -1.6764101588e-05  4.4611022837e-05  5.1678582730e-06 -4.8795530680e-05 -1.0175862617e-05 -5.1599174447e-05  6.2769115585e-05 -4.3202649991e-05  7.4589689759e-06 -3.8587942197e-06  7.3574792524e-05  1.6247428074e-05  1.6532760382e-05  1.5838089724e-05 -2.9624207343e-05 -1.0809725869e-05  5.3731769162e-06 -1.5013856340e-05

JOB 1
COORDS  1.4976162076e-01  3.8692422095e-01 -2.3867365189e+00  7.8456681621e-02 -8.3025256107e-01 -1.6513148099e+00 -1.0788333722e+00  9.7898991212e-01 -2.5553298134e+00 -1.1513980013e+00 -3.5541264238e+00 -2.9730771500e-01 -1.6653933894e+00 -2.2885224372e+00 -5.1734713175e-01 -1.2153609112e+00 -1.1490948907e+00 -1.2752024741e+00 -2.1423958656e+00 -4.1866345307e+00  5.4967384558e-01  1.2933293106e+00 -3.8018119785e+00  1.6056527193e-01 -2.0527321041e+00 -5.5222376433e+00  1.2180263122e+00  1.4557294667e-01 -4.1408908462e+00 -7.7471198998e-01 -3.0464798579e+00 -3.3028988228e+00  9.2509424010e-01  2.1335255626e+00 -2.9461007860e+00 -3.7958395387e-02 -2.9551034309e+00 -2.2934564412e+00 -7.3817349820e-02  1.2732756401e+00 -4.5568801033e+00  1.2897967525e+00 -2.3487751019e+00  6.9901355351e-02 -1.8140582908e+00  1.0739535823e+00  8.1076273932e-01 -2.7650266086e+00  9.4465147900e-01 -1.4190209027e+00 -1.3702132570e+00 -1.3094309760e+00  1.9037462833e+00 -3.0693265033e+00 -1.0828510109e+00 -5.6599573440e+00  1.7037887527e+00 -2.8509086595e+00 -5.6225282209e+00  1.9563256275e+00 -2.1722629965e+00 -6.3201286337e+00  4.7588757432e-01  4.0722053491e-01 -3.7612216895e+00 -1.7647531446e+00  5.2636050834e-02 -5.2292953845e+00 -8.2986715088e-01  2.0092025174e+00 -4.2408157042e+00  1.8494829179e+00
ENERGY -1.065142075607e+03
GRADIENT  4.8729891138e-06  2.6259033020e-06  1.0736290159e-05 -7.0923089929e-06 -2.6317796830e-05 -5.2192377464e-05 -6.5368053581e-06 -8.2548789236e-06 -1.7623641984e-06  8.5504323001e-04 -2.8015444293e-04 -4.1806446054e-04  1.0229192205e-02  2.0664127635e-02  2.8095462712e-02 -4.0696279341e-04  1.8463636011e-04  9.4013715610e-05 -2.3658670626e-02 -1.5506676239e-02 -2.3598514788e-02  1.1156425371e-05  2.0163841306e-05  3.6858834941e-06 -4.4452380345e-04  1.0768367193e-04  2.0986367529e-04  3.3927880276e-05  1.4275101831e-04 -9.2030759381e-05  3.2702580580e-02  2.8679111215e-02  3.4786036691e-02 -1.6741837854e-05  1.4547482201e-05  7.3717474837e-06 -1.9322876684e-02 -3.3962191548e-02 -3.9103049133e-02 -1.7405099950e-06 -1.1908640737e-05  2.1982761663e-06 -5.6500821848e-06  2.3746042515e-05  3.3315499957e-05 -2.0565240698e-06  1.4550431778e-06  2.2138748249e-06 -1.8621707355e-06  1.8215747280e-05  1.3616319769e-05 -3.1392688898e-06 -3.1837669639e-06 -4.8137373643e-06  6.4320502501e-07 -1.8504997653e-06  2.5046297836e-06  1.1053967380e-06 -9.6786412265e-07  9.6757141819e-07 -2.1290965595e-06 -7.9031480296e-07 -5.5699724712e-07 -4.8962599434e-06 -4.2703363287e-05 -1.5499507848e-05  2.0838274779e-06  2.3903132926e-06  4.5214958731e-05 -7.7662429547e-06  7.7960534988e-06  8.6495412537e-06

JOB 2
COORDS  1.2116565769e-01  3.8199654061e-01 -2.3637087468e+00  5.1231969624e-02 -8.1133138235e-01 -1.5883862029e+00 -1.1127233913e+00  9.4193567914e-01 -2.5896555569e+00 -1.1736759455e+00 -3.5313645683e+00 -2.3683447342e-01 -1.6964918728e+00 -2.2779289540e+00 -4.6787718924e-01 -1.2455651701e+00 -1.1436538875e+00 -1.2401155360e+00 -2.1550123925e+00 -4.1649060521e+00  5.9748688198e-01  1.2694009215e+00 -3.8005578925e+00  2.0200855187e-01 -2.0868193475e+00 -5.5243796618e+00  1.2208028880e+00  1.1661627010e-01 -4.1162016064e+00 -7.3483822786e-01 -3.1323768475e+00 -3.3368685465e+00  9.0520313815e-01  2.1085669982e+00 -2.9402326629e+00  2.0030455430e-02 -2.9465733993e+00 -2.2198451000e+00  6.1755469202e-02  1.2542748626e+00 -4.5834089370e+00  1.3121240742e+00 -2.3864139856e+00  2.8735327120e-02 -1.8592985321e+00  1.0481494142e+00  8.1252240102e-01 -2.7273659070e+00  9.1954227907e-01 -1.3740222360e+00 -1.2633008654e+00 -1.3459178307e+00  1.8455876196e+00 -3.1387840062e+00 -1.1659198247e+00 -5.6434377557e+00  1.7984275188e+00 -2.9485530769e+00 -5.6799404910e+00  1.8727345426e+00 -2.0963765328e+00 -6.2992502832e+00  4.4594980889e-01  3.7231402499e-01 -3.7129339020e+00 -1.7166780862e+00  1.9600631412e-02 -5.2026727807e+00 -8.1481724058e-01  1.9940559053e+00 -4.2826972486e+00  1.8751860132e+00
ENERGY -1.065159772293e+03
GRADIENT  3.1927838191e-05 -6.6118942672e-06  1.1596387325e-05 -1.8724480676e-05  1.8733991027e-05 -9.6841638159e-06 -1.4607146814e-05 -3.1480863028e-06 -6.1644358706e-06  3.1683179789e-04 -6.5493082294e-05 -2.3596701790e-04  7.1289419798e-03  7.2314193910e-03  1.4866528400e-02 -2.3856378482e-04  1.1721642431e-04  1.5055158736e-05 -9.4859207705e-03 -6.4806178601e-03 -1.4160598837e-02  4.4377568094e-05 -2.3429291096e-05  1.2466296949e-04 -2.3810227020e-04  3.4801758786e-05  1.3005190318e-04  3.2338288571e-05  1.4896870677e-04 -3.5917537349e-05  1.4344947271e-02  1.2116574244e-02  2.1424396200e-02 -9.6552550414e-05  4.2685638848e-05 -1.3134394636e-04 -1.1870393271e-02 -1.3060336293e-02 -2.2029733974e-02 -2.9208271346e-05 -7.3203447853e-05  7.8926053444e-05  3.6341119790e-06 -1.7692699131e-06  1.0579637430e-05  4.2317859155e-06  1.0854677187e-05  1.0449238279e-05  6.6788021556e-06 -4.6742983559e-07  2.5423108146e-05  1.0474232050e-06 -5.2165609057e-06 -2.7372802760e-07 -4.6263428074e-06  1.6136420640e-05  1.3860925410e-05 -1.9119374108e-05 -6.1698034273e-06 -3.3615038767e-05  3.3433685282e-05 -1.6437884203e-05  1.1154690448e-05  1.0270471166e-05  8.8726251131e-06 -4.4264536744e-06  6.7992956926e-06  1.6484643559e-05 -4.6707513322e-06 -8.4767498817e-06  8.4735484846e-06  4.9209804595e-08

JOB 3
COORDS  1.1282444702e-01  3.8041425375e-01 -2.3668175505e+00  4.8055854562e-02 -8.0325280222e-01 -1.5762385004e+00 -1.1231579574e+00  9.3459205707e-01 -2.5960963977e+00 -1.1696190312e+00 -3.5133714708e+00 -1.9832986682e-01 -1.6987946500e+00 -2.2674899481e+00 -4.4554165467e-01 -1.2464298665e+00 -1.1338541380e+00 -1.2193288073e+00 -2.1497818112e+00 -4.1470340144e+00  6.3178238297e-01  1.2742623171e+00 -3.7902613040e+00  2.1919512014e-01 -2.1051850015e+00 -5.5276242048e+00  1.2088592256e+00  1.1351914529e-01 -4.1045640252e+00 -7.0787401912e-01 -3.1826096992e+00 -3.3612704009e+00  8.5344588097e-01  2.1179239059e+00 -2.9361505598e+00  2.8877051304e-02 -2.9034486594e+00 -2.1633333939e+00  1.7136278994e-01  1.2599462748e+00 -4.5678825663e+00  1.3328303839e+00 -2.3922486541e+00  2.6152144303e-02 -1.8528568605e+00  1.0377276913e+00  8.0895991266e-01 -2.7380369147e+00  9.1842561505e-01 -1.3608241594e+00 -1.2477564709e+00 -1.3596120901e+00  1.8326611219e+00 -3.1529676643e+00 -1.2228287522e+00 -5.6501578168e+00  1.8434668898e+00 -3.0036349203e+00 -5.7160122434e+00  1.7995883373e+00 -2.0483974830e+00 -6.2784424615e+00  4.1291545312e-01  3.6005374004e-01 -3.7009111858e+00 -1.6916620638e+00  1.4717698270e-02 -5.1909753655e+00 -7.8722540675e-01  2.0049218141e+00 -4.2698475134e+00  1.8903857124e+00
ENERGY -1.065165577606e+03
GRADIENT -2.0596441256e-06  2.3505360683e-05  2.9824063052e-05  1.1517446403e-05  1.4031446835e-05 -3.8344993153e-05  1.0522721987e-05 -2.6999068995e-06 -4.3127922055e-05  7.5351996538e-05 -5.7281193649e-05 -6.1991183959e-06 -2.6133692491e-05  3.4590835859e-06  1.1190368948e-04 -1.6027513648e-06 -3.3159767247e-05  1.8363510035e-05 -8.5742353938e-05 -3.6478460375e-05 -7.9127691648e-05 -6.4526011977e-06 -4.0117889927e-05  6.6311675460e-05  5.6336042146e-06  2.9787549144e-05  1.7426092989e-06  4.8119717113e-05  9.3088598230e-06 -4.5632633534e-05  1.2592363453e-04  7.4875019079e-05  1.7100375825e-04  5.9741095695e-06  3.0173399750e-05 -1.0404914007e-05 -1.6966459743e-04  5.3642314039e-06 -2.0056731848e-04 -7.6437458707e-06  1.1746150573e-05 -1.1682512976e-05  2.9059032367e-05 -6.3182398539e-06  4.3579056537e-05  3.1271111929e-06  3.8236163056e-06  8.4013382946e-06 -1.0114676940e-05  2.0655844923e-06  1.8074483041e-05 -1.1431733031e-05 -2.4986884579e-06 -2.4787951609e-06 -3.8532585033e-06 -1.6903047454e-05 -9.4942254457e-06 -7.2552868517e-06 -2.9790499083e-06 -2.7971197699e-05  1.7521942141e-05 -7.7082977992e-06  1.6725418345e-06 -5.3865147313e-06  1.1600204718e-05  1.9588528441e-05  1.0227865530e-05 -1.3746746949e-06  2.4840819464e-05 -7.7249161173e-06  1.5461431698e-05 -7.9106974046e-06

JOB 4
COORDS  1.0497129100e-01  3.6406234049e-01 -2.3905069527e+00  4.8890419609e-02 -8.1794775646e-01 -1.5976853298e+00 -1.1318924100e+00  9.2901028749e-01 -2.5899502450e+00 -1.1580467557e+00 -3.5127537466e+00 -1.7419306137e-01 -1.6906946118e+00 -2.2714892297e+00 -4.3795870701e-01 -1.2397394129e+00 -1.1367445027e+00 -1.2091663652e+00 -2.1446938167e+00 -4.1418918057e+00  6.5815353246e-01  1.2869244591e+00 -3.7970324042e+00  2.1468169013e-01 -2.1294243985e+00 -5.5397746167e+00  1.1932708935e+00  1.1392872300e-01 -4.1175352859e+00 -6.9440308832e-01 -3.2179903570e+00 -3.3882001761e+00  7.8366141553e-01  2.1335567417e+00 -2.9507512623e+00  3.9420776026e-03 -2.8438590429e+00 -2.1291398918e+00  2.6954370814e-01  1.2787371807e+00 -4.5594949732e+00  1.3388750670e+00 -2.3908273323e+00  3.2188979643e-02 -1.8177584128e+00  1.0242639626e+00  7.8523169007e-01 -2.7834861703e+00  9.2168912899e-01 -1.3831805436e+00 -1.2891805523e+00 -1.3725077526e+00  1.8305677559e+00 -3.1394070592e+00 -1.2848725118e+00 -5.6730589833e+00  1.8759594001e+00 -3.0579550981e+00 -5.7463896279e+00  1.7287443802e+00 -2.0196740465e+00 -6.2709451029e+00  3.8480105170e-01  3.4823311122e-01 -3.7236475031e+00 -1.6851070054e+00  1.1726615238e-02 -5.2044635316e+00 -7.6273485177e-01  2.0309891049e+00 -4.2590848734e+00  1.8852234531e+00
ENERGY -1.065159922905e+03
GRADIENT  3.6598375130e-05 -7.5796785279e-06 -1.4211610450e-05  3.5495870880e-05 -2.6438823602e-05  5.7394168634e-05 -2.5011117203e-05 -6.0659758651e-05  4.5129221306e-05  3.1935750591e-04 -3.5372344850e-05 -1.2624630904e-04 -8.9900184074e-03 -5.5953114817e-03 -1.4425160395e-02 -2.2798278637e-04  2.1494035945e-04  1.0103473893e-05  6.9447365565e-03  6.4316000091e-03  1.5404970213e-02  5.3156393551e-06  1.9508110874e-05  1.8467067803e-05 -2.5171327706e-04  5.1602471760e-05  1.2096654475e-04  1.1135403684e-05  8.7564845448e-05 -2.3994021910e-05 -1.1024658266e-02 -8.0316609556e-03 -2.4831988131e-02 -1.1484044073e-05  4.1502221272e-06  1.1152560873e-05  1.3272212829e-02  6.9932069047e-03  2.3751039103e-02  5.0257503054e-06 -1.3080613645e-06 -3.8163740340e-06 -9.3285679479e-05  4.6678473603e-05 -1.6947629119e-05  9.0399636459e-06 -2.3162858914e-06  5.1892792898e-06  1.1148615140e-05 -1.3289787401e-05  9.5136047145e-07 -2.9730512272e-06 -4.9915253093e-06 -4.3325961960e-07  1.2455276575e-05 -4.8622468818e-06 -1.2214306892e-05  1.2761329429e-05 -6.1610866940e-06  2.6023670319e-05 -2.7429272578e-05  8.7750906957e-06 -6.2087478079e-06  1.4269761732e-06 -5.9252275029e-07 -1.0654911601e-05  1.2386963191e-06  1.1771126722e-05  2.0872216501e-05 -2.3088500395e-06  8.6064933149e-06  7.0868289019e-06

JOB 5
COORDS  9.8074050901e-02  3.3576117134e-01 -2.4123686198e+00  5.2679475098e-02 -8.5333200737e-01 -1.6313759868e+00 -1.1349749666e+00  9.2922225463e-01 -2.5480669967e+00 -1.1404615955e+00 -3.5263176221e+00 -1.3619465491e-01 -1.6740426869e+00 -2.2853271924e+00 -4.2245867876e-01 -1.2241548169e+00 -1.1493373701e+00 -1.1862157894e+00 -2.1508061127e+00 -4.1560614353e+00  6.9245793421e-01  1.3065427121e+00 -3.8118577053e+00  2.2138978120e-01 -2.1671883901e+00 -5.5687931329e+00  1.1840637588e+00  1.1912993494e-01 -4.1508083164e+00 -6.6167978278e-01 -3.2474944936e+00 -3.4240514416e+00  6.9762280756e-01  2.1555800248e+00 -2.9773564297e+00 -2.4186960845e-02 -2.7749602134e+00 -2.1239122898e+00  3.7039458359e-01  1.3069709062e+00 -4.5416861775e+00  1.3670892076e+00 -2.3765059188e+00  5.1162234679e-02 -1.7297138324e+00  1.0072167054e+00  7.4317798329e-01 -2.8417839706e+00  9.2628786762e-01 -1.4390013615e+00 -1.3665215224e+00 -1.3792899020e+00  1.8438917237e+00 -3.0737804697e+00 -1.3923978967e+00 -5.7054116215e+00  1.9451465147e+00 -3.1394540660e+00 -5.8011712375e+00  1.6226631245e+00 -1.9624219424e+00 -6.2791298042e+00  3.7565081936e-01  3.3858757449e-01 -3.7792972963e+00 -1.6644969688e+00  1.5348413753e-02 -5.2390356122e+00 -7.0528363949e-01  2.0675433027e+00 -4.2309572267e+00  1.8957494716e+00
ENERGY -1.065142139724e+03
GRADIENT  9.7504314989e-05  4.0166498681e-05 -6.7000919313e-06 -3.1832264786e-05 -2.5731581100e-05 -9.9830149350e-05 -1.7661362544e-05 -8.0127899181e-05  5.3477449745e-05  1.0446712256e-03 -2.2133752880e-04  8.9616790215e-06 -2.1240193533e-02 -4.6417783881e-03 -2.9758531057e-02 -4.1083660024e-04  3.9125958790e-04  3.0920379291e-04  7.8923389854e-03  1.0410403337e-02  3.4672678420e-02 -7.2949399049e-06 -2.3556010202e-05 -2.9478705860e-05 -4.3371978014e-04  7.8167759576e-05  2.8684805804e-04  1.7065760118e-05  1.2231889931e-04 -1.2991966157e-04 -1.5176993834e-02 -1.0495716838e-02 -5.3259418445e-02  6.4920095273e-06  1.4645464522e-05  2.9337171787e-05  2.8312391085e-02  4.4331073686e-03  4.7927049905e-02  9.9934475109e-06  2.1586604936e-05 -1.9795694432e-05 -6.0618659078e-05 -1.0744363035e-05 -1.5953233043e-05  7.6076585826e-06  5.5910912326e-06 -7.3224014042e-06 -6.7481233981e-07  2.0659471716e-05 -6.8785203803e-06  4.5954870402e-06 -1.5144989006e-06  4.4965374470e-06  1.0832938595e-05  1.0174963047e-05 -2.3394219525e-05 -2.3553715382e-07  1.1597715093e-07  4.6799010199e-06 -3.0230956598e-05  1.5133278801e-05 -1.4112854401e-05 -8.8022300730e-07 -4.2728731406e-06 -1.0967377786e-05 -2.3319764548e-06  1.0466263780e-05  1.4533813104e-05 -5.5828985311e-07  4.7549115978e-06  4.6216677644e-06

JOB 6
COORDS  1.0776581124e-01  3.1832433410e-01 -2.4427199106e+00  7.2794159631e-02 -8.7919545916e-01 -1.6767427967e+00 -1.1132941563e+00  9.5077609952e-01 -2.4967467656e+00 -1.1071613494e+00 -3.5234380208e+00 -8.7181794331e-02 -1.6345186737e+00 -2.2781161027e+00 -4.0394623105e-01 -1.1858959654e+00 -1.1447605394e+00 -1.1612771802e+00 -2.1714947002e+00 -4.1637899437e+00  7.2162551427e-01  1.3424956695e+00 -3.8011066332e+00  2.4017867097e-01 -2.2288208945e+00 -5.5900198247e+00  1.1627937592e+00  1.3987623455e-01 -4.1751135060e+00 -6.0758871216e-01 -3.2623178103e+00 -3.4397554305e+00  5.7146847658e-01  2.1868729278e+00 -2.9769981399e+00 -5.2915006489e-02 -2.6921038325e+00 -2.1211758520e+00  4.6087901921e-01  1.3615057077e+00 -4.4841706649e+00  1.4142375501e+00 -2.3311176455e+00  9.9191979648e-02 -1.6187261376e+00  1.0020655219e+00  7.0635118530e-01 -2.9187279997e+00  9.4213602026e-01 -1.4929585345e+00 -1.4675878100e+00 -1.3581878208e+00  1.8816675901e+00 -2.9929666750e+00 -1.5568420996e+00 -5.7358224395e+00  2.0152995096e+00 -3.2451421854e+00 -5.8448038602e+00  1.4696354974e+00 -1.9072801114e+00 -6.2772857758e+00  3.7281770095e-01  3.4230882653e-01 -3.8424580374e+00 -1.6279419720e+00  3.7758779239e-02 -5.2645663757e+00 -6.0864741012e-01  2.1296393502e+00 -4.1518904940e+00  1.9181497139e+00
ENERGY -1.065110771441e+03
GRADIENT -3.8789901366e-06  2.4569998815e-06  3.8953374566e-06 -3.8025573877e-05  2.0767281165e-06 -1.5165409150e-05 -1.1630950306e-05  2.5850423116e-05 -3.4713504190e-05  1.6646179352e-03 -2.0441260625e-04  5.3620029551e-04 -3.4820251898e-02  4.0843545573e-03 -4.5174625909e-02 -4.3809379528e-04  4.1046641837e-04  4.2826092270e-04  6.1531806524e-04  1.0489029055e-02  5.6588736649e-02 -2.2270071006e-05  9.5644287991e-06 -6.3511987913e-05 -6.7529245327e-04  1.3601250393e-04  3.7032427061e-04  2.7636710289e-05  2.8491392673e-04 -2.8446717542e-04 -8.2314010122e-03 -6.2795088607e-03 -8.1237498647e-02  2.3699655425e-05  1.0028780398e-05  4.1045096839e-05  4.1835514892e-02 -8.9698125947e-03  6.8830480728e-02  1.4710050906e-05  6.7777402776e-06 -3.3930533632e-05  4.7969523852e-05 -1.2517697554e-05  3.8562839050e-05 -9.4344842935e-06  5.1205012852e-07 -8.0208083306e-06 -3.8954673284e-06 -1.4464155378e-06 -3.2762236514e-07 -3.3751004370e-06  1.2105212127e-06 -4.6288835816e-06  2.5167474879e-05  3.3279047043e-06 -2.5871749687e-05  8.5052016457e-06  4.6685293233e-06  1.9874949069e-05 -3.3353939732e-05 -6.3747240978e-06 -1.1781570868e-05 -1.1188418406e-05 -1.3189023364e-05 -4.1738218005e-06 -1.9001315245e-05 -1.9580644185e-06  1.5789691201e-05  2.1549445088e-06 -1.6572634986e-06 -6.8031936190e-06

