JOB 0
COORDS  3.0547621288e-01 -4.7607480244e-01 -3.0279338074e-01  7.4788378502e+00 -2.9349083009e-01  4.8628391267e+00  1.4855097332e+00  2.3497944874e-01 -3.9696313199e-02 -1.5026814369e-01 -1.4199945143e+00  6.2438511823e-01  6.9826663552e+00 -7.7345960265e-01  3.6419049022e+00  6.5858897793e+00  1.9486255624e-01  5.8233164059e+00  2.2009110782e+00  1.6100633567e-03  1.1313913535e+00  5.6091285067e-01 -1.6517980226e+00  1.8020157516e+00  5.6144867572e+00 -7.6019917317e-01  3.3855947996e+00  5.2136952254e+00  2.0345099312e-01  5.5714689111e+00  1.7419217659e+00 -9.3494467946e-01  2.0873292042e+00  4.6975707677e+00 -2.8832887250e-01  4.3541982531e+00  2.4376097912e+00 -1.1515483669e+00  3.3572829463e+00  3.2500796820e+00 -3.2576213380e-01  4.1367681764e+00 -2.5488773836e-01 -2.8955059402e-01 -1.2150502843e+00  8.5465759629e+00 -3.0854240730e-01  5.0646576617e+00  1.8423453045e+00  9.7495545080e-01 -7.5193483075e-01 -1.0649308869e+00 -1.9745186375e+00  4.3039470389e-01  7.6688633900e+00 -1.1610635991e+00  2.8928406238e+00  6.9604395612e+00  5.6703044900e-01  6.7735462836e+00  3.1046040986e+00  5.6886165014e-01  1.3402331627e+00  1.9473998297e-01 -2.3819159652e+00  2.5205312768e+00  5.2330187004e+00 -1.1510662814e+00  2.4455427207e+00  4.5272099162e+00  5.7794650796e-01  6.3276937322e+00  1.6763070512e+00 -1.5822138560e+00  4.0191960856e+00  2.8185161425e+00 -2.9788322144e-01  5.1448138640e+00
ENERGY -5.407299014689e+02
GRADIENT -1.4289800600e-05  1.1690881713e-05 -4.3697609798e-05  1.3487535317e-04  7.4886837397e-06  2.7566786304e-05 -5.2069018354e-05 -8.6122868351e-05  1.2868730579e-04  3.0484224836e-05  3.0472771807e-05 -1.3766722803e-05 -2.5983768051e-05 -3.8960519957e-05 -4.1189156701e-05 -3.3120662069e-05 -4.5946958498e-05 -1.2140241076e-04  1.5323149255e-04  1.6251176087e-04 -2.3164606233e-05 -1.5409206808e-04 -1.6288855943e-04  8.1676600502e-05  1.8229214301e-04  4.5359160550e-05  2.1430883838e-04  9.1402850647e-05  3.7071357671e-05  1.0919206831e-04 -2.7271359577e-02  1.1075929047e-02  1.6904429025e-02 -3.7963712339e-03 -2.1426542634e-02  2.5992238939e-02  4.3933573653e-02 -3.3994658140e-02 -1.0649972122e-02 -1.3233741781e-02  4.4383364926e-02 -3.2496977476e-02 -7.5865703643e-06 -1.2042315104e-05 -5.7685648161e-06  1.6462493245e-05  1.0478380811e-06 -6.2766246409e-06  6.8651304437e-06 -8.7638447044e-06  1.6558547869e-05  8.6170530015e-06  7.2907612823e-06 -2.7108117871e-06  2.3352218661e-05  3.9174083094e-06  9.6008606579e-06  1.6349300532e-05 -9.4346346566e-06 -2.3453606206e-05  2.7618162181e-05  2.3157435781e-05 -1.7026811671e-05 -2.7216822585e-05 -1.5151159501e-05  1.9309516472e-05  9.6436722423e-06  1.4169476843e-05  1.8752726011e-05 -2.0770924113e-05 -1.7145783771e-05 -7.1247430609e-06  1.9805838955e-04  3.8629235639e-05  1.2590442465e-04 -2.1127034529e-04 -2.9630912543e-05 -1.7451490051e-04

JOB 1
COORDS  5.4040268571e-01 -4.7866510269e-01 -3.0993219543e-01  7.4017270033e+00 -2.3716896091e-01  4.6478121274e+00  1.6998204438e+00  2.1586470765e-01  6.4296735909e-02 -1.5470288508e-02 -1.4133014307e+00  5.7023226090e-01  6.8082187333e+00 -7.4070625574e-01  3.4812368641e+00  6.5895287443e+00  2.3533618283e-01  5.6842933317e+00  2.2963421545e+00 -2.4067546763e-02  1.2993703317e+00  5.7873458480e-01 -1.6527565527e+00  1.8100942047e+00  5.4221023792e+00 -7.6763491966e-01  3.3518178868e+00  5.1999832439e+00  2.0590323108e-01  5.5579979697e+00  1.7370586981e+00 -9.5349013193e-01  2.2057626523e+00  4.5882051539e+00 -3.0881788097e-01  4.3969351591e+00  2.3031591079e+00 -1.1803296901e+00  3.5392687423e+00  3.1259291432e+00 -3.8470657773e-01  4.3186123963e+00  7.3289591014e-02 -2.8665804904e-01 -1.2722325688e+00  8.4836641255e+00 -2.2148065148e-01  4.7489955747e+00  2.1335640867e+00  9.4951987565e-01 -6.1082266627e-01 -9.1527103220e-01 -1.9554146864e+00  2.9053000540e-01  7.4326914303e+00 -1.1169268082e+00  2.6745999961e+00  7.0398288327e+00  6.2566402791e-01  6.5934967728e+00  3.1822190025e+00  5.3382760327e-01  1.5914207949e+00  1.3675794266e-01 -2.3773523533e+00  2.4905671689e+00  4.9688970033e+00 -1.1794358149e+00  2.4538477727e+00  4.5755065622e+00  5.7027966987e-01  6.3708196944e+00  1.5015979417e+00 -1.5959487244e+00  4.1593642565e+00  2.7502591571e+00 -3.6677948446e-01  5.3473536514e+00
ENERGY -5.407473703135e+02
GRADIENT -3.5888636024e-05  1.0114137653e-05 -7.0369757631e-05 -4.3633451163e-05 -1.2541472542e-06 -7.2118108388e-06 -5.7241247304e-06 -2.7379354630e-05  3.2720925812e-05  7.2229694042e-05  3.8477011699e-05  2.6200496115e-05 -1.9599857942e-05  1.0854520952e-05  1.9199392493e-05  2.6899747203e-05  2.9436771086e-05  6.3093960890e-05  3.8361657749e-06  2.1551041117e-05 -2.5923764029e-05 -2.0043124607e-05 -3.0552402101e-05  1.2666158357e-05 -4.1432246063e-06 -3.5708222022e-05 -7.6642605357e-05  2.7895832597e-05 -1.0304393745e-05 -3.3195876175e-05 -2.3935297659e-02  1.2879438131e-02  1.2388117504e-02 -5.7275116275e-05 -2.0990901909e-02  2.1259337432e-02  4.0415840017e-02 -3.6517530123e-02 -6.5066876580e-03 -1.6222308387e-02  4.4688273362e-02 -2.7374526256e-02 -1.2284471210e-06  3.1242632292e-06 -8.1771977042e-06 -5.3490550221e-06  3.8377533771e-06  5.9020047158e-06 -7.1722223551e-06 -4.5903408008e-06 -2.6827418173e-06  8.6459978225e-06  4.7898573830e-06 -1.2427014760e-07 -5.9533325262e-06  2.2137683384e-07 -1.4259360172e-06  2.3969628047e-06  4.3576271963e-06  6.2618393648e-06 -1.9262721959e-07 -3.8077488876e-06  5.2944603604e-06  2.4561157692e-06 -2.6324753745e-06  7.3662590927e-06 -5.4673322260e-06 -1.9547485235e-06 -4.4991192468e-06  6.5536108859e-06  1.2187947043e-06  1.7045885949e-06  2.0032378759e-04  2.1010070726e-04  4.0403036540e-04 -3.8772216552e-04 -2.7583244212e-04 -1.3440884192e-04

JOB 2
COORDS  7.5402279385e-01 -4.7339252594e-01 -3.0642804355e-01  7.3250498275e+00 -1.9608405551e-01  4.4524758625e+00  1.8603128745e+00  2.4074511261e-01  1.7494014817e-01  1.4073694095e-01 -1.4255141162e+00  5.1453738709e-01  6.6569690033e+00 -7.6261264892e-01  3.3578103189e+00  6.5827736253e+00  2.9820450068e-01  5.5301436482e+00  2.3510838800e+00  2.4159205511e-03  1.4565576552e+00  6.2941345334e-01 -1.6629521160e+00  1.8002139357e+00  5.2657715340e+00 -8.2854513444e-01  3.3374914990e+00  5.1888168260e+00  2.2967610563e-01  5.5124362904e+00  1.7372670033e+00 -9.4930239978e-01  2.3005710355e+00  4.5026497956e+00 -3.4186791626e-01  4.4217904282e+00  2.1831580841e+00 -1.1832362847e+00  3.6795195389e+00  3.0394918692e+00 -4.5177543911e-01  4.4675231481e+00  3.7109592833e-01 -2.8255590069e-01 -1.3054782726e+00  8.4107484668e+00 -1.4935631880e-01  4.4672857699e+00  2.3360189781e+00  9.9049415131e-01 -4.5254594199e-01 -7.2015561932e-01 -1.9823363281e+00  1.5315703735e-01  7.2268469325e+00 -1.1592337209e+00  2.5210905692e+00  7.0906673380e+00  7.3595900887e-01  6.3858308213e+00  3.1942912656e+00  5.7816800557e-01  1.8272126256e+00  1.4380471760e-01 -2.4016375717e+00  2.4342980375e+00  4.7597749473e+00 -1.2905783839e+00  2.4946598027e+00  4.6188230546e+00  6.1184798375e-01  6.3565863254e+00  1.3494750273e+00 -1.5890348046e+00  4.2595210740e+00  2.7135494501e+00 -4.3788772850e-01  5.5113969550e+00
ENERGY -5.407624776803e+02
GRADIENT  1.2511164807e-05  3.2581478335e-05 -5.1918053869e-05 -4.4181203522e-05 -1.4848802632e-05 -3.4828311606e-05 -4.2674923788e-05 -3.0402622582e-05 -5.5003055027e-06  1.2257231619e-05 -1.1480483572e-05  3.9024897098e-05  7.0286740567e-05 -1.7238408056e-05 -3.3110630750e-05 -2.4613064806e-05  1.2294002176e-05  2.5382999931e-05 -8.0713384243e-06 -2.0531937152e-05  2.0809553313e-05 -1.3182417332e-05  8.2689846463e-06 -4.5329851907e-05 -2.9739329751e-06  3.0732005095e-05  6.0610408192e-05  3.1541803287e-05  1.3458076329e-05  1.7251389785e-05 -1.8847679426e-02  1.3220082448e-02  8.3605944389e-03  1.8929194716e-03 -1.8955199279e-02  1.5390142139e-02  3.2885467294e-02 -3.5215420128e-02 -3.7779936455e-03 -1.5779538805e-02  4.0998439002e-02 -2.0141413539e-02 -4.9789496849e-06 -3.5002026845e-06 -5.0251570901e-06 -4.2628471294e-06  1.2846013895e-06 -5.3518445736e-07  6.2248541832e-07 -2.4536511724e-06  1.2737918042e-06  3.6581431048e-06  3.6974069857e-06 -9.8002293932e-06  1.3899080295e-06 -2.9236437766e-06 -9.9201690710e-06  2.6833492442e-06  3.4731986742e-06 -7.5483098078e-07  2.5662964770e-07  8.6464475074e-06 -1.6561372946e-06  7.2910846610e-06  5.2639168652e-06  4.1272933212e-06  1.1969343329e-05 -7.1511153352e-06 -3.8830889752e-06 -4.1253152281e-06 -2.6693017736e-06 -3.4844841203e-06  2.1833078417e-04 -2.8648539828e-05  2.8048506509e-04 -3.4646189144e-04 -1.6169779788e-05 -1.1432554147e-04

JOB 3
COORDS  9.4256777577e-01 -4.6191512661e-01 -2.8899268271e-01  7.2458896632e+00 -1.7076664030e-01  4.2820951722e+00  1.9806546883e+00  2.8510045887e-01  2.8467738186e-01  2.9666833689e-01 -1.4392889533e+00  4.7490101377e-01  6.5245109042e+00 -8.1085124947e-01  3.2649096822e+00  6.5613854763e+00  3.5718155779e-01  5.3815055496e+00  2.3751425684e+00  5.3099213003e-02  1.6006525364e+00  6.8877049658e-01 -1.6690772286e+00  1.7948563625e+00  5.1370863770e+00 -9.1441905723e-01  3.3394172799e+00  5.1716600504e+00  2.4991056938e-01  5.4587798752e+00  1.7331473021e+00 -9.2913700422e-01  2.3847261861e+00  4.4319337776e+00 -3.8726676252e-01  4.4424104714e+00  2.0722477920e+00 -1.1659128237e+00  3.7954234415e+00  2.9765767456e+00 -5.2762937424e-01  4.5951040238e+00  6.3603488638e-01 -2.7620596190e-01 -1.3150429405e+00  8.3283433152e+00 -9.4322016634e-02  4.2214277279e+00  2.4784990652e+00  1.0570201935e+00 -2.9706158948e-01 -5.1402638203e-01 -2.0208281074e+00  4.3192109378e-02  7.0498526833e+00 -1.2371252838e+00  2.4137747278e+00  7.1103201198e+00  8.5033195479e-01  6.1797900519e+00  3.1662909600e+00  6.5363364650e-01  2.0388814994e+00  1.7804697280e-01 -2.4275381241e+00  2.3844375994e+00  4.5932229689e+00 -1.4314575147e+00  2.5548808702e+00  4.6466380265e+00  6.5848821046e-01  6.3196699430e+00  1.2071331031e+00 -1.5545946637e+00  4.3371749042e+00  2.7003723501e+00 -5.2456470914e-01  5.6518411658e+00
ENERGY -5.407745512511e+02
GRADIENT  3.1170666257e-06  1.9072146795e-05 -2.2160667754e-05  2.9233415002e-05 -1.0914562481e-05 -1.6915134801e-05 -6.2451555362e-06  1.9709340501e-06 -2.3129598060e-05  1.8190371127e-05  3.8937995963e-06  2.9435325872e-05  5.9291557483e-06  2.2857904988e-05  3.7544162461e-05 -3.4899274140e-05 -1.3511022966e-05 -1.7010104704e-05 -4.6375885609e-05 -4.1600615681e-05  9.9965975147e-06 -1.5488428044e-05 -1.9595629825e-06 -1.9817744968e-05 -5.0598592811e-05 -1.5718590913e-05 -7.7669860272e-06 -7.1785375957e-06  2.3190694738e-05  4.8391487136e-05 -1.3359816373e-02  1.2130484080e-02  5.2740222757e-03  2.6120745003e-03 -1.5784318991e-02  9.8852780771e-03  2.4346491915e-02 -3.1131954670e-02 -1.7871216450e-03 -1.3709929508e-02  3.4722041664e-02 -1.3083028925e-02  4.0957372235e-07  1.5885631543e-06 -1.4927166350e-06  2.5977068623e-06  7.2025087802e-07  7.1449768758e-07 -2.8026747885e-06  1.3557033284e-06 -2.1423984721e-07  5.5637062365e-07  3.6400363291e-06 -8.5646534784e-07 -6.1441093724e-06 -1.4709838470e-06  4.0516742655e-06 -2.2099526502e-06 -3.1925345462e-06 -1.4137434895e-06 -2.6533958600e-06 -4.4256440555e-06 -2.8665883882e-06  4.1278788791e-06  3.5306776296e-06  5.6790668096e-06 -4.4270657871e-07 -1.0509776500e-06 -6.8340388241e-06 -4.4620531187e-06  5.9817501823e-07  4.5079563380e-06 -1.5506095858e-04 -1.6487280198e-04 -3.6646138029e-04  3.5687035393e-04  2.3177333956e-04  9.2023841955e-05

JOB 4
COORDS  1.1177194307e+00 -4.4876285561e-01 -2.6995010020e-01  7.1700492327e+00 -1.4926437430e-01  4.1238705295e+00  2.0818345425e+00  3.3432381548e-01  3.7915661698e-01  4.5288817134e-01 -1.4503346554e+00  4.4439753695e-01  6.4146498219e+00 -8.6350573154e-01  3.1840031439e+00  6.5314487904e+00  4.1263736531e-01  5.2337757516e+00  2.3869202280e+00  1.1299741381e-01  1.7208399998e+00  7.5512549289e-01 -1.6682659527e+00  1.7901225832e+00  5.0374749505e+00 -1.0057496786e+00  3.3429420962e+00  5.1523726971e+00  2.6588816400e-01  5.3961304408e+00  1.7308564102e+00 -8.9814370000e-01  2.4529201201e+00  4.3782722717e+00 -4.3823060345e-01  4.4529855975e+00  1.9778081076e+00 -1.1317102303e+00  3.8850696819e+00  2.9363932139e+00 -6.0921009461e-01  4.6942701585e+00  8.8148489583e-01 -2.7173247417e-01 -1.3159833885e+00  8.2441642140e+00 -4.2513323457e-02  3.9965365307e+00  2.5914429739e+00  1.1268598309e+00 -1.6331433057e-01 -3.0291798605e-01 -2.0592146758e+00 -4.5308076531e-02  6.9054272675e+00 -1.3185727839e+00  2.3271948194e+00  7.1074553037e+00  9.6198846584e-01  5.9741901821e+00  3.1227095140e+00  7.3917969651e-01  2.2151238781e+00  2.3000533311e-01 -2.4458575651e+00  2.3409481243e+00  4.4681454179e+00 -1.5769500371e+00  2.6166871669e+00  4.6627127833e+00  7.0121163835e-01  6.2647945315e+00  1.0875513463e+00 -1.4941830765e+00  4.4011932348e+00  2.6984440873e+00 -6.2672260946e-01  5.7588658171e+00
ENERGY -5.407834559694e+02
GRADIENT -3.0517839233e-05  1.4689343971e-05 -1.1575586420e-04  1.1202319439e-04  1.2649111342e-05 -1.0127631566e-05  4.1692163731e-06  3.9938428740e-07  1.5971081970e-05  7.5777142348e-05  5.4844768180e-05  5.3188428446e-05 -8.1981585321e-05  8.4699471802e-05  1.4827318407e-04 -6.0619529660e-05 -7.2579053925e-05 -9.2627030523e-05 -9.9157498916e-05 -6.2064968242e-05 -6.7907038928e-05  1.1202271123e-05  1.2518545405e-05 -1.2125805454e-05 -1.4513778060e-04 -1.5233658236e-04 -1.8554694368e-04 -1.1317971845e-04  9.4380341515e-05  1.7387576150e-04 -7.9304424947e-03  9.9773491576e-03  3.1253999349e-03  2.5572104425e-03 -1.1825654536e-02  5.0977437155e-03  1.5060101928e-02 -2.5152198234e-02 -1.1606113190e-03 -9.5438503897e-03  2.6906488496e-02 -6.6419663028e-03  4.8967792685e-07  6.7220892971e-06 -1.0404463875e-05  1.2939348402e-05  3.2967566689e-06  2.6336425249e-06 -1.1045394228e-05 -4.0173306868e-06 -1.3172317845e-05  8.6855467048e-06  9.8408593888e-06 -2.0562413163e-06 -2.0339745756e-05  3.4736013549e-06  1.4718187083e-05 -1.4978520953e-05 -6.2427787654e-06 -5.5025532945e-06 -6.2038273524e-06 -1.9857269634e-05  5.9100261805e-06  1.0706106704e-05  8.2476091639e-06  1.2316543908e-05 -4.2643884997e-06 -1.7037863830e-05 -2.4210841079e-05 -4.7282781723e-06  1.8700154741e-05  2.8833989851e-05 -1.5808528528e-04  2.7097525955e-06 -3.1660233185e-04  3.4714427972e-04  9.2802392512e-05  1.3504848107e-05

JOB 5
COORDS  1.2669213198e+00 -4.4181793667e-01 -2.4491419657e-01  7.0969532252e+00 -1.3157335217e-01  3.9925233846e+00  2.1656630004e+00  3.7309192577e-01  4.5617254014e-01  5.8578192067e-01 -1.4566363015e+00  4.3441085040e-01  6.3232365008e+00 -9.0421044443e-01  3.1163296714e+00  6.4933695680e+00  4.4905132587e-01  5.1122802579e+00  2.3925325629e+00  1.6894201154e-01  1.8163850768e+00  8.0891169935e-01 -1.6562655677e+00  1.7986434601e+00  4.9602728628e+00 -1.0838911824e+00  3.3473728052e+00  5.1290348801e+00  2.6305713056e-01  5.3463300855e+00  1.7244372075e+00 -8.5887645939e-01  2.5116147502e+00  4.3346705475e+00 -4.9329252865e-01  4.4635820812e+00  1.8974717575e+00 -1.0806789140e+00  3.9581562965e+00  2.9080072388e+00 -6.9512009669e-01  4.7726542423e+00  1.0923273116e+00 -2.7886191184e-01 -1.3052794025e+00  8.1595192043e+00  5.5670320001e-03  3.8093334358e+00  2.6852717023e+00  1.1767551259e+00 -5.9750301130e-02 -1.2128429388e-01 -2.0892371942e+00 -9.6335566870e-02  6.7879376490e+00 -1.3752341466e+00  2.2536372373e+00  7.0849710387e+00  1.0426165671e+00  5.8047432193e+00  3.0797878246e+00  8.1684776681e-01  2.3505828764e+00  2.7207663501e-01 -2.4443504214e+00  2.3226311863e+00  4.3758297706e+00 -1.6970609021e+00  2.6692096987e+00  4.6664389250e+00  7.1337964012e-01  6.2221397538e+00  9.8671887558e-01 -1.4142210027e+00  4.4560654923e+00  2.6996986496e+00 -7.3949266766e-01  5.8418939530e+00
ENERGY -5.407893244040e+02
GRADIENT  1.4170673939e-06  2.0548314978e-06 -3.1911805898e-06  1.4379173726e-05  2.2349954613e-06 -3.7207591809e-06 -4.6478148998e-06 -1.2327642909e-05  3.0721891558e-06 -1.3980341048e-05 -1.8052435842e-05 -6.3893617232e-06  9.8600073082e-06 -8.2125784551e-06 -2.5024325587e-05 -6.2010873473e-06  4.5973452982e-06  4.0049738576e-06 -9.3124155272e-06 -1.9961742031e-06  9.9531227412e-07  1.2614817301e-05  2.0364696620e-05 -2.3661177986e-05  5.0835394900e-05  4.7639850924e-05  6.4372901273e-05  3.7463709229e-05 -1.8479432148e-05 -4.3288237022e-05 -3.7564246236e-03  6.6701046245e-03  1.4846362917e-03  1.3646014028e-03 -7.4580588515e-03  1.7957601652e-03  7.4114471240e-03 -1.6464300220e-02 -1.0287804542e-03 -5.2683470624e-03  1.7180984971e-02 -1.9952054616e-03 -9.9783159655e-07 -4.0138203671e-06 -8.2043732205e-07  7.0786576648e-07  1.0328074234e-06 -1.4808787279e-06 -1.2070988504e-06 -1.0324467574e-06  1.9551341725e-07 -2.9469028803e-09 -1.9309586289e-06 -4.6336658192e-06  7.9799178093e-06  1.1512873565e-06 -4.8408347546e-07  5.0843817366e-06  1.8393493553e-06 -3.2160674038e-06  3.6458385133e-06 -4.0712455963e-06  5.3080719934e-07  3.9880357585e-06  2.4310033375e-06 -1.4298453156e-06  2.7161258693e-06  9.7922594660e-06  7.1134589841e-06 -3.6761111559e-06 -5.3750879183e-06 -9.5204325176e-06 -9.6975284898e-05  6.0674929835e-06 -2.3959491214e-04  2.4406352153e-04  5.0676702283e-05  1.6934054969e-05

JOB 6
COORDS  1.3741730779e+00 -4.4967416191e-01 -2.2258401727e-01  7.0366979622e+00 -1.0811161782e-01  3.9033576316e+00  2.2341334082e+00  3.8579043277e-01  5.0190192094e-01  6.7094268220e-01 -1.4574180123e+00  4.4476540493e-01  6.2589922592e+00 -9.1483097919e-01  3.0626429872e+00  6.4543145962e+00  4.6458529554e-01  5.0383857435e+00  2.4021836136e+00  2.0707782410e-01  1.8746693089e+00  8.3412046923e-01 -1.6301532175e+00  1.8214468135e+00  4.9108064394e+00 -1.1346297580e+00  3.3432579037e+00  5.1056061347e+00  2.3703305238e-01  5.3228253449e+00  1.7150086333e+00 -8.1571181959e-01  2.5569122643e+00  4.3061037898e+00 -5.4904374923e-01  4.4725014654e+00  1.8378587037e+00 -1.0165489958e+00  4.0133602846e+00  2.8927851185e+00 -7.8404883659e-01  4.8243794472e+00  1.2458343201e+00 -3.0817442290e-01 -1.2926259179e+00  8.0871164028e+00  6.1731222312e-02  3.6814188875e+00  2.7698834745e+00  1.1844822849e+00 -5.1210998340e-03 -7.3877395534e-03 -2.1051393547e+00 -1.0492488747e-01  6.7082768304e+00 -1.3801390300e+00  2.1887797007e+00  7.0504336509e+00  1.0837771236e+00  5.7040256858e+00  3.0618982711e+00  8.6810187720e-01  2.4271711240e+00  2.8057808048e-01 -2.4129290289e+00  2.3358544570e+00  4.3215076771e+00 -1.7710194893e+00  2.6911928702e+00  4.6593109108e+00  6.8143225624e-01  6.2100084875e+00  9.1096626198e-01 -1.3158753412e+00  4.5023235739e+00  2.7052859808e+00 -8.6189480562e-01  5.8952014765e+00
ENERGY -5.407922917649e+02
GRADIENT  1.1454795766e-06  1.0346680229e-05 -2.6124817075e-05  2.1860958318e-05 -4.5160238236e-06 -1.5214828579e-05  2.1340331421e-05  8.1497091468e-06 -1.9041393834e-05 -9.9110439971e-06 -2.1114916650e-05  2.6487317288e-06  1.0691005874e-05  3.9994953530e-06  3.7342691204e-06 -1.0340844684e-05  6.6506148104e-06  7.9844244729e-06 -9.1113048864e-05 -8.2346135654e-05 -3.9336983273e-05  3.4535952693e-05  6.3556786668e-05 -8.6876033288e-05  1.1429684176e-05  3.2418393611e-05  4.6323339267e-05  2.2719723802e-05 -4.5703364517e-06 -2.5781783895e-05 -9.7996409118e-04  2.5157363703e-03  5.2423019235e-04  3.9230096538e-04 -2.7467827849e-03  5.8503213111e-05  2.1168350744e-03 -6.1366956147e-03 -6.6760789198e-04 -1.6364118000e-03  6.3291032709e-03  3.1533921041e-04  1.0731391289e-06 -2.7616398464e-07 -3.6253071465e-06  1.8785567361e-06  4.7913620536e-06 -1.2561534494e-06 -1.9539226940e-06  9.2687393238e-07 -9.3964007011e-06  2.0277027899e-06  2.5170922777e-06 -1.3347787258e-05  3.9868982355e-06  1.3012510336e-06  9.8578696824e-07  4.8432371636e-06  1.2919614296e-06 -3.6048482237e-06 -1.1851695397e-05 -9.2188355219e-06 -4.2723379333e-06  1.1401431728e-05  1.1312897129e-05  2.7518233242e-06 -1.4733622147e-05  9.4212287832e-06 -6.1228248820e-06 -2.2418226105e-06 -4.5517125834e-06 -9.6110799638e-06  1.0282773014e-06  1.5849902543e-05 -1.0283706957e-04  1.2154929936e-04 -2.2698746691e-07  4.0582505516e-05

JOB 7
COORDS  1.5112715354e+00 -9.3221734882e-01 -2.4754355537e-01  6.9066445704e+00  3.7619714699e-01  3.9201859523e+00  2.6707496937e+00 -1.4384994371e+00  3.5317408449e-01  4.6238781925e-01 -4.7587850952e-01  5.5692595707e-01  5.8430357211e+00  9.1599545964e-01  3.1860836351e+00  6.6403953701e+00 -5.2488054844e-01  4.9559187627e+00  2.7887522753e+00 -1.4732327368e+00  1.7426527975e+00  5.7776174051e-01 -5.2008513059e-01  1.9486745377e+00  4.5285743885e+00  5.4696959236e-01  3.4721412693e+00  5.3225846223e+00 -8.8620783760e-01  5.2476255943e+00  1.7490723865e+00 -9.9739718060e-01  2.5639639447e+00  4.2476890361e+00 -3.7530977007e-01  4.4980020711e+00  1.8227902458e+00 -1.0366415978e+00  4.0384166303e+00  2.8700834146e+00 -7.7587853422e-01  4.8486826206e+00  1.4227375139e+00 -9.0477290137e-01 -1.3305533353e+00  7.9301357758e+00  6.6410052943e-01  3.6941756304e+00  3.4830874225e+00 -1.8135809202e+00 -2.6438955062e-01 -4.4678505658e-01 -9.1076542343e-02  1.0177372310e-01  6.0392319939e+00  1.6322490071e+00  2.3920702368e+00  7.4571512612e+00 -9.4183589223e-01  5.5397780987e+00  3.6874991630e+00 -1.8765373990e+00  2.1978437513e+00 -2.4345614459e-01 -1.6836567958e-01  2.5695969386e+00  3.7113521655e+00  9.7870729985e-01  2.9035115892e+00  5.1213084514e+00 -1.5838293381e+00  6.0578385399e+00  8.7920068743e-01 -1.2702358464e+00  4.5314267954e+00  2.6996988612e+00 -9.1843381200e-01  5.9157104878e+00
ENERGY -5.407924601465e+02
GRADIENT -1.5263886213e-07 -1.6751815733e-06  2.5309131530e-05  5.9827200550e-06  2.8232755435e-09  2.7638820982e-06 -9.1097153196e-05  3.9184793265e-05  7.4537180368e-05 -2.7930646898e-05  1.1652903423e-05 -2.2607684348e-05 -2.8617300595e-05 -5.0019327225e-05  4.7439033311e-05  3.6356948178e-05 -2.2049225249e-05  2.4853281961e-05  9.1425920512e-05 -3.3188904874e-05  7.5708669206e-05  5.1940655819e-05 -1.0324262629e-05  2.3846953345e-05  3.0046793945e-05 -3.0838589456e-05  4.0926814371e-05  1.6130769252e-05  1.0512779185e-04 -1.3806671955e-04 -5.6394085654e-04  2.0248118134e-03 -7.8708293393e-06  5.2235296210e-04 -2.0533005351e-03  2.2558818449e-06  1.2146751271e-03 -4.8740221488e-03 -2.7899896532e-04 -1.2345950805e-03  4.8994718963e-03  1.2923570234e-04 -8.4394522735e-06  7.2184895057e-06  4.7747692563e-06  1.0374872615e-06 -6.3212890655e-06  5.0315083403e-06 -6.5358055690e-06  4.1798906048e-06  1.6078221503e-05 -5.2192906309e-07  7.4819898901e-07 -1.6212541810e-06  3.6744314907e-06 -7.0782887290e-06  6.9462642372e-06  1.2219727159e-05  5.4183501536e-06 -6.1916361474e-06  2.0821176056e-05 -2.8595279854e-06  1.1251382543e-05 -2.3625526021e-06  3.2542549743e-06 -1.3379823282e-05 -6.5399227127e-06 -5.7810110541e-06  8.0549992256e-06  2.7402000036e-06  1.3565965240e-05 -1.6281511900e-05 -3.4484110188e-05 -8.5963079667e-06 -1.4758487992e-05  9.8320631517e-06 -4.1234182996e-06 -1.9332737437e-05

JOB 8
COORDS  1.4817639961e+00 -9.9283301839e-01 -2.5045974398e-01  6.9060062084e+00  4.2731946584e-01  3.9650641519e+00  2.6376245153e+00 -1.4928762792e+00  3.6302639184e-01  4.4417819838e-01 -4.9205162975e-01  5.4205312527e-01  5.8331427254e+00  9.5528776207e-01  3.2352487134e+00  6.6568874941e+00 -5.0802991760e-01  4.9742630274e+00  2.7631253127e+00 -1.4787267477e+00  1.7517915414e+00  5.6726531363e-01 -4.8566876028e-01  1.9336173830e+00  4.5275662693e+00  5.4239675694e-01  3.4991771180e+00  5.3477278748e+00 -9.1480824046e-01  5.2431844763e+00  1.7339073855e+00 -9.5999243136e-01  2.5614257367e+00  4.2634130491e+00 -4.1298540502e-01  4.4998263612e+00  1.8115432713e+00 -9.5812085931e-01  4.0346693904e+00  2.8948944021e+00 -8.5094405912e-01  4.8343568308e+00  1.3875031047e+00 -1.0047792633e+00 -1.3332591919e+00  7.9225003762e+00  7.5083505277e-01  3.7563520864e+00  3.4410022562e+00 -1.9022339748e+00 -2.4443501621e-01 -4.6195844504e-01 -1.1118761260e-01  7.7639515914e-02  6.0154703379e+00  1.6976466058e+00  2.4621620906e+00  7.4802461225e+00 -9.1687054906e-01  5.5545728240e+00  3.6580704023e+00 -1.8797587534e+00  2.2162258733e+00 -2.4534888372e-01 -9.9158588579e-02  2.5452244748e+00  3.7036670708e+00  9.6744912797e-01  2.9353071733e+00  5.1598171697e+00 -1.6392779964e+00  6.0328661216e+00  8.6240048187e-01 -1.1562574813e+00  4.5323843465e+00  2.7297628830e+00 -1.0291170872e+00  5.8968302304e+00
ENERGY -5.407922921781e+02
GRADIENT  7.1813151843e-06 -5.2051184887e-06 -2.6576964678e-05  4.3334034539e-05  2.3109219451e-05 -1.9399384975e-05 -4.4686047353e-05  2.6105509676e-05  1.0786931690e-05  6.4164047580e-05 -2.3765640089e-05  3.9973306722e-05  5.8739681660e-06 -2.3366757613e-05  2.2164930972e-05 -1.2623639210e-05 -1.3586549639e-05  7.2475398854e-06  1.0017964632e-04 -4.4000343554e-05  6.6750221309e-05 -1.2130233512e-04  5.7738739120e-05  8.1033754820e-05  2.9123713293e-05 -1.6594586869e-05  2.6838381636e-05  2.9758999144e-05  5.0351985922e-05 -4.9304614286e-05  2.4841723024e-04 -2.7447326692e-03 -1.7356124919e-04 -7.6452772970e-04  2.5783167142e-03  5.9156805893e-04 -8.8616347436e-04  6.4304593717e-03  4.6547446748e-04  1.2350060556e-03 -6.3157424420e-03 -9.8997245356e-04  1.5137079273e-06  3.1529422092e-06 -4.7699714074e-06  6.9389240177e-06 -2.8457095214e-06 -3.2591597916e-07 -1.2057841383e-06  5.2729415674e-07  8.9656045800e-06  5.6358252773e-06  3.4603306865e-07  1.0281578041e-05  6.2206260466e-06 -1.7785333143e-06  3.6210445077e-06  6.9392421641e-06  3.7227503355e-06 -6.7002733729e-06  1.7283212352e-05 -6.8197111977e-06 -6.5447903954e-06 -1.6307863753e-05  1.0203765814e-05  5.4327702149e-06  4.2482782869e-06 -6.3990432140e-06  6.0860992270e-06 -5.6403146743e-06  6.2334969009e-06 -1.0089104589e-05 -3.1131931037e-05  4.8959001207e-06 -9.9405511177e-05  9.3696967565e-05  1.7053847516e-05  9.2477730289e-06

JOB 9
COORDS  1.3914039065e+00 -1.0453322823e+00 -2.8135948970e-01  6.9538802007e+00  4.6546055959e-01  4.0550033606e+00  2.5730163058e+00 -1.5058986690e+00  3.1446505682e-01  3.7081901530e-01 -5.3080198086e-01  5.2421762724e-01  5.8968838519e+00  9.6810534978e-01  3.2846509689e+00  6.6900793489e+00 -4.8290115399e-01  5.0481339881e+00  2.7398960246e+00 -1.4410343643e+00  1.6969467692e+00  5.3630962332e-01 -4.7215040464e-01  1.9098406719e+00  4.5936765107e+00  5.1940529160e-01  3.4935329796e+00  5.3831300860e+00 -9.2711743724e-01  5.2610543020e+00  1.7261975095e+00 -9.1186272486e-01  2.5206768110e+00  4.3141467351e+00 -4.4658302738e-01  4.4808867565e+00  1.8400553175e+00 -8.6736813096e-01  3.9892302367e+00  2.9466124208e+00 -9.1454822405e-01  4.7680329607e+00  1.2649021550e+00 -1.0983261150e+00 -1.3595993369e+00  7.9684863390e+00  8.1844284388e-01  3.8895032644e+00  3.3640550943e+00 -1.9251462488e+00 -3.0240939404e-01 -5.5447169235e-01 -1.7934918214e-01  7.4625699438e-02  6.0900093105e+00  1.7197799048e+00  2.5232491087e+00  7.5002913631e+00 -8.7321696559e-01  5.6588916397e+00  3.6537392367e+00 -1.8150838888e+00  2.1468861600e+00 -2.6352524053e-01 -7.5299585180e-02  2.5316215831e+00  3.7821861583e+00  9.2801823937e-01  2.9002483875e+00  5.1836912229e+00 -1.6614981016e+00  6.0387088231e+00  8.9136075155e-01 -1.0298585065e+00  4.5013027914e+00  2.7762429226e+00 -1.1300295430e+00  5.8231090532e+00
ENERGY -5.407893247583e+02
GRADIENT  1.9200471241e-06  7.0053851370e-07 -3.8022411080e-07  1.1924111703e-06  5.4092616231e-07 -2.4966411986e-06  1.5961564262e-07  1.8918323384e-06 -2.9066286255e-06 -1.0562923685e-06  2.4538596765e-06  1.8193895069e-06  2.8701669792e-06 -1.4493605032e-06 -5.7009949195e-07 -1.1579950098e-06 -2.9335790079e-06  3.5734197616e-07 -3.8669681573e-06  3.0294140102e-07  1.4773489299e-06  6.0202744442e-07  1.8837434579e-06 -2.8013374284e-06  2.5487689555e-06 -2.2411469937e-06  5.1607784285e-06  3.4924383779e-06  1.4145285316e-06 -4.1129209760e-06 -5.7467918321e-04 -7.7699103506e-03  2.6787623692e-04 -1.7551751089e-03  6.9843347550e-03  2.9852791513e-03 -2.1140156832e-04  1.7971678784e-02  1.7921660623e-03  2.3870924805e-03 -1.7238522883e-02 -4.8346660308e-03 -5.7622702938e-07  2.2340448539e-06 -3.7466430287e-07  1.0383552920e-06 -2.1522725466e-06 -2.0249338195e-07 -4.1194563120e-07  5.9395967573e-07 -7.9875612195e-07  4.7657493586e-07  2.3279067888e-06 -6.4685456672e-07  1.2121916173e-06 -5.9167571116e-07  2.0080741914e-07  9.9426178466e-07 -1.6731992571e-06 -1.5399704434e-06 -1.9911537973e-07  8.5503416603e-07 -1.1794489073e-06  9.6243157842e-07  1.6280460070e-06  7.7397089789e-08  1.0015597032e-06 -1.0554353418e-06 -2.2071620109e-07 -3.2979094448e-07 -9.9071245396e-07 -1.7651684327e-06 -9.0911269102e-05  7.5666637010e-06 -2.3066270555e-04  2.4348340798e-04  4.4250159234e-05  1.7905442659e-05

JOB 10
COORDS  1.2551771782e+00 -1.0936361833e+00 -3.1968792798e-01  7.0258152203e+00  4.9219401541e-01  4.1833997881e+00  2.4825251443e+00 -1.4883415075e+00  2.2975204783e-01  2.5616597599e-01 -5.9208876857e-01  5.2049789394e-01  6.0095516890e+00  9.5804549922e-01  3.3382627110e+00  6.7201585898e+00 -4.4999586448e-01  5.1704822294e+00  2.7144308949e+00 -1.3729758202e+00  1.5990863789e+00  4.8697673236e-01 -4.8165319058e-01  1.8931670561e+00  4.7066896516e+00  4.8086878093e-01  3.4687062332e+00  5.4135554827e+00 -9.2386947581e-01  5.3043555277e+00  1.7200029053e+00 -8.6192552435e-01  2.4585782658e+00  4.3839256918e+00 -4.7504709308e-01  4.4540162597e+00  1.8966032722e+00 -7.7458773393e-01  3.9171624202e+00  3.0129778578e+00 -9.6591074164e-01  4.6681191572e+00  1.0778632690e+00 -1.1868451713e+00 -1.3879526935e+00  8.0402444600e+00  8.6824522067e-01  4.0793040839e+00  3.2586611390e+00 -1.8957609283e+00 -4.1345259952e-01 -7.0312320560e-01 -2.9034564013e-01  1.0757028034e-01  6.2344694668e+00  1.7035459187e+00  2.5794936175e+00  7.4979378801e+00 -8.1293378322e-01  5.8376633257e+00  3.6629755503e+00 -1.6996932984e+00  2.0130061147e+00 -2.9667366570e-01 -9.5646509623e-02  2.5417858509e+00  3.9262821719e+00  8.6425998339e-01  2.8192558844e+00  5.1816307135e+00 -1.6528628749e+00  6.0780441211e+00  9.5486234081e-01 -9.0424445463e-01  4.4525012736e+00  2.8262832808e+00 -1.2175096185e+00  5.7131633237e+00
ENERGY -5.407834558274e+02
GRADIENT  3.9237663159e-06 -2.5858277955e-06  7.6418273252e-06 -1.5974635586e-05 -1.5204571543e-06 -4.0265733548e-08  2.0715669943e-05 -1.5051519441e-05 -2.7182323870e-05  2.3326549656e-05 -4.8691016243e-06  2.1421597050e-05  1.3504582298e-05  2.2695453832e-05 -1.7025063154e-05 -1.6859110289e-05 -1.9472594055e-06 -4.1362454300e-06 -3.8655924098e-05  2.5413196534e-05 -3.0294722097e-06 -5.0889065029e-05  5.2299724422e-06  1.5261228212e-05  1.2771021935e-05 -2.6700542521e-05  1.8317095090e-05  5.7777337599e-06 -1.3667763237e-05  4.2015009375e-05 -2.9424547711e-03 -1.2710054760e-02  1.1162160033e-03 -2.7755471748e-03  1.0777507698e-02  6.8978388292e-03  3.1720264477e-03  2.8890080420e-02  3.1782685123e-03  2.3443649899e-03 -2.7025299548e-02 -1.0904510769e-02  3.6129192702e-06 -5.4742005951e-07  1.6570735683e-06 -3.1526314376e-06 -3.1022796533e-07 -1.4412514945e-06  1.4816460784e-06 -1.8283586034e-06 -5.3885041325e-07  6.3465426846e-07 -8.0821909363e-07  4.7767075916e-06 -1.8905875154e-06  1.7922566106e-06 -9.6700253596e-07 -3.4648291159e-06 -1.1442695994e-06  1.9637069591e-06 -9.2236191418e-07 -1.4928473391e-06 -7.8549179900e-06 -1.6976091805e-06 -3.8323681590e-07  5.3372971261e-06  6.4699682597e-06  4.0114377717e-06 -1.8222397302e-06 -2.7327369304e-06 -1.1151031611e-06  2.7305629818e-06 -1.3874758366e-04  5.1784128906e-05 -3.2958345680e-04  3.5963702870e-04  2.2447213306e-05  1.9392974723e-05

JOB 11
COORDS  1.0930449179e+00 -1.1545780111e+00 -3.4237529116e-01  7.0892164881e+00  5.1962402162e-01  4.3435325636e+00  2.3683262976e+00 -1.4752587068e+00  1.4298917647e-01  1.2311174844e-01 -6.7252110077e-01  5.4239059202e-01  6.1308643732e+00  9.4751741167e-01  3.4144211822e+00  6.7289050283e+00 -4.1195193293e-01  5.3224734158e+00  2.6742489560e+00 -1.3080761136e+00  1.4919587604e+00  4.2822583492e-01 -5.0904648249e-01  1.8948122198e+00  4.8319665172e+00  4.4517849637e-01  3.4557545150e+00  5.4265320828e+00 -9.1255257587e-01  5.3672903737e+00  1.7067090900e+00 -8.2320356359e-01  2.3977480255e+00  4.4529880106e+00 -4.9491131285e-01  4.4377719916e+00  1.9637533199e+00 -6.8988905504e-01  3.8390264198e+00  3.0798227715e+00 -1.0052612112e+00  4.5598578193e+00  8.5747420913e-01 -1.2887934805e+00 -1.3948595382e+00  8.1006483106e+00  9.1593401690e-01  4.3093116554e+00  3.1240772142e+00 -1.8645374532e+00 -5.3482613910e-01 -8.7154107261e-01 -4.2622546648e-01  1.7935405586e-01  6.3985162630e+00  1.6824774190e+00  2.6592284468e+00  7.4616930075e+00 -7.4667183739e-01  6.0523823916e+00  3.6593809726e+00 -1.5806018611e+00  1.8577888007e+00 -3.3325712695e-01 -1.3844760482e-01  2.5778107129e+00  4.0942024697e+00  8.0123919377e-01  2.7433225145e+00  5.1520811153e+00 -1.6331011461e+00  6.1348953737e+00  1.0348522070e+00 -7.9098815156e-01  4.4046311866e+00  2.8674321161e+00 -1.2895625440e+00  5.5928390469e+00
ENERGY -5.407745508302e+02
GRADIENT  5.7108239763e-06 -1.4420532991e-05 -4.5426486264e-05 -1.2304829322e-05  1.3448903179e-05 -1.4433959285e-05  8.3434149590e-07 -4.5328140048e-07 -1.7242334790e-05 -2.8323765472e-05  1.3776196178e-05  1.7794332577e-05  1.7017574337e-05 -4.4691894989e-05  6.1610875515e-05 -3.5790378995e-05  6.9879820233e-06 -2.1137349685e-05 -1.4758073714e-04  4.0005542629e-05 -2.3985416678e-05  8.4465476774e-05 -5.4882854572e-05 -1.1737104102e-04 -1.6083966100e-04  3.2269299979e-05 -1.0630130374e-04 -3.9574040857e-05 -1.1174109317e-04  1.2326238960e-04 -6.8045428272e-03 -1.7258698584e-02  2.9866083579e-03 -3.7832127729e-03  1.3715138873e-02  1.2323395787e-02  8.9588919774e-03  3.8328915853e-02  3.9776246159e-03  1.7416283641e-03 -3.4728375586e-02 -1.8827386723e-02 -2.7571340723e-06 -1.0153494340e-06 -2.3396642904e-06  7.8072507208e-07 -2.3996414042e-06  2.1012198790e-06 -6.6011815284e-06 -1.9700539995e-06 -7.6869316668e-06  7.0674823091e-08 -4.4512828506e-06 -1.4340261505e-05 -1.8576068449e-05 -5.3395391251e-06  2.3565930389e-06 -1.1472141657e-05 -3.9183716429e-06  2.6803736482e-06 -2.0085784583e-05  9.0432221051e-06  4.9998408432e-06  2.3785747658e-05 -9.5452096918e-06 -5.9666839692e-07 -8.7828280576e-06  1.2644289525e-05 -2.4613411630e-05  4.3191110113e-06 -1.3599604196e-05  1.9379623181e-05 -2.1573342295e-04  1.4527668357e-04 -3.3216734941e-04  4.3399819945e-04 -7.0665786109e-05  6.7639084369e-05

JOB 12
COORDS  9.1164654018e-01 -1.2277543847e+00 -3.5662614419e-01  7.1496533382e+00  5.5201630049e-01  4.5273506561e+00  2.2319360960e+00 -1.4750850415e+00  4.4893371099e-02 -1.6215644896e-02 -7.6300605498e-01  5.8127517416e-01  6.2680374076e+00  9.4760631341e-01  3.5115559757e+00  6.7223766458e+00 -3.7064112187e-01  5.4879387080e+00  2.6209743896e+00 -1.2549123092e+00  1.3641276791e+00  3.7191952883e-01 -5.4534056859e-01  1.9042150918e+00  4.9788428056e+00  4.2352873815e-01  3.4526479338e+00  5.4296877611e+00 -8.9407140252e-01  5.4321665108e+00  1.6939252956e+00 -7.9440496278e-01  2.3251050306e+00  4.5298448684e+00 -5.0208567765e-01  4.4204565529e+00  2.0476176613e+00 -6.1252603411e-01  3.7387183635e+00  3.1587492670e+00 -1.0277267593e+00  4.4319140340e+00  6.0983749745e-01 -1.4039098407e+00 -1.3857161110e+00  8.1537151750e+00  9.6545435293e-01  4.5728561316e+00  2.9567773501e+00 -1.8470508681e+00 -6.7511790461e-01 -1.0436373918e+00 -5.7164277161e-01  2.8199611080e-01  6.5887108272e+00  1.6727434463e+00  2.7675766067e+00  7.3964255334e+00 -6.8131301150e-01  6.2822429842e+00  3.6406588703e+00 -1.4719747191e+00  1.6689722981e+00 -3.5713410120e-01 -1.8847654346e-01  2.6285662486e+00  4.2967870307e+00  7.5459619947e-01  2.6748088411e+00  5.1032289605e+00 -1.6075016584e+00  6.1858453661e+00  1.1381501821e+00 -6.9046750901e-01  4.3412447251e+00  2.9110294586e+00 -1.3406693051e+00  5.4502195905e+00
ENERGY -5.407624766521e+02
GRADIENT  2.4362546751e-05 -9.1479739167e-07  2.3674851229e-05 -7.6728025656e-05 -1.5987210729e-05 -2.1071329507e-05  6.0489802914e-05 -3.2639670734e-05 -8.3792632399e-05 -3.0422201486e-05  1.4867908119e-05  1.2606336802e-05  4.4562774912e-05  2.5822217750e-05 -8.5976489521e-06 -8.1870598397e-06 -6.9200174546e-06  1.9076526772e-06 -1.8964631589e-04  2.8560066987e-05 -6.4806584935e-05  5.6411261335e-05 -4.3013606142e-05 -1.0913235837e-04 -5.3850207135e-05  2.3027381732e-05 -5.4063037982e-05 -2.0303558038e-05 -7.1900309912e-05  8.4521681309e-05 -1.1467058390e-02 -2.1036421586e-02  5.6806688855e-03 -5.5139814386e-03  1.5330145808e-02  1.8500184686e-02  1.5597369461e-02  4.5702803140e-02  3.5488816099e-03  1.4196818005e-03 -3.9963318379e-02 -2.7270748701e-02  7.3112321005e-06  2.0744396331e-06  7.3570601479e-07 -4.7659528585e-06 -4.7461207773e-06 -5.6870868608e-06  1.9232125034e-06 -4.7012991774e-06 -1.4563641848e-05 -1.5035671687e-06 -6.8861771257e-07 -8.1120329558e-06 -1.1047192154e-05  2.0958367720e-06 -7.8835820660e-06 -9.1784022814e-06 -7.6319347962e-06  3.6084769576e-06 -3.8960372327e-05 -2.7759804336e-06 -2.8195086521e-05  1.8529486671e-05 -3.4845130617e-06 -9.9222944556e-07  3.1114322191e-05  2.4021387678e-05 -5.1839576584e-06  3.8577981170e-06 -1.2878069408e-05  1.4918486468e-05 -2.1693136210e-04  2.0576946511e-04 -2.9091182950e-04  4.0557839826e-04 -1.4155644872e-04  6.1499465149e-05

JOB 13
COORDS  7.2073804740e-01 -1.3056298924e+00 -3.7440976171e-01  7.2161607587e+00  5.8777107584e-01  4.7203462018e+00  2.0766873648e+00 -1.4989499400e+00 -7.3207256364e-02 -1.4539342337e-01 -8.4043793242e-01  6.2090456235e-01  6.4251199328e+00  9.7198878399e-01  3.6279527802e+00  6.7146680450e+00 -3.3947773488e-01  5.6400937381e+00  2.5596053625e+00 -1.2270771069e+00  1.2041458513e+00  3.3568810258e-01 -5.7071482799e-01  1.9028866405e+00  5.1526125466e+00  4.3343083047e-01  3.4563093200e+00  5.4380815137e+00 -8.7771816632e-01  5.4718182567e+00  1.6934085966e+00 -7.7206191919e-01  2.2244121727e+00  4.6259597156e+00 -4.9210369019e-01  4.3859685320e+00  2.1578759491e+00 -5.4004790428e-01  3.5956709670e+00  3.2656144878e+00 -1.0267294776e+00  4.2692673555e+00  3.4445741216e-01 -1.5229850694e+00 -1.3705268526e+00  8.2072048413e+00  1.0127816207e+00  4.8555433211e+00  2.7546333765e+00 -1.8676851145e+00 -8.3910238493e-01 -1.1986121945e+00 -6.8937589094e-01  3.9803660457e-01  6.8045650148e+00  1.6979899888e+00  2.9130293879e+00  7.3190326140e+00 -6.4230629001e-01  6.4914478670e+00  3.6072475288e+00 -1.3999641806e+00  1.4363237682e+00 -3.4577510522e-01 -2.1437717522e-01  2.6723486602e+00  4.5369251932e+00  7.5235898728e-01  2.6193199706e+00  5.0538940639e+00 -1.5941140042e+00  6.1947273692e+00  1.2779458812e+00 -6.0235447957e-01  4.2449903763e+00  2.9682178763e+00 -1.3621726929e+00  5.2686713446e+00
ENERGY -5.407473700925e+02
GRADIENT -2.1569429893e-05 -8.3696447379e-07 -3.9026435514e-05  6.0129088566e-05  1.6361129321e-05  9.8188063293e-06 -2.5291742519e-06  7.2699622194e-06  2.9931617624e-05  8.0114459907e-05 -1.1770699348e-05  1.2158804073e-05 -3.3365871879e-05 -2.4085512990e-05  1.0304758258e-05 -1.5241418484e-05  3.2450834524e-06 -2.0155777800e-05  5.1860897736e-05 -3.0609322423e-05 -3.8922687579e-05 -7.6201508373e-05  4.4864891638e-05  4.8832382422e-05  6.3541739844e-05  3.4261213421e-05  1.4776986527e-05  5.1749761088e-05  2.7423318386e-05 -2.6922555351e-05 -1.5914618651e-02 -2.3501795325e-02  9.3753120443e-03 -8.2526318856e-03  1.5317577568e-02  2.4293014594e-02  2.0978963904e-02  5.0584369880e-02  5.7645926233e-04  3.2178246073e-03 -4.2402151516e-02 -3.4524825663e-02  1.4663024153e-06 -1.9015003358e-06 -5.2764157247e-06  5.0296618183e-06  2.2186805032e-06  2.1130949616e-06 -3.9127170109e-06  1.0821369438e-06 -7.8607127630e-07  9.3910978973e-06  8.0265131268e-07  3.8602276469e-06  8.2409374085e-06 -1.5309373358e-06  6.7375544828e-06  5.5296405081e-06  5.3504182740e-06 -6.4275721876e-06  9.2486506747e-06 -5.7872899373e-07  6.8935272562e-06 -8.2864685363e-06  5.3153061870e-06  9.7599319969e-06 -1.1976809628e-05 -9.9302586714e-06  6.6566689897e-06 -3.8668512666e-06  2.6336503083e-06 -7.3938018323e-06  2.6763719889e-04 -1.4550344018e-04  3.5419311957e-04 -4.5626499811e-04  8.1352768334e-05 -1.0552424052e-04

JOB 14
COORDS  5.1170164926e-01 -1.4074907074e+00 -3.7581213368e-01  7.2677412125e+00  6.3647608771e-01  4.9416568817e+00  1.8891299859e+00 -1.5902381531e+00 -1.8462733642e-01 -2.6642821559e-01 -8.9813228566e-01  6.6988737097e-01  6.5718116391e+00  1.0495141405e+00  3.7960726041e+00  6.6995830503e+00 -3.2779551759e-01  5.7817695713e+00  2.4785746211e+00 -1.2640428297e+00  1.0335965969e+00  3.2093429857e-01 -5.7615053943e-01  1.8936631860e+00  5.3278642689e+00  5.0242600196e-01  3.4941151590e+00  5.4503948275e+00 -8.7332544158e-01  5.4848046148e+00  1.7020788707e+00 -7.6730120477e-01  2.1067256792e+00  4.7316146768e+00 -4.5823103338e-01  4.3443728015e+00  2.2851939880e+00 -4.7999359096e-01  3.4189424652e+00  3.3957663806e+00 -9.9989078434e-01  4.0864675477e+00  5.1034835316e-02 -1.6672570397e+00 -1.3251875334e+00  8.2363908896e+00  1.0678922937e+00  5.1795695532e+00  2.4995231351e+00 -1.9919904534e+00 -9.8974548227e-01 -1.3351700871e+00 -7.5482538073e-01  5.3201291775e-01  7.0034491733e+00  1.8033069805e+00  3.1421030519e+00  7.2304031872e+00 -6.5284545852e-01  6.6730214235e+00  3.5430807958e+00 -1.4256789125e+00  1.1841747643e+00 -2.9343727738e-01 -1.8782656064e-01  2.7030546637e+00  4.7829279968e+00  8.3962883137e-01  2.6158587138e+00  5.0133042301e+00 -1.6168758438e+00  6.1477232010e+00  1.4366690139e+00 -5.2106857429e-01  4.1130341963e+00  3.0514214926e+00 -1.3618147735e+00  5.0631367646e+00
ENERGY -5.407299023574e+02
GRADIENT  3.9699573026e-06 -3.1003014346e-06 -6.2323602229e-06 -1.7960148034e-05  1.2492488041e-07 -1.4144874956e-05  5.3017232260e-05 -2.6641935196e-05 -5.4314758029e-05  1.8012042314e-05  8.0659610147e-06  2.5768397125e-05  8.9686093829e-07 -2.9303088819e-06  4.3251986839e-06 -1.0760833372e-05 -1.6626447816e-05  1.2704718575e-05 -1.5374024518e-04 -2.0444165109e-05 -2.9709764353e-05 -2.7685115617e-05 -4.8597467340e-06 -6.8352801653e-05 -2.0579209441e-05  4.6125184671e-05 -1.6711258907e-05  2.9658610444e-05 -3.0898354080e-05  4.3832646911e-05 -1.9407807230e-02 -2.4014002827e-02  1.4159925417e-02 -1.1254803883e-02  1.3672035723e-02  2.9005731794e-02  2.5378279059e-02  5.0867893401e-02 -3.4772479584e-03  5.5063980550e-03 -4.0434854275e-02 -3.9719052717e-02  4.5539030595e-06 -2.5569507014e-06 -4.1200632665e-07 -2.3805385370e-06 -2.2662869172e-06  2.2696492172e-06 -1.9837442164e-06 -5.6442822785e-06 -1.2011483806e-05  1.5621911186e-06 -1.5742362042e-06 -4.5180435321e-06 -4.9926729402e-06  9.5809016993e-07 -2.6712482134e-06 -6.2547056307e-07 -1.6085146489e-06  1.3527459576e-06 -1.9173942043e-05  6.2784107413e-06  6.5190195639e-06  1.2117700969e-05 -6.6201558667e-06  2.9039418048e-06 -3.0443711327e-06 -2.4271647236e-07 -2.7376711872e-06 -1.7841101316e-06  2.6872711148e-08  6.6814626463e-06  1.8963029604e-04 -1.4853850920e-04  2.1839538089e-04 -2.8611528720e-04  1.1668710431e-04 -6.0821809874e-05

