JOB 0
COORDS  1.5625840563e+00  5.6169515949e-01  1.9049708200e+00  2.9969782759e-01  2.8721508192e-01  1.2994144280e+00  1.5500627971e+00 -1.7045055759e-02  3.1633968116e+00 -4.4490036623e-01 -4.4698613854e-01  2.2073828705e+00 -1.8345394886e+00 -9.9850305999e-01  2.1282601191e+00 -2.8403229552e+00 -1.0594133065e-01  2.8753249763e+00  3.2911385096e-01 -6.2444749232e-01  3.3343413189e+00 -1.8818255547e+00 -2.3372336775e+00  2.7283329780e+00 -2.4451747416e+00  2.1276321712e-01  4.1264766944e+00 -3.0369924286e+00  1.0528089288e+00  2.2059202518e+00 -4.0533419406e+00 -7.1791780916e-01  2.9775084200e+00  2.3859373294e+00  1.1134201745e+00  1.4704220661e+00 -3.3843980711e-02  5.9794604887e-01  3.1721644913e-01  2.3063190513e+00 -4.9851844257e-02  3.9356948708e+00 -2.1437664287e+00 -9.4218277834e-01  1.0737520029e+00  1.7729948383e-02 -1.1401926730e+00  4.1469184209e+00 -1.2297871440e+00 -2.9412016230e+00  2.2325541535e+00 -2.8123235598e+00 -2.7401487807e+00  2.6348844844e+00
ENERGY -6.420157986904e+02
GRADIENT  3.5547092684e-05 -2.5573090659e-05 -2.8166199383e-05  2.0498224855e-05 -3.9983697093e-05  1.0669823162e-05 -1.6456717772e-05  3.0952061688e-05  7.8501440067e-06 -4.2744965798e-05  1.3398601053e-05  1.6235523592e-05 -1.3667733442e-03 -1.6874956374e-03  1.5534649050e-04 -1.1132211179e-03 -1.9790128541e-03  9.0646468193e-04 -4.0529589197e-05  6.3240230934e-05  4.4266419779e-06  2.7764057959e-05 -3.4172796323e-05 -4.8416339077e-05  9.7636731625e-04  1.7185059740e-03 -7.3015497881e-04  3.5425991002e-06  8.7865186425e-06  9.8963263268e-06  1.4298314892e-05  1.1984728029e-05  5.5367724157e-06  1.2710323264e-06 -6.5137679860e-07 -1.5686298683e-06 -4.7967502630e-06  7.6937537818e-06  3.7529492955e-06 -8.9314220173e-06  1.6473651454e-05  4.2086937254e-06  1.4674730101e-03  1.9702308457e-03 -3.2751781811e-04  2.6330799407e-05 -5.4128893739e-05 -2.9543577004e-05 -1.9512212511e-05  7.4202258140e-06 -5.6644721813e-06 -7.4056065307e-06  2.3532123134e-05  3.0097595704e-05

JOB 1
COORDS  1.5738345445e+00  5.5915268626e-01  1.9501617738e+00  3.0961723458e-01  2.9714210906e-01  1.3413926212e+00  1.5705171392e+00 -6.0516327171e-02  3.1888216286e+00 -4.2654379820e-01 -4.7032375972e-01  2.2284573499e+00 -1.8175289035e+00 -1.0203138044e+00  2.1361702622e+00 -2.8313831448e+00 -1.2394343477e-01  2.8835494135e+00  3.5387256109e-01 -6.8098784810e-01  3.3447353553e+00 -1.8624536865e+00 -2.3654780395e+00  2.7174029911e+00 -2.3375540889e+00  4.2730510927e-01  4.0117994559e+00 -3.2164600036e+00  9.0200841722e-01  2.0831185058e+00 -3.9576579547e+00 -8.0664916075e-01  3.2194466997e+00  2.3927959184e+00  1.1278917843e+00  1.5294536020e+00 -2.9382208960e-02  6.3603911980e-01  3.7038167697e-01  2.3314183133e+00 -1.1620844397e-01  3.9552434470e+00 -2.1026217051e+00 -9.3606765126e-01  1.0770576711e+00  4.6217954048e-02 -1.2173969250e+00  4.1451833184e+00 -1.2107355073e+00 -2.9622055260e+00  2.2124975832e+00 -2.7925014890e+00 -2.7691117121e+00  2.6268624680e+00
ENERGY -6.420136396504e+02
GRADIENT -3.8438600105e-05 -2.2439301280e-05  3.2953936994e-05 -3.9701353556e-05  3.0165423959e-05 -4.4917377839e-05  1.4054179074e-05  3.5305054184e-05  3.2399215936e-05  6.0973288803e-05  1.6902994694e-05  2.9878882791e-05 -3.4069512032e-03 -3.7384183682e-03 -2.2058497301e-04 -1.3465763114e-03 -4.2624624550e-03  3.2688213386e-03  3.4215668164e-05 -6.9884760899e-05 -3.8180578790e-05 -2.7879974113e-05  2.2443944768e-05 -8.8770653467e-05  1.3986145775e-03  3.6408260114e-03 -2.4448956022e-03 -6.2505217867e-05  7.2064772704e-05 -7.8197364694e-05  7.8813789190e-05  5.8705231822e-05  1.7964849538e-06 -3.5645122113e-08 -9.8195503440e-06 -5.1588785674e-06  5.0812690391e-06 -3.2543341837e-06 -1.1104028282e-05  4.3024784577e-06 -9.0892433769e-06 -2.9500846052e-06  3.3052569499e-03  4.2026213670e-03 -5.6172472894e-04 -1.1228866219e-05  4.3567419719e-05  1.9367304817e-05  7.0928691490e-06  1.2584898414e-05  3.0223601240e-05  1.0217408738e-05  1.1758012148e-05  2.2436083390e-05

JOB 2
COORDS  1.5789159508e+00  5.6381147590e-01  1.9783675324e+00  3.1617390694e-01  3.1984721555e-01  1.3585853756e+00  1.5694117308e+00 -8.6169912655e-02  3.2012447889e+00 -4.2503770754e-01 -4.6699260638e-01  2.2239602979e+00 -1.8198330989e+00 -1.0036783846e+00  2.1181149282e+00 -2.8473381541e+00 -1.0285180482e-01  2.8632577404e+00  3.4937453013e-01 -7.0505147896e-01  3.3383663820e+00 -1.8686254937e+00 -2.3581142399e+00  2.6805552430e+00 -2.2949003430e+00  6.8562421122e-01  3.8072039640e+00 -3.4517107613e+00  7.2902734580e-01  1.9734260616e+00 -3.8332597346e+00 -8.2236613570e-01  3.4565826241e+00  2.4007456386e+00  1.1410177129e+00  1.5751067019e+00 -1.8993226176e-02  6.8489226947e-01  3.9568125891e-01  2.3283157750e+00 -1.6485298149e-01  3.9676308456e+00 -2.0931055310e+00 -9.0880541532e-01  1.0577342914e+00  4.4295136501e-02 -1.2778920798e+00  4.1143070099e+00 -1.2408708092e+00 -2.9532826969e+00  2.1438966909e+00 -2.8059055424e+00 -2.7489587364e+00  2.6105412840e+00
ENERGY -6.420106089099e+02
GRADIENT  4.6548366263e-06  1.0938981273e-05 -1.5522738167e-05  4.9601180234e-05 -4.9184554090e-05  3.8967835564e-06 -1.9414674264e-05  8.9642604009e-06  1.3704216150e-05 -1.0393897435e-04 -1.2786886466e-05  1.7903408309e-05 -3.7112996437e-03 -3.6370612132e-03 -6.3467920245e-04 -3.5381369249e-04 -3.7646297437e-03  4.0898002875e-03  1.8322609238e-05  2.4965312538e-05 -1.6187503443e-05  1.0371523392e-05 -1.2566791704e-04  1.3931790672e-04  6.7877327129e-04  3.4708577761e-03 -3.2513574726e-03  9.9983605681e-05 -1.0958259182e-04  1.7916399332e-04 -1.1562431831e-04 -4.5080303447e-05  6.0031303728e-05 -6.0296274143e-07  2.5039265839e-06  2.0877161800e-06 -5.9391742392e-06 -1.6900826335e-06  2.9476550956e-06 -4.2942608591e-07  4.0462899685e-06 -1.5217328024e-06  3.4085043682e-03  4.2905827113e-03 -4.7311653911e-04  6.4609445003e-06 -3.7779351765e-05 -2.3654732838e-05  1.0550307534e-06 -2.7661974639e-06 -3.4974007435e-05 -8.3154105075e-06 -3.3898382870e-06 -3.2822973737e-05

JOB 3
COORDS  1.6011019347e+00  5.6101654290e-01  2.0191716406e+00  3.4100184930e-01  3.3963508036e-01  1.3852879063e+00  1.5787104767e+00 -1.1535198158e-01  3.2274503854e+00 -4.1079961826e-01 -4.6134080023e-01  2.2278175749e+00 -1.8084828184e+00 -9.8338188013e-01  2.1090429294e+00 -2.8518379949e+00 -9.4046595881e-02  2.8613020557e+00  3.5228750135e-01 -7.2640667609e-01  3.3437802385e+00 -1.8611157154e+00 -2.3512689068e+00  2.6454597745e+00 -2.2947580685e+00  9.1541274580e-01  3.5582544383e+00 -3.7028546518e+00  4.7408602827e-01  1.9631234776e+00 -3.6197677349e+00 -8.0278399373e-01  3.7253381972e+00  2.4293584401e+00  1.1419767086e+00  1.6348181350e+00  1.4295880700e-02  7.3084041204e-01  4.2974303829e-01  2.3323308103e+00 -2.1742317624e-01  3.9962748050e+00 -2.0915037070e+00 -8.9152637337e-01  1.0518020214e+00  4.6201052134e-02 -1.3359291280e+00  4.0911289356e+00 -1.2715799718e+00 -2.9436508659e+00  2.0638165578e+00 -2.8077967575e+00 -2.7243100845e+00  2.6075692038e+00
ENERGY -6.420084228810e+02
GRADIENT  1.6842879914e-05 -1.3092987651e-05 -2.4815713167e-05  8.3611225531e-06 -1.6527942218e-05 -6.1633409658e-06 -2.0545038279e-05 -1.3737113602e-06 -3.2879993974e-06  2.5969220892e-05  2.4848364633e-05  1.5660692446e-05 -1.6577930377e-03 -1.6102810661e-03 -2.7883358229e-04  3.7074721185e-04 -1.2547095120e-03  1.9876467933e-03 -2.4542369653e-05  3.0594250139e-05  2.9041676703e-05  1.7305750233e-06  4.3415858751e-05  3.9365976456e-05 -1.0273149698e-04  1.1656784979e-03 -1.5327112218e-03  3.9882863047e-05 -1.1406811959e-05  3.2950788465e-06 -2.1289017388e-06 -2.9539778171e-05  4.4054429779e-06  1.5416063228e-06 -1.0784138460e-06 -6.0590800885e-07 -8.4584298070e-07  4.1785707818e-06  7.6731132649e-07 -6.5676091112e-06  1.0992744272e-05  3.9929718761e-06  1.3377438967e-03  1.7288538696e-03 -2.1396410765e-04  1.1159084516e-05 -3.2353432297e-05 -1.8838958197e-05 -7.0177079843e-06 -9.0601757968e-06 -1.9172324611e-05 -1.7597785989e-05 -2.1036099309e-05 -2.1722861091e-05

JOB 4
COORDS  1.6253134440e+00  5.5589709410e-01  2.0622833891e+00  3.7006289016e-01  3.6048250571e-01  1.4106833169e+00  1.5849848014e+00 -1.4707774614e-01  3.2549999750e+00 -3.9647076454e-01 -4.5324940343e-01  2.2270641856e+00 -1.7949309341e+00 -9.6252599854e-01  2.0916218563e+00 -2.8471672353e+00 -9.5381381363e-02  2.8520845490e+00  3.5163280356e-01 -7.4816348152e-01  3.3460072852e+00 -1.8575170154e+00 -2.3433691038e+00  2.6057675201e+00 -2.3568541266e+00  1.0913384332e+00  3.2578737872e+00 -3.9129660730e+00  1.6073439161e-01  2.0448053449e+00 -3.3381598178e+00 -7.1421121003e-01  3.9541450925e+00  2.4620428935e+00  1.1389043440e+00  1.6999629564e+00  5.5525828221e-02  7.7909303578e-01  4.6275394095e-01  2.3299959226e+00 -2.7328015814e-01  4.0285999313e+00 -2.0968898610e+00 -8.8351736943e-01  1.0389440999e+00  3.6868296059e-02 -1.3858674398e+00  4.0660825913e+00 -1.3068292773e+00 -2.9345327228e+00  1.9856151511e+00 -2.8135282207e+00 -2.6956571290e+00  2.5918594044e+00
ENERGY -6.420085377629e+02
GRADIENT -6.0842847318e-05 -6.8486480012e-05 -2.0737147609e-06 -3.0176867455e-05  4.3884416270e-05 -8.1461192125e-05  1.9943543320e-05 -3.1648744526e-05  4.2933790841e-05  2.9188006520e-05 -2.6820159850e-05  8.9816724262e-06  2.0608466058e-03  2.3551046126e-03  2.5353057703e-04 -1.2550742539e-03  8.3992659221e-04 -2.7716677566e-03  1.3453989613e-05  6.1076000931e-05  5.3863196287e-05  2.7509576779e-05 -7.2573161574e-05  1.3540121519e-04  6.6226077514e-04 -8.6646353662e-04  1.9703886873e-03  1.3811539784e-04 -3.5434785699e-06  1.1767840864e-04 -2.8823097918e-05 -1.5840097342e-05  6.6396644564e-05 -4.5280390462e-06 -5.7191653125e-06 -2.5254475092e-08 -9.4477432534e-06  1.3775662637e-05  2.9054490077e-07 -7.4341376443e-07  6.0630804188e-06  6.8594815350e-06 -1.5743858882e-03 -2.1415725450e-03  2.9606655690e-04  5.0971500566e-06 -2.1332482941e-05 -9.4815972121e-06  2.6634325442e-06 -1.5938205336e-05 -2.7535533749e-05 -2.1972036370e-05 -2.5968885483e-05 -5.8774915577e-05

JOB 5
COORDS  1.3807790960e+00  5.5706610430e-01  1.3474431517e+00  1.3274133577e-01 -2.9271790887e-02  9.7800946885e-01  1.5194800867e+00  4.0364444670e-01  2.7171610090e+00 -4.5070264387e-01 -5.2017308510e-01  2.1334121917e+00 -1.7583944426e+00 -1.1973844615e+00  2.3806051091e+00 -2.8666835847e+00 -2.3236127144e-01  2.8759839921e+00  3.9984072243e-01 -2.4439779390e-01  3.1822491603e+00 -1.5794139805e+00 -2.2491711950e+00  3.4016055471e+00 -2.7022871559e+00  1.0215925765e+00  2.4139093557e+00 -4.0904064873e+00 -6.7009427388e-01  2.4689548076e+00 -2.9137024058e+00 -1.4614116106e-01  4.2276412449e+00  2.0956619163e+00  1.0328762918e+00  6.8878439806e-01 -2.9891076147e-01 -7.2486644293e-02 -1.4139932238e-02  2.3197012973e+00  6.9197718749e-01  3.3849254489e+00 -2.1555671340e+00 -1.6023072464e+00  1.4399434394e+00  2.2801038344e-01 -5.6289920121e-01  4.1274790986e+00 -9.9805604830e-01 -2.9824192778e+00  2.9996687916e+00 -2.4741447481e+00 -2.6739537017e+00  3.6434504801e+00
ENERGY -6.420108573506e+02
GRADIENT  1.6027206224e-05 -2.4486997534e-05 -2.3677335871e-06  6.0097119617e-07 -1.5499373339e-05 -1.3449904324e-05 -1.0102233826e-05  7.6080713417e-06 -7.4278265254e-06 -8.2227407010e-06  3.9035501292e-05  3.2985168918e-05  3.7166086007e-03  5.3350756531e-03 -2.0652820883e-03 -3.9458648043e-03 -2.0791704230e-03 -4.6225274356e-03 -3.1219045919e-05  4.7782950846e-05  2.2173874737e-05 -7.7027682853e-06 -5.1580956270e-05 -4.6173700400e-05  2.6841174591e-03  1.0504374890e-03  3.8396959668e-03 -3.8891744553e-05 -3.8563043208e-05 -3.2524515248e-05  2.1666691566e-05 -1.6979201310e-05  3.1812529240e-05 -6.6176275140e-07 -2.0883517966e-06 -2.2143771469e-06 -3.7379572263e-06  4.6386128521e-06  2.5031693144e-09 -5.7717841724e-06  8.7290932591e-06  1.4769629715e-06 -2.4112167074e-03 -4.2067092070e-03  2.8367475956e-03  1.7837590129e-05 -3.5285552484e-05 -7.2700700076e-06 -2.9782396418e-05  1.6746898712e-05  5.5438823175e-06 -5.3209749384e-07  5.4953812762e-05  4.2501668566e-05

JOB 6
COORDS  1.3894012203e+00  5.4828544918e-01  1.3675197831e+00  1.3920359238e-01 -2.5120810080e-02  9.8590529241e-01  1.5083838376e+00  4.0247027703e-01  2.7399313736e+00 -4.6538213556e-01 -5.0165478999e-01  2.1365313567e+00 -1.7810075782e+00 -1.1692713407e+00  2.3672950746e+00 -2.8544102026e+00 -2.0059584507e-01  2.9013507266e+00  3.7637739525e-01 -2.3110284091e-01  3.1944019059e+00 -1.6252297494e+00 -2.2499247008e+00  3.3587938366e+00 -2.8515683951e+00  9.7131537980e-01  2.2358202022e+00 -4.0949658234e+00 -7.5056690820e-01  2.7733060220e+00 -2.6855194789e+00  8.9653061505e-02  4.2123257618e+00  2.1183645251e+00  1.0110672460e+00  7.1509441173e-01 -2.7972738612e-01 -7.1285978722e-02 -1.1492089283e-02  2.3020660716e+00  6.8813131426e-01  3.4165855479e+00 -2.1907829902e+00 -1.5331596931e+00  1.4143162281e+00  1.8251286684e-01 -5.2313985244e-01  4.1437181013e+00 -9.9769587456e-01 -2.9510321759e+00  2.9697393343e+00 -2.5196208278e+00 -2.7081925754e+00  3.5308329254e+00
ENERGY -6.420138963704e+02
GRADIENT  4.1433185097e-05 -4.8849807381e-05 -5.7500355638e-06  1.1776656809e-05 -1.3227547444e-05  3.7859118287e-05  7.2126876356e-06  7.3537559088e-05  1.2259542419e-05 -2.2680850730e-05  1.9234753207e-05 -2.2971083797e-05  3.7885527767e-03  5.0534496405e-03 -1.8465426060e-03 -4.1672296333e-03 -2.7406542891e-03 -3.2618824454e-03 -5.4450801513e-05  2.6241303730e-05 -4.5637098253e-05 -5.2071237872e-05  5.8022930652e-05 -2.0161683248e-04  2.9946111741e-03  1.6367996149e-03  2.9666680393e-03 -1.8755286350e-04 -1.0892655682e-04 -2.3446383010e-05 -1.7538915202e-05 -3.1846310836e-05 -1.5606656071e-04  3.6228279378e-06 -6.6381058240e-06 -2.9943475163e-06 -7.7199313914e-06  3.6111676610e-06  4.7082320270e-06  1.6826617632e-06  5.3676960621e-06 -3.3052262111e-06 -2.3966657484e-03 -3.9404179194e-03  2.5130701558e-03  3.8573385919e-05 -2.2219827597e-05 -8.4424624124e-06  7.0946985715e-06  2.6205035446e-05  3.6908019590e-05  1.4862375040e-05  2.5105575225e-05  3.5179515846e-05

JOB 7
COORDS  1.3912592454e+00  5.4906768391e-01  1.3982977070e+00  1.3811067783e-01 -1.0614518022e-02  1.0067646242e+00  1.5081021514e+00  3.8040810471e-01  2.7682929801e+00 -4.7109797213e-01 -5.0123936487e-01  2.1493338893e+00 -1.7905857613e+00 -1.1712091499e+00  2.3613441828e+00 -2.8504085026e+00 -1.9969611188e-01  2.9032851808e+00  3.7321731426e-01 -2.5558378604e-01  3.2114393098e+00 -1.6509395917e+00 -2.2639053825e+00  3.3374585101e+00 -3.0243351763e+00  8.5141931298e-01  2.0751794379e+00 -4.0547221242e+00 -8.2811497704e-01  3.0222203521e+00 -2.5382132553e+00  2.9116894429e-01  4.1233378387e+00  2.1240651002e+00  1.0168023499e+00  7.5378606123e-01 -2.7864876993e-01 -4.1802559369e-02  7.8883409954e-03  2.3019025983e+00  6.5232301265e-01  3.4504590725e+00 -2.1854908498e+00 -1.4971883521e+00  1.3878693534e+00  1.6586381010e-01 -5.3658711845e-01  4.1610273328e+00 -9.8162640952e-01 -2.9388035887e+00  2.9730410601e+00 -2.5389730264e+00 -2.7488949705e+00  3.4580639334e+00
ENERGY -6.420159379042e+02
GRADIENT  1.4436063260e-06 -1.9098589862e-05 -1.3108246795e-05 -1.8318659071e-05  4.1154232811e-05 -2.8130285950e-05 -3.8897814284e-05  3.6494182029e-06 -1.1409192453e-05  1.3394857601e-05  4.0192719552e-05  4.5112642855e-06  1.5943468684e-03  2.2815040734e-03 -9.0322404460e-04 -2.0438713623e-03 -1.6353040846e-03 -9.8313776207e-04  5.6192353065e-05 -8.5981152458e-05  3.8330362284e-05 -1.3806082380e-06  9.7333953168e-06  8.0504427931e-05  1.2847295597e-03  9.6590225239e-04  8.1811086223e-04  1.3486278760e-04  7.1200287851e-05 -3.5986434506e-05  4.0268465195e-05  1.1316766802e-05  7.3332488269e-05  2.1434682200e-06 -2.2679679328e-06 -2.3269812069e-06  1.7987722328e-06  5.2149862876e-06 -4.1166641746e-06 -4.4559191034e-06  1.5088657719e-06  9.5649891249e-07 -9.8972495859e-04 -1.6626309610e-03  9.6087286821e-04 -1.5142548205e-05  3.9951490529e-06  3.4398935307e-06  2.5828503802e-06 -5.9983805551e-06 -1.6976445420e-05 -1.9574186736e-06 -1.8747557578e-05 -2.3842469754e-05

JOB 8
COORDS  1.3975549647e+00  5.5184831854e-01  1.4132875345e+00  1.3723078348e-01  8.7690026505e-03  1.0212553797e+00  1.5226374689e+00  3.5726233666e-01  2.7790049407e+00 -4.6915025681e-01 -4.9619389502e-01  2.1592989167e+00 -1.7949749088e+00 -1.1621032043e+00  2.3607777782e+00 -2.8417142356e+00 -1.8066390123e-01  2.9138161100e+00  3.8539622766e-01 -2.7701008868e-01  3.2187851173e+00 -1.6638846581e+00 -2.2704229063e+00  3.3140977110e+00 -3.1958011240e+00  7.2500784961e-01  1.9757166519e+00 -3.9808505919e+00 -8.4550382322e-01  3.2663438154e+00 -2.4239452822e+00  4.9075051581e-01  4.0069096487e+00  2.1296762550e+00  1.0248423636e+00  7.7186196966e-01 -2.8580267675e-01 -3.6077012399e-03  2.4565168938e-02  2.3232515194e+00  6.1059857039e-01  3.4603881740e+00 -2.1737890318e+00 -1.4386132049e+00  1.3654621577e+00  1.8042614730e-01 -5.6493741109e-01  4.1666176698e+00 -9.8323043497e-01 -2.9344315865e+00  2.9513969588e+00 -2.5506689706e+00 -2.7596703531e+00  3.4197174184e+00
ENERGY -6.420159004192e+02
GRADIENT  1.7342441256e-05  8.1520806141e-05 -1.9936058421e-05  7.3103424633e-05 -8.8506204394e-05  8.2853539469e-05  6.8040066865e-05 -6.9403123363e-05 -8.2110698351e-06 -1.0674635140e-04 -2.7604463448e-05 -2.1446373283e-05 -1.7113606753e-03 -2.3440612815e-03  8.6658751219e-04  1.9538645386e-03  1.7860549327e-03  5.8045036738e-04 -8.1386164471e-05  1.2587055931e-04 -6.4836078147e-05  2.0108204967e-05 -3.6021276280e-05  8.5539280167e-06 -1.3504314898e-03 -1.1389735743e-03 -5.6130146154e-04 -5.8220852825e-06  5.9201592723e-07 -7.4654266499e-06  2.0471182916e-06 -5.3225829608e-06  3.1185930495e-05 -3.4012965338e-06  2.1941840804e-05  3.9641451330e-06 -4.1220092378e-06  1.9330085306e-06  1.0231282801e-05  3.2025453170e-06  2.1150560665e-06 -5.2063985179e-06  1.0872655415e-03  1.7213761023e-03 -8.7519592979e-04  1.7454245209e-05 -3.9259461857e-05 -1.6051986823e-05 -9.7407379831e-06  1.2986559729e-05 -1.0899277728e-05 -4.7849515343e-06  1.6075298363e-05  6.8904334311e-06

JOB 9
COORDS  1.3952581460e+00  5.6939421387e-01  1.4302730420e+00  1.3119843556e-01  4.2646760729e-02  1.0274041201e+00  1.5243554102e+00  3.3526881977e-01  2.7892262062e+00 -4.7301080940e-01 -4.9239276900e-01  2.1528675428e+00 -1.8061437767e+00 -1.1528514018e+00  2.3370772157e+00 -2.8562819122e+00 -1.5920342434e-01  2.8824342311e+00  3.8639572659e-01 -3.0804830415e-01  3.2144729069e+00 -1.6836899011e+00 -2.2704347758e+00  3.2770069330e+00 -3.4000498355e+00  5.5692157548e-01  1.8704306911e+00 -3.8919837869e+00 -8.2346678682e-01  3.4747125668e+00 -2.3716756811e+00  7.0229241887e-01  3.7972300677e+00  2.1278480278e+00  1.0560272722e+00  7.9966540550e-01 -2.9422903200e-01  5.8234399528e-02  3.1704369930e-02  2.3293442887e+00  5.6379960117e-01  3.4742369954e+00 -2.1595350355e+00 -1.4000245703e+00  1.3250404910e+00  1.8081559511e-01 -6.1576882019e-01  4.1558667828e+00 -1.0081627204e+00 -2.9357659804e+00  2.9073122707e+00 -2.5735746299e+00 -2.7522131220e+00  3.3857256068e+00
ENERGY -6.420137935341e+02
GRADIENT -2.1119588437e-05  3.8353619821e-05  2.1317388026e-05  2.3810480761e-06 -3.9700570148e-06  2.0575165493e-05  4.8313089468e-05 -2.3430244566e-07  1.0445484501e-05 -3.5708270425e-05 -3.7144392306e-05  1.0402022966e-05 -4.3515674598e-03 -5.8677340235e-03  2.2169550022e-03  4.8719617585e-03  5.0675765310e-03  2.6441370474e-04 -7.6323779640e-06 -1.7978503836e-05 -6.1310601695e-05 -3.5708708461e-05 -7.0933286647e-05 -7.0382543867e-05 -3.2632743306e-03 -3.2168935030e-03 -4.8323004656e-04 -8.0403566971e-05 -5.8759658267e-05  6.1684075760e-05 -2.2328853594e-05 -4.3570026666e-05 -5.7939796136e-05  1.5355242833e-06  1.5444919033e-06  1.0895085199e-07  6.6168031522e-06 -1.2139041335e-05 -1.7563750233e-06  1.1243209990e-05 -1.3861243095e-05 -5.0366928787e-06  2.8832499899e-03  4.1637859369e-03 -2.0179504240e-03 -1.2661254232e-05  4.3059324173e-05  3.2741294053e-06  5.8045123090e-06  2.8426082351e-05  2.3706110231e-05  1.2058545697e-05  3.4307224871e-05  2.1896439315e-05

JOB 10
COORDS  1.4053683901e+00  5.8537405749e-01  1.4568995829e+00  1.3932831940e-01  7.4250253648e-02  1.0395238291e+00  1.5333141334e+00  3.1389201105e-01  2.8088816392e+00 -4.6615759683e-01 -4.8976414046e-01  2.1498646486e+00 -1.8056551506e+00 -1.1411816783e+00  2.3184638222e+00 -2.8691280384e+00 -1.4246539707e-01  2.8598684887e+00  3.9249042215e-01 -3.3641228660e-01  3.2163536337e+00 -1.6878867192e+00 -2.2724824420e+00  3.2436327345e+00 -3.6208242262e+00  3.3776760944e-01  1.8371675562e+00 -3.7421700740e+00 -7.5345612466e-01  3.7094334914e+00 -2.3507898111e+00  9.0706882045e-01  3.5238833708e+00  2.1399396270e+00  1.0863510141e+00  8.3995500549e-01 -2.8637390216e-01  1.1977055132e-01  4.4777386084e-02  2.3401476012e+00  5.1836930062e-01  3.4993014376e+00 -2.1474307307e+00 -1.3774379095e+00  1.3006165594e+00  1.9067996769e-01 -6.8209727298e-01  4.1453978838e+00 -1.0391173154e+00 -2.9483752734e+00  2.8456438035e+00 -2.5851207481e+00 -2.7354568699e+00  3.3714411511e+00
ENERGY -6.420106607628e+02
GRADIENT  7.0482027991e-06 -4.5446439117e-05 -7.8127803222e-06 -2.6453591514e-05  6.9659654529e-05 -3.6911129316e-06 -4.5836281109e-05  6.9420633576e-05  1.6748884764e-05 -1.0625894741e-05 -3.3734465922e-05  2.2662403408e-05 -4.4725654873e-03 -6.2188262158e-03  2.5387005103e-03  4.5115928953e-03  5.5233104302e-03 -1.1103326147e-03  5.6736803183e-05 -7.9943518408e-05 -8.4371351611e-06 -2.9523027240e-05 -4.2953546735e-05  9.3955206899e-06 -3.0734837271e-03 -3.6499951459e-03  5.8839083233e-04 -1.0600172435e-05 -3.2903490347e-05  1.5245817851e-05  2.6476478525e-05  5.2544728718e-06  2.9077995597e-06  1.9187729072e-06 -1.3267191318e-05 -4.3048713460e-06 -4.4878711148e-06  1.6079538909e-06 -3.2056899837e-07  5.1869991010e-07 -7.5888371868e-06 -9.7712016442e-07  3.0405293224e-03  4.4084454979e-03 -2.0440599516e-03 -1.5104605765e-05  2.5714418766e-05  7.8604301209e-06  3.8453609008e-06  1.7799897004e-05  2.8247190452e-06 -6.2118907021e-07  1.5167623459e-05  6.3335828086e-06

JOB 11
COORDS  1.4293782619e+00  5.9563689507e-01  1.4972301994e+00  1.6236414564e-01  1.0340718138e-01  1.0600628025e+00  1.5467786453e+00  2.9293900961e-01  2.8435223805e+00 -4.5396409930e-01 -4.8077656125e-01  2.1534750592e+00 -1.7972142165e+00 -1.1234732040e+00  2.3053983098e+00 -2.8778881668e+00 -1.3972821316e-01  2.8622477320e+00  3.9676543675e-01 -3.5465551550e-01  3.2296773633e+00 -1.6810827889e+00 -2.2789189595e+00  3.2070229679e+00 -3.8428152901e+00  6.6735765619e-02  1.9257168921e+00 -3.5118165265e+00 -6.3168874510e-01  3.9576232989e+00 -2.3862681814e+00  1.0664531863e+00  3.2030360213e+00  2.1710037510e+00  1.1063109725e+00  8.9685223824e-01 -2.5792159477e-01  1.7823379344e-01  6.4762279375e-02  2.3511702788e+00  4.7465191957e-01  3.5430847382e+00 -2.1492962225e+00 -1.3625424659e+00  1.2928009485e+00  1.9787650501e-01 -7.4775697304e-01  4.1405489767e+00 -1.0731939223e+00 -2.9660628348e+00  2.7653080461e+00 -2.5867700976e+00 -2.7187212980e+00  3.3586633363e+00
ENERGY -6.420084032576e+02
GRADIENT -2.0391599125e-05 -6.0554736802e-05  2.1145566498e-05 -1.4871216178e-05  7.5877471636e-07 -1.7345806018e-05  4.6530883949e-05  1.8194697653e-05  4.6927178773e-05 -2.9365504953e-05 -1.9657966387e-05 -1.5262147744e-05 -1.6477030943e-03 -2.3448557874e-03  1.0713889255e-03  1.3725871697e-03  1.9610239005e-03 -9.2587194077e-04 -7.1811606383e-07  6.0951033463e-05 -4.3476541190e-05  2.2590445903e-05 -7.9505673577e-06  8.9827483659e-05 -9.6442309680e-04 -1.3926776584e-03  6.5817857420e-04  4.1174184800e-05  7.1872333583e-05 -8.7537027258e-05  9.8463512740e-06  6.7944400842e-05  9.5397344902e-06  5.4853014598e-07 -5.9423250626e-06  3.8138890680e-06 -8.6135815606e-06  6.4359733617e-06  5.4432947792e-07 -3.3976860500e-06  1.3888106843e-05  4.3391871011e-06  1.1617943596e-03  1.6959962542e-03 -7.9635922577e-04  9.6904233714e-06 -3.3027749132e-05 -1.4141181044e-05 -1.8774491007e-06 -1.3059919753e-05 -1.6797694056e-05 -9.7005152597e-06 -2.0158150321e-05 -2.8358650752e-05

JOB 12
COORDS  1.4359602289e+00  5.9761617051e-01  1.5312247680e+00  1.6862407671e-01  1.2922938911e-01  1.0698781945e+00  1.5352829523e+00  2.6529251179e-01  2.8721144488e+00 -4.6543755627e-01 -4.7166417035e-01  2.1436368862e+00 -1.8134965483e+00 -1.1027842036e+00  2.2757525231e+00 -2.8965016661e+00 -1.3859099592e-01  2.8536968984e+00  3.7345515286e-01 -3.7581201196e-01  3.2326877401e+00 -1.7107223631e+00 -2.2803475628e+00  3.1576023129e+00 -4.0296322816e+00 -2.1014325121e-01  2.0990806379e+00 -3.2508557465e+00 -4.3632627005e-01  4.1249851085e+00 -2.5068186073e+00  1.1515207280e+00  2.8401779184e+00  2.1891433776e+00  1.1137415701e+00  9.5017410776e-01 -2.4132679985e-01  2.3352420669e-01  7.3000983170e-02  2.3339606437e+00  4.2309718902e-01  3.5838952865e+00 -2.1868391240e+00 -1.3504058073e+00  1.2734816911e+00  1.6566518352e-01 -8.0124282393e-01  4.1271394675e+00 -1.1370597123e+00 -2.9773974939e+00  2.6861187083e+00 -2.6261984038e+00 -2.6983711191e+00  3.3175018167e+00
ENERGY -6.420085975657e+02
GRADIENT -2.5342180091e-06 -1.5159638312e-05 -4.3809002722e-06 -1.5508231710e-05  2.3358639034e-05 -1.3358000577e-05  1.9283916055e-07 -3.5960949145e-05 -2.0418419672e-05  4.7923004829e-05 -1.9039366125e-05 -4.9462321962e-05  1.8951225692e-03  3.1100915797e-03 -1.6482461643e-03 -1.2479213094e-03 -2.6496052773e-03  2.0411065946e-03 -3.6430689073e-05  4.5582446929e-05  5.8189927258e-05 -3.5695693281e-05  8.0400715975e-05  2.7404759552e-05  7.8960541247e-04  1.7581009294e-03 -1.4032029589e-03  5.7470717304e-07  2.0674777297e-05 -4.0838075630e-05  1.3285757970e-06  7.5276081020e-06 -6.6949712235e-07 -1.4474853144e-06  4.0707202761e-09 -1.7081742916e-06 -2.1974291377e-06  8.7048133740e-06 -5.0239980730e-07 -5.6544906140e-06  4.4293788551e-06  2.4937311271e-06 -1.4322338084e-03 -2.2464660855e-03  1.0768234987e-03  5.3044489718e-06 -8.1160117884e-06  1.4312094430e-06  2.0958240801e-05  3.9423165348e-06  5.2218871051e-06 -4.9845035158e-06 -5.6391097706e-05 -4.0681824173e-05

JOB 13
COORDS  1.4514468267e+00  5.9848159186e-01  1.5653031900e+00  1.8645550537e-01  1.4768821002e-01  1.0811258622e+00  1.5294773726e+00  2.4885993078e-01  2.9033619538e+00 -4.6810188838e-01 -4.5999790775e-01  2.1386444134e+00 -1.8207427859e+00 -1.0821323462e+00  2.2492790995e+00 -2.8863726574e+00 -1.3359943332e-01  2.8557354364e+00  3.5754356248e-01 -3.8622366469e-01  3.2400471211e+00 -1.7387180595e+00 -2.2809430880e+00  3.1085749370e+00 -4.1165275953e+00 -4.3259741374e-01  2.3455052379e+00 -2.9746667395e+00 -2.1291435537e-01  4.1999633033e+00 -2.6503802422e+00  1.1570307306e+00  2.5399782299e+00  2.2169353039e+00  1.1150139339e+00  1.0009556155e+00 -2.0949934335e-01  2.6895288202e-01  8.0626698912e-02  2.3193384195e+00  3.9150577721e-01  3.6280474341e+00 -2.2114401024e+00 -1.3186322422e+00  1.2507740551e+00  1.3203352449e-01 -8.1803354134e-01  4.1271738005e+00 -1.1684387707e+00 -2.9750443972e+00  2.6287433165e+00 -2.6621926053e+00 -2.6920918731e+00  3.2422031152e+00
ENERGY -6.420110400632e+02
GRADIENT  2.1118462046e-05  9.2753953149e-05  7.8270778811e-06  7.5423517983e-05 -1.3210539222e-04  6.9533648647e-05  2.8673253620e-05  2.4532040414e-05  2.9803463333e-06 -1.6237163435e-04  3.9396626915e-05  4.9624529652e-05  3.6026016737e-03  6.4368179934e-03 -3.7310413075e-03 -1.5025806934e-03 -4.8946709743e-03  5.0455493541e-03 -2.3371713417e-06 -2.3473475621e-05 -1.0080033663e-04 -7.7716379883e-06 -1.6082711151e-04 -1.9685181747e-05  7.0275741175e-04  3.0917438103e-03 -3.5594759506e-03  5.0377516131e-06  1.7318882642e-05 -4.2059194747e-05  4.0763856823e-05  7.6630295864e-05  2.1626170125e-05  1.6114627485e-06  7.5694203663e-06  4.0659690703e-06  4.3184426535e-06 -2.3566665836e-05  4.6797939578e-06  6.5348762667e-06 -2.8870422751e-06 -6.9161360401e-06 -2.8745776082e-03 -4.5590829008e-03  2.2362459302e-03  9.3105584474e-07  8.8524862818e-06 -6.8358292059e-06  4.1413556699e-06  5.0577994822e-06  2.9949660664e-05  8.1848305572e-06  4.9994447509e-05  2.3802797136e-05

JOB 14
COORDS  1.4553545977e+00  5.9233921217e-01  1.5897753402e+00  1.8983121012e-01  1.5584206028e-01  1.0945187394e+00  1.5194885217e+00  2.3865001091e-01  2.9275575138e+00 -4.7896018237e-01 -4.4859808048e-01  2.1451621278e+00 -1.8362888684e+00 -1.0640209036e+00  2.2395361043e+00 -2.8745959397e+00 -1.2056507355e-01  2.8759150298e+00  3.3974727647e-01 -3.8729178201e-01  3.2530126561e+00 -1.7752314313e+00 -2.2811609660e+00  3.0710635903e+00 -4.1357558237e+00 -5.8093294481e-01  2.6262488344e+00 -2.7417777039e+00  1.2206261270e-03  4.2123497071e+00 -2.8086807636e+00  1.1178435968e+00  2.3418168001e+00  2.2301873671e+00  1.1028615905e+00  1.0328096419e+00 -1.9672068190e-01  2.8222222813e-01  9.1026699161e-02  2.3038428787e+00  3.7430149739e-01  3.6595283961e+00 -2.2313490005e+00 -1.2627502038e+00  1.2335611868e+00  9.7630351862e-02 -8.0357885992e-01  4.1430326637e+00 -1.1668531183e+00 -2.9537249566e+00  2.6081478112e+00 -2.6977497383e+00 -2.7093786516e+00  3.1431038156e+00
ENERGY -6.420141040077e+02
GRADIENT -3.5429643419e-05 -1.9076973001e-05  3.7444047687e-05  1.0894136876e-05 -6.5512459246e-05 -3.5056355311e-05  5.9430758439e-05  3.1468794141e-05  4.8537977487e-05 -7.8658913913e-05  3.1900730347e-05 -2.2892394584e-06  3.0595925608e-03  5.4728084970e-03 -3.2571781292e-03 -3.0648968785e-04 -3.6849728032e-03  4.9733830922e-03  6.8896138860e-06  2.5986587796e-05 -5.0270833592e-05  9.0911411563e-06 -7.9757034593e-05 -8.1057427975e-06 -1.2734937570e-04  2.2771191722e-03 -3.5734262378e-03 -2.1933272397e-05 -1.1036496345e-05  1.0266332785e-05  2.2550558418e-05  2.2723803925e-05  1.9313464128e-05 -4.1825605174e-06  1.3783226244e-06  2.0606091818e-06 -6.2418878884e-06 -8.8248291996e-06 -1.5690325481e-06  3.4894405565e-06  7.8332422010e-06  4.7892020439e-07 -2.6075154981e-03 -4.0228879713e-03  1.8303057912e-03  1.6669263779e-05 -1.6231386278e-05 -9.4446078370e-06 -5.1431620624e-06  3.0030305033e-05  1.0531901271e-05  5.0906426850e-06  4.0510615629e-05  2.5950263893e-05

JOB 15
COORDS  1.4598022299e+00  5.8838116930e-01  1.6069216910e+00  1.9022238834e-01  1.6945994353e-01  1.1071379016e+00  1.5201583699e+00  2.1940945270e-01  2.9407246388e+00 -4.8537170148e-01 -4.3928014665e-01  2.1513017981e+00 -1.8475807330e+00 -1.0503678724e+00  2.2303306153e+00 -2.8670909822e+00 -1.0375275512e-01  2.8818640905e+00  3.3514504527e-01 -3.9996760849e-01  3.2588340317e+00 -1.8037195269e+00 -2.2788927388e+00  3.0392204331e+00 -4.1057829739e+00 -6.7729265803e-01  2.8887745124e+00 -2.5635017562e+00  2.0880960346e-01  4.1592282951e+00 -2.9747023743e+00  1.0499602579e+00  2.1888127902e+00  2.2397946337e+00  1.0968799113e+00  1.0553681294e+00 -1.9349015686e-01  3.0730461467e-01  1.0405707423e-01  2.3043131054e+00  3.4212620226e-01  3.6752024283e+00 -2.2271542832e+00 -1.2047654858e+00  1.2097050092e+00  8.2104605605e-02 -8.0438432552e-01  4.1510652160e+00 -1.1576587314e+00 -2.9323775913e+00  2.6012463377e+00 -2.7204793245e+00 -2.7228673839e+00  3.0611707427e+00
ENERGY -6.420160263460e+02
GRADIENT -1.6711223740e-05 -2.1649597145e-05  4.8111742604e-05 -3.9792683378e-06 -5.8043273787e-05 -2.9911962376e-05  1.0423631892e-04 -2.5912982464e-05  1.4048238477e-05 -6.3827814271e-05  3.7621089705e-05  1.5040424580e-05  1.0414990031e-03  2.0356934204e-03 -1.1233188808e-03  1.8124653947e-04 -1.0069608908e-03  1.8055681695e-03 -2.9149152193e-05  6.4207649465e-05 -6.3847818211e-05 -7.9402756267e-05 -4.8158577048e-05  1.3350145945e-05 -2.8544365859e-04  5.9816770741e-04 -1.3559779201e-03  2.8332003432e-05  2.6580672659e-05  3.8895844663e-05  1.3920641065e-06 -4.5996730179e-05  4.0367057132e-06 -1.9452093659e-06  1.2345761454e-06  5.0708074782e-07  3.0707897809e-06  1.2979747049e-05 -1.5966544427e-06 -1.4909585566e-05  3.2997545106e-05  1.7904460360e-05 -9.6237429687e-04 -1.4995496624e-03  5.9001723424e-04  3.1053495623e-05 -7.6834751464e-05 -2.4118612668e-05  3.5644381844e-05 -3.8442866524e-05  2.2863141805e-05  5.1470336951e-05  5.2402996896e-05 -5.1652176185e-05

JOB 16
COORDS  1.4657307109e+00  5.8484061533e-01  1.6364356915e+00  1.9485991036e-01  1.7666754594e-01  1.1312613188e+00  1.5249883377e+00  1.9607743021e-01  2.9646197902e+00 -4.8296795729e-01 -4.4447529951e-01  2.1669928275e+00 -1.8490806111e+00 -1.0545153977e+00  2.2274822089e+00 -2.8640641744e+00 -1.0206491333e-01  2.8826414251e+00  3.3902186477e-01 -4.2586543032e-01  3.2736104792e+00 -1.8149840489e+00 -2.2932816276e+00  3.0134795440e+00 -4.0387613045e+00 -7.4692034420e-01  3.1359514381e+00 -2.4358623906e+00  3.9725942348e-01  4.0631209252e+00 -3.1438849126e+00  9.4076911902e-01  2.0719348367e+00  2.2476014021e+00  1.0979723760e+00  1.0919070233e+00 -1.8749532759e-01  3.2685952519e-01  1.2936431337e-01  2.3098498367e+00  3.0532325427e-01  3.7004899132e+00 -2.1984202738e+00 -1.1621492480e+00  1.1894545907e+00  7.9727897069e-02 -8.2682478530e-01  4.1653733577e+00 -1.1547522373e+00 -2.9361198569e+00  2.5815402783e+00 -2.7292685735e+00 -2.7414353105e+00  3.0179984934e+00
ENERGY -6.420157839056e+02
GRADIENT -3.1337268361e-05 -1.3681615238e-05  1.3178597535e-05  2.0980230938e-05 -5.1445012247e-05 -6.8232232417e-05 -3.0126903270e-06 -1.0302666044e-05  3.5505519638e-07 -2.4211656569e-05  5.0670346033e-05  4.5860703548e-05 -1.4165380955e-03 -2.4966814738e-03  1.3767753473e-03 -7.1048697757e-04  1.0645386493e-03 -2.5820993559e-03 -7.6804827830e-06  4.4573990284e-05  3.8076617191e-05  1.7134077906e-05 -4.2954780344e-05 -4.7240413176e-06  7.3377392128e-04 -5.5148226078e-04  1.9299862088e-03 -1.4004475934e-05 -9.0068969750e-06 -3.5886227945e-05 -6.2263910158e-06  3.2886086433e-05 -3.2069607765e-05 -7.3387771667e-06  4.9769810363e-06  1.6464063598e-06 -4.6949560412e-06  5.9152251833e-06 -5.0413515765e-06 -6.4633278548e-06  5.8540934574e-06  3.2513416066e-06  1.4105916467e-03  2.0324281482e-03 -6.8557429735e-04  1.9337937521e-05 -3.6211196654e-05 -1.0730514407e-05 -1.1234393436e-05  3.1362839164e-07 -1.0335352441e-05 -8.0049850545e-06  1.9009758785e-05  6.6468300595e-06

JOB 17
COORDS  1.4764204885e+00  5.8394747568e-01  1.6779527228e+00  2.0588487923e-01  1.8744515102e-01  1.1621657319e+00  1.5366624162e+00  1.5849248562e-01  2.9946568452e+00 -4.7072233584e-01 -4.6292235682e-01  2.1806498592e+00 -1.8401992959e+00 -1.0710887927e+00  2.2219626230e+00 -2.8658827229e+00 -1.1089322614e-01  2.8680041564e+00  3.5214097753e-01 -4.7505073382e-01  3.2860090646e+00 -1.8102297958e+00 -2.3167861036e+00  2.9929282938e+00 -3.9323123185e+00 -7.8955798721e-01  3.3753306920e+00 -2.3509699853e+00  5.9857572187e-01  3.8977501546e+00 -3.3362504678e+00  7.7237941481e-01  1.9602548832e+00  2.2580204897e+00  1.1116032400e+00  1.1470647349e+00 -1.7590203320e-01  3.6227947967e-01  1.6398630069e-01  2.3223946019e+00  2.4668929435e-01  3.7324396414e+00 -2.1582735092e+00 -1.1523295962e+00  1.1715523476e+00  9.0623476871e-02 -8.9322596818e-01  4.1690912336e+00 -1.1516131435e+00 -2.9565080836e+00  2.5539977585e+00 -2.7252298946e+00 -2.7623900212e+00  3.0000641662e+00
ENERGY -6.420135077853e+02
GRADIENT  2.2583604349e-07  2.8005396692e-05  6.2147222291e-06  1.3508939363e-05 -2.6146230522e-05  1.7848926593e-05 -2.5248953262e-06  5.4585715936e-05  2.0403752683e-05 -4.4113747398e-05  3.0605059087e-05  3.1059670317e-05 -3.1174688937e-03 -5.3226505982e-03  2.9508494952e-03 -2.4298893425e-03  1.3884867582e-03 -5.9065869807e-03  3.9031464342e-05 -1.0937577564e-04 -8.0377044425e-05 -9.9765890401e-06 -4.1365422462e-05 -6.9597612932e-05  2.2275296745e-03 -4.2179319431e-04  4.2099916419e-03  1.6511264710e-05  1.7972140200e-05  2.5727914747e-05  1.0790515078e-05 -3.4602422130e-05  4.8352075254e-05  4.7201421211e-06 -3.4100004393e-06 -2.1550578896e-06  1.0939508480e-05 -1.7693405617e-05 -5.9544641917e-06  3.6926652138e-06 -3.2772995256e-06 -3.7943040482e-06  3.2846666979e-03  4.4098381423e-03 -1.3325020328e-03 -1.1403278711e-05  3.5434649962e-05  5.5458258957e-06  2.3399620222e-06  1.2059284281e-05  1.7744119660e-05  1.0056448661e-05  2.6091947344e-05  1.9713019890e-05

JOB 18
COORDS  1.4967420706e+00  5.9884620011e-01  1.7145778938e+00  2.2568592584e-01  2.2060877416e-01  1.1858592564e+00  1.5547534379e+00  1.3453429858e-01  3.0180688633e+00 -4.5313369359e-01 -4.5754178562e-01  2.1842803468e+00 -1.8276217112e+00 -1.0540055991e+00  2.2111307296e+00 -2.8678485678e+00 -8.9636127841e-02  2.8540831924e+00  3.6711879275e-01 -5.0243020892e-01  3.2901344491e+00 -1.8019976273e+00 -2.3115433883e+00  2.9651071570e+00 -3.7697798628e+00 -7.5203865528e-01  3.6260957764e+00 -2.3060356717e+00  8.4268608799e-01  3.6542148345e+00 -3.5601288203e+00  5.6986919256e-01  1.8947238260e+00  2.2803298829e+00  1.1397877944e+00  1.2002175059e+00 -1.5523765548e-01  4.2711490718e-01  1.9334591908e-01  2.3413231521e+00  1.9600834616e-01  3.7576658900e+00 -2.1360685491e+00 -1.1261308102e+00  1.1580708068e+00  1.0894389153e-01 -9.6024815085e-01  4.1544466887e+00 -1.1718922486e+00 -2.9572717495e+00  2.4937901056e+00 -2.7248962538e+00 -2.7395385867e+00  2.9957323445e+00
ENERGY -6.420103710250e+02
GRADIENT -3.2690681914e-05  6.8054366411e-05  2.1555120448e-05  3.7198382875e-05 -3.9292726625e-05 -3.4248364821e-06  6.2510658139e-06 -9.5998427466e-06 -2.1446177556e-06 -5.7770035788e-05  2.5802505121e-05  3.8958949729e-05 -2.8421487421e-03 -4.9263337490e-03  2.7048102997e-03 -3.2134315571e-03  1.0769343872e-04 -5.2387538267e-03  4.7346561370e-05 -7.6568183740e-05 -5.0566151268e-05 -2.8246031053e-06 -3.1807056043e-05 -1.3856782661e-05  2.8055239645e-03  5.0432602892e-04  3.7657387503e-03  1.7707532306e-05 -1.5573530758e-05  1.2178084475e-05  5.2838682268e-06 -1.1336668502e-05  1.7354454742e-05 -4.8772220389e-06  6.1816918744e-06  1.6611638971e-06  3.6936716696e-07 -1.1260414110e-05 -1.9535231368e-06  8.6930410961e-06 -1.8918428424e-05 -8.6526708669e-06  3.2205667222e-03  4.3568901980e-03 -1.2346766310e-03 -1.9414225549e-05  4.3816218157e-05  1.5523476152e-05 -2.7488161865e-06  7.1422454938e-06  2.1304139317e-06 -1.1116148944e-07  1.9937034981e-05  1.5175561539e-05

JOB 19
COORDS  1.5242210998e+00  6.0329009097e-01  1.7570857244e+00  2.5136157272e-01  2.4733015945e-01  1.2170087577e+00  1.5772477256e+00  1.0615828264e-01  3.0486196856e+00 -4.3226909645e-01 -4.5292251492e-01  2.1962963690e+00 -1.8096882836e+00 -1.0372971740e+00  2.2150660179e+00 -2.8620602710e+00 -8.9032453303e-02  2.8786306127e+00  3.8402325147e-01 -5.2802317189e-01  3.3034287618e+00 -1.7829293903e+00 -2.3155984716e+00  2.9415943094e+00 -3.5274248297e+00 -6.8159277679e-01  3.9019308699e+00 -2.3234364403e+00  1.0440000898e+00  3.3715679577e+00 -3.7980048199e+00  2.8080602347e-01  1.9643999107e+00  2.3116290144e+00  1.1532006903e+00  1.2582477859e+00 -1.2818691571e-01  4.8564169288e-01  2.3110441786e-01  2.3637192774e+00  1.4232086296e-01  3.7899699603e+00 -2.1387199852e+00 -1.1117237336e+00  1.1697303859e+00  1.3188873108e-01 -1.0332062231e+00  4.1430536614e+00 -1.1985686327e+00 -2.9654683309e+00  2.4191939183e+00 -2.7147926774e+00 -2.7207056324e+00  3.0069112880e+00
ENERGY -6.420083060180e+02
GRADIENT  1.8096810796e-05 -5.8145631784e-05 -2.2734752854e-05 -4.1583938079e-06  5.2421621642e-05  2.3561304534e-05 -3.5972304899e-05  8.9014805471e-05  4.7542562782e-05 -7.1944885771e-05 -6.9181668811e-06  2.7009886097e-05 -7.4333661366e-04 -1.4497094330e-03  7.4754002405e-04 -1.2272335842e-03 -3.5745091412e-04 -1.3729602276e-03  6.0151872352e-05 -8.3267834000e-05 -7.4147898924e-05 -1.2802269921e-05 -7.0761908579e-05 -1.0776138374e-05  1.0071269290e-03  4.6638336958e-04  9.6178115604e-04 -9.1845317782e-06 -1.8066171433e-05 -9.0471263787e-06  1.6432651998e-05 -1.4439490956e-05  1.9011849372e-05  6.2098990428e-06 -1.8254374069e-05 -5.9040207597e-06 -3.9304387460e-06 -1.6148520886e-06 -1.5696251612e-06 -1.4095632396e-06 -3.3101753565e-06 -1.6462645706e-06  9.7573581969e-04  1.3873579976e-03 -4.0309784742e-04 -2.0288179110e-05  3.8133565072e-05  1.1989205634e-05 -4.7418615749e-06  1.3914109376e-05 -7.0918112851e-08 -1.0196190277e-07  2.8055015277e-05  1.8214491962e-05

JOB 20
COORDS  1.5390744103e+00  6.0213636869e-01  1.7940973216e+00  2.6846585926e-01  2.7036826645e-01  1.2338147208e+00  1.5779611144e+00  6.9410437848e-02  3.0719944603e+00 -4.2794866788e-01 -4.5162651812e-01  2.1876644867e+00 -1.8077283708e+00 -1.0259948847e+00  2.1900764543e+00 -2.8641921876e+00 -9.9897266753e-02  2.8683443643e+00  3.7698593822e-01 -5.5995017716e-01  3.3009080166e+00 -1.7910761390e+00 -2.3196289324e+00  2.8978766267e+00 -3.2621439915e+00 -5.5036694574e-01  4.0818251096e+00 -2.4375865286e+00  1.1661110110e+00  3.0231641658e+00 -3.9891428061e+00 -4.9647968235e-02  2.0964557083e+00  2.3338009380e+00  1.1612622098e+00  1.3175580923e+00 -1.0218621128e-01  5.4173171903e-01  2.5316884446e-01  2.3584089227e+00  7.9778332929e-02  3.8204668224e+00 -2.1589318160e+00 -1.1126186354e+00  1.1536307737e+00  1.1996408193e-01 -1.1041405742e+00  4.1146027140e+00 -1.2443418240e+00 -2.9750821011e+00  2.3422580914e+00 -2.7316560349e+00 -2.7028102315e+00  2.9805812291e+00
ENERGY -6.420087349517e+02
GRADIENT  2.8481626110e-05  4.9971880208e-05 -8.9794133908e-06  9.6515635580e-06 -1.3424178143e-05  7.8646098830e-05  8.1086376469e-06 -3.4075950288e-05 -3.9052551718e-05  3.4589088256e-05 -4.0155171638e-05 -5.8198062817e-05  1.3229548503e-03  2.5090656729e-03 -1.2520205228e-03  2.3402011428e-03  1.4078855026e-03  1.7054347011e-03 -4.4784789220e-05  3.7443015922e-05 -3.3440188794e-06 -1.2449850301e-05  1.1135573346e-04 -2.8770032405e-05 -1.9736291299e-03 -1.3937738937e-03 -1.1694138244e-03  1.9236446008e-05 -9.7091053834e-06  1.1105084698e-05 -5.0632543234e-06  3.0407623008e-05 -4.7467076128e-05  2.6222994745e-06  7.0160825343e-06  2.6214953094e-06  7.9460686783e-06 -6.5617141355e-06  2.9969454718e-06 -2.5443625858e-06  4.0085802067e-06 -1.7880780446e-06 -1.7481618918e-03 -2.5949609868e-03  8.0207591834e-04 -1.6025544285e-06 -1.0534729910e-05 -9.1554467302e-06  2.7522029062e-07 -3.7464646635e-06  4.4703022760e-06 -2.3137523472e-06 -2.1962761826e-05 -1.3559227874e-05

JOB 21
COORDS  1.5592248989e+00  5.8938073703e-01  1.8268129012e+00  2.9643743050e-01  2.7729056308e-01  1.2386523669e+00  1.5678042181e+00  4.3756783571e-02  3.0999754456e+00 -4.2566364984e-01 -4.4699870121e-01  2.1715127875e+00 -1.8086615427e+00 -1.0103995040e+00  2.1442756240e+00 -2.8546392621e+00 -1.0202741056e-01  2.8378682883e+00  3.5680613846e-01 -5.7588005060e-01  3.2990722751e+00 -1.8187299024e+00 -2.3184405861e+00  2.8277022901e+00 -3.0060873329e+00 -3.7451279776e-01  4.1535811033e+00 -2.5787858115e+00  1.2070830959e+00  2.7068318867e+00 -4.0809142849e+00 -3.1247437762e-01  2.2692019521e+00  2.3686200544e+00  1.1451407743e+00  1.3715329874e+00 -5.2830131790e-02  5.6320894438e-01  2.5438488792e-01  2.3330967305e+00  3.9823574975e-02  3.8639839629e+00 -2.1660608462e+00 -1.0842436778e+00  1.1084607065e+00  7.6817465903e-02 -1.1225424769e+00  4.1035453965e+00 -1.2678189045e+00 -2.9694356925e+00  2.2710845363e+00 -2.7661205550e+00 -2.6920160579e+00  2.8766261326e+00
ENERGY -6.420112519532e+02
GRADIENT -1.6000619746e-05 -1.4384824266e-05  7.9727081258e-06 -2.7793991998e-07 -3.9636048039e-05 -6.8073841712e-05 -2.2766521281e-05  3.5129076486e-05  7.0842720024e-06  5.3807657969e-05  8.5632588860e-05  5.6154124928e-05  2.4537399611e-03  4.1526703958e-03 -1.8675615449e-03  4.0014695506e-03  3.4837389931e-03  1.4895162761e-03 -1.7409189502e-05 -4.9726595283e-05  2.0970537691e-05 -4.2556555604e-05  7.8632450761e-05 -2.1370165709e-04 -3.5865554731e-03 -3.3149165757e-03 -1.0015383088e-03  1.4691232037e-05  1.5537322365e-04 -2.5627481882e-05  2.2984330048e-04  3.5389397690e-05  1.6360064534e-04 -4.2517255626e-06 -2.8415641043e-06 -4.3674167439e-06 -1.2286160664e-06 -2.2064081102e-07 -3.8938049288e-06 -6.2476325878e-06  3.5634956587e-06  3.8058872689e-06 -3.1325960641e-03 -4.6101625607e-03  1.3762510413e-03  2.1187273016e-05 -4.7702878016e-06  4.0894556973e-06  3.6020253953e-06  1.7907701449e-05  5.1125211428e-05  2.1714457279e-05  2.5913383885e-05  5.3561828971e-05

JOB 22
COORDS  1.5612998602e+00  5.7233549076e-01  1.8601132213e+00  3.0291102737e-01  2.6880904112e-01  1.2585609846e+00  1.5514410175e+00  2.8965037564e-02  3.1342837262e+00 -4.3529968255e-01 -4.4866931829e-01  2.1842348059e+00 -1.8198158001e+00 -1.0076498262e+00  2.1373052887e+00 -2.8454646929e+00 -1.1335538618e-01  2.8586661351e+00  3.3457330656e-01 -5.8274322229e-01  3.3202552622e+00 -1.8473441433e+00 -2.3294689946e+00  2.7894944619e+00 -2.7721340642e+00 -2.0158567065e-01  4.2045644656e+00 -2.7277780089e+00  1.1813020475e+00  2.5110646389e+00 -4.1107505859e+00 -5.0761564080e-01  2.5185349565e+00  2.3797981671e+00  1.1212969265e+00  1.4129912377e+00 -3.2844518819e-02  5.5410961886e-01  2.6947283017e-01  2.3070733190e+00  2.2973330438e-02  3.9078348818e+00 -2.1752046491e+00 -1.0434015059e+00  1.0978175018e+00  3.6748892560e-02 -1.1112027006e+00  4.1302857528e+00 -1.2520105883e+00 -2.9604522674e+00  2.2564678421e+00 -2.7904935110e+00 -2.7161282354e+00  2.7704129954e+00
ENERGY -6.420142233414e+02
GRADIENT  1.2482619095e-06 -3.9038141691e-05 -4.9947694959e-06 -1.0295999993e-05 -3.8577062557e-05 -3.0476073376e-05  1.3433583249e-05  3.3570923652e-05  3.7124543686e-05  6.5233861637e-06  3.8964764343e-05  1.9606928798e-05  2.2892627253e-03  3.4818716685e-03 -1.1977909659e-03  3.0940193910e-03  3.4530624467e-03  1.4625143434e-04 -1.9832099595e-05  4.1108693871e-05 -1.0386288372e-06  9.9266372724e-07  2.6129158118e-05 -1.1219476488e-04 -2.7986520462e-03 -3.1744998392e-03 -1.1281564971e-05  1.4649523934e-05  7.4104858953e-05  9.8749135598e-06  1.3221003187e-04  5.1799602066e-05  6.8547654710e-05 -1.2744914730e-06 -1.6525768228e-06 -4.1437878515e-06 -7.5914989062e-06  5.7921010441e-06  3.1286636400e-06  8.3898764889e-07  8.1841395373e-06  1.6220307904e-06 -2.7491604551e-03 -3.9292898286e-03  1.0627609110e-03  2.9287849081e-05 -2.9811710939e-05 -1.4361760660e-05 -8.8454816968e-06  9.0041431870e-06  2.4983123258e-05  7.1838806642e-06  1.4069555185e-05  4.0278014784e-05

JOB 23
COORDS  1.5604982046e+00  5.6745219778e-01  1.8774200292e+00  2.9918683840e-01  2.8090983742e-01  1.2740288971e+00  1.5479310023e+00  8.1225229850e-03  3.1446467105e+00 -4.4452172950e-01 -4.4171667865e-01  2.1916445909e+00 -1.8320005027e+00 -9.9590638845e-01  2.1300426836e+00 -2.8406539025e+00 -1.0423458666e-01  2.8700588555e+00  3.2749832120e-01 -5.9818277620e-01  3.3233911280e+00 -1.8727144444e+00 -2.3263244343e+00  2.7567668224e+00 -2.5822219377e+00  5.1564700246e-03  4.1908037892e+00 -2.8785568983e+00  1.1383933495e+00  2.3477971194e+00 -4.0985227183e+00 -6.2526775371e-01  2.7561527283e+00  2.3831517787e+00  1.1144880113e+00  1.4356372140e+00 -3.3918113117e-02  5.7721540760e-01  2.8729056902e-01  2.3034265063e+00 -1.1553669611e-02  3.9181185848e+00 -2.1704165974e+00 -9.8637374105e-01  1.0835271457e+00  1.7294176415e-02 -1.1091633953e+00  4.1396722945e+00 -1.2347949682e+00 -2.9400542509e+00  2.2541928890e+00 -2.8065749249e+00 -2.7267311063e+00  2.6812275941e+00
ENERGY -6.420160431311e+02
GRADIENT -1.9843329319e-05  2.5625353290e-05  3.8410166604e-05  1.0038858730e-05 -3.6585048569e-06  1.2585421948e-04  1.6445523672e-04 -5.7049002887e-05  6.2663750575e-05 -1.7529445868e-04 -5.2114573510e-05 -9.4168083579e-05  8.6332685664e-04  1.2364695207e-03 -3.3256237606e-04  1.0651309190e-03  1.3976231852e-03 -1.9753214794e-04  3.1556350959e-05  8.0110221597e-05 -2.0497472977e-04 -3.4932559540e-05 -4.7074214577e-05  1.0770362833e-04 -8.1089676482e-04 -1.0943572349e-03  1.6203238091e-04  1.3647193263e-05 -8.0302728537e-05  4.8806514191e-05 -1.4630726909e-04 -4.1371753576e-05 -5.8201917137e-05  8.7735201428e-06  4.8668998237e-06  1.4337140094e-05 -1.2516335582e-06 -1.0240761256e-05  7.8871843010e-06  1.6645264045e-05 -5.3314831541e-07 -2.5665227306e-06 -9.5112639484e-04 -1.3551700040e-03  3.0796199225e-04 -2.8104259614e-05  3.8445385355e-05 -4.6192647618e-06  1.6008222178e-05  1.2231882769e-05 -1.0951465697e-05  3.7707966154e-06 -5.9573510238e-06 -3.7150611613e-05

