24
-1 1 C7H9N2O4S2
C                     4.801487991225     2.160036525746    -4.971273159259
C                     3.954493469175     1.294259863019    -4.341991057513
C                     5.495338442547    -0.242189882276    -4.905992983200
C                     1.714894494968     0.404050256501    -3.833824631675
C                     1.124633295531    -1.286715351136    -5.385213345355
C                     5.044481722519    -2.796891163703    -3.006163130424
C                     2.614717349788     1.625291974983    -3.721922736747
N                     4.344034344394    -0.023751977188    -4.285432317888
N                     6.186199734937    -1.374462417839    -5.096387578543
O                     1.268194919472    -0.219438771162    -2.886988392318
O                     6.423847530988    -3.865017841947    -4.990854361824
O                     4.127287050146    -2.942117980152    -5.480748195836
O                     1.493159216066     0.087041444129    -5.126671871830
S                     6.201698698660     1.281937285276    -5.568931281598
S                     5.430244680553    -2.790749640037    -4.782646286232
H                     4.681816082889     3.224036156612    -5.131994738601
H                     0.818233042303    -1.313100780495    -6.432359932573
H                     0.302698694336    -1.595640571082    -4.734742647670
H                     2.006783235012    -1.916134526466    -5.235601049090
H                     4.580555097490    -3.761469480286    -2.787556021894
H                     5.982868192913    -2.688293605961    -2.458783632555
H                     4.362806144263    -1.971459672461    -2.801378646772
H                     2.704931804854     1.860645360272    -2.657525891192
H                     2.158259139341     2.478454758839    -4.234346020212

31.43573162326538
       0.0796        0.0515       -0.0133
      -0.0237        0.0493       -0.1536
       0.0158        0.0314       -0.0048
       0.0597       -0.0421        0.0126
      -0.0144       -0.2421        0.2597
      -0.3402        0.0307       -0.1060
      -0.0678        0.0716       -0.2444
      -0.0722        0.0415       -0.1737
       0.0162        0.0205        0.0739
       0.3470       -0.0191        0.1653
      -0.0515        0.0169        0.1246
       0.0549        0.0626       -0.2870
      -0.1430       -0.2044        0.0887
       0.2278        0.0597        0.2355
      -0.0951        0.0516       -0.0734
       0.0414        0.0189        0.0090
      -0.0650       -0.1048        0.0939
       0.0445       -0.0827        0.1307
       0.0261       -0.0365        0.0377
      -0.1098        0.0090       -0.0540
      -0.1236        0.0061        0.0128
      -0.1065        0.0094       -0.0596
      -0.0273        0.0928       -0.0862
      -0.0404       -0.0253       -0.1286

59.95500178703068
       0.1158        0.0464        0.1692
      -0.0132        0.0005       -0.0655
      -0.0489       -0.0098       -0.1329
      -0.0102       -0.0340       -0.0783
      -0.1336       -0.0362       -0.0091
       0.3779        0.1761        0.0948
      -0.0546        0.0020       -0.1423
      -0.1151       -0.0355       -0.2487
      -0.1032       -0.0211       -0.2507
       0.1281       -0.0778       -0.0503
      -0.0815       -0.0152       -0.1469
      -0.2115       -0.1041        0.3534
      -0.1515       -0.0300       -0.0690
       0.2315        0.0861        0.3474
      -0.0567       -0.0093        0.0080
       0.0564        0.0218        0.0874
      -0.0215       -0.0236       -0.0073
      -0.0514        0.0028       -0.0119
      -0.0448       -0.0128        0.0226
       0.1190        0.0604        0.0886
       0.1472        0.0635       -0.0399
       0.1246        0.0587        0.0483
      -0.0282        0.0264       -0.0459
      -0.0180       -0.0153       -0.0657

63.512851951489935
       0.0163       -0.0241       -0.0030
      -0.0279       -0.0180       -0.0531
       0.0025       -0.0175        0.0446
      -0.1606        0.1563       -0.0158
      -0.0375       -0.1472        0.2508
       0.1494       -0.1763       -0.0566
      -0.0371        0.0723       -0.1235
      -0.0359       -0.0253       -0.0155
       0.0382       -0.0001        0.0489
      -0.5086        0.5321        0.0646
       0.1261        0.0039       -0.2179
       0.0737       -0.0297       -0.0349
       0.0450       -0.1451        0.0266
       0.0862       -0.0329        0.1577
       0.1404       -0.0678       -0.1125
       0.0077       -0.0066       -0.0012
      -0.0358       -0.0858        0.0810
       0.0024       -0.0066        0.1059
      -0.0107       -0.0416        0.0763
       0.0320       -0.0489       -0.0307
       0.0499       -0.0740       -0.0233
       0.0557       -0.0462        0.0083
      -0.0181        0.0496       -0.0415
       0.0085        0.0174       -0.0597

76.86688406364199
       0.0283       -0.0088        0.0997
      -0.0308       -0.0320       -0.0139
      -0.0917       -0.0529       -0.1345
      -0.0678        0.1042        0.0743
      -0.1728        0.2311       -0.0226
      -0.0874        0.1018       -0.0615
       0.0271        0.0259        0.0862
      -0.1344       -0.0746       -0.1924
      -0.0653       -0.0265       -0.1646
      -0.0328        0.0659        0.0695
       0.3482        0.0436        0.2877
       0.2429       -0.4319       -0.1690
      -0.2259        0.2517        0.0724
      -0.0097       -0.0285        0.0601
       0.1794       -0.1400       -0.0336
       0.0271        0.0052        0.0663
      -0.0848        0.0901        0.0031
      -0.0243        0.0387        0.0124
      -0.0388        0.0710       -0.0500
       0.0239        0.0109        0.0045
      -0.0493        0.1048        0.0084
      -0.0780       -0.0012       -0.0715
       0.0337       -0.0112        0.0269
       0.0171        0.0259        0.0473

89.89759073462525
       0.0420        0.0551        0.1518
       0.0063        0.0436        0.0846
      -0.1058        0.0008       -0.1268
       0.0253        0.0135        0.0388
       0.5839       -0.1680       -0.0008
      -0.0927        0.1956       -0.0312
       0.0102        0.0238        0.1036
      -0.0752        0.0133       -0.0705
      -0.1804       -0.0180       -0.2555
      -0.1536        0.1021        0.0183
      -0.0498        0.0120        0.1188
      -0.0997       -0.2118       -0.0161
       0.3026       -0.0931        0.0301
      -0.0581        0.0432        0.0097
      -0.1525       -0.0182       -0.0543
       0.0255        0.0209        0.0668
       0.1637       -0.0633        0.0016
       0.1942       -0.1088        0.0026
       0.2155        0.0137       -0.0122
       0.0039        0.0499        0.0261
      -0.0295        0.1056       -0.0140
      -0.0504        0.0438       -0.0384
      -0.0014       -0.0045        0.0329
       0.0012        0.0122        0.0398

114.1165785262758
       0.0506       -0.0129        0.0652
       0.0972       -0.0899        0.0279
       0.1426        0.0060       -0.1106
       0.0144       -0.1420        0.0204
      -0.3529       -0.0555        0.0691
      -0.1160        0.3148       -0.0266
       0.1209       -0.2187        0.1318
       0.1677       -0.0669       -0.0696
       0.1133       -0.0068       -0.1814
      -0.3291        0.0001       -0.0242
      -0.1249       -0.0401        0.2155
       0.0016        0.1215       -0.0862
       0.2202       -0.2284        0.0154
       0.1307        0.1243       -0.0453
      -0.0486        0.1262       -0.0218
       0.0043       -0.0018        0.0393
      -0.0550       -0.0033        0.0061
      -0.1696        0.0998       -0.0101
      -0.1848       -0.1191        0.0720
      -0.0329        0.0967        0.0181
      -0.0402        0.1106       -0.0000
      -0.0358        0.0972       -0.0457
       0.0502       -0.1165        0.0487
       0.0279       -0.0331        0.0938

146.78956669921968
      -0.0298       -0.0633       -0.0457
      -0.0175       -0.1028       -0.0796
       0.0791       -0.0237       -0.0371
      -0.0747       -0.0311        0.0579
       0.0871        0.0071       -0.1593
       0.0516        0.0857        0.0341
       0.0368       -0.1099        0.0441
       0.0275       -0.0932       -0.1179
       0.1317       -0.0151        0.0257
      -0.1417        0.0320        0.0859
      -0.1208       -0.0767        0.0216
      -0.0009        0.1985        0.0237
      -0.1713        0.0473        0.0553
       0.0656        0.0086        0.0130
       0.0202        0.0634        0.0408
      -0.0106       -0.0160        0.0036
      -0.4220        0.1141        0.0805
       0.3443       -0.2038        0.2562
       0.1789        0.1086       -0.4891
      -0.0203        0.0428        0.0140
       0.0246       -0.0118        0.0004
       0.0471        0.0500        0.0142
       0.0440       -0.0526        0.0146
       0.0102       -0.0134        0.0434

169.0216555268267
      -0.0655       -0.0889       -0.0887
      -0.0851       -0.1397       -0.1817
       0.0496       -0.0479       -0.0880
      -0.1295        0.0361        0.1036
       0.2642        0.0283        0.0115
       0.0190        0.0600        0.0123
       0.0415       -0.0939        0.0846
      -0.0800       -0.1475       -0.2955
       0.1781       -0.0158        0.0810
      -0.1103       -0.0214        0.0954
      -0.1036       -0.1015        0.0319
       0.0513        0.2584       -0.0330
      -0.3028        0.1791        0.1086
       0.0636       -0.0105        0.0451
       0.0631        0.0518        0.0241
      -0.0067       -0.0178        0.0179
       0.3838       -0.0628       -0.0839
      -0.0969       -0.0042       -0.2192
       0.0659        0.0597        0.2734
      -0.1151        0.0710       -0.0159
       0.0184       -0.1099        0.0064
       0.1021        0.0939        0.0178
       0.0835       -0.0674        0.0274
       0.0133        0.0088        0.0829

201.96048748774967
      -0.0338       -0.0701       -0.0670
       0.0072       -0.0685       -0.0070
       0.0677       -0.0179        0.0582
      -0.0595        0.0263       -0.0004
       0.0665       -0.0172        0.0095
       0.0317        0.0554       -0.0125
       0.0052       -0.0220       -0.0272
       0.0774       -0.0495        0.0907
       0.0635       -0.0115       -0.0014
      -0.0220        0.0207        0.0149
      -0.0817       -0.0295       -0.0312
      -0.0203        0.1122       -0.0271
      -0.1698        0.0530        0.0066
       0.0492       -0.0492        0.0410
      -0.0188        0.0469       -0.0365
      -0.0222       -0.0237       -0.0326
       0.0730       -0.0291       -0.0121
      -0.0025       -0.0266       -0.0346
       0.0339        0.0273        0.0503
       0.5072       -0.1977        0.1112
      -0.0422        0.5549       -0.0212
      -0.3855       -0.2916       -0.0870
       0.0026        0.0007       -0.0095
       0.0160       -0.0036       -0.0161

218.75491010684632
      -0.0240        0.0899       -0.1657
      -0.0976        0.0769       -0.2791
      -0.0725        0.0481       -0.1164
       0.1045       -0.0855        0.1102
      -0.0376        0.0815       -0.0780
      -0.0885       -0.3364        0.0651
       0.0744       -0.0558        0.1283
      -0.1982        0.0587       -0.4074
      -0.0393        0.0306        0.1675
      -0.0645       -0.0594        0.0712
       0.0558        0.1092       -0.0619
      -0.0693       -0.0294        0.1591
       0.3417       -0.0679        0.0972
       0.1165        0.1332        0.0335
      -0.0437        0.0043        0.1160
       0.0361        0.0400        0.0111
      -0.0313        0.0857       -0.0186
      -0.0214        0.0538       -0.0210
      -0.0503       -0.0411       -0.0609
       0.1008       -0.1691       -0.0287
      -0.0546        0.0097        0.0473
      -0.1425       -0.1970        0.0354
       0.1160       -0.0891        0.0453
      -0.0409        0.0139        0.1418

246.68085831050456
      -0.2689       -0.0706       -0.5260
      -0.0809        0.0055       -0.1740
       0.0893        0.0366        0.1761
      -0.0011       -0.0303        0.0983
       0.0262        0.0626       -0.0991
       0.0010        0.1714       -0.0546
       0.0078       -0.0271        0.0151
       0.1440        0.0905        0.2600
      -0.0924       -0.0158       -0.0982
      -0.0331       -0.0221        0.1072
       0.0185        0.0190       -0.0698
      -0.0625       -0.2868       -0.0163
       0.0481        0.0113        0.0961
       0.2150        0.0978        0.3091
      -0.0809       -0.0770       -0.0916
      -0.1103       -0.0337       -0.2165
       0.0356        0.0564       -0.0380
      -0.0140        0.0025       -0.0625
      -0.0042        0.0016       -0.0284
      -0.0651        0.0898        0.0223
       0.0145        0.0056       -0.0315
       0.0593        0.1031       -0.0357
       0.0590       -0.0208        0.0027
      -0.0252       -0.0021        0.0386

256.81486504760426
       0.0430        0.0855        0.0289
       0.1310        0.0078        0.0581
       0.1753        0.0784       -0.0757
      -0.0926       -0.0046       -0.0698
       0.0452       -0.1169        0.0724
      -0.1890       -0.3052        0.0221
       0.0795       -0.1127        0.0348
       0.2831        0.0661        0.0764
      -0.0153       -0.0173       -0.1855
      -0.0926       -0.0106       -0.0762
       0.0437        0.0623        0.0321
      -0.1221       -0.1993        0.2210
      -0.3967        0.0482       -0.0595
       0.1794        0.3890       -0.1554
      -0.0626       -0.0302        0.0740
      -0.0253        0.0188       -0.0041
       0.0304       -0.0908        0.0178
       0.0304       -0.0818        0.0192
       0.0630        0.0433        0.0507
      -0.0659       -0.1072       -0.1007
      -0.0829       -0.1358        0.0640
      -0.0689       -0.1079        0.0371
       0.0160       -0.0804        0.0216
       0.0430        0.0013        0.0483

290.71573411634733
       0.1149       -0.0829       -0.0700
       0.0271        0.0168       -0.0225
      -0.0634       -0.0116        0.0542
      -0.0127       -0.0036       -0.0782
       0.0119       -0.0646        0.1829
      -0.1979        0.1790       -0.0430
       0.0938       -0.0698        0.1559
      -0.0782       -0.0034        0.0227
      -0.0491        0.0527        0.0505
      -0.0515       -0.1170       -0.1795
       0.2310        0.4056       -0.2781
      -0.0920        0.0240        0.1968
      -0.1069        0.0462       -0.0904
       0.1123       -0.4482        0.0234
       0.0093        0.1832        0.0001
       0.0743       -0.0203       -0.0251
      -0.0394       -0.0810        0.0675
       0.0436       -0.0121        0.1047
       0.0320        0.0209        0.0510
      -0.1010        0.0720       -0.0164
      -0.0924        0.0491        0.0489
      -0.0546        0.0713       -0.0808
       0.0678       -0.1388        0.0682
       0.0270        0.0470        0.1568

293.38048998870516
       0.1539       -0.0307        0.1197
       0.0667       -0.0156        0.0534
       0.0243        0.0020       -0.0189
      -0.0253       -0.1240        0.1796
      -0.0241        0.0010       -0.4229
      -0.1493        0.0150       -0.0202
      -0.0829       -0.0114       -0.1987
       0.0594       -0.0156        0.0505
       0.0031        0.0176       -0.0729
      -0.0868        0.1241        0.3589
       0.1284        0.2128       -0.1064
      -0.0645        0.0234        0.1649
      -0.0754       -0.1514        0.2136
       0.0768       -0.1771       -0.1156
       0.0240        0.1151        0.0189
       0.0452       -0.0124        0.0104
       0.1008        0.1268       -0.1580
      -0.0851       -0.0657       -0.2482
      -0.0330       -0.0339       -0.1117
      -0.0640        0.0054       -0.0454
      -0.0724       -0.0085        0.0471
      -0.0514        0.0038       -0.0319
      -0.0761        0.1574       -0.0887
      -0.0473       -0.0986       -0.1962

320.02584275438716
      -0.2536       -0.2159       -0.0267
      -0.0606       -0.3025        0.0367
       0.0257       -0.0806       -0.1034
       0.0478        0.1196       -0.0460
       0.0211        0.1101        0.0887
      -0.1973       -0.0910       -0.0358
       0.0079        0.0384       -0.1060
       0.0256       -0.3050       -0.0027
       0.0872       -0.0127       -0.3491
       0.1825        0.0962       -0.0300
       0.0728        0.0672        0.0205
      -0.0582        0.1669        0.2655
       0.2382        0.0800       -0.0590
      -0.1800        0.0749        0.2082
       0.1178        0.1119        0.0233
      -0.1371       -0.0703       -0.0066
      -0.0309        0.0152        0.0370
       0.0178        0.0791        0.0624
      -0.0109        0.0058        0.0170
      -0.0741       -0.0423       -0.1173
      -0.1090       -0.0589        0.0855
      -0.0867       -0.0480       -0.0273
      -0.0245        0.0836       -0.0451
       0.0643       -0.0111       -0.1205

327.85448996559944
      -0.0320        0.0597        0.1213
      -0.0201       -0.0250       -0.0034
       0.0949       -0.0157        0.0604
       0.0049        0.0273       -0.0073
       0.0001        0.0246        0.0095
      -0.2300        0.2725       -0.0664
      -0.0162        0.0175       -0.0267
       0.0105       -0.0172       -0.1046
       0.2011       -0.0433        0.3342
       0.0355        0.0293        0.0024
      -0.0430       -0.2288       -0.4240
      -0.0099       -0.2139        0.2379
       0.0466        0.0150       -0.0086
      -0.1269        0.2656       -0.0904
       0.1510       -0.2455        0.0251
      -0.0170        0.0228        0.0764
      -0.0065        0.0066        0.0047
       0.0013        0.0159        0.0085
      -0.0045       -0.0001        0.0008
      -0.1059        0.1157        0.0595
      -0.1294        0.1616        0.0730
      -0.0841        0.1118       -0.2072
      -0.0123        0.0230       -0.0112
       0.0031       -0.0030       -0.0279

390.45305363711554
      -0.0716       -0.1399        0.1083
       0.0160       -0.2630       -0.0069
       0.1319       -0.0113        0.0683
       0.0569        0.0527       -0.0795
      -0.0044       -0.0344       -0.0644
       0.1051        0.0280        0.1060
       0.1431       -0.0967       -0.0263
       0.0342       -0.2434       -0.0750
       0.0814       -0.0100        0.3029
       0.1760        0.2249        0.0567
       0.0426        0.3910       -0.0292
      -0.1097       -0.2745       -0.2261
       0.0005       -0.0345       -0.0694
      -0.0809        0.1366       -0.0584
      -0.3581        0.1158        0.0039
      -0.0541       -0.0351        0.0977
       0.0122       -0.0097       -0.0227
      -0.0121       -0.0058       -0.0295
      -0.0065       -0.0146       -0.0088
       0.0507        0.0110        0.0868
       0.1033       -0.0076       -0.0923
       0.0719        0.0196        0.1201
       0.0483       -0.0656       -0.0003
       0.0943        0.0100        0.0104

402.6215216179091
       0.0472       -0.0700        0.0415
      -0.0093       -0.0836       -0.0127
       0.1087        0.0099       -0.0010
      -0.0896       -0.0442        0.1712
       0.0900        0.2306        0.2528
       0.0310        0.0000        0.0324
      -0.1741        0.0458       -0.1832
       0.0710       -0.0620       -0.0481
       0.0652       -0.0129        0.0894
      -0.2968       -0.4301       -0.1285
       0.0132        0.1409       -0.0046
      -0.0495       -0.1138       -0.0662
       0.1607        0.2167        0.1259
       0.1669        0.0306       -0.1456
      -0.1323        0.0442       -0.0041
       0.0036       -0.0211        0.0109
      -0.0185        0.0332        0.0877
       0.0559        0.0889        0.1188
       0.0282        0.0662        0.0595
       0.0179       -0.0013        0.0228
       0.0338       -0.0070       -0.0323
       0.0216        0.0014        0.0445
      -0.0962        0.2600       -0.1041
      -0.0760       -0.1267       -0.2643

477.5983032939168
       0.0324        0.0308        0.0220
      -0.0451        0.0299       -0.0741
       0.1209        0.0940        0.1582
      -0.0112        0.0039        0.0003
       0.0021        0.0002       -0.0013
       0.0950       -0.0356       -0.4526
      -0.0184        0.0114        0.0014
       0.0006        0.0379       -0.0384
       0.2732        0.1262        0.1430
       0.0087       -0.0036        0.0025
      -0.1216       -0.0874        0.3473
      -0.2161       -0.2567        0.2870
       0.0067        0.0026       -0.0010
      -0.1319       -0.1632        0.0296
       0.0439        0.2380       -0.2850
       0.0706        0.0249        0.0668
      -0.0021        0.0012        0.0004
       0.0018        0.0012        0.0015
       0.0002       -0.0006       -0.0008
       0.0442       -0.0388       -0.2241
       0.0255       -0.0594       -0.1192
       0.0111       -0.0478       -0.0419
       0.0177       -0.0181        0.0031
      -0.0164        0.0133        0.0268

495.576298628996
       0.0134       -0.0081       -0.0010
      -0.0071        0.0084        0.0056
       0.0328        0.1149       -0.0293
      -0.0107        0.0058       -0.0018
      -0.0097       -0.0005        0.0019
      -0.0608       -0.0319        0.2575
      -0.0102        0.0084        0.0088
       0.0033        0.0017       -0.0267
       0.1215        0.1755       -0.1659
       0.0035       -0.0023       -0.0010
      -0.4508       -0.0973       -0.2541
       0.3061       -0.4147       -0.1116
       0.0032        0.0018        0.0000
      -0.0524       -0.1821        0.0569
       0.1154        0.3956        0.1484
       0.0143       -0.0053       -0.0254
       0.0013        0.0004       -0.0005
      -0.0066        0.0046       -0.0021
      -0.0046       -0.0039        0.0029
      -0.0032       -0.0474       -0.0642
      -0.0411       -0.0590        0.1266
      -0.0481       -0.0506        0.1388
      -0.0009       -0.0021        0.0033
      -0.0014        0.0057        0.0068

547.2391934589008
      -0.0677       -0.2540       -0.0118
      -0.1393       -0.0772        0.1950
      -0.0998        0.0046        0.0278
      -0.3055        0.2038       -0.0259
      -0.0409       -0.0894       -0.0712
       0.0152        0.0088       -0.0802
      -0.2657        0.2373        0.2134
      -0.1418       -0.1366        0.0370
      -0.0448        0.0683        0.0507
       0.1502       -0.0342        0.0344
      -0.0632       -0.0436        0.0201
       0.0267       -0.0293        0.0418
       0.1015       -0.1090       -0.0117
       0.5034        0.1091       -0.2810
       0.0497        0.0693       -0.0085
      -0.0179       -0.0606        0.0713
      -0.0161        0.0082       -0.0205
      -0.0189       -0.0124       -0.0233
      -0.0266       -0.0495       -0.0322
       0.0034       -0.0025       -0.0488
      -0.0046       -0.0068       -0.0061
      -0.0024       -0.0048       -0.0187
      -0.0974       -0.0271        0.0852
       0.0192        0.1472        0.1088

581.6579028488125
      -0.0910       -0.0375       -0.1715
       0.2584        0.0710        0.4561
      -0.2236       -0.0350       -0.4082
       0.1595       -0.0767       -0.0025
      -0.0137       -0.0370       -0.0078
       0.0323        0.0055       -0.1431
       0.0966       -0.0085        0.0825
      -0.0544       -0.0213       -0.1361
       0.0459        0.0250        0.2871
      -0.0638        0.0340       -0.0449
      -0.0634        0.0058        0.0214
      -0.0028       -0.0715        0.0386
      -0.0909        0.0063       -0.0046
       0.0626        0.0207        0.1187
       0.0063        0.0791        0.0002
      -0.1983       -0.0771       -0.3581
       0.0036       -0.0139       -0.0044
      -0.0040       -0.0239       -0.0084
       0.0046        0.0020        0.0005
       0.0148        0.0000       -0.0387
       0.0123        0.0045       -0.0476
       0.0099       -0.0011       -0.0299
      -0.1214        0.1220        0.0090
       0.0476       -0.0807       -0.1257

598.4633806094813
       0.1232       -0.0696        0.2135
      -0.0681       -0.1408       -0.2085
      -0.2625        0.0014        0.1483
       0.2081       -0.1646       -0.0082
       0.0391        0.1014        0.0577
       0.0394        0.0248       -0.1800
       0.1413       -0.2625       -0.1673
      -0.2127       -0.1290        0.2442
      -0.3379        0.1246        0.0818
      -0.0369        0.0861        0.0334
      -0.1255       -0.0821        0.0131
       0.1163       -0.0119        0.0627
      -0.0230        0.0935       -0.0441
       0.1750        0.1705       -0.1599
       0.1135        0.1174        0.0404
      -0.1653       -0.0764       -0.1540
       0.0077       -0.0125        0.0192
       0.0175        0.0387        0.0293
       0.0163        0.0396        0.0326
       0.0031        0.0021       -0.0959
      -0.0136       -0.0063       -0.0067
      -0.0030       -0.0055       -0.0528
       0.1078       -0.0717       -0.0559
      -0.0311       -0.0961       -0.0175

604.7125436718152
       0.1585        0.1125        0.3601
      -0.1441       -0.0172       -0.2115
       0.0374       -0.0136       -0.2030
      -0.2455        0.1283        0.0039
       0.0050        0.0119       -0.0077
      -0.0061       -0.0081        0.0199
      -0.1344        0.0411       -0.0177
       0.1702        0.0720        0.0344
       0.1432       -0.0484        0.0234
       0.0839       -0.0524        0.0563
       0.0392        0.0363        0.0030
      -0.0513       -0.0110       -0.0173
       0.1017       -0.0273        0.0082
      -0.0392       -0.0839        0.0471
      -0.0479       -0.0345       -0.0085
      -0.3016       -0.1136       -0.6048
      -0.0064        0.0147       -0.0003
       0.0001        0.0175        0.0023
      -0.0091       -0.0127       -0.0070
       0.0037       -0.0002        0.0279
       0.0104        0.0058       -0.0169
       0.0065        0.0044        0.0071
       0.0779       -0.1125        0.0121
      -0.0132        0.1135        0.1399

657.8430845198875
      -0.1343        0.0306        0.0075
      -0.1328        0.0687        0.1208
       0.0561        0.0654       -0.1031
       0.0323       -0.2322       -0.1042
       0.0672        0.1823        0.0727
      -0.0142       -0.0117        0.0554
      -0.3871       -0.3802        0.0557
       0.0941        0.1220       -0.0504
       0.0734        0.0049        0.0039
       0.1166        0.2545        0.2669
       0.0365       -0.0128        0.0049
      -0.0397        0.0032       -0.0112
       0.0681        0.1666       -0.2853
       0.1464       -0.1391       -0.0422
      -0.0126       -0.0410       -0.0341
       0.0298        0.0258        0.0528
      -0.0110       -0.0737        0.0342
       0.0376        0.1306        0.0814
       0.0146        0.0592        0.0747
      -0.0033        0.0003        0.0356
       0.0004        0.0069        0.0066
       0.0016        0.0042        0.0069
      -0.1997       -0.1389        0.0275
      -0.2026       -0.1549        0.0213

667.4438732994173
      -0.0186       -0.0177       -0.0349
      -0.0708       -0.0825       -0.2037
      -0.2547       -0.0715       -0.5761
      -0.1350        0.0665        0.0076
       0.0071        0.0150        0.0018
       0.0326        0.0024       -0.1499
       0.0072       -0.0237       -0.0871
       0.2978        0.0824        0.3419
      -0.0372       -0.0422        0.2144
       0.0290       -0.0439        0.0235
      -0.0658        0.0375       -0.0250
       0.0702       -0.0276        0.0078
       0.0433       -0.0073        0.0116
      -0.0208       -0.0058        0.1047
       0.0034        0.0610        0.1132
       0.1908        0.0715        0.3528
      -0.0012        0.0096        0.0014
       0.0016        0.0091        0.0019
      -0.0027       -0.0036       -0.0021
       0.0086        0.0027       -0.0386
       0.0079        0.0047       -0.0423
       0.0150        0.0060       -0.0479
       0.0684       -0.0431       -0.0227
       0.0248        0.0314        0.0209

702.7292745338983
      -0.0504        0.0518        0.0020
       0.0502       -0.0123        0.0698
       0.2672        0.0356        0.1173
      -0.1276        0.0476       -0.0119
       0.0015        0.0108        0.0016
       0.1131       -0.0064       -0.4726
      -0.0463       -0.0390        0.0138
       0.1139        0.0503       -0.2414
      -0.3050       -0.2049       -0.0551
       0.0377       -0.0087        0.0453
      -0.1211        0.1310       -0.0937
       0.2513        0.0371       -0.0119
       0.0425       -0.0012       -0.0242
      -0.0792       -0.0636        0.0231
      -0.0788       -0.0044        0.4846
      -0.0120        0.0096       -0.0379
      -0.0025       -0.0032        0.0016
      -0.0008        0.0173        0.0056
      -0.0032       -0.0022        0.0034
       0.0286        0.0031       -0.1353
       0.0226        0.0056       -0.1258
       0.0295        0.0008       -0.1610
      -0.0411       -0.0083        0.0055
       0.0277        0.0022       -0.0108

762.9814925990039
      -0.0179        0.0093       -0.0471
       0.1831       -0.1129        0.1105
       0.0930        0.2426        0.0116
      -0.3873        0.1286       -0.0008
       0.0166        0.0318       -0.0014
      -0.0205        0.0024        0.1911
       0.1359       -0.1990       -0.1431
       0.1076        0.0595       -0.1672
      -0.4698        0.0340        0.2085
       0.0705       -0.0963        0.1274
       0.0367       -0.1459        0.0640
      -0.0499        0.0194        0.0468
       0.1101       -0.0073       -0.0444
      -0.0702       -0.0691        0.0425
       0.1670        0.1040       -0.3024
      -0.0070        0.0044        0.0066
      -0.0106       -0.0052        0.0046
       0.0084        0.0389        0.0173
      -0.0042       -0.0020        0.0086
      -0.0262        0.0096        0.0569
      -0.0330        0.0067        0.1048
      -0.0144        0.0027        0.0260
       0.0310       -0.0468       -0.0432
       0.1837        0.0082       -0.0587

788.5071365179163
       0.3322       -0.0235       -0.2359
       0.2332        0.1652        0.0627
      -0.1777       -0.3720        0.1413
      -0.3283       -0.0151       -0.0027
       0.0294        0.0698        0.0032
      -0.0037        0.0446       -0.0119
      -0.0265       -0.1267       -0.1193
      -0.1718       -0.0845        0.0590
       0.1845       -0.1939       -0.0595
       0.0326       -0.0785        0.2353
      -0.0449        0.0964       -0.0120
       0.0322       -0.0261        0.0040
       0.0949        0.0289       -0.1532
      -0.1553        0.2615        0.0400
      -0.0035        0.0853        0.0036
       0.1837       -0.0015       -0.0964
      -0.0179       -0.0504        0.0107
       0.0212        0.0746        0.0425
      -0.0006        0.0146        0.0324
       0.0222       -0.0135       -0.0710
       0.0061       -0.0272       -0.0080
      -0.0177       -0.0211        0.0737
      -0.0213       -0.1142       -0.0144
       0.0126        0.0274        0.0520

813.9285392960772
      -0.1572        0.2656       -0.0171
       0.1565       -0.0107        0.0830
      -0.1161        0.1805        0.0039
      -0.2446        0.0768       -0.0051
       0.0215        0.0528        0.0088
      -0.0002       -0.0632       -0.0986
       0.1792       -0.1699       -0.1885
      -0.2137       -0.0709        0.0928
       0.2892        0.4474       -0.1499
       0.0305       -0.0757        0.0777
       0.0413       -0.0300       -0.0289
      -0.0512        0.0083       -0.0549
       0.0642       -0.0330       -0.0023
       0.1135       -0.1421       -0.0346
      -0.1520       -0.2413        0.2265
      -0.1185        0.0836        0.0818
      -0.0014        0.0073        0.0048
       0.0086        0.0228        0.0092
       0.0000        0.0071        0.0041
      -0.0098        0.0089        0.0667
       0.0253        0.0293       -0.0852
       0.0341        0.0265       -0.0960
       0.0656       -0.0673       -0.0514
       0.1491        0.0143       -0.0331

844.4103533539583
      -0.3683        0.5014        0.0873
       0.0476        0.0617        0.0168
      -0.0603       -0.3486        0.0872
      -0.0194        0.0657       -0.0459
       0.0164        0.0583        0.0327
      -0.0007        0.0832        0.0517
       0.0052       -0.0744       -0.0838
      -0.0154       -0.0498        0.0137
       0.0046       -0.3540        0.0405
       0.0282        0.0149       -0.1038
      -0.0500        0.0778        0.0106
       0.0491       -0.0176        0.0410
      -0.0057       -0.0685        0.1559
       0.1954       -0.1104       -0.0869
       0.0694        0.1494       -0.1339
      -0.2463        0.1506        0.1227
       0.0198        0.0769        0.0035
      -0.0048       -0.0247       -0.0221
       0.0037        0.0077       -0.0197
       0.0260       -0.0181       -0.1120
      -0.0114       -0.0459        0.0496
      -0.0388       -0.0348        0.1190
      -0.0039       -0.0574       -0.0166
       0.0265        0.0064        0.0018

855.3909657065418
       0.1064       -0.1742       -0.0642
       0.0366        0.0323        0.1373
       0.0100        0.0565       -0.0152
       0.0367        0.0564       -0.2050
       0.0797        0.2842        0.1387
       0.0001       -0.0130       -0.0060
      -0.1926       -0.1874       -0.2245
      -0.0021        0.0226       -0.0328
      -0.0006        0.0538       -0.0017
       0.0718        0.1010       -0.3044
       0.0091       -0.0141       -0.0011
      -0.0111        0.0009       -0.0060
      -0.0467       -0.2459        0.4970
      -0.0596        0.0507        0.0223
      -0.0087       -0.0202        0.0180
       0.1024       -0.0465       -0.0331
       0.0728        0.2584        0.0208
      -0.0080       -0.0534       -0.0611
       0.0200        0.0533       -0.0525
      -0.0043        0.0030        0.0181
       0.0023        0.0067       -0.0079
       0.0054        0.0048       -0.0171
      -0.1012       -0.3022       -0.0068
      -0.0516        0.0606        0.1271

963.0203739241509
       0.1204        0.0747       -0.0349
      -0.0770       -0.0359       -0.1808
      -0.0829       -0.0493        0.0534
      -0.1438        0.3208       -0.0237
      -0.0381       -0.1342        0.0009
      -0.0115        0.0147       -0.0046
       0.0310       -0.4129        0.3911
      -0.0224        0.0538        0.0324
       0.0339        0.0420       -0.0234
       0.1568        0.0968       -0.2126
       0.0093       -0.0070       -0.0071
      -0.0093        0.0000       -0.0060
       0.0496        0.0219        0.1250
      -0.0101        0.0304        0.0012
      -0.0050       -0.0118        0.0188
       0.1167        0.0194       -0.0939
       0.0128        0.0788       -0.0097
      -0.0323       -0.0811       -0.0486
      -0.0091       -0.0471       -0.0463
       0.0107       -0.0057       -0.0151
       0.0087       -0.0098       -0.0194
      -0.0037       -0.0035        0.0279
      -0.1882        0.2607        0.0406
       0.0019       -0.3522       -0.2760

972.9092661396915
      -0.0104        0.0105        0.0050
      -0.0022        0.0066       -0.0004
      -0.0149       -0.0175        0.0231
       0.0003        0.0003        0.0006
      -0.0025       -0.0055       -0.0011
      -0.3715       -0.1854       -0.0702
       0.0001       -0.0010       -0.0051
       0.0038       -0.0030       -0.0075
      -0.0173       -0.0468       -0.0434
       0.0009        0.0002       -0.0039
      -0.0791        0.0253        0.0033
       0.2336        0.0044        0.2152
       0.0011        0.0067        0.0055
       0.0077        0.0028       -0.0052
       0.0713        0.0864       -0.1125
      -0.0103        0.0037        0.0101
      -0.0010        0.0021       -0.0002
      -0.0007       -0.0008       -0.0003
      -0.0005       -0.0015        0.0004
       0.0353        0.0030        0.5211
       0.1920        0.0823       -0.5523
       0.1488        0.1120        0.1649
       0.0042       -0.0015       -0.0016
      -0.0012        0.0005        0.0012

986.7320268320224
      -0.0267       -0.1143        0.0343
      -0.0459       -0.0070        0.0371
      -0.0075        0.0630       -0.0133
      -0.0064       -0.0101       -0.0009
       0.0008        0.0071       -0.0013
      -0.2074        0.3532       -0.0340
       0.0544       -0.0092       -0.0396
       0.0050        0.1412       -0.0327
      -0.0098        0.0371        0.0184
      -0.0083       -0.0110        0.0152
       0.2125       -0.1965       -0.1245
      -0.0331        0.0401       -0.0040
       0.0018       -0.0038       -0.0079
       0.0032       -0.0091       -0.0005
      -0.0316       -0.0876        0.1151
      -0.0170       -0.0345        0.0190
      -0.0014       -0.0055        0.0003
       0.0018        0.0050        0.0031
       0.0016        0.0047        0.0033
       0.2236       -0.1151       -0.3569
       0.1221       -0.1975       -0.2630
      -0.0988       -0.0807        0.5661
       0.0327       -0.0051       -0.0122
       0.0481        0.0153       -0.0090

1012.967429826007
      -0.1333       -0.3905        0.1488
      -0.2176        0.0991        0.1268
      -0.1491       -0.1518        0.1113
      -0.0563        0.0250        0.0057
      -0.0070       -0.0246       -0.0039
       0.0494       -0.0656        0.0044
       0.2327       -0.1370       -0.1240
      -0.0014        0.6094       -0.1298
       0.1760       -0.1164       -0.0829
       0.0043       -0.0256        0.0056
      -0.0667        0.0919        0.0239
       0.0141       -0.0139       -0.0064
       0.0216        0.0241        0.0111
       0.0529        0.0144       -0.0332
       0.0031        0.0129       -0.0116
      -0.1367       -0.1208        0.1017
      -0.0004       -0.0016       -0.0013
      -0.0013       -0.0041        0.0001
       0.0017       -0.0017       -0.0002
      -0.0391        0.0181        0.0507
      -0.0244        0.0327        0.0571
       0.0125        0.0067       -0.0946
       0.1231        0.0137       -0.0535
       0.1746       -0.0118       -0.0795

1043.3045078313094
       0.0150        0.0229        0.0180
      -0.0718       -0.0386       -0.1155
      -0.0006       -0.0140        0.0037
      -0.0920       -0.1692       -0.1140
       0.1676        0.5140        0.0718
       0.0044        0.0059        0.0061
       0.1425        0.1339        0.2583
       0.0046        0.0379        0.0140
       0.0033        0.0140        0.0002
       0.0027        0.0065        0.0667
      -0.0365        0.0404        0.0116
       0.0669        0.0083        0.0414
      -0.1912       -0.5454       -0.1802
       0.0025       -0.0013        0.0001
      -0.0269       -0.0409       -0.0455
       0.0118        0.0036       -0.0245
      -0.0012        0.0233        0.0348
       0.0495        0.1457        0.0318
      -0.0105        0.0628        0.0267
      -0.0010        0.0002       -0.0070
      -0.0053       -0.0037        0.0141
      -0.0054       -0.0051        0.0072
      -0.0776        0.1933        0.0513
       0.2081        0.0071       -0.1327

1086.9839935584012
       0.0089       -0.0224       -0.0050
       0.0158       -0.0276        0.0222
       0.0512        0.0676       -0.0453
       0.0189        0.0521        0.0416
      -0.0232       -0.0483       -0.0166
       0.0407        0.1148        0.0411
      -0.0230       -0.0252       -0.0327
      -0.0266        0.0126        0.0165
       0.0145        0.1163        0.0348
       0.0014       -0.0032       -0.0096
      -0.2810        0.3429        0.0880
       0.5004        0.0867        0.2927
       0.0231        0.0451        0.0053
      -0.0109       -0.0116        0.0070
      -0.1940       -0.4330       -0.3248
       0.0282       -0.0066       -0.0169
      -0.0014       -0.0177       -0.0064
       0.0022       -0.0337       -0.0031
      -0.0015       -0.0011        0.0028
       0.0266       -0.0146       -0.1349
      -0.0395       -0.0688        0.1198
      -0.0657       -0.0556        0.1082
       0.0091       -0.0288       -0.0061
      -0.0376       -0.0069        0.0193

1127.0858678849784
      -0.2409        0.1127        0.1070
      -0.3131        0.0205        0.1533
       0.0926        0.0810       -0.0649
       0.0345       -0.0742       -0.0272
      -0.0233       -0.0390       -0.0009
       0.0018       -0.0008       -0.0014
       0.0969       -0.0536       -0.0951
      -0.1271       -0.0901        0.0900
       0.0293       -0.1406       -0.0000
      -0.0176       -0.0062        0.0134
       0.0001        0.0084       -0.0001
      -0.0012       -0.0010       -0.0013
       0.0250        0.0657        0.0373
       0.0761        0.0289       -0.0502
       0.0129        0.0221       -0.0060
       0.6582        0.0600       -0.3577
       0.0071        0.0003       -0.0035
      -0.0016       -0.0152        0.0023
       0.0120        0.0165        0.0040
      -0.0009        0.0013        0.0035
      -0.0021        0.0020        0.0042
       0.0014        0.0006       -0.0016
       0.0802       -0.0125       -0.0333
       0.2969        0.0922       -0.0769

1172.4321646879566
      -0.1000       -0.0539        0.0384
       0.0010        0.0903        0.1706
       0.0786        0.0821       -0.0576
      -0.0433        0.2577        0.1826
       0.1709        0.0842       -0.0343
       0.0028       -0.0024        0.0001
       0.0742       -0.0754       -0.0664
      -0.0900       -0.0494        0.0400
       0.0170       -0.1056        0.0026
       0.0490        0.0057       -0.0953
       0.0286       -0.0266       -0.0077
       0.0074        0.0008        0.0029
      -0.1337       -0.2088       -0.1271
       0.0178        0.0049       -0.0127
      -0.0194        0.0385        0.0004
       0.1069       -0.0099       -0.0404
      -0.1005        0.0028        0.0304
      -0.0114        0.2115        0.0086
      -0.1011       -0.1930       -0.0156
      -0.0018        0.0010        0.0010
      -0.0003        0.0016        0.0014
       0.0005        0.0009       -0.0076
       0.4513        0.1248       -0.0921
      -0.5041       -0.2162        0.1235

1189.1314366703343
       0.0276        0.0258       -0.0128
       0.0025       -0.0467       -0.0488
      -0.0383       -0.0338        0.0279
       0.0497       -0.0543       -0.0227
       0.3455       -0.1897       -0.0326
      -0.0025        0.0056        0.0001
      -0.0489        0.0048       -0.0050
       0.0381        0.0247       -0.0225
      -0.0049        0.0483       -0.0019
      -0.0274       -0.0022        0.0024
      -0.0262        0.0279        0.0065
      -0.0061        0.0032       -0.0033
      -0.1649        0.1466        0.0876
      -0.0039       -0.0010        0.0028
       0.0215       -0.0337       -0.0014
      -0.0115        0.0068        0.0010
      -0.2111        0.2086        0.0756
      -0.0832        0.5123        0.0243
      -0.2136       -0.5117       -0.0610
       0.0044       -0.0021       -0.0038
       0.0005       -0.0047       -0.0006
      -0.0015       -0.0012        0.0084
      -0.1690       -0.0803        0.0316
       0.1983        0.0909       -0.0392

1217.2100220301097
       0.0176       -0.0126       -0.0089
       0.0023        0.0287        0.0126
       0.0448        0.0700       -0.0361
      -0.0753       -0.1336       -0.0911
       0.0351       -0.0724        0.4031
      -0.0019        0.0057        0.0003
       0.0191        0.0346        0.0247
      -0.0646       -0.0156        0.0385
       0.0124       -0.0656        0.0007
      -0.0091       -0.0075        0.1076
      -0.0209        0.0274        0.0046
      -0.0079        0.0016       -0.0032
       0.0167        0.0841       -0.2980
      -0.0030       -0.0002        0.0016
       0.0269       -0.0182       -0.0031
      -0.0441       -0.0052        0.0262
       0.1264        0.5972        0.0673
      -0.1895       -0.2829       -0.2571
       0.0092       -0.1167       -0.2639
       0.0040       -0.0014       -0.0025
       0.0007       -0.0045       -0.0004
      -0.0019       -0.0014        0.0069
       0.1194        0.0784       -0.0184
      -0.0239       -0.0036        0.0063

1236.2106054138867
       0.0847       -0.0216       -0.0371
      -0.0294        0.0458       -0.0280
       0.1333        0.1805       -0.1102
      -0.0194       -0.0273       -0.0326
       0.0089       -0.0283       -0.0156
       0.0705       -0.0372        0.0042
       0.0393       -0.0279        0.0075
      -0.2419        0.0219        0.1400
       0.0862       -0.2483       -0.0048
       0.0016        0.0003        0.0049
       0.3316       -0.3311       -0.0632
       0.3354        0.0193        0.1666
       0.0091        0.0407        0.0460
      -0.0054        0.0038        0.0030
      -0.4996        0.2816       -0.0850
      -0.1393       -0.0128        0.0738
      -0.0107        0.0003        0.0002
       0.0060        0.0230        0.0124
      -0.0115       -0.0216        0.0098
      -0.0562        0.0269        0.0025
      -0.0320        0.0347        0.0743
      -0.0064       -0.0090       -0.0802
      -0.0914       -0.0231        0.0142
       0.0759        0.0060       -0.0326

1239.5263197274548
      -0.1295        0.0305        0.0600
       0.0271       -0.0440        0.0279
      -0.2238       -0.3863        0.1849
       0.0678        0.0638        0.0992
       0.0103        0.0217        0.0670
       0.0313       -0.0269        0.0151
      -0.0673        0.0257       -0.0316
       0.3904       -0.0134       -0.2193
      -0.0724        0.3852        0.0085
      -0.0180       -0.0148        0.0097
       0.1953       -0.2238       -0.0347
       0.1859        0.0095        0.0981
      -0.0210       -0.0308       -0.1212
       0.0099       -0.0020       -0.0064
      -0.3176        0.1297       -0.0370
       0.2055        0.0179       -0.1138
       0.0199        0.0652        0.0116
      -0.0259       -0.0800       -0.0545
      -0.0123       -0.0306       -0.0510
      -0.0328        0.0103       -0.0096
      -0.0073        0.0229        0.0204
      -0.0004        0.0030       -0.0626
       0.0529       -0.0143       -0.0099
      -0.0328        0.0236        0.0330

1294.9228024649315
      -0.0809       -0.0255        0.0580
      -0.0296       -0.0468       -0.0654
       0.0296        0.0409       -0.0231
       0.1319        0.3082        0.3097
       0.0208        0.0753        0.0615
      -0.0051       -0.0025       -0.0022
       0.2851        0.0541       -0.1496
      -0.0678        0.0574        0.0302
       0.0146       -0.0627       -0.0052
      -0.0641       -0.1202        0.0619
      -0.0154        0.0141        0.0011
      -0.0377       -0.0047       -0.0183
      -0.0362       -0.1025       -0.2297
       0.0170       -0.0007       -0.0071
       0.0453        0.0068        0.0115
       0.0724       -0.0086       -0.0454
      -0.0011       -0.0106        0.0149
      -0.0311       -0.1101       -0.0822
      -0.0292       -0.0506       -0.0652
       0.0000        0.0008        0.0076
       0.0029        0.0003       -0.0076
       0.0013        0.0000        0.0045
      -0.6114       -0.3153        0.0962
      -0.1604       -0.0631        0.0436

1306.8332448847118
       0.1113        0.0780       -0.0839
       0.1209       -0.2386        0.0238
       0.0164        0.0346       -0.0154
       0.2916        0.2441        0.3611
       0.0103        0.0933        0.0301
       0.0009       -0.0043       -0.0153
      -0.4590       -0.1818        0.0162
      -0.1382        0.1705        0.0367
       0.0316       -0.0724       -0.0132
      -0.0360       -0.0157       -0.0572
      -0.0055        0.0051       -0.0020
      -0.0313       -0.0055       -0.0172
      -0.0586       -0.1142       -0.2072
      -0.0086        0.0110        0.0015
       0.0311        0.0161        0.0144
      -0.0343        0.0240        0.0227
      -0.0072       -0.0835        0.0085
      -0.0135       -0.1173       -0.0691
      -0.0390       -0.0482       -0.0492
      -0.0064        0.0081        0.0219
      -0.0055        0.0024        0.0056
      -0.0005       -0.0076        0.0185
       0.2141       -0.0266       -0.0349
       0.3675        0.1618       -0.0641

1335.1939256857713
      -0.0143        0.0055        0.0065
       0.0204       -0.0370       -0.0029
      -0.0471        0.0262        0.0204
      -0.0118       -0.0130       -0.0194
      -0.0007       -0.0043       -0.0012
       0.0912        0.0257       -0.4154
       0.0095        0.0189        0.0030
       0.0265        0.0059       -0.0142
       0.0219        0.0027       -0.0157
       0.0014        0.0017        0.0029
       0.0278       -0.0261       -0.0152
      -0.0240       -0.0019       -0.0230
       0.0020        0.0036        0.0075
       0.0024       -0.0008       -0.0011
      -0.0081        0.0045        0.0395
       0.0198        0.0022       -0.0110
      -0.0008        0.0090       -0.0001
       0.0008        0.0041        0.0031
       0.0032        0.0050        0.0048
      -0.0470        0.1649        0.4752
      -0.2680       -0.0384        0.4136
      -0.0134       -0.1826        0.5204
      -0.0035        0.0035        0.0021
      -0.0312       -0.0069        0.0095

1379.0232579006324
       0.1222       -0.0801       -0.0461
      -0.3570        0.6274        0.0574
       0.0259        0.0280       -0.0147
       0.0698        0.1277        0.1563
       0.0148        0.0381        0.0108
      -0.0034        0.0140       -0.0260
       0.0214       -0.1764       -0.0595
       0.2060       -0.4198       -0.0344
      -0.0525        0.0437        0.0230
      -0.0102       -0.0261       -0.0193
      -0.0115        0.0115        0.0021
      -0.0060        0.0059       -0.0020
      -0.0161       -0.0426       -0.0734
      -0.0157       -0.0193        0.0112
       0.0117       -0.0298        0.0025
      -0.1992       -0.0251        0.1149
      -0.0254       -0.0492        0.0105
      -0.0162       -0.0417       -0.0428
      -0.0201       -0.0309       -0.0212
       0.0205        0.0001        0.0268
      -0.0187       -0.0191        0.0300
       0.0037       -0.0029        0.0306
       0.0043        0.0046       -0.0291
       0.2426        0.0499       -0.0552

1466.7845252796633
      -0.0061       -0.0021        0.0039
       0.0124       -0.0075       -0.0046
       0.0481       -0.0561       -0.0174
      -0.0059       -0.0089       -0.0049
       0.0038        0.0123        0.0003
      -0.1417        0.1279       -0.0425
      -0.0013        0.0067        0.0041
      -0.0361        0.0260        0.0133
      -0.0084        0.0260        0.0040
       0.0017        0.0025       -0.0016
       0.0086       -0.0111        0.0036
       0.0020       -0.0078        0.0004
       0.0023        0.0074        0.0052
      -0.0003        0.0025       -0.0002
      -0.0300        0.0370       -0.0077
       0.0026       -0.0011       -0.0016
      -0.0030       -0.0142        0.0019
       0.0078       -0.0250       -0.0044
      -0.0181       -0.0223        0.0024
       0.5952       -0.2151        0.2523
      -0.0868       -0.5480        0.2025
       0.0929        0.2099       -0.2862
       0.0033       -0.0094        0.0030
      -0.0023       -0.0056       -0.0093

1473.494794086194
      -0.0313       -0.0111        0.0178
       0.0339       -0.0315       -0.0278
      -0.0015        0.0053        0.0010
      -0.0392       -0.0929       -0.0181
       0.0761        0.1314        0.0389
      -0.0012       -0.0039        0.0003
       0.0556       -0.1972       -0.0852
      -0.0135        0.0229        0.0069
       0.0033       -0.0057       -0.0018
       0.0307        0.0429       -0.0481
      -0.0011        0.0012        0.0001
      -0.0020        0.0007       -0.0009
       0.0268        0.0756        0.0591
       0.0029        0.0003       -0.0021
       0.0027       -0.0002        0.0007
       0.0214       -0.0031       -0.0047
      -0.1477       -0.2601        0.0644
      -0.0485       -0.2162       -0.1891
      -0.1249       -0.1799       -0.0462
      -0.0016       -0.0017       -0.0064
      -0.0019        0.0113        0.0005
       0.0078        0.0047        0.0047
      -0.2298        0.5277       -0.1229
      -0.0047        0.2629        0.5005

1478.4211584932514
       0.0073        0.0070       -0.0036
      -0.0053        0.0001        0.0111
      -0.0077        0.0039        0.0033
      -0.1071       -0.1274       -0.0894
       0.1249        0.2093        0.0676
       0.0103        0.0014        0.0024
       0.0067        0.1710        0.0699
       0.0085       -0.0069       -0.0060
       0.0006       -0.0004       -0.0004
       0.0257        0.0373       -0.0247
      -0.0023        0.0023       -0.0001
      -0.0019        0.0016       -0.0007
       0.0519        0.1190        0.1067
      -0.0012       -0.0002        0.0010
       0.0047       -0.0031        0.0015
      -0.0041        0.0018       -0.0028
      -0.2436       -0.4142        0.1069
      -0.0868       -0.3422       -0.3131
      -0.1927       -0.2796       -0.0771
      -0.0311        0.0159       -0.0012
       0.0110        0.0056       -0.0155
      -0.0242       -0.0234        0.0060
       0.1558       -0.3008        0.0783
      -0.0311       -0.1714       -0.3071

1488.0473582808652
       0.0036        0.0064       -0.0031
      -0.0027       -0.0095        0.0023
      -0.0727        0.0642        0.0285
       0.0047        0.0022       -0.0016
      -0.0114       -0.0011        0.0091
       0.1325        0.1575        0.0467
       0.0011       -0.0062       -0.0044
       0.0427       -0.0178       -0.0153
       0.0221       -0.0421       -0.0104
      -0.0021       -0.0009        0.0023
      -0.0071        0.0006       -0.0008
       0.0032       -0.0036        0.0026
      -0.0040       -0.0014        0.0002
       0.0022       -0.0006       -0.0012
       0.0171        0.0196        0.0049
       0.0033        0.0024       -0.0021
       0.0438       -0.0148       -0.0112
       0.0017        0.0257        0.0184
       0.0051       -0.0014       -0.0438
      -0.1972        0.1948        0.2415
       0.2102       -0.4434       -0.2075
      -0.5575       -0.3933       -0.2201
      -0.0081        0.0199       -0.0049
      -0.0017        0.0105        0.0203

1506.0548896887883
      -0.0031       -0.0005        0.0013
       0.0090       -0.0065       -0.0041
       0.0161       -0.0196       -0.0065
       0.0212        0.0243        0.0255
       0.1218       -0.1293       -0.0041
       0.0038        0.0078        0.0023
      -0.0125       -0.0073       -0.0002
      -0.0108        0.0119        0.0060
      -0.0045        0.0123        0.0013
      -0.0016       -0.0046       -0.0039
       0.0033       -0.0042        0.0000
       0.0045       -0.0027        0.0008
       0.0329       -0.0592       -0.0046
      -0.0002        0.0010       -0.0001
      -0.0059        0.0047       -0.0020
       0.0017       -0.0003       -0.0007
      -0.5497        0.0597        0.1607
      -0.3579        0.1587       -0.3917
       0.3164        0.4233        0.2013
       0.0008        0.0051        0.0152
       0.0076       -0.0278       -0.0056
      -0.0229       -0.0134       -0.0171
      -0.0054        0.0020       -0.0007
       0.0056        0.0053        0.0049

1526.224343329699
       0.0041        0.0070       -0.0036
       0.0006       -0.0149        0.0025
      -0.0469        0.0398        0.0198
      -0.0127       -0.0077        0.0017
      -0.0525       -0.0305        0.1886
      -0.0099       -0.0060       -0.0024
       0.0022        0.0038        0.0003
       0.0223       -0.0068       -0.0108
       0.0156       -0.0266       -0.0033
       0.0101        0.0051       -0.0194
       0.0035        0.0010        0.0008
       0.0114        0.0015        0.0081
      -0.0062       -0.0027        0.0539
       0.0009       -0.0003       -0.0003
      -0.0122       -0.0040       -0.0057
       0.0026        0.0024       -0.0021
       0.2539       -0.3765       -0.0346
      -0.2625        0.3793       -0.1060
       0.2072        0.1209       -0.6756
       0.0267       -0.0180       -0.0141
      -0.0165        0.0175        0.0208
       0.0400        0.0316        0.0076
      -0.0003        0.0020        0.0002
      -0.0054       -0.0006        0.0028

1544.2298762377038
      -0.0733       -0.0852        0.0559
       0.0511        0.1485       -0.0554
       0.5684       -0.5042       -0.2422
      -0.0102        0.0123       -0.0196
      -0.0073       -0.0069        0.0145
       0.0193       -0.0080       -0.0114
      -0.0102       -0.0298        0.0139
      -0.2983        0.1102        0.1474
      -0.1755        0.3454        0.0521
      -0.0001       -0.0065        0.0098
      -0.0004       -0.0287        0.0024
      -0.0407       -0.0099       -0.0067
       0.0058        0.0100        0.0146
      -0.0119        0.0043        0.0054
       0.0364        0.0224        0.0004
      -0.0162       -0.0303        0.0162
       0.0377       -0.0369       -0.0088
      -0.0127        0.0288        0.0027
       0.0033       -0.0113       -0.0690
      -0.0799        0.0513        0.0571
       0.0197       -0.0031       -0.0296
      -0.0708       -0.0742        0.0374
      -0.0016        0.0024       -0.0001
       0.0328       -0.0017       -0.0194

1576.5608854506936
       0.3900        0.2918       -0.2675
      -0.5452       -0.3625        0.3679
       0.0900       -0.1554       -0.0260
      -0.0062       -0.0246        0.0058
       0.0001       -0.0023        0.0018
       0.0008       -0.0025       -0.0023
       0.1630        0.0326       -0.0854
       0.0114        0.0817       -0.0208
      -0.0345        0.0893        0.0056
       0.0068        0.0095       -0.0127
       0.0014       -0.0070       -0.0001
      -0.0060       -0.0025       -0.0016
       0.0024        0.0034       -0.0009
      -0.0067       -0.0008        0.0046
       0.0021        0.0047        0.0022
      -0.1276        0.1034        0.0450
       0.0008        0.0022        0.0005
      -0.0015        0.0026        0.0001
       0.0021        0.0022       -0.0015
      -0.0075        0.0055        0.0099
       0.0010       -0.0010       -0.0024
      -0.0063       -0.0073        0.0043
       0.0050        0.0056       -0.0163
      -0.0910       -0.0174        0.0588

1788.7977122957343
      -0.0125       -0.0068        0.0078
       0.0283        0.0114       -0.0168
       0.0089       -0.0081       -0.0040
      -0.3061       -0.4315        0.5971
      -0.0169       -0.0323        0.0031
       0.0010        0.0024       -0.0012
       0.0373        0.0610       -0.0296
      -0.0080        0.0032        0.0015
      -0.0030        0.0087       -0.0001
       0.2148        0.3031       -0.4405
      -0.0005        0.0007       -0.0009
      -0.0017        0.0007       -0.0020
       0.0153        0.0197       -0.0614
      -0.0005        0.0005        0.0007
       0.0008       -0.0028        0.0032
       0.0028       -0.0030       -0.0011
       0.0261        0.0623       -0.0097
       0.0043        0.0240        0.0420
       0.0248        0.0331        0.0198
      -0.0030        0.0020        0.0004
       0.0016       -0.0017       -0.0023
      -0.0054       -0.0051        0.0019
      -0.0526       -0.0614        0.0260
       0.0296        0.0208       -0.0141

3055.308602899186
       0.0000       -0.0003        0.0000
       0.0001        0.0003       -0.0001
       0.0001        0.0003       -0.0002
       0.0002        0.0009        0.0088
      -0.0210       -0.1467       -0.0086
       0.0003        0.0011       -0.0051
       0.0000       -0.0019       -0.0034
      -0.0003       -0.0002       -0.0000
      -0.0003       -0.0003       -0.0001
       0.0014        0.0020       -0.0023
      -0.0006        0.0002       -0.0002
      -0.0009       -0.0004       -0.0006
      -0.0027       -0.0071       -0.0044
      -0.0001       -0.0001        0.0001
       0.0015        0.0002        0.0009
      -0.0000        0.0002       -0.0000
       0.1349        0.0099        0.4736
       0.4435        0.1641       -0.3583
      -0.5005        0.3516       -0.0880
      -0.0091       -0.0184        0.0038
       0.0178        0.0023        0.0096
      -0.0103        0.0124        0.0031
       0.0006        0.0020        0.0122
      -0.0015        0.0036       -0.0021

3062.375574511345
      -0.0002       -0.0002        0.0001
      -0.0003        0.0004        0.0000
       0.0001        0.0005       -0.0003
       0.0001        0.0004        0.0001
      -0.0005       -0.0050       -0.0005
      -0.0235       -0.0308        0.1447
       0.0040       -0.0122       -0.0047
      -0.0001        0.0010       -0.0003
      -0.0005       -0.0000        0.0007
       0.0002        0.0000       -0.0000
      -0.0011        0.0013       -0.0001
       0.0006        0.0004        0.0006
       0.0000       -0.0002        0.0000
      -0.0001       -0.0002        0.0000
       0.0013       -0.0016       -0.0031
       0.0001       -0.0003        0.0001
       0.0045        0.0003        0.0157
       0.0144        0.0052       -0.0115
      -0.0170        0.0117       -0.0029
       0.2661        0.5481       -0.1141
      -0.5025       -0.0621       -0.2818
       0.3150       -0.3818       -0.0890
       0.0038        0.0075        0.0366
      -0.0178        0.0336       -0.0210

3065.494422252383
       0.0014       -0.0021       -0.0000
       0.0019        0.0009       -0.0025
       0.0000       -0.0006        0.0003
      -0.0043       -0.0054        0.0015
       0.0003       -0.0022       -0.0001
      -0.0014       -0.0016        0.0084
      -0.0646        0.2031        0.0860
       0.0004       -0.0010       -0.0002
      -0.0002        0.0006        0.0000
       0.0001        0.0010       -0.0010
      -0.0001        0.0002       -0.0000
       0.0001        0.0001        0.0001
      -0.0002        0.0001       -0.0005
      -0.0005        0.0003        0.0004
       0.0001       -0.0005       -0.0001
      -0.0019        0.0062       -0.0012
       0.0021        0.0005        0.0069
       0.0053        0.0022       -0.0042
      -0.0077        0.0052       -0.0013
       0.0156        0.0321       -0.0068
      -0.0294       -0.0036       -0.0164
       0.0186       -0.0227       -0.0051
      -0.0648       -0.1308       -0.6366
       0.2952       -0.5560        0.3473

3122.1690450494175
       0.0003        0.0023       -0.0015
      -0.0027       -0.0021        0.0026
      -0.0010       -0.0001        0.0005
      -0.0005       -0.0030        0.0088
       0.0011       -0.0017       -0.0016
      -0.0004        0.0004       -0.0003
       0.0952       -0.0968        0.2796
       0.0007        0.0001       -0.0001
       0.0001        0.0001       -0.0001
       0.0010        0.0010       -0.0034
       0.0000       -0.0000       -0.0001
      -0.0001       -0.0000       -0.0001
      -0.0003       -0.0001       -0.0015
       0.0001        0.0002       -0.0000
       0.0000        0.0000        0.0002
       0.0015       -0.0046        0.0014
       0.0016        0.0002        0.0046
      -0.0003        0.0004        0.0007
      -0.0052        0.0043       -0.0009
      -0.0005       -0.0012        0.0002
       0.0015        0.0002        0.0008
       0.0003       -0.0003       -0.0001
      -0.0614       -0.1570       -0.6843
      -0.2615        0.5003       -0.2964

3161.1462523666464
      -0.0001        0.0001       -0.0000
       0.0001       -0.0002       -0.0000
       0.0006       -0.0007       -0.0001
       0.0001       -0.0016        0.0049
      -0.2888        0.0477        0.1211
       0.0029        0.0007        0.0008
      -0.0000        0.0002        0.0016
      -0.0004        0.0002        0.0001
       0.0000        0.0008        0.0000
       0.0013        0.0020       -0.0011
       0.0003        0.0000        0.0001
       0.0004        0.0006        0.0004
       0.0001       -0.0028       -0.0027
       0.0000        0.0000        0.0000
      -0.0011       -0.0005       -0.0005
      -0.0000       -0.0000        0.0000
      -0.0359        0.0007       -0.0841
       0.5377        0.1925       -0.4342
       0.4927       -0.3517        0.0998
      -0.0016       -0.0035        0.0007
      -0.0065       -0.0007       -0.0035
      -0.0014        0.0018        0.0005
      -0.0007       -0.0013       -0.0047
      -0.0009        0.0022       -0.0012

3172.5408117572983
      -0.0001        0.0000        0.0001
       0.0002       -0.0001       -0.0001
       0.0004       -0.0005       -0.0002
       0.0015        0.0031        0.0004
      -0.1079        0.0820       -0.2830
      -0.0096       -0.0113       -0.0027
      -0.0003        0.0001       -0.0003
      -0.0004        0.0001        0.0002
       0.0000        0.0006        0.0001
      -0.0006       -0.0011        0.0004
       0.0002        0.0000        0.0002
       0.0004        0.0005        0.0006
       0.0004       -0.0013        0.0005
      -0.0000        0.0000        0.0000
      -0.0010       -0.0005       -0.0006
      -0.0000       -0.0000       -0.0001
       0.2287        0.0096        0.7879
      -0.1915       -0.0636        0.1389
       0.3333       -0.2302        0.0437
       0.0145        0.0304       -0.0069
       0.0253        0.0025        0.0150
      -0.0059        0.0063        0.0017
      -0.0000        0.0002        0.0012
       0.0002       -0.0008        0.0003

3172.801331172311
       0.0000       -0.0000       -0.0000
      -0.0001        0.0001       -0.0000
      -0.0003        0.0008       -0.0001
      -0.0002       -0.0004        0.0001
       0.0029       -0.0036        0.0147
      -0.2181       -0.2156       -0.0589
       0.0000        0.0000       -0.0000
       0.0004       -0.0002        0.0001
       0.0010        0.0007        0.0002
       0.0001        0.0002       -0.0001
       0.0005        0.0005        0.0004
       0.0018        0.0006        0.0005
       0.0000        0.0002       -0.0000
      -0.0000       -0.0000       -0.0000
      -0.0028       -0.0021       -0.0006
       0.0000       -0.0001        0.0000
      -0.0115       -0.0004       -0.0391
       0.0134        0.0046       -0.0100
      -0.0120        0.0081       -0.0011
       0.2876        0.6112       -0.1370
       0.5531        0.0559        0.3193
      -0.0846        0.0801        0.0204
       0.0000        0.0000        0.0000
       0.0001       -0.0000        0.0000

3196.128785705745
      -0.0001        0.0003        0.0000
       0.0000        0.0002       -0.0002
       0.0001       -0.0007        0.0000
      -0.0000        0.0001       -0.0004
      -0.0017        0.0005       -0.0005
      -0.2172        0.2257       -0.0289
      -0.0001        0.0001       -0.0004
      -0.0007        0.0018       -0.0008
      -0.0001        0.0001        0.0004
       0.0000       -0.0001        0.0002
       0.0016       -0.0013       -0.0006
       0.0009       -0.0000        0.0000
       0.0000        0.0001        0.0001
      -0.0000       -0.0000        0.0000
      -0.0025        0.0012        0.0008
       0.0002       -0.0010        0.0002
       0.0006        0.0001        0.0022
       0.0013        0.0005       -0.0011
       0.0040       -0.0028        0.0007
      -0.1151       -0.2219        0.0471
       0.3631        0.0483        0.2089
       0.5081       -0.6129       -0.1569
       0.0001        0.0003        0.0013
       0.0003       -0.0006        0.0004

3244.86046867038
       0.0222       -0.2882        0.0490
       0.0162        0.0073       -0.0101
       0.0009        0.0028       -0.0011
      -0.0004        0.0001        0.0001
       0.0000        0.0001        0.0000
      -0.0003        0.0002       -0.0000
       0.0000       -0.0023        0.0015
      -0.0031        0.0041        0.0009
      -0.0001        0.0001       -0.0000
       0.0001       -0.0000       -0.0000
       0.0000        0.0000       -0.0000
       0.0000        0.0000       -0.0000
      -0.0000        0.0000       -0.0000
      -0.0024        0.0012        0.0011
      -0.0001       -0.0000        0.0001
      -0.1039        0.9392       -0.1434
      -0.0000        0.0000       -0.0002
      -0.0001       -0.0000        0.0001
       0.0002       -0.0001        0.0000
      -0.0001       -0.0003        0.0001
       0.0005        0.0000        0.0003
       0.0005       -0.0006       -0.0002
      -0.0007        0.0001        0.0008
      -0.0041        0.0065       -0.0036

