JOB 0
COORDS  1.1343591104e-01 -2.0629770714e+00  1.6578013134e-01 -1.8065250064e+00  1.3938122493e+00 -6.2090978003e-01 -2.6137092392e-01  1.8946022000e-01  7.2805080257e-01  4.3493763023e-01  1.2604792354e+00  1.3044938975e+00  6.5643733737e-01 -8.3700376420e-01  6.5502089988e-01 -7.2961510270e-01  4.6915587137e-01 -5.7870159062e-01  9.0603953944e-01 -2.8060222312e+00  2.6735569883e-01 -1.8369453495e-01 -1.9766923326e+00 -8.8365590797e-01 -7.5391115867e-01 -2.3775541391e+00  7.6424669458e-01 -2.1921605279e+00  1.3874309673e+00 -1.6420303307e+00 -1.4767680202e+00  2.4140543132e+00 -3.7938276607e-01 -2.6173087911e+00  1.1030385102e+00  6.5204025751e-02 -1.1343282065e+00 -8.9674265627e-02  1.3539771594e+00 -2.0912612010e-01  1.9225940863e+00  1.5973841382e+00
ENERGY -3.448475299902e+02
GRADIENT -1.8360372965e-05  1.1633002912e-05  4.0660163150e-05  1.5622405136e-05  9.1825794588e-06 -2.5165668367e-05 -1.8202581808e-04 -1.1550653643e-04  4.5818670443e-04  9.1723835794e-06 -3.3769647494e-04  6.1193372019e-04  1.6678401996e-04  1.6245746673e-04 -4.5885192702e-04 -3.1713716786e-05  5.4093479506e-06 -5.6747404021e-05  3.3552866459e-06  2.9774073163e-06  7.0690787047e-06  6.8118539013e-06  6.4374054531e-07 -8.1453765633e-06  9.6824882937e-07  1.9570876348e-06 -1.0192421499e-05 -5.1812446483e-06 -9.1600356952e-06  3.7868171532e-06 -3.8490434802e-06 -7.9309109433e-06  4.3890915486e-06 -1.0814196227e-05 -2.5452630333e-06  3.2788537658e-06  1.6329285633e-05  1.6288806631e-05 -1.5809683802e-05  3.8568693298e-05  2.6502952642e-04 -5.7586258870e-04

JOB 1
COORDS  1.2334159118e-01 -2.0612460805e+00  1.6341749362e-01 -1.8070511936e+00  1.4007856379e+00 -6.3808275904e-01 -2.7112641833e-01  1.9527997106e-01  7.1034510637e-01  4.2076027989e-01  1.2992710158e+00  1.2282934731e+00  6.5531762530e-01 -8.2630058786e-01  6.4351951825e-01 -7.7392743745e-01  4.2691449727e-01 -5.8976716324e-01  9.1961479748e-01 -2.7983158742e+00  2.7976439147e-01 -1.6686060494e-01 -1.9888095545e+00 -8.8875993126e-01 -7.4691459734e-01 -2.3742155720e+00  7.5868130832e-01 -2.2105174981e+00  1.3846583074e+00 -1.6521187250e+00 -1.4220676076e+00  2.4066708864e+00 -4.2594308705e-01 -2.6181433509e+00  1.1645828749e+00  6.8858929579e-02 -1.1221498963e+00 -7.3375873324e-02  1.3704147517e+00 -2.0226262033e-01  1.8486632810e+00  1.7259675397e+00
ENERGY -3.448478474341e+02
GRADIENT  4.7247997237e-06 -6.4078045260e-06  1.4896196228e-05  5.3072537039e-05 -1.0611425195e-04  5.1451050266e-05 -6.2232770378e-05  1.2528606390e-05  4.4275042957e-04  2.5093308052e-04 -4.8024841060e-04  7.1679705754e-04  1.9185676376e-05  2.0860496419e-04 -5.0990869108e-04 -1.0011942574e-04 -7.6701592971e-05 -5.3917662911e-05 -2.4876602700e-06 -3.5271560331e-06 -3.4263560308e-06  4.0623213937e-07 -2.3708833881e-06 -9.0527636359e-06  3.1497870429e-06  7.0686430934e-06 -4.6245319033e-06  1.3193999183e-05  2.4532194897e-05 -5.0334194723e-06 -9.2015308234e-06  3.8828386717e-05 -1.3588867022e-05 -6.1037845287e-06 -5.6468875146e-06 -7.0455804856e-06 -2.5938429429e-06 -3.3071675813e-05  1.1143032705e-05 -1.8085131501e-04  4.1179744030e-04 -6.2789033550e-04

JOB 2
COORDS  1.2393871980e-01 -2.0560864671e+00  1.6937788935e-01 -1.8158693568e+00  1.4024645525e+00 -6.5773654099e-01 -2.7942311993e-01  2.0734716461e-01  6.9260888724e-01  4.0046038340e-01  1.3364710582e+00  1.1722012562e+00  6.5363653051e-01 -8.1250147736e-01  6.3018460710e-01 -7.9517983666e-01  4.1405896757e-01 -6.0230980645e-01  9.2317714825e-01 -2.7890637012e+00  2.9185984307e-01 -1.7177497649e-01 -1.9990158178e+00 -8.8216788342e-01 -7.4264953127e-01 -2.3643162473e+00  7.7274884385e-01 -2.2110491728e+00  1.3897620343e+00 -1.6750149174e+00 -1.4169112487e+00  2.4000817755e+00 -4.3866958223e-01 -2.6343073375e+00  1.1749991685e+00  4.3463063878e-02 -1.1175822310e+00 -5.6985589434e-02  1.3705206030e+00 -1.4122133899e-01  1.7618082905e+00  1.8520104631e+00
ENERGY -3.448482749709e+02
GRADIENT  1.1480205887e-07  7.6164811565e-06  1.3589116216e-05  8.0755206475e-06 -3.1032946301e-05  3.1311888481e-06 -3.3450267085e-04 -8.7338566715e-05  7.6044702351e-04  6.8365465395e-04 -7.6176515981e-04  8.4437461093e-04  1.8525509507e-04  2.2676864909e-04 -7.9672542923e-04 -2.8432743473e-05 -4.8439862954e-05 -2.6081860738e-06  1.8997343880e-06  5.7260464747e-06 -2.8279967215e-06  4.8846412056e-07 -1.9216311942e-06 -2.2481076737e-06 -3.5055967585e-06 -1.8780856328e-06  7.3203244391e-07  7.3911686538e-06  1.6203866024e-05 -1.0586077634e-06 -4.3997863761e-06  7.1230386869e-06 -1.6520877184e-06 -8.3808891788e-06 -9.0201542824e-06 -5.9345226790e-06 -9.0891327373e-06  1.5083782029e-05  2.2979239122e-05 -5.1231468109e-04  6.5547123856e-04 -8.1981952667e-04

JOB 3
COORDS  1.2384070563e-01 -2.0477223854e+00  1.8075990981e-01 -1.8307144068e+00  1.4013955303e+00 -6.7557434094e-01 -2.8803830141e-01  2.2206703780e-01  6.7665152834e-01  3.7049484676e-01  1.3711155355e+00  1.1381835626e+00  6.5265279576e-01 -7.9533494373e-01  6.1871364786e-01 -7.9914967489e-01  4.2235645235e-01 -6.1639395814e-01  9.2628572445e-01 -2.7767824873e+00  3.0622940638e-01 -1.8142135461e-01 -2.0064191681e+00 -8.6888964713e-01 -7.3655226920e-01 -2.3507486729e+00  7.9582807319e-01 -2.2118840819e+00  1.3920951440e+00 -1.6982062740e+00 -1.4441403264e+00  2.3988671502e+00 -4.3887104520e-01 -2.6541816751e+00  1.1570185225e+00  1.3452425480e-02 -1.1221755350e+00 -4.7638741375e-02  1.3573217432e+00 -4.5607262623e-02  1.6621261024e+00  1.9618875635e+00
ENERGY -3.448489616566e+02
GRADIENT -1.8491465922e-06 -5.2531904481e-06 -7.5634536367e-06 -1.4326925594e-05  1.6400033923e-05  3.1223030658e-06 -6.5653044467e-04 -2.2458004403e-04  1.3896578670e-03  1.5202383565e-03 -1.2052797086e-03  8.0576984061e-04  2.7560049124e-04  3.2634908057e-04 -1.1902482961e-03  3.3268879871e-05  5.3755128192e-05 -2.9220901678e-06  1.8402032226e-06 -4.2134607458e-06  2.3441688448e-06  9.3528815642e-07  3.2069072741e-06  1.2613705673e-06  7.7134212035e-06  1.7954961172e-06  6.8236782771e-07 -1.2642551869e-05 -2.1786933873e-05  3.9635313111e-06  5.0738751661e-07 -7.4268135472e-06  4.3254062851e-06  7.3042204775e-06  7.2639737396e-06  1.1689470066e-05  1.6037788883e-05 -2.0311798818e-05 -2.6468414583e-05 -1.1850781205e-03  1.0750748388e-03 -9.8750059998e-04

JOB 4
COORDS  1.2016943965e-01 -2.0376668794e+00  1.9550539517e-01 -1.8426760930e+00  1.4038108899e+00 -6.9656014077e-01 -2.9550529580e-01  2.3886562408e-01  6.6035729008e-01  3.4103939970e-01  1.4004960723e+00  1.1194031079e+00  6.5087696771e-01 -7.7772617688e-01  6.0907019080e-01 -7.9041578842e-01  4.4505484358e-01 -6.3342912358e-01  9.2437744869e-01 -2.7644276384e+00  3.2323345621e-01 -1.9527932017e-01 -2.0118176942e+00 -8.5180215138e-01 -7.3398072299e-01 -2.3331798589e+00  8.2302279673e-01 -2.1988660366e+00  1.4064745659e+00 -1.7281758959e+00 -1.4833680533e+00  2.4028608226e+00 -4.2849061921e-01 -2.6748973566e+00  1.1258715241e+00 -3.1836521302e-02 -1.1326836196e+00 -3.9084013075e-02  1.3342924735e+00  8.3756897286e-02  1.5550019977e+00  2.0399507650e+00
ENERGY -3.448499513481e+02
GRADIENT -3.2219109342e-06 -1.4434543775e-05 -6.2189638350e-06 -2.2905804584e-05  1.6976368798e-05 -2.1958254866e-06 -9.2929847306e-04 -2.7351980090e-04  1.9296033250e-03  2.4215924403e-03 -1.5035088304e-03  4.0791824225e-04  3.8023942931e-04  4.2283969350e-04 -1.5681615405e-03  1.8180332447e-05  3.8154482743e-05  1.4351170339e-06  1.2442130138e-07 -6.6130363603e-06  5.0600134470e-06  3.6742295672e-06  1.9609709988e-06  1.7963772252e-06  5.1708264562e-06  1.9805257463e-06 -2.7947998397e-06 -9.5231801850e-06 -1.4340704401e-05  3.7725396335e-06 -8.4193897595e-07 -5.2820143915e-06  4.1794658267e-06  5.9373929599e-06  4.0691649849e-06  8.2807046988e-06  1.9468879070e-05 -1.5227951559e-05 -1.9978574922e-05 -1.8990255365e-03  1.3370595191e-03 -7.5397168988e-04

JOB 5
COORDS  2.6157048715e-01 -1.9685124415e+00  4.6218303305e-02 -1.9971976979e+00  1.3458007080e+00 -6.3022223159e-01 -2.8593893454e-01  2.6300182097e-01  5.8886113284e-01  2.7894417770e-01  1.4576009805e+00  1.0548319355e+00  7.2844606075e-01 -6.8076647749e-01  4.5138389575e-01 -8.6014910891e-01  4.8532560487e-01 -6.6469751517e-01  1.1225999508e+00 -2.6371442607e+00  9.8819523708e-02 -1.2897967048e-01 -1.9450492414e+00 -9.7567230042e-01 -5.2213677627e-01 -2.3379956977e+00  7.2442798803e-01 -2.4007652182e+00  1.3656288590e+00 -1.6440304769e+00 -1.7165871842e+00  2.3585463500e+00 -3.2396956259e-01 -2.7666520339e+00  9.5879154353e-01  5.4607277493e-02 -1.0618216387e+00 -1.0330100201e-01  1.2938287002e+00  2.6619204390e-01  1.4467115339e+00  2.0239651005e+00
ENERGY -3.448510774768e+02
GRADIENT -1.0393490939e-05 -6.2126517899e-06 -2.1503617200e-05 -4.6387019324e-05  5.0876356646e-05 -1.5566446011e-05 -9.0243455862e-04 -4.5888322193e-04  2.0254761004e-03  2.7344807167e-03 -1.0798815849e-03 -5.4018160502e-04  3.2653112650e-04  4.7520836099e-04 -1.5583267183e-03  5.8643884101e-05  4.4310929543e-06  9.9885916131e-05  5.8729176144e-06  6.1325727012e-06  8.4913829884e-06  5.5053400279e-06  4.8211498571e-06  4.7825628276e-06  8.0105322080e-07  3.0079132608e-06 -4.5744314822e-06 -5.1643936317e-06 -4.7517457868e-06  2.0962033711e-06 -5.0171752464e-06 -9.3400095944e-06  2.5988210262e-06  8.4662381893e-06 -2.1549157214e-06  6.3054928930e-07  5.6307566947e-06  5.8531718792e-06  4.5217430152e-06 -2.1809465563e-03  1.0193286507e-03 -1.7019347609e-05

JOB 6
COORDS  2.6347218524e-01 -1.9573358211e+00  6.2876636512e-02 -2.0149216084e+00  1.3466710189e+00 -6.4281410414e-01 -3.0654048837e-01  2.7342648087e-01  5.8649365844e-01  2.3622158062e-01  1.4688540617e+00  1.0749094929e+00  7.1802717417e-01 -6.6347879408e-01  4.6331767320e-01 -8.5803132139e-01  5.1119636460e-01 -6.7167541243e-01  1.1297514446e+00 -2.6186801480e+00  1.2020046001e-01 -1.2383668389e-01 -1.9405615558e+00 -9.6047614147e-01 -5.1916982900e-01 -2.3302203518e+00  7.4019800769e-01 -2.4005988079e+00  1.3747558288e+00 -1.6633552853e+00 -1.7621550655e+00  2.3596676284e+00 -3.1439117313e-01 -2.7865490786e+00  9.3100066507e-01  2.1982959807e-02 -1.0923026572e+00 -1.0851906295e-01  1.2722652719e+00  4.1981292605e-01  1.3519098077e+00  2.0205057857e+00
ENERGY -3.448520461000e+02
GRADIENT -2.6714340064e-05 -1.4316831832e-05 -8.3480379255e-06 -2.3209659527e-05  1.0261249623e-05  6.1605168586e-06 -6.7866642222e-04 -3.8406549928e-04  1.6331411264e-03  2.0694799850e-03 -5.7640832004e-04 -8.4745894158e-04  2.3928994559e-04  3.9521253344e-04 -1.1446247034e-03 -1.8449279157e-05 -9.1373310980e-06 -3.6216778936e-05  7.1819899880e-06  6.0024131873e-06  9.5838542410e-06  6.4754353511e-06  4.0400835243e-06 -8.4139571102e-07  8.0774733111e-06  8.6568697663e-06 -6.9153272506e-06  9.3915063192e-06 -3.9929174923e-06  2.7168117484e-06  2.3924213489e-06  3.2001603271e-06  5.3131656511e-06  2.6280999646e-06 -6.4996612203e-06 -1.2363737193e-06  4.2001766374e-05  6.5635130158e-06 -1.4578157659e-05 -1.6407954349e-03  5.6989602502e-04  3.8453054894e-04

JOB 7
COORDS  2.6831351978e-01 -1.9463148687e+00  7.6238842604e-02 -2.0300104132e+00  1.3496435596e+00 -6.5371313946e-01 -3.3237580382e-01  2.7934588655e-01  5.9102963139e-01  1.9024977854e-01  1.4723679505e+00  1.1074207202e+00  7.0375923401e-01 -6.4802783640e-01  4.8452518762e-01 -8.6086854621e-01  5.3012309439e-01 -6.7311219677e-01  1.1414397686e+00 -2.5978428141e+00  1.4035652089e-01 -1.0795915664e-01 -1.9298736357e+00 -9.5120805612e-01 -5.1707139349e-01 -2.3292361620e+00  7.4428761454e-01 -2.4011887979e+00  1.3815571608e+00 -1.6795090906e+00 -1.7960320721e+00  2.3631225827e+00 -3.1296009331e-01 -2.8047235991e+00  9.1767516269e-01 -3.4095667876e-03 -1.1291614493e+00 -1.1815964657e-01  1.2547774061e+00  5.6778570629e-01  1.2738693609e+00  1.9797152139e+00
ENERGY -3.448526658184e+02
GRADIENT -1.8106406817e-05 -3.8322619180e-08 -1.7751648941e-05  4.1737312870e-06 -4.3877733927e-06  2.2947147811e-05 -3.8097964061e-04 -2.4762012934e-04  9.4259151872e-04  1.0371511256e-03 -1.3131418958e-04 -6.6841005871e-04  1.2930322937e-04  2.0824185322e-04 -6.0782654447e-04 -1.7129855635e-05 -9.1922647114e-06 -6.0841704667e-05  8.8876696269e-06  7.1807342665e-06  1.0548467241e-05  6.0679599410e-06  1.0686915902e-06 -5.6572079419e-07  7.3343042268e-06  9.1000488370e-06 -5.5145411623e-06  1.7549486326e-05 -3.5301851249e-06  1.1793763907e-06  3.6696780601e-06  8.2845181838e-06  4.9228098731e-06 -5.0543823036e-07 -8.3631257940e-06 -2.6404781757e-06  4.8755799586e-05  2.1155024940e-05 -6.1276604200e-06 -8.3855522729e-04  1.7340300069e-04  3.6717423803e-04

JOB 8
COORDS  2.8072895414e-01 -1.9315342301e+00  8.5655049893e-02 -2.0410571207e+00  1.3567990169e+00 -6.6741390242e-01 -3.6086928647e-01  2.8461524061e-01  5.9831376338e-01  1.3945465511e-01  1.4738553665e+00  1.1470794724e+00  6.8944463632e-01 -6.2850955552e-01  5.0753538053e-01 -8.6713627206e-01  5.4359029449e-01 -6.7375434777e-01  1.1652893420e+00 -2.5672175101e+00  1.5032450104e-01 -8.7952154332e-02 -1.9120971038e+00 -9.4438875850e-01 -5.0209255166e-01 -2.3330753623e+00  7.4516982140e-01 -2.3996103264e+00  1.3897096776e+00 -1.6976905593e+00 -1.8166969631e+00  2.3707749848e+00 -3.2131482975e-01 -2.8215177774e+00  9.1956223962e-01 -2.7733071174e-02 -1.1680692570e+00 -1.2942767702e-01  1.2382150445e+00  6.9985542120e-01  1.2276852424e+00  1.9011530990e+00
ENERGY -3.448529406616e+02
GRADIENT -1.1530417917e-05 -1.0243598131e-05  9.5766133066e-06  2.2062172702e-05  2.7884245928e-05 -6.8819467732e-06 -4.3707564864e-07 -4.8565683165e-05  3.1394395705e-04  3.0614520922e-04 -5.2513291211e-07 -3.0933121613e-04  2.7636081888e-06  8.5874462404e-05 -2.0761665027e-04 -2.9684221879e-05 -1.6043500481e-05 -1.9418116880e-05  4.0500596554e-06  1.2826557347e-05 -6.4775425484e-06 -1.6798687903e-06  2.5327824128e-06 -8.7553982917e-07  5.8992729656e-06 -4.0236243531e-06  2.9071456589e-06 -3.1157611495e-06 -1.2984795906e-06 -9.6177033862e-07 -7.0112001436e-06 -4.7694096964e-06 -7.3608200333e-07 -7.1038880391e-06 -1.7482023701e-06  4.8578775629e-07  8.4948813799e-06 -3.6197847181e-05  1.4055754098e-05 -2.7539434875e-04  2.6263995721e-05  1.9669113220e-04

JOB 9
COORDS  2.8270826133e-01 -1.9297328693e+00  9.2835500232e-02 -2.0445931713e+00  1.3581563295e+00 -6.6961364887e-01 -3.9123590223e-01  2.7547921666e-01  6.2142527781e-01  9.4979079840e-02  1.4567979227e+00  1.2022760308e+00  6.6740571605e-01 -6.2869377262e-01  5.4350810801e-01 -8.7412346166e-01  5.4044200885e-01 -6.6083215235e-01  1.1721804331e+00 -2.5570325515e+00  1.6999828588e-01 -6.0900557299e-02 -1.8976030410e+00 -9.4532901077e-01 -5.1137861845e-01 -2.3473568388e+00  7.2776108875e-01 -2.3865905296e+00  1.3982037093e+00 -1.7052671409e+00 -1.8213561497e+00  2.3697019038e+00 -3.1497730545e-01 -2.8372170619e+00  9.2156641284e-01 -4.4618040306e-02 -1.2106698682e+00 -1.4515750039e-01  1.2389086685e+00  8.1587592267e-01  1.1997760188e+00  1.8000770640e+00
ENERGY -3.448530759466e+02
GRADIENT -3.8013037144e-06  2.2162344273e-05 -2.0512892968e-07 -1.2671761784e-05 -4.1395297758e-05  2.6695428727e-05 -2.4315919366e-04 -2.1198787269e-04  4.1431822374e-04  3.5124019016e-04  1.2415690940e-04 -4.3574327170e-04  8.5844129605e-05  9.0991983901e-05 -2.4841894842e-04  2.7347826212e-05  5.9808808939e-05 -1.0697744926e-05  6.1186569821e-06  1.1962947491e-06  8.0759357965e-06  5.0093104265e-06  2.8660671646e-06 -2.2419104901e-07  5.8948831248e-06  1.0449057802e-05 -3.1465514689e-06  1.0872102664e-05 -7.8455101560e-06 -8.6368807194e-07  3.2763219215e-06  1.3283986393e-05 -4.3228720588e-06  5.1496845816e-06  2.3097226059e-06  2.1753360512e-06  1.8336858053e-05  2.9085291824e-05 -2.5577500114e-05 -2.5416769763e-04 -5.0782957666e-05  2.6541933109e-04

JOB 10
COORDS  2.8988451000e-01 -1.9233211967e+00  9.5449856866e-02 -2.0422347776e+00  1.3602304810e+00 -6.7216935153e-01 -4.1792118178e-01  2.6797895291e-01  6.4923068218e-01  5.1901997666e-02  1.4422282141e+00  1.2577104702e+00  6.4819454304e-01 -6.2657458807e-01  5.8020703568e-01 -8.8036152714e-01  5.3154804105e-01 -6.4525834095e-01  1.1857802555e+00 -2.5403809177e+00  1.7981387892e-01 -3.2197107802e-02 -1.8741579228e+00 -9.4868763369e-01 -5.1149764094e-01 -2.3619667490e+00  7.0595477880e-01 -2.3654906180e+00  1.4083326756e+00 -1.7135360078e+00 -1.8156965223e+00  2.3682173719e+00 -3.0903993951e-01 -2.8507604529e+00  9.2939894683e-01 -6.3548744219e-02 -1.2473166878e+00 -1.5435894649e-01  1.2491790998e+00  9.0207582379e-01  1.2203866850e+00  1.6713189441e+00
ENERGY -3.448533979662e+02
GRADIENT -4.2778607861e-06  5.3060106202e-06 -3.2188051828e-06  1.2606426630e-05 -3.0707525764e-05 -1.1236109723e-06 -3.0620792450e-04 -5.2474174035e-04  1.2304446075e-03  7.0463823258e-04  4.4565878992e-04 -1.3832748317e-03  1.4631078735e-04  3.2726593924e-04 -7.1418717260e-04 -2.8873061003e-05  6.1900200915e-05 -8.6973411743e-05  2.5266693955e-06  3.8047551509e-06  4.4918164496e-06  1.8762152401e-06  5.4795946716e-06  2.0381741641e-06  6.1488323883e-06  7.3791161573e-06  1.5186640013e-06 -1.4718464237e-05 -2.4279406903e-07 -3.7580253851e-06 -4.5411685555e-06  9.9176828581e-06 -6.5608781995e-06 -2.0336895481e-06  8.1649048028e-06  4.5444871392e-06  1.3703585281e-05  1.2507537225e-05 -2.3500557970e-05 -5.3652306319e-04 -2.7586742932e-04  9.5637443877e-04

JOB 11
COORDS  2.9353369343e-01 -1.9037247246e+00  9.2394685207e-02 -2.0429180086e+00  1.3625894463e+00 -6.7726615155e-01 -4.4106115005e-01  2.7406975902e-01  6.7719961813e-01  1.6812868766e-02  1.4426305791e+00  1.3024041034e+00  6.2880850877e-01 -6.1584066655e-01  6.1671275553e-01 -8.8635537214e-01  5.2816685932e-01 -6.2956799948e-01  1.1898492880e+00 -2.5176484581e+00  1.9364368698e-01  4.4913686204e-03 -1.8341744253e+00 -9.5999570697e-01 -5.2419531185e-01 -2.3583338060e+00  6.6810896053e-01 -2.3411765012e+00  1.4211673663e+00 -1.7255418327e+00 -1.8204465526e+00  2.3664762102e+00 -3.0019379873e-01 -2.8681139977e+00  9.3098873742e-01 -9.1868529808e-02 -1.2781464075e+00 -1.4023886368e-01  1.2689049609e+00  9.5318118781e-01  1.2941593829e+00  1.5143669668e+00
ENERGY -3.448541644520e+02
GRADIENT  3.0763551724e-06 -3.1469239639e-06 -3.8391710629e-06 -2.4435902873e-05  2.6168096373e-05  8.9244506106e-07 -7.4417047630e-04 -8.4965296878e-04  1.9714701952e-03  8.3372379932e-04  1.1847392471e-03 -2.7327775682e-03  4.6073139203e-04  5.6178080266e-04 -1.3711690764e-03  2.9902067358e-05 -5.1195346003e-05  1.3096450197e-04 -1.4338212598e-06  4.9837105266e-06  2.9133334160e-06  3.4177882696e-07  5.4979033692e-07 -1.4302168113e-06 -7.8890463862e-06  5.3669825902e-06 -4.6570078159e-06  1.1581395875e-05  2.4621949439e-06 -1.6061657921e-06  7.7900718883e-07 -4.5249259478e-06 -2.4626665148e-06  2.3363053758e-06 -7.2402849150e-06 -1.0351354135e-05 -2.1444360345e-06 -5.3524712380e-06  3.2368766909e-05 -5.7771959735e-04 -8.1377799067e-04  1.9525681780e-03

JOB 12
COORDS  2.8856130820e-01 -1.8985339957e+00  8.5092338947e-02 -2.0347072771e+00  1.3577870433e+00 -6.7530214287e-01 -4.5260571253e-01  2.6899926438e-01  7.0676524513e-01 -1.1490073119e-03  1.4258913612e+00  1.3507790094e+00  6.1296805566e-01 -6.2555372626e-01  6.5166687551e-01 -8.7892363681e-01  5.2401996905e-01 -6.1099699834e-01  1.1778411770e+00 -2.5198694933e+00  2.0247398950e-01  3.4376565611e-02 -1.8035718760e+00 -9.7413949690e-01 -5.4984981281e-01 -2.3614544051e+00  6.2302182069e-01 -2.3086641733e+00  1.4300505866e+00 -1.7294091111e+00 -1.8233776058e+00  2.3570977808e+00 -2.7973620750e-01 -2.8732536135e+00  9.1814636835e-01 -1.1538894460e-01 -1.2995767954e+00 -1.3263164267e-01  1.2901087817e+00  9.6973439472e-01  1.3749702725e+00  1.3587989673e+00
ENERGY -3.448553332880e+02
GRADIENT  1.3003964947e-05 -3.7128391436e-06 -1.4256179469e-05  1.7894078382e-06  9.3078359359e-07 -2.4893431243e-05 -6.2257910285e-04 -1.2224861609e-03  2.6326789337e-03  2.3727917568e-04  1.7232471918e-03 -3.4061807126e-03  5.7697280997e-04  7.6720146367e-04 -1.6454390936e-03 -6.6475198923e-05  2.7833137594e-05  2.2468040105e-06 -6.0578079325e-06  3.5563936573e-06  2.5302334796e-06 -2.2848037914e-07 -6.5208235251e-06  1.2819142534e-06 -1.5026778367e-05  2.0554024868e-06 -3.0641758278e-06 -1.6890163810e-05  2.7933759057e-05 -7.7171126109e-06 -1.0865401259e-05 -4.4875392822e-07 -4.6083478129e-06 -4.1659593907e-06 -2.8702585651e-06 -1.4621390398e-05 -7.5721257085e-06  3.4698993880e-05  4.0541429000e-05 -8.6431541737e-05 -1.3102756649e-03  2.3923575649e-03

JOB 13
COORDS  2.8018484905e-01 -1.8995975462e+00  7.8618048855e-02 -2.0204500422e+00  1.3540310931e+00 -6.6986364267e-01 -4.5119546641e-01  2.6270363503e-01  7.2893787256e-01 -6.0947696386e-03  1.4050582871e+00  1.3955759010e+00  6.0662377907e-01 -6.4107617045e-01  6.7531730379e-01 -8.5822656124e-01  5.3003855837e-01 -5.9522084023e-01  1.1588068709e+00 -2.5340963005e+00  2.0619576013e-01  5.1371672352e-02 -1.7848337607e+00 -9.8449396147e-01 -5.7591489691e-01 -2.3617429495e+00  5.8889304221e-01 -2.2700824868e+00  1.4457809550e+00 -1.7285059013e+00 -1.8298692053e+00  2.3470019939e+00 -2.4838855579e-01 -2.8674471500e+00  8.9471229408e-01 -1.3952417310e-01 -1.3065656890e+00 -1.3082527052e-01  1.3033960563e+00  9.4688843718e-01  1.4760879695e+00  1.2121118649e+00
ENERGY -3.448565095745e+02
GRADIENT  3.2822131420e-06 -5.2057986408e-06  1.5114301013e-05  2.3300050512e-06 -1.6548275794e-06 -2.3294686344e-05 -3.8684495288e-04 -1.0435332564e-03  2.0087422231e-03 -3.8555449195e-04  1.6375700030e-03 -2.5448893874e-03  4.7607369158e-04  6.1656929036e-04 -1.3049597536e-03 -5.0106970661e-05  3.5330526352e-05  4.9719937870e-05 -6.5091107845e-06  1.5110591377e-06 -3.6370710004e-06  8.2335259763e-07 -4.3337432260e-06 -4.8530355690e-06 -1.3659766473e-05 -6.4911562788e-08 -3.1702008789e-06 -2.0086717310e-05  3.1256158572e-05 -7.5309900999e-06 -9.7187858945e-06  1.0917994026e-06 -5.9168095108e-06 -3.1514293524e-06 -1.4769958360e-06 -1.3873551545e-05 -2.5153296710e-06 -1.8672202412e-06  2.8037778488e-05  4.0081223669e-04 -1.2254203192e-03  1.7622831589e-03

JOB 14
COORDS  2.6930042959e-01 -1.9054982666e+00  7.4001397580e-02 -2.0015786538e+00  1.3523399757e+00 -6.6184212370e-01 -4.3804704253e-01  2.5684415865e-01  7.4358428010e-01  2.3565574752e-03  1.3839965345e+00  1.4335699099e+00  6.0915552588e-01 -6.5963035434e-01  6.8847785111e-01 -8.2722015461e-01  5.4541889207e-01 -5.8245381010e-01  1.1350021769e+00 -2.5567229142e+00  2.0630807795e-01  5.6126602869e-02 -1.7773811441e+00 -9.9104313011e-01 -6.0127659894e-01 -2.3591666724e+00  5.6777191594e-01 -2.2280954563e+00  1.4686423804e+00 -1.7232283450e+00 -1.8391306971e+00  2.3366674634e+00 -2.0921546635e-01 -2.8520335522e+00  8.6455827517e-01 -1.6401791902e-01 -1.3002891206e+00 -1.3358186994e-01  1.3086791108e+00  8.8615834367e-01  1.5943838792e+00  1.0832730084e+00
ENERGY -3.448572062801e+02
GRADIENT  2.9510389533e-06 -1.4485003897e-05 -3.9934008014e-06  9.2017198125e-06  2.2796794146e-05  4.7208904713e-06 -1.4349603578e-04 -3.3781871361e-04  6.2898492765e-04 -3.0971932314e-04  6.2275785434e-04 -7.3830011492e-04  1.6828328761e-04  2.1708653691e-04 -4.5164144054e-04 -2.1790186978e-05 -4.0048277279e-05  3.2685236704e-05 -8.6075889829e-07 -2.4674668063e-07 -4.8579979921e-06 -4.1584102474e-07  1.7774809680e-07 -2.6082905126e-06 -3.1037016911e-07  5.3320975578e-06 -1.7438116494e-06  6.8531099438e-06  5.3852876788e-06 -1.1492180064e-06  1.1039850246e-06 -3.3100755480e-06  1.8843663661e-06 -8.4788945531e-07 -2.4900303226e-06 -7.1164030547e-06  1.9568421288e-06 -7.4524327618e-06  1.0671834916e-06  3.0690328316e-04 -4.3345780384e-04  5.0456414122e-04

JOB 15
COORDS  2.5620379098e-01 -1.9136856879e+00  7.1046404419e-02 -1.9790822494e+00  1.3518420572e+00 -6.5213907073e-01 -4.1107335623e-01  2.5452764929e-01  7.5016898827e-01  3.0573762103e-02  1.3649337745e+00  1.4639940896e+00  6.2182908219e-01 -6.7843841620e-01  6.9047896569e-01 -7.8438193235e-01  5.7387865556e-01 -5.7315450859e-01  1.1056511788e+00 -2.5857737631e+00  2.0488406793e-01  5.0624643765e-02 -1.7790637206e+00 -9.9503526786e-01 -6.2713337252e-01 -2.3496477995e+00  5.5899863754e-01 -2.1845603555e+00  1.4991706332e+00 -1.7138980231e+00 -1.8558218234e+00  2.3242147697e+00 -1.6233407251e-01 -2.8259222340e+00  8.2386118243e-01 -1.9140555403e-01 -1.2798260735e+00 -1.3700634364e-01  1.3042161748e+00  7.9815847345e-01  1.7189335497e+00  9.8045369508e-01
ENERGY -3.448571250122e+02
GRADIENT -6.8301423629e-06 -8.7556001676e-06  1.9530585445e-06 -2.9997661357e-05  2.4845391130e-05 -3.4120529748e-07  1.3042198062e-04  6.3491969531e-04 -1.0520498455e-03  7.3036305225e-04 -9.0562240649e-04  9.4523744412e-04 -1.8685921379e-04 -3.5335049371e-04  6.5275483755e-04  3.9904004075e-05 -2.0693938060e-05  3.8427036027e-05  1.3810445084e-06 -4.9829343046e-06  6.7879331472e-07  7.4302037992e-06  6.3600355284e-07 -2.6108494249e-06 -7.0305499023e-07  5.6450516187e-06 -2.5139039605e-06  1.9844869595e-07  2.1767619941e-06  2.5465169282e-07  8.2438441768e-06  1.0275798915e-06 -8.8953341502e-07  6.0011870249e-06  3.4909223309e-07 -1.7612599762e-08  2.1274779532e-05  1.2704126603e-05  6.9182425358e-06 -6.7378493992e-04  6.5528093935e-04 -6.0745501980e-04

JOB 16
COORDS  2.3223015726e-01 -1.9300794961e+00  7.6570562499e-02 -1.9637513673e+00  1.3385876603e+00 -6.4360103267e-01 -3.8507898076e-01  2.4807888141e-01  7.5549685343e-01  6.6283917255e-02  1.3412768320e+00  1.4909413700e+00  6.2979676269e-01 -7.0398250967e-01  6.9261839655e-01 -7.4217923579e-01  6.0234615562e-01 -5.6305415482e-01  1.0663420962e+00 -2.6220690663e+00  2.0520469099e-01  2.3530998327e-02 -1.7922133404e+00 -9.8887721923e-01 -6.5839922935e-01 -2.3462345708e+00  5.6944502545e-01 -2.1478631212e+00  1.5201346998e+00 -1.7039049970e+00 -1.8917544022e+00  2.2957624676e+00 -1.1436263226e-01 -2.8004747153e+00  7.6173969208e-01 -2.2597236406e-01 -1.2628455350e+00 -1.4489706593e-01  1.2948188221e+00  6.7925637567e-01  1.8307465701e+00  9.1458892305e-01
ENERGY -3.448561839695e+02
GRADIENT -3.9095754126e-06  1.4144057318e-05  1.1777965479e-05 -7.8646809294e-06 -2.2390380253e-05 -5.4182458352e-06  4.7129059267e-04  1.4070451943e-03 -2.4753475986e-03  2.4640837565e-03 -2.2104625400e-03  1.7740107547e-03 -7.0603850362e-04 -8.5719981799e-04  1.7163181887e-03  3.6034848455e-05  6.5346591049e-05 -1.5004527429e-05  1.5039109647e-06  4.2374821948e-06  1.2780665551e-06  3.8093507792e-06  4.8682800456e-06 -4.7356526956e-06  1.1971580681e-06  5.2523430685e-06 -4.0614181246e-06 -6.4036773454e-06 -2.5937207935e-06  1.4744688325e-06  6.5187446116e-06  1.2980874979e-05 -5.8923376840e-06  5.8834303165e-06  1.0384625954e-05  1.3104224310e-05  6.5236712602e-06  1.2263791732e-05 -3.4775982276e-07 -2.2247062314e-03  1.6112981548e-03 -1.0181334745e-03

JOB 17
COORDS  2.0327250701e-01 -1.9450641853e+00  8.3280473941e-02 -1.9493778669e+00  1.3180807498e+00 -6.4049775882e-01 -3.5068675680e-01  2.4725098928e-01  7.5516153513e-01  1.2601822666e-01  1.3208467315e+00  1.5072353648e+00  6.4076044758e-01 -7.2773360858e-01  6.8794720300e-01 -6.9573505328e-01  6.3720036168e-01 -5.5652358675e-01  1.0209677720e+00 -2.6580010154e+00  2.0199563465e-01 -1.6946337789e-02 -1.8062568036e+00 -9.8011212720e-01 -6.9075850344e-01 -2.3372427317e+00  5.9009583507e-01 -2.1128854794e+00  1.5389496198e+00 -1.6966320465e+00 -1.9404688705e+00  2.2541151317e+00 -6.9119480458e-02 -2.7677883675e+00  6.8411816819e-01 -2.7342749160e-01 -1.2392908401e+00 -1.4241408278e-01  1.2803491544e+00  5.5621764307e-01  1.9292853549e+00  8.8239767853e-01
ENERGY -3.448544958233e+02
GRADIENT -4.3418791891e-06  3.7918958621e-06  2.0536039878e-05 -1.9396210500e-06 -2.6523049020e-05  3.1508300409e-07  7.0880882660e-04  2.0034404406e-03 -3.3957980034e-03  4.0896636885e-03 -2.8578281766e-03  1.4956787647e-03 -1.0990562207e-03 -1.2478780609e-03  2.4614306270e-03  2.4255410106e-05  7.3467597992e-05 -1.1001469897e-05 -1.2724390999e-06  1.6636437775e-06  2.3958536284e-06  6.7642631881e-06  4.6280267634e-06 -7.3197565186e-06 -3.5943322380e-07  8.6164688591e-06 -7.7568321491e-06 -8.5964865318e-06 -5.8943476234e-06  3.7294168537e-07  6.1228127595e-06  1.3348167558e-05 -5.9870218278e-06  2.6317940832e-06  9.6468512830e-06  1.4022716861e-05  5.7311385429e-06  1.9326755119e-05  2.9232476541e-06 -3.7015447858e-03  2.0541009601e-03 -5.7372900097e-04

JOB 18
COORDS  1.6253096340e-01 -1.9677178929e+00  1.0657153283e-01 -1.9201053987e+00  1.2866152874e+00 -6.4603765463e-01 -3.0601002547e-01  2.4548425249e-01  7.6077840502e-01  2.1770093596e-01  1.2945863547e+00  1.5211505027e+00  6.5027448382e-01 -7.6216573778e-01  6.9483588631e-01 -6.3597877245e-01  6.6714964201e-01 -5.4601831203e-01  9.6260680916e-01 -2.7031832537e+00  2.0526230778e-01 -8.0919302042e-02 -1.8253722380e+00 -9.5160896590e-01 -7.2859868598e-01 -2.3338534430e+00  6.3771236689e-01 -2.0553977697e+00  1.5532330278e+00 -1.6955122127e+00 -1.9841473464e+00  2.1934164184e+00 -3.1278837537e-02 -2.7170931103e+00  5.9444008720e-01 -3.4349108733e-01 -1.2114082553e+00 -1.2483303951e-01  1.2728837581e+00  4.5749541914e-01  1.9988248219e+00  8.9689134972e-01
ENERGY -3.448523866149e+02
GRADIENT  9.4359349021e-06 -7.0999097645e-06 -1.2196944048e-05 -2.9254504368e-05  2.3572267626e-05 -7.5598264803e-05  8.1644455869e-04  2.1796088059e-03 -3.5951787190e-03  4.8069410418e-03 -2.5382710376e-03  4.5120458523e-04 -1.2156377031e-03 -1.4817715415e-03  2.7905821992e-03 -1.0070647372e-04  1.6933629758e-05 -1.5055717986e-05  8.4397649269e-06  1.1994939352e-06 -5.1672220091e-06 -6.9501210260e-06  9.3955699676e-06  1.9156019708e-06  1.2628531556e-05 -1.4424623669e-05 -2.3392075534e-06  9.3709939322e-06  1.4733153792e-05  1.5688879373e-05 -5.1433721586e-06 -1.2524471789e-07  1.5082579478e-05  2.3580750863e-06 -7.8100507641e-06  6.9328564369e-06  5.3276980373e-05  5.0216161388e-05 -3.2374393881e-07 -4.3530344261e-03  1.7746917467e-03  4.2457332029e-04

JOB 19
COORDS  1.2868216717e-01 -1.9546637154e+00  9.6368190632e-02 -1.9128063333e+00  1.2569175726e+00 -6.5445810426e-01 -2.6004083224e-01  2.6823016382e-01  7.5428855183e-01  3.2120308344e-01  1.2864970534e+00  1.5179312067e+00  6.6440802889e-01 -7.6443287492e-01  6.7256754135e-01 -5.9192251174e-01  7.2408325568e-01 -5.4257586748e-01  9.1174264930e-01 -2.7109377870e+00  1.6962230033e-01 -1.3990942983e-01 -1.8022634858e+00 -9.5464055214e-01 -7.5645189091e-01 -2.2996103041e+00  6.5120715828e-01 -2.0452674963e+00  1.5417232798e+00 -1.6995755407e+00 -2.0531397874e+00  2.1430367254e+00 -2.1052428511e-02 -2.6680628874e+00  5.0625260785e-01 -3.8698615583e-01 -1.1757841126e+00 -8.5586230424e-02  1.2621877945e+00  3.6047884380e-01  2.0747075549e+00  9.5376955855e-01
ENERGY -3.448503313074e+02
GRADIENT -2.1409681893e-06 -1.5917810982e-05  2.3661771473e-05 -1.6016926673e-05 -6.0360129109e-06  3.6256412511e-06  7.5863225424e-04  1.6507893604e-03 -2.7452125393e-03  4.0849078333e-03 -1.6920942245e-03 -9.1671315532e-04 -1.1113976336e-03 -1.1168001378e-03  2.3596422604e-03  3.4038532237e-06  1.0024743454e-04 -2.0659707554e-05 -1.0422567847e-06  5.2660302354e-06 -1.2356982969e-05  2.5821861546e-06  1.5630211823e-06 -9.5707996706e-06 -7.5694346197e-07  9.6560620562e-06 -5.1224459807e-06 -2.8807039453e-05 -2.1131890531e-05 -1.0268269919e-05 -1.0180249194e-05  2.5323368826e-06 -1.5894120631e-05 -9.5797832521e-06  8.5058965697e-06  8.3103705578e-06 -3.4780569308e-05 -3.0839845052e-05 -1.9280473165e-05 -3.6686522663e-03  1.1442391598e-03  1.3082774479e-03

JOB 20
COORDS  6.6674809721e-02 -1.8723151222e+00  2.3137142999e-01 -1.8415952913e+00  1.2802709103e+00 -5.8286797577e-01 -1.7496699861e-01  3.7222547780e-01  8.7453723574e-01  4.9826778731e-01  1.3462994203e+00  1.6200414917e+00  6.8102454124e-01 -7.1687501296e-01  7.9715789499e-01 -4.8908299441e-01  8.5169507241e-01 -4.2049551147e-01  8.0592638963e-01 -2.6727351658e+00  2.8813157415e-01 -2.1104723899e-01 -1.7026088626e+00 -8.1500763317e-01 -8.2647579307e-01 -2.1676559762e+00  8.0186840110e-01 -1.9368155753e+00  1.6195474838e+00 -1.6157916765e+00 -2.0939853672e+00  2.1121352122e+00  8.9115666386e-02 -2.5464817041e+00  4.5685002958e-01 -4.0870273323e-01 -1.1110911131e+00  8.0352828647e-02  1.3864204298e+00  3.7995410789e-01  2.1890517718e+00  1.1554098879e+00
ENERGY -3.448487489196e+02
GRADIENT  1.6367418410e-05  6.7155257580e-05  9.0335203983e-05 -2.0721317728e-05  1.0932208154e-05 -4.2096913075e-05  4.5963758246e-04  1.2374822743e-03 -2.0129091999e-03  2.5119513215e-03 -7.6586138503e-04 -1.2632408234e-03 -7.4930745240e-04 -8.9203924977e-04  1.5751664110e-03  2.8819973311e-05 -9.1908283230e-05  1.5357126692e-04  8.1910511815e-06 -1.0698215897e-05 -3.1986295190e-05  3.0974829786e-06 -9.0488300273e-06 -2.9927622219e-05  9.5475368725e-06 -2.3013308653e-06 -7.4185365206e-06 -1.6028979212e-06  1.1586409561e-05  3.8324782545e-06 -7.0163364217e-06 -7.1741574321e-06  3.5379036445e-06  1.3905272927e-05 -1.8951780434e-06 -2.7739531717e-06  4.4360040611e-05 -2.5606515276e-05  3.6296744414e-05 -2.2993035178e-03  4.6690130221e-04  1.4469083757e-03

JOB 21
COORDS -1.0209832028e-01 -1.7958462728e+00  1.9361625445e-01 -1.8430811886e+00  1.0713170532e+00 -6.0070520420e-01 -9.4534560577e-02  4.4056437456e-01  9.2747275843e-01  7.4479850319e-01  1.3120502699e+00  1.6196738619e+00  6.3682883180e-01 -7.3354678727e-01  7.8600110284e-01 -4.4350482065e-01  1.0194066310e+00 -3.2114191058e-01  5.3439249972e-01 -2.6806286504e+00  2.4429423396e-01 -3.3859398812e-01 -1.5802550703e+00 -8.5513033603e-01 -1.0341066124e+00 -1.9941789760e+00  7.4422898703e-01 -1.9467210703e+00  1.5973320724e+00 -1.5515666071e+00 -2.3921446761e+00  1.6241833072e+00  1.7343641764e-01 -2.2793420100e+00  6.9491730019e-02 -6.9957204163e-01 -1.0229938901e+00  2.3753701409e-01  1.4950435712e+00  5.1112511091e-01  2.2074010901e+00  1.3291139368e+00
ENERGY -3.448478999701e+02
GRADIENT  8.8276706819e-06 -3.3713924411e-05  1.5225188909e-05 -1.0259643795e-04 -3.5646034923e-05 -5.3916219619e-05  3.5346932465e-04  5.7087703261e-04 -9.7301326454e-04  1.0352896990e-03 -1.3565961936e-04 -9.7164279744e-04 -3.8158934804e-04 -4.6453952046e-04  8.3109491057e-04  4.8034164020e-05  3.4982605590e-05  1.1851166051e-04 -5.0589137238e-06  5.9626809282e-06 -2.3221873020e-06  5.8041819231e-06 -6.4383983246e-06  4.3128984132e-06 -1.4135933385e-05 -1.5625808754e-06  5.9516134618e-06 -1.4312912341e-05  2.5986172169e-06 -1.6337540115e-06  2.1135870898e-05 -1.3086325258e-05  1.7354515201e-06  7.0828118926e-06  2.0056571804e-05 -1.2515332723e-05  1.0090586434e-05  1.0786629969e-05  4.7039610520e-05 -9.6866084314e-04  8.3870596428e-05  1.0364158189e-03

JOB 22
COORDS  4.9202618163e-02 -2.0592231215e+00  1.7779288317e-01 -1.8216275963e+00  1.3207846273e+00 -6.0873045916e-01 -2.2485673723e-01  1.9576505703e-01  7.6694633338e-01  4.8110049166e-01  1.1891957385e+00  1.4584842669e+00  6.4886383023e-01 -8.6885055682e-01  6.8605944343e-01 -5.9749692576e-01  5.9995450313e-01 -5.3970015032e-01  8.1526852802e-01 -2.8339148704e+00  2.3511829420e-01 -2.6958875168e-01 -1.9305962745e+00 -8.6175336190e-01 -8.1364413455e-01 -2.3606880034e+00  7.8941564918e-01 -2.0707219631e+00  1.4201345504e+00 -1.6667615606e+00 -1.7355574811e+00  2.3306031796e+00 -1.7884537918e-01 -2.6351428551e+00  7.8752483097e-01 -9.6690607595e-02 -1.1457288646e+00 -8.6947776386e-02  1.3160702212e+00  1.4299590231e-02  2.0304314000e+00  1.3378232906e+00
ENERGY -3.448472530722e+02
GRADIENT  1.6740506663e-05  2.1025765789e-05 -2.2162598170e-05  6.9197683367e-06 -3.3587491525e-05  3.6581867463e-05  1.0476402764e-04  1.6072545446e-06 -1.1268695367e-04  2.1073159298e-04  8.3378277519e-05 -3.1071673095e-04 -1.8121346036e-04 -7.6700895305e-05  2.0257497075e-04  1.6877789634e-05  9.6737193712e-05 -7.3058661412e-05  4.7223974698e-06  2.8858871584e-06 -4.3546891146e-06  1.8820501075e-07  5.5311966679e-06  1.4032254504e-06  5.2190200875e-06  9.3289806012e-07 -1.5279715460e-07 -8.8731989897e-06 -2.2468416254e-05 -4.6932766479e-06 -1.0716477029e-06  2.8997435734e-06 -1.5091564007e-05 -4.6423922679e-06  1.7159528264e-06  6.0051018485e-06  1.0423443774e-05  1.5397702293e-05  1.2229918554e-07 -2.0932857096e-04 -4.9775217423e-05  2.9388858376e-04

JOB 23
COORDS  9.1992145555e-02 -2.0620713532e+00  1.7032576177e-01 -1.8155046903e+00  1.3704128678e+00 -6.1121916801e-01 -2.4853893731e-01  1.8982407152e-01  7.4375641609e-01  4.4826003692e-01  1.2234551020e+00  1.3839383674e+00  6.5523722743e-01 -8.4782904283e-01  6.6449362856e-01 -6.7121453630e-01  5.3013493208e-01 -5.6572286851e-01  8.7769776125e-01 -2.8148707798e+00  2.5046786156e-01 -2.1913126435e-01 -1.9600845570e+00 -8.7404506409e-01 -7.6944682171e-01 -2.3748189608e+00  7.7810818976e-01 -2.1511685619e+00  1.3956565211e+00 -1.6495678591e+00 -1.5840241969e+00  2.3999805333e+00 -2.9938934915e-01 -2.6303853845e+00  9.8041856302e-01  1.7037208064e-02 -1.1458261538e+00 -9.9044164636e-02  1.3288765692e+00 -1.4543461980e-01  1.9855273924e+00  1.4667687710e+00
ENERGY -3.448472790854e+02
GRADIENT -2.0378603709e-05  3.2276797017e-05  7.2201249105e-05  3.2805273291e-06  6.4658639280e-05 -2.1908193068e-05 -1.7370239147e-04 -1.0445796050e-04  2.8065140249e-04 -5.3314098687e-05 -1.6274090080e-04  4.3133903445e-04  1.3163352488e-04  9.5390894000e-05 -3.3137406696e-04 -9.6360794180e-06  1.7681200620e-05 -7.0877202170e-05  8.0285439341e-06  4.2582019619e-06  7.0445731290e-06  1.2724626876e-05  3.8777461219e-06 -1.6144091715e-05  6.2594190381e-06  1.0229339169e-06 -1.8357881435e-05 -5.1138075988e-06 -3.7568627921e-05  1.1663759895e-05  4.8220642732e-06 -1.7833196158e-05 -6.5729800461e-06 -1.6924646740e-05 -8.9920023762e-06  4.9789274284e-06  3.9322553198e-05  3.6897020259e-05 -2.1640153835e-05  9.1475995248e-05  1.3352148088e-04 -3.3947771816e-04

