JOB 0
COORDS  5.9342565647e+00 -5.0995364533e-01  1.1401777714e+00  4.8799635008e+00 -9.0669782504e-01  1.9721477129e+00  5.6715315615e+00 -2.5359755721e-01 -2.0723508492e-01  3.5933654328e+00 -1.0574048628e+00  1.4609071567e+00  4.3825453495e+00 -3.8995961727e-01 -7.3133240377e-01 -1.8185751287e-01 -1.0164206175e+00 -3.0867020460e+00  8.4247158080e-01 -1.2461507151e+00 -3.9570940531e+00  3.3284710579e+00 -8.0296887230e-01  1.0066695470e-01  1.4564115811e+00 -9.8754165586e-01 -1.5973463867e+00  1.6002388152e-01 -8.6601273403e-01 -1.7604396324e+00  2.0062342101e+00 -9.6827028367e-01 -3.3693840496e-01  2.3550729380e+00 -1.2969239517e+00 -3.0845919157e+00  6.9389942876e+00 -3.9941021048e-01  1.5375348015e+00  5.0607042279e+00 -1.1078760823e+00  3.0248287555e+00  6.4739824278e+00  6.8424803352e-02 -8.6588289517e-01  2.7835875077e+00 -1.3802848288e+00  2.1119599223e+00  4.2088067982e+00 -1.4415423901e-01 -1.7718316067e+00 -1.2254494008e+00 -9.3394345011e-01 -3.3714224923e+00  8.1684179241e-01 -1.3625319512e+00 -5.0321189119e+00  1.2904315056e+00 -9.6924029686e-01  3.8093583177e-01
ENERGY -8.555104352155e+02
GRADIENT -2.0969002710e-05 -2.2037352348e-07 -2.2804823265e-05 -3.3850011770e-05  1.4279111809e-05 -9.6368529305e-05  9.3652577554e-05  3.3613595709e-05 -4.8393541622e-05 -1.1244474593e-04 -2.6388578299e-05  1.2749100214e-04 -2.4826504438e-05 -3.5350411651e-05  3.8379337329e-05  8.8302435978e-05  1.7487841790e-05  1.6952887120e-05 -7.8866640976e-05 -1.8053817092e-05 -1.3730144586e-04 -8.0011977233e-05  6.9432611923e-04  2.1553443368e-05 -8.4698356935e-05 -5.6109963143e-04  2.4851497490e-04 -4.2742754368e-05  6.2103287075e-04 -1.6265240810e-04  3.4160305820e-04 -8.3836203482e-04 -4.7253124703e-05 -1.1058685588e-04  1.3821449289e-04  1.1238111129e-04  1.0719887540e-06  8.0600654176e-06 -1.2893012051e-05 -1.1625889192e-05  1.8553863095e-06 -7.8207129807e-06  5.7601382757e-06  3.6486315588e-06 -8.2072840852e-06 -1.4714705081e-05 -3.6987288135e-06  1.1786539951e-05  1.9112020501e-05 -8.6254034430e-06 -6.9524607921e-06  7.3019149777e-06  2.1301046999e-05 -1.1675695169e-05  4.0475545421e-06 -6.2531556319e-05  2.8369995205e-06  3.7285185782e-05 -5.6176184065e-06  1.4608435047e-05

JOB 1
COORDS  5.9176167739e+00 -4.3243352233e-01  1.1336787952e+00  4.8891589513e+00 -8.7117925842e-01  1.9765430782e+00  5.6369386684e+00 -2.1323780422e-01 -2.1686116910e-01  3.6103616720e+00 -1.0986441239e+00  1.4730031640e+00  4.3548938774e+00 -4.2622540298e-01 -7.3259992557e-01 -1.4922016685e-01 -8.8365785534e-01 -3.0884010481e+00  8.3788733103e-01 -1.2750153307e+00 -3.9443900215e+00  3.3276435044e+00 -8.7788467186e-01  1.1143295493e-01  1.4665395897e+00 -1.0621898929e+00 -1.5851228584e+00  2.0422968765e-01 -7.5671745310e-01 -1.7617263051e+00  2.0120702387e+00 -1.1293536146e+00 -3.2113025810e-01  2.3192032412e+00 -1.5338767438e+00 -3.0580903717e+00  6.9165863457e+00 -2.6244197288e-01  1.5246649312e+00  5.0842506994e+00 -1.0454524637e+00  3.0314829499e+00  6.4193117919e+00  1.3866482669e-01 -8.8437258826e-01  2.8210442222e+00 -1.4548879324e+00  2.1316230707e+00  4.1631834010e+00 -2.1461531546e-01 -1.7777392752e+00 -1.1670262914e+00 -6.5306072243e-01 -3.3845166226e+00  8.0402776606e-01 -1.3932771614e+00 -5.0191050948e+00  1.2947758582e+00 -1.0464395269e+00  3.9104187419e-01
ENERGY -8.555099166326e+02
GRADIENT  4.0130392683e-05  6.4163018139e-06  9.3498807979e-06 -1.5287709667e-05  9.8714619271e-06 -6.1916530094e-05 -1.3195051518e-06 -4.1364394358e-06  1.3023109192e-05 -3.9744945937e-05 -8.8522768109e-06  3.7279967960e-05  6.6404061982e-06 -1.5876938590e-05 -4.3731210399e-06 -5.7749317504e-06  3.6661560890e-05 -2.5236834342e-06  1.8933267612e-05 -5.5775254899e-05  8.8500682265e-06 -3.2250219522e-04  1.3350479582e-03  2.4581366947e-04 -6.8059659494e-04 -1.0186975393e-03  2.2665582699e-04  3.5821968806e-04  1.2827148413e-03 -3.5562969751e-05  6.1762589188e-04 -1.5263262170e-03 -4.7467469919e-04 -7.3511159609e-06 -3.6464880254e-06 -4.2538303540e-05  8.2251244147e-06 -4.1180725865e-06 -2.8795341335e-06 -2.1863683307e-06  3.8670824114e-06 -5.9807357542e-06  4.2696620572e-06 -7.0989351350e-06 -1.0004429469e-07 -7.4261735716e-06  6.9876355526e-06  4.8588381852e-06  1.0677204850e-05  4.8140284721e-06  8.6534127246e-06 -1.0270508986e-06 -5.5273188859e-07  3.3985402786e-07 -7.5547460572e-06  2.6513544225e-05 -1.7685311603e-06  5.3222971158e-05 -1.1363439186e-05  7.8015802138e-05

JOB 2
COORDS  5.8854408173e+00 -3.6238815146e-01  1.1135921411e+00  4.8943732974e+00 -8.5835923650e-01  1.9690483444e+00  5.5774703286e+00 -1.5671309091e-01 -2.3346300208e-01  3.6231597172e+00 -1.1554052629e+00  1.4808212938e+00  4.3016559407e+00 -4.3767814795e-01 -7.3163072202e-01 -6.3982579399e-02 -7.4484044576e-01 -3.1124015588e+00  8.5823104337e-01 -1.3245705871e+00 -3.9340280055e+00  3.3127456426e+00 -9.4468179026e-01  1.2512861662e-01  1.4751318208e+00 -1.1415104084e+00 -1.5711763297e+00  2.8828063802e-01 -6.3237774943e-01 -1.7829571827e+00  2.0032291886e+00 -1.2703498946e+00 -2.9869424870e-01  2.2554210770e+00 -1.8065409876e+00 -3.0093170854e+00  6.8785420649e+00 -1.3857281339e-01  1.4923752544e+00  5.1131522040e+00 -1.0240971819e+00  3.0207519071e+00  6.3315430450e+00  2.3782108160e-01 -9.0972485507e-01  2.8629889873e+00 -1.5584666835e+00  2.1465124657e+00  4.0821200411e+00 -2.4210824082e-01 -1.7748151754e+00 -1.0231402605e+00 -3.5568146271e-01 -3.4366972478e+00  8.2097677619e-01 -1.4673110716e+00 -5.0058059243e+00  1.2857119982e+00 -1.1063879255e+00  4.0005053052e-01
ENERGY -8.555089845701e+02
GRADIENT -2.1311311769e-04 -5.6378087132e-05 -4.9893597095e-05  5.5909141620e-05 -1.0401037605e-05  9.0409003481e-05  1.4662952388e-04  8.1852418157e-05 -1.6434214601e-04 -4.7452370779e-05  1.3908917129e-05 -2.9712054659e-06  5.7763589044e-05 -6.7858003230e-05  9.9634953456e-05 -1.6431441647e-04 -2.0780712877e-05 -5.4323428469e-05  8.5122400580e-05  2.6088549573e-05  1.6487526233e-04 -6.2380009451e-04  1.9023258502e-03  4.6931188405e-04 -1.7218293589e-03 -1.4695453051e-03  4.7193735001e-04  8.9641335531e-04  1.8472707310e-03 -1.7061408722e-04  1.5899335799e-03 -2.1898400802e-03 -7.6141700453e-04  3.5708005988e-05 -1.2136787595e-04 -4.2685169986e-05 -1.6598976642e-05 -8.2500480618e-06 -2.1726292137e-05 -1.6306646885e-05 -5.0430281084e-06  1.5073218364e-05  1.4786554301e-05 -3.0058675633e-08 -2.3350762332e-05  4.2354994222e-06  1.2811972501e-05  1.9423750031e-05  2.5350009190e-05  7.6222386733e-06  1.4111309557e-05 -2.1899215824e-05 -1.5291645053e-05  1.2326614127e-05 -9.5667593996e-06  5.1891797305e-05  4.9940762964e-06 -9.5515102710e-05  1.2122974629e-05 -4.8250201968e-05

JOB 3
COORDS  5.8721353549e+00 -3.2591511358e-01  1.0557114382e+00  4.9360409960e+00 -8.8076232051e-01  1.9364210898e+00  5.5028119737e+00 -9.6059362935e-02 -2.7225070250e-01  3.6570700884e+00 -1.2135820509e+00  1.4912475147e+00  4.2173192665e+00 -4.0852805190e-01 -7.2444384747e-01  8.2540679203e-02 -5.5685216333e-01 -3.1328417983e+00  8.7882821562e-01 -1.3701627735e+00 -3.8872504309e+00  3.2855114054e+00 -9.7530543259e-01  1.5716427781e-01  1.4637655592e+00 -1.1777499946e+00 -1.5195252360e+00  4.2255220550e-01 -4.3944714962e-01 -1.7999838231e+00  1.9675916048e+00 -1.3350885198e+00 -2.3403879428e-01  2.1117621107e+00 -2.0847631667e+00 -2.8876942188e+00  6.8712984785e+00 -7.5467191411e-02  1.4006362513e+00  5.2052650231e+00 -1.0671605531e+00  2.9728877205e+00  6.2144520079e+00  3.4400300257e-01 -9.6621344676e-01  2.9402539940e+00 -1.6671955017e+00  2.1720069224e+00  3.9426047317e+00 -1.9686350677e-01 -1.7519267726e+00 -7.6359258418e-01  5.9925855600e-03 -3.5119291407e+00  8.3115746962e-01 -1.5699017170e+00 -4.9496441576e+00  1.2641508189e+00 -1.0815464520e+00  4.5289800874e-01
ENERGY -8.555077452830e+02
GRADIENT -4.9484234841e-05 -1.4321895323e-05 -7.4970620338e-06  9.0560647195e-06  2.8563273534e-08  7.1984339230e-07  5.1019053683e-05  3.2072527815e-05 -6.2505904091e-05 -1.5123040990e-05 -2.8086009919e-06  9.6908183720e-06  9.4925813653e-06 -2.8536953301e-05  6.7009072462e-05  7.1591091419e-05  8.5389629809e-07  8.1202551995e-05  4.0477423287e-05 -2.6281714780e-05  2.6334876275e-05 -8.4262769172e-04  2.1412780771e-03  5.8544030063e-04 -2.7380628904e-03 -1.8824884680e-03  7.3339457816e-04  1.5011060172e-03  2.0258253613e-03 -1.9133029740e-04  1.8774253927e-03 -2.1304094987e-03 -1.2090042561e-03  1.3644818765e-05 -7.2405168476e-05 -9.1549316394e-05 -3.2406930136e-06 -1.2063552448e-06 -1.0057834960e-05 -3.5725902196e-06 -1.3958853276e-06  1.3576763831e-06  4.9486410459e-06  1.6017237766e-06 -7.7175251946e-06  9.2535342415e-08  2.9889643954e-06  2.2306858835e-06 -6.2197418436e-06 -2.6604663069e-06 -1.6836543841e-06 -7.1990654742e-07  8.7736422036e-07  2.2702437376e-05  1.7840961946e-06  9.1850976493e-06 -7.8961012844e-07  4.9461407313e-05 -5.0120088368e-05  7.5131479433e-05

JOB 4
COORDS  5.8317490742e+00 -2.6272202922e-01  1.0197942267e+00  4.9359860992e+00 -8.4878206415e-01  1.9221354328e+00  5.4330004144e+00 -6.5089279010e-02 -3.0479529438e-01  3.6665380439e+00 -1.2438046353e+00  1.5008103252e+00  4.1557293926e+00 -4.4017184165e-01 -7.3254386985e-01  2.2180601595e-01 -4.3648392247e-01 -3.1327099538e+00  8.7914127673e-01 -1.3880834849e+00 -3.8616980347e+00  3.2648035822e+00 -1.0374690825e+00  1.7054096218e-01  1.4571074701e+00 -1.2558542813e+00 -1.4906616840e+00  5.6285451221e-01 -3.5510093966e-01 -1.7979374744e+00  1.9606697103e+00 -1.4685783499e+00 -2.0494689712e-01  1.9556378509e+00 -2.2819608012e+00 -2.8326130633e+00  6.8236218533e+00  3.6765619845e-02  1.3462157997e+00  5.2295006629e+00 -1.0102339669e+00  2.9562570368e+00  6.1138937568e+00  3.9787478225e-01 -1.0145804098e+00  2.9811632709e+00 -1.7208988813e+00  2.1977725453e+00  3.8542591925e+00 -2.5412991457e-01 -1.7578308268e+00 -5.1488345826e-01  2.5193264466e-01 -3.5324034645e+00  8.0201023112e-01 -1.6001576289e+00 -4.9201162556e+00  1.2612454466e+00 -1.2230088576e+00  4.8999588295e-01
ENERGY -8.555063218223e+02
GRADIENT -3.7159144174e-04 -9.4257232089e-05 -1.3902075412e-04  8.4123024116e-05 -5.9363491077e-05  3.0678094835e-04  2.0160071533e-04  1.1714398986e-04 -1.3162892779e-04  1.1596708741e-04  1.7022967770e-05 -5.1081622636e-05  5.6583858985e-05  1.0077966265e-05 -4.9714650134e-05 -9.4809342102e-05 -2.1553758592e-05 -4.8624727934e-05  1.3635962397e-04  9.2581773745e-06  1.3973907809e-04 -1.2573120486e-03  2.0841020064e-03  7.2844461426e-04 -3.5431008373e-03 -1.6739291920e-03  6.4623315343e-04  2.0311540646e-03  1.9334664898e-03 -5.5420539592e-04  2.8576752133e-03 -2.4091965578e-03 -1.1941618190e-03 -7.5687100733e-05 -3.7998000559e-05  1.7828434971e-05 -3.6778246112e-05 -2.3446159034e-05 -5.1216470383e-06 -1.0712721311e-05 -6.5665224557e-06  3.9369767138e-05 -3.0508757022e-06  6.5335827031e-06 -3.4495320387e-05  1.1628597144e-05  3.4899415435e-05  8.1147691987e-06  4.7524906438e-05  5.2483380172e-05  2.5334795420e-05 -4.7006021906e-05 -2.5778701359e-05  3.4182197278e-05 -2.7030799444e-05  4.9348018736e-05 -3.1885239967e-07 -8.2954711297e-05  7.5499465699e-05  2.6199352218e-04

JOB 5
COORDS  5.7842363193e+00 -1.8606396730e-01  1.0033993548e+00  4.9047925703e+00 -7.7774849757e-01  1.9179240517e+00  5.3890417233e+00 -5.4770803769e-02 -3.3056587031e-01  3.6560383044e+00 -1.2398022103e+00  1.5023711381e+00  4.1336340568e+00 -5.0038452176e-01 -7.5503605139e-01  3.4822549636e-01 -3.1340835915e-01 -3.1115390532e+00  8.4961326892e-01 -1.3495863450e+00 -3.8526015720e+00  3.2590948896e+00 -1.1001448169e+00  1.6219930700e-01  1.4600712423e+00 -1.3210268211e+00 -1.4869290124e+00  7.0856331978e-01 -2.9484375047e-01 -1.7809145912e+00  1.9861731471e+00 -1.6111096719e+00 -2.1944714598e-01  1.7925550935e+00 -2.3937303920e+00 -2.8402413984e+00  6.7588162079e+00  1.6830369708e-01  1.3269364158e+00  5.1941257361e+00 -8.8837408715e-01  2.9599265406e+00  6.0568167785e+00  4.0956237597e-01 -1.0518728888e+00  2.9847049626e+00 -1.7166292432e+00  2.2134147422e+00  3.8357846603e+00 -3.6939089358e-01 -1.7900890704e+00 -2.8357931842e-01  4.7803711776e-01 -3.4999117268e+00  7.2111963164e-01 -1.5459070114e+00 -4.9091997786e+00  1.2867091581e+00 -1.4601121265e+00  5.0142627548e-01
ENERGY -8.555048968992e+02
GRADIENT -5.0899779251e-06 -8.8231950463e-06  2.4597470392e-05  3.8446009476e-05  1.3192809937e-05  1.9406457977e-05 -1.9316583946e-05 -1.8147125744e-05 -5.9201064962e-06 -4.5651711469e-05  3.9620129272e-06 -4.6911922451e-05 -2.9419711167e-05  9.3778977823e-06  7.5421863011e-06 -9.8012969774e-06 -7.1350193247e-05  4.4974064412e-05 -1.6207834732e-05  5.3114171865e-05 -9.0990362952e-05 -8.1031411003e-04  1.8588494584e-03  8.6198130588e-04 -3.7213993971e-03 -1.1287124746e-03  1.5305269467e-03  2.1760616751e-03  1.3929007329e-03 -6.1118948704e-04  2.4212000311e-03 -2.0257783257e-03 -1.6590105498e-03  2.9764406449e-06 -1.7504089211e-05 -4.4654870607e-05  3.0211597737e-06  5.5126785673e-07  2.6054100703e-06  4.6598192891e-06  8.8350884465e-07  5.0968715668e-06  5.4952927352e-06 -3.5700172086e-06  6.0620813474e-06  1.3728391577e-05 -6.5430387384e-08  1.4895828269e-06 -3.1791993315e-06 -2.6195836146e-05 -4.0728685549e-06 -2.2362492485e-06 -1.3544264566e-05  2.0074412174e-06  1.6700620898e-05 -2.6107637567e-05  4.9853339288e-07  4.7868804653e-05 -1.0075465688e-05  1.7341696805e-05

JOB 6
COORDS  5.8723440199e+00 -2.6189894202e-01  1.0015322226e+00  5.0672701979e+00 -1.0713960328e+00  1.8095978685e+00  5.3363347046e+00  2.7147707218e-01 -1.7532910385e-01  3.7493201972e+00 -1.3489597941e+00  1.4426232659e+00  4.0168949224e+00  7.9457566999e-03 -5.5042217594e-01  7.5144564365e-01 -3.9583651415e-01 -3.3753640725e+00  5.6335064211e-01 -1.7304116158e+00 -3.6066440501e+00  3.2183947911e+00 -8.1523257573e-01  2.5769066193e-01  1.4187297919e+00 -1.1131782665e+00 -1.3917017644e+00  1.2132583798e+00 -5.2904449408e-02 -2.1228877184e+00  1.8632906593e+00 -1.0962515506e+00 -6.7431204741e-02  1.0420615345e+00 -2.6383116516e+00 -2.2067054975e+00  6.8985438548e+00 -4.7748582645e-02  1.2862882243e+00  5.4647126267e+00 -1.4942998976e+00  2.7287202403e+00  5.9478824703e+00  9.0827945043e-01 -8.0966280260e-01  3.1305123347e+00 -1.9828003899e+00  2.0755669701e+00  3.6008487470e+00  4.4507229584e-01 -1.4511257750e+00  5.3417676484e-01  3.9087189725e-01 -4.0898175186e+00  1.6438207217e-01 -2.2144055679e+00 -4.4884371545e+00  1.4927449163e+00 -1.8645528100e+00  4.8054424726e-01
ENERGY -8.555051507008e+02
GRADIENT -6.9539964670e-05 -5.1034347532e-06 -2.6950312083e-05 -2.9049377499e-06 -2.0637392987e-05  7.8893277424e-06  4.0301899478e-05  2.4506462779e-05 -2.0946527257e-05 -4.2237284199e-05  1.5243427159e-05  3.5882760401e-05  4.7644081511e-05 -1.9237768198e-05 -5.0722732559e-05  3.4697937653e-05 -4.0127682770e-05 -7.7655238900e-06 -9.3337667996e-05  2.0492096809e-05 -1.2852359245e-05  6.8086732394e-04 -2.8545468972e-03 -1.9724546411e-04  5.2318429215e-03 -1.6786910472e-03 -1.7139396692e-03 -3.1930006880e-03  1.0209141148e-04  1.0691456126e-03 -2.7606355857e-03  4.4747549554e-03  9.1217305745e-04  9.0908624186e-05  2.2539438084e-05 -2.3733484743e-05 -1.0028077295e-05 -6.5332652574e-07 -2.0988391057e-06 -1.1862099194e-05 -5.4247973604e-06  1.9599387958e-06  2.1404622271e-07  1.7305997432e-06 -8.2606226013e-06 -7.7611109523e-06  2.8529752156e-06  6.4279267532e-06  3.4943371203e-05  8.7414948211e-06  2.3722021807e-05  1.0309173503e-05 -2.6398665004e-06 -8.8089516804e-06 -1.5839554876e-05 -2.4550792702e-06  6.8840772568e-07  1.5407725413e-05 -4.2589208860e-05 -5.8337126778e-05

JOB 7
COORDS  5.8498213578e+00 -2.1794426213e-01  1.0346013188e+00  5.0554009748e+00 -1.0887098311e+00  1.7877831711e+00  5.3219734017e+00  3.5089754916e-01 -1.2903188967e-01  3.7563340203e+00 -1.3912858789e+00  1.3773034403e+00  4.0197682000e+00  6.5163469625e-02 -5.4664720185e-01  8.6555817099e-01 -4.1933221108e-01 -3.4809432450e+00  3.8722489403e-01 -1.6914508745e+00 -3.6152875849e+00  3.2337892962e+00 -8.2163810986e-01  2.0480507768e-01  1.4369594950e+00 -1.1367347394e+00 -1.4679293937e+00  1.4357329739e+00 -1.0346889400e-01 -2.2653178935e+00  1.8972771051e+00 -1.1404668713e+00 -1.5600145368e-01  7.1069302437e-01 -2.5938265459e+00 -2.1629760936e+00  6.8618903200e+00  1.6302302921e-02  1.3523011447e+00  5.4466444601e+00 -1.5403931194e+00  2.6957546722e+00  5.9257414189e+00  1.0356209900e+00 -7.1938905351e-01  3.1467079820e+00 -2.0753129863e+00  1.9654938466e+00  3.6061198844e+00  5.2743142500e-01 -1.4348496134e+00  7.9685987309e-01  3.4846053562e-01 -4.2441460056e+00 -1.3723203234e-01 -2.1349775396e+00 -4.4510813435e+00  1.5245554550e+00 -1.9071486268e+00  3.9173537124e-01
ENERGY -8.555070452492e+02
GRADIENT -1.8360633783e-04 -3.9881575579e-05 -6.5020057246e-05  5.8489416241e-05 -6.4990683968e-05  1.2960980955e-04  4.2688142448e-05  3.4521369006e-05 -2.9049139780e-05 -2.9748153173e-05  4.6337235269e-07 -1.4063738634e-05 -3.1261292225e-05  4.3891868035e-05 -1.0468555925e-04  5.8243555897e-05  9.2515507748e-07 -1.0455287971e-04 -4.9832322464e-05  4.6787877872e-05  4.4193898512e-05  8.6728976982e-04 -3.0277707025e-03 -3.1754451567e-04  5.4601054375e-03 -3.1032990468e-03 -1.8127987259e-03 -3.3354116137e-03  8.3660456966e-04  1.0979694325e-03 -2.8896221702e-03  5.2985220660e-03  1.2039094077e-03  1.0305246086e-04 -2.5658904017e-06 -2.4400544907e-05 -2.1732672070e-05 -1.0733196837e-05 -2.0412871421e-06 -1.1669911377e-05 -1.5119509806e-05  1.4138630873e-05 -1.2124752324e-05  6.4907122485e-06 -2.1769074508e-05  6.6742625379e-06 -2.0954694707e-06  9.7688949851e-06  2.1181717698e-05  8.3451457128e-06  3.5399678002e-06  1.1307897387e-05 -4.5508656597e-06 -2.1112736442e-05 -3.6440003660e-05  2.0992670006e-05  7.8213728470e-06 -7.3368154414e-05 -1.2233130895e-05 -8.8610071186e-05

JOB 8
COORDS  5.8310438771e+00 -1.5446953390e-01  1.0796504744e+00  5.0483220788e+00 -1.0596015242e+00  1.8047242012e+00  5.3175778829e+00  3.9487945521e-01 -9.9085779116e-02  3.7770804628e+00 -1.4127330576e+00  1.3523508238e+00  4.0424320995e+00  5.7978240818e-02 -5.6115952653e-01  9.2216194335e-01 -4.4744064867e-01 -3.5313680979e+00  2.3423054157e-01 -1.6235085906e+00 -3.6008986960e+00  3.2685674277e+00 -8.6215100138e-01  1.6326644005e-01  1.4615198008e+00 -1.1918394063e+00 -1.5204007700e+00  1.5977415178e+00 -1.9618374187e-01 -2.3542233125e+00  1.9623243939e+00 -1.2445881612e+00 -2.3158269861e-01  4.6584439813e-01 -2.5259188225e+00 -2.1269994078e+00  6.8217673208e+00  1.2017377361e-01  1.4306062012e+00  5.4276220340e+00 -1.4977326477e+00  2.7242819217e+00  5.9116741638e+00  1.1049906018e+00 -6.6890614452e-01  3.1774211875e+00 -2.1222627763e+00  1.9203289442e+00  3.6406123186e+00  5.0193935492e-01 -1.4629780856e+00  9.4842379662e-01  2.9743934248e-01 -4.3195628564e+00 -3.8849170144e-01 -2.0023115216e+00 -4.3999983425e+00  1.5931474465e+00 -2.0120379748e+00  3.1619887351e-01
ENERGY -8.555087899635e+02
GRADIENT  7.1003423668e-05  2.1461554671e-05  2.5927993925e-05 -3.3313587922e-05  2.5614666525e-05 -8.0686100661e-05 -1.0955851486e-05 -3.6918563931e-06  1.2277140831e-05 -1.8574966370e-05  3.9284701404e-06  5.2345716087e-05  1.0049792403e-05 -9.2731801631e-05  1.0218384386e-05  7.9948553803e-05 -1.3873024081e-05  6.8213603966e-05 -3.2599990064e-05 -3.9475237183e-05  8.7240242323e-05  9.0235515595e-04 -2.4910491570e-03 -3.8530613763e-04  4.0754413503e-03 -3.5059580955e-03 -2.0474580443e-03 -2.4214096016e-03  1.2658008029e-03  1.1749965816e-03 -2.5192226489e-03  4.9316701423e-03  1.2790293302e-03  5.3223179661e-07 -8.3325552428e-05 -7.6055294174e-05  7.1053975105e-06  5.3317863149e-06 -1.7504624986e-06 -1.1315305994e-06  4.6207696070e-06 -8.3705728284e-06  3.2475853799e-06 -2.9497200632e-06  5.1557695569e-06 -1.3298595880e-05  2.9600169650e-06 -4.7249690010e-07 -2.5319053091e-06  2.4400263374e-05 -4.2072353296e-06  1.6771175842e-05  6.1141366118e-06  1.4198492826e-05 -5.6546324776e-06  4.9110799836e-06 -3.8274721644e-07 -9.9691079412e-05 -5.9118894520e-05 -1.4699963279e-04

JOB 9
COORDS  5.8126672638e+00 -9.4797688548e-02  1.1272009649e+00  5.0454792447e+00 -1.0309650791e+00  1.8296879569e+00  5.3140435944e+00  4.3001909935e-01 -6.8524553216e-02  3.8051477092e+00 -1.4356881155e+00  1.3385796327e+00  4.0696551287e+00  4.0338226067e-02 -5.7194786861e-01  9.6598037075e-01 -4.8179601016e-01 -3.5620154633e+00  1.1745819600e-01 -1.5486107990e+00 -3.5658983524e+00  3.3100845755e+00 -9.0809182543e-01  1.3214364623e-01  1.4898499689e+00 -1.2447529893e+00 -1.5540666509e+00  1.7302496083e+00 -3.0188186807e-01 -2.4257483311e+00  2.0383316580e+00 -1.3526421305e+00 -2.9453291719e-01  2.8131138222e-01 -2.4356643937e+00 -2.0706874554e+00  6.7798188673e+00  2.2093030210e-01  1.5080858951e+00  5.4129495856e+00 -1.4518792013e+00  2.7619845764e+00  5.8968239967e+00  1.1618641698e+00 -6.2230469060e-01  3.2175678303e+00 -2.1679101293e+00  1.8902303936e+00  3.6823463548e+00  4.5971868751e-01 -1.4908306079e+00  1.0627813170e+00  2.2955155324e-01 -4.3753268566e+00 -5.8397518868e-01 -1.8601692982e+00 -4.3277782394e+00  1.6606065125e+00 -2.1069316931e+00  2.6427629615e-01
ENERGY -8.555100761487e+02
GRADIENT  1.3705808993e-04  4.5016401960e-05  5.3580454847e-05 -1.0160778414e-05  1.2629911596e-05 -2.5977109975e-05 -1.0227638666e-04 -1.2586016972e-04  9.2837530832e-05  4.7563586079e-05  4.7337449994e-05 -3.1137973156e-05 -1.6480923301e-05  4.3074939101e-05 -5.7893749769e-05  5.9849519785e-05  2.2788650674e-05  1.9481189449e-05  3.8688160132e-05 -5.0687803076e-05  1.0280625407e-04  7.2333853063e-04 -1.6382116446e-03 -3.8414653159e-04  2.4379825861e-03 -2.8236045951e-03 -1.5293809186e-03 -1.4031012162e-03  1.0984792260e-03  8.1875585767e-04 -1.7927565571e-03  3.4623589767e-03  1.0631058065e-03 -1.9456457464e-05 -9.9916357903e-05 -3.8538250909e-05  1.5040821395e-05 -4.2897612588e-07  1.3633134746e-05  1.2113535960e-05  9.5110810892e-06 -3.4290720233e-06 -5.7264822266e-06 -1.2989726503e-05  1.4371778152e-05  2.2406206154e-06  4.8489171729e-06 -2.0962239728e-06 -8.4604423926e-06 -2.8638613877e-06 -4.9144338370e-06  2.9722953071e-05 -1.1892604082e-05 -1.9993616663e-06 -3.4061884335e-05  3.6799647690e-05  2.4647319809e-05 -7.6234436084e-05 -2.9917040907e-05 -9.5359659293e-05

JOB 10
COORDS  5.7874448888e+00 -3.5694369802e-02  1.1721216839e+00  5.0357905166e+00 -9.9507789835e-01  1.8603827100e+00  5.3103399057e+00  4.5235336389e-01 -4.7456868532e-02  3.8312538522e+00 -1.4562185056e+00  1.3327321422e+00  4.1027184252e+00  3.6581370998e-03 -5.9007507546e-01  9.9176082641e-01 -5.0841500499e-01 -3.5766333958e+00  2.7044601313e-02 -1.4687859937e+00 -3.5201491063e+00  3.3559018738e+00 -9.6376263227e-01  1.0276155898e-01  1.5228746407e+00 -1.2984610416e+00 -1.5808285341e+00  1.8313368935e+00 -4.0586010022e-01 -2.4840576251e+00  2.1246614827e+00 -1.4729522360e+00 -3.5803484512e-01  1.5356014322e-01 -2.3425673477e+00 -2.0117149651e+00  6.7268322103e+00  3.2467031994e-01  1.5817436875e+00  5.3871381149e+00 -1.3886203508e+00  2.8106723265e+00  5.8823955942e+00  1.1996436134e+00 -5.9173004478e-01  3.2547046096e+00 -2.2043168772e+00  1.8746741773e+00  3.7351313425e+00  3.8942155010e-01 -1.5309981850e+00  1.1323027656e+00  1.7293474197e-01 -4.4090590222e+00 -7.3605791205e-01 -1.7146056439e+00 -4.2458524533e+00  1.7284549151e+00 -2.2032311648e+00  2.1853057437e-01
ENERGY -8.555108352299e+02
GRADIENT  3.4116371737e-06  5.1541563531e-06 -1.9084514560e-06  2.2590730345e-05 -2.5842729358e-05  6.8046716066e-05 -3.9512531838e-05 -4.8124091948e-05  3.7698859444e-05  5.0524100786e-05  5.6578220767e-05 -4.1447957832e-05 -1.7360953484e-05  2.9090775980e-05 -4.7904028289e-05  1.7969645266e-05  1.3964384952e-06 -4.2422609841e-05  1.3278422875e-05 -3.6703686734e-06  1.6223716645e-06  4.0454790345e-04 -7.3305062498e-04 -3.2743048777e-04  1.2240813303e-03 -1.4284787649e-03 -7.6346480218e-04 -6.5683176720e-04  6.1455306834e-04  3.8041445468e-04 -9.8122723275e-04  1.5364477488e-03  7.5648131608e-04  1.4085219003e-05  3.7383699247e-07  1.0959950272e-05 -9.0527033871e-07 -3.9365325419e-06  9.2717671715e-06  8.9115357605e-06  1.1475259838e-06  7.0312509115e-06 -7.6008155557e-06 -1.8738466592e-06  2.5925788812e-06  1.1081011678e-05  5.1200851369e-06 -2.1814988601e-06 -6.0902682959e-06 -8.9250163830e-07 -2.9831446668e-06  1.5655134451e-06 -3.1968701461e-06 -6.7087990363e-06 -5.2508757336e-06  9.7542466757e-06  6.0092191096e-06 -3.9963654282e-05 -7.9362368009e-06 -2.5213265831e-05

JOB 11
COORDS  5.7543345273e+00  2.4554304935e-02  1.2132495849e+00  5.0164818374e+00 -9.5341926455e-01  1.8903034253e+00  5.3058648834e+00  4.7045689007e-01 -3.2998435241e-02  3.8524629964e+00 -1.4723738508e+00  1.3270119770e+00  4.1405476008e+00 -3.8675461973e-02 -6.1345414707e-01  1.0063373879e+00 -5.2366382234e-01 -3.5818833608e+00 -4.3149246041e-02 -1.3842553920e+00 -3.4649362122e+00  3.4042999788e+00 -1.0201997086e+00  7.1318544275e-02  1.5610403570e+00 -1.3483324654e+00 -1.6067565296e+00  1.9113862762e+00 -5.0074458438e-01 -2.5379732206e+00  2.2193635013e+00 -1.5950219132e+00 -4.2808385144e-01  7.0850931727e-02 -2.2502131551e+00 -1.9505020611e+00  6.6620305707e+00  4.3016475003e-01  1.6510726956e+00  5.3463217933e+00 -1.3152454142e+00  2.8607073507e+00  5.8688878644e+00  1.2295938568e+00 -5.7029242833e-01  3.2854979484e+00 -2.2329458133e+00  1.8617105315e+00  3.7981694045e+00  3.0987090615e-01 -1.5779698935e+00  1.1709102866e+00  1.3257702102e-01 -4.4299543487e+00 -8.5904498110e-01 -1.5649076514e+00 -4.1512688962e+00  1.7958432776e+00 -2.2889196692e+00  1.7304568393e-01
ENERGY -8.555110763899e+02
GRADIENT -3.1825881044e-05 -2.7948918327e-05  1.1776153266e-05  3.0348747827e-05  1.5730206652e-05  7.4618804708e-06 -1.1983995722e-05 -1.6820871877e-06 -1.7762830729e-05 -2.8504691743e-05 -1.1945219911e-05 -2.1679797449e-05  2.0626857511e-05  3.5689625607e-05 -1.6113947446e-05  2.4230467997e-05  1.2123146121e-05  3.2172610623e-05 -1.2920413960e-06 -1.3432397013e-05  1.3842526771e-05  2.4101581139e-05  3.3489159618e-06  3.2882898338e-05 -3.9217616927e-05 -4.8498154660e-05  5.3981682694e-05  5.1535220761e-06  2.7712129038e-05 -6.6170043418e-05 -5.3974076898e-06 -6.3760182195e-06 -1.5020940373e-05  4.0185657128e-05  1.8344754949e-05  4.3223719688e-06  7.7488242261e-06  5.6322219763e-06  2.5548811522e-06  6.1311057725e-07 -8.6178259768e-06  1.1625961122e-05  7.5783346444e-06  7.9874338692e-06 -4.3620673859e-06  1.5576472882e-06 -7.5977338422e-06  1.4099509472e-05  2.0998430690e-06 -1.5233635768e-06 -7.1569839387e-06  1.0494046636e-06  5.7129027390e-06 -5.9185066901e-06 -3.7951347064e-06 -1.3749732530e-06 -2.0631632113e-06  3.1171971525e-06  6.7109291380e-06  1.0923797236e-05

JOB 12
COORDS  5.7028851348e+00  7.7574056719e-02  1.2430629937e+00  4.9785454293e+00 -9.1844832204e-01  1.9082004614e+00  5.2873464560e+00  4.8371131339e-01 -2.7975159068e-02  3.8585342442e+00 -1.4927314593e+00  1.3100749315e+00  4.1683475811e+00 -8.3683685648e-02 -6.4444176792e-01  1.0145827011e+00 -5.3869270315e-01 -3.5953252292e+00 -1.0467507359e-01 -1.2929747990e+00 -3.4095893569e+00  3.4420801844e+00 -1.0788021666e+00  3.0823189682e-02  1.5952551215e+00 -1.3948253957e+00 -1.6411254539e+00  1.9757309820e+00 -5.9803854901e-01 -2.6044971037e+00  2.3061976634e+00 -1.7151863415e+00 -5.0988793213e-01  5.4459986367e-03 -2.1449600615e+00 -1.8874773079e+00  6.5759494434e+00  5.2636778981e-01  1.7082991770e+00  5.2836142077e+00 -1.2500855641e+00  2.8972967969e+00  5.8417043753e+00  1.2545024987e+00 -5.5760165259e-01  3.3005102342e+00 -2.2654206279e+00  1.8366958690e+00  3.8547580106e+00  2.2979534509e-01 -1.6306663499e+00  1.1959747869e+00  8.8235724411e-02 -4.4619109244e+00 -9.6663731753e-01 -1.4069702354e+00 -4.0525715118e+00  1.8553868769e+00 -2.3726809322e+00  1.1236036937e-01
ENERGY -8.555108351868e+02
GRADIENT  6.9325279802e-06 -1.2697664238e-06  3.9924117839e-06 -9.9324570601e-06  7.8004709801e-06 -2.7501980408e-05  2.9248892522e-05  4.2978511164e-05 -2.9679134230e-05  2.8973434630e-06  9.1006882255e-06  9.6155676919e-06  4.6973423503e-05 -3.2282941396e-05  7.8490880539e-05  3.7253653214e-05 -7.0491096376e-05 -1.2742193770e-05 -3.9179454415e-05  4.8753355196e-05  2.0782210694e-05 -5.8710600115e-04  5.2808980371e-04  4.2376091979e-04 -9.2973985742e-04  1.4834037358e-03  1.0556975039e-03  3.6488226214e-04 -6.7405635277e-04 -4.5302083195e-04  1.1091511029e-03 -1.3179433765e-03 -1.0167415018e-03  1.2812300583e-05  4.0685217869e-06 -3.0991106034e-06  3.1219465123e-06  2.4450627240e-06 -5.5289676724e-06  4.7910701885e-07  1.5803422351e-06 -1.8668601040e-06  1.0903463038e-05  2.4468636698e-06  1.1842340539e-06 -2.5863574339e-06  2.5853021911e-06 -3.3818634266e-06 -3.5688184950e-06 -4.3769988231e-06  1.1382518502e-05 -4.1867837516e-06  3.7826528920e-06  5.4243170473e-06  7.4031657036e-06 -1.3709356022e-05 -7.7865642159e-06 -3.7283190224e-05 -2.1555778592e-05 -3.1248748150e-05

JOB 13
COORDS  5.6417673662e+00  1.2688401844e-01  1.2616243744e+00  4.9352551470e+00 -8.8935699109e-01  1.9147524770e+00  5.2589422243e+00  4.9706944482e-01 -3.0764244656e-02  3.8622429282e+00 -1.5178318167e+00  1.2845935773e+00  4.1900357470e+00 -1.2733059620e-01 -6.7982265856e-01  1.0259399825e+00 -5.7226940185e-01 -3.6186633372e+00 -1.5241604667e-01 -1.2003124243e+00 -3.3449841426e+00  3.4780721369e+00 -1.1385870230e+00 -1.4427492312e-02  1.6349839685e+00 -1.4453178722e+00 -1.6802941617e+00  2.0369367951e+00 -7.1894682559e-01 -2.6890293459e+00  2.3929004626e+00 -1.8319113575e+00 -5.9638953822e-01 -3.8560704648e-02 -2.0189746968e+00 -1.8065820464e+00  6.4774585809e+00  6.1823522422e-01  1.7518511743e+00  5.2159516891e+00 -1.1934660911e+00  2.9197955032e+00  5.8019576315e+00  1.2815691349e+00 -5.5192669495e-01  3.3154689568e+00 -2.3041581465e+00  1.8027304898e+00  3.9055873295e+00  1.5348268229e-01 -1.6850441180e+00  1.2184786844e+00  1.0775932882e-02 -4.5130138912e+00 -1.0575836347e+00 -1.2413309921e+00 -3.9353433120e+00  1.9267733517e+00 -2.4667590035e+00  3.8867442096e-02
ENERGY -8.555100768270e+02
GRADIENT -3.2154030348e-06 -1.2156987400e-06  2.3438961498e-06  1.5075625629e-05 -8.6282271501e-06  1.7712184183e-05 -1.7609325688e-05 -1.5626035525e-05  7.8713260329e-06 -1.4095135577e-05  2.2156197514e-05  4.0215103481e-06  1.9332674151e-05 -2.7574748083e-05 -5.1158445036e-05 -1.0472273588e-05 -1.2559479176e-05 -8.4806469983e-05  2.9606389538e-05  3.6804959550e-05 -1.6937684882e-05 -1.1725750588e-03  8.5209306188e-04  1.1757629777e-03 -1.4779944437e-03  3.1130551986e-03  2.2658017133e-03  4.7890835622e-04 -1.5935121754e-03 -9.4953657070e-04  2.0647467168e-03 -2.3158951349e-03 -2.4277690973e-03  3.0046671953e-05 -4.0201309027e-05  1.5935157392e-05  1.1445143016e-06 -1.9102171871e-06  3.7603216419e-06  2.8357386057e-06  1.5603253232e-06  3.7970474234e-06 -4.1638596508e-07 -3.1635561303e-06 -2.8913299714e-07 -1.0096709732e-06  7.1940458929e-06  7.0422595067e-06 -1.9404483942e-05  7.9536716632e-06 -3.1645327956e-06 -3.4947898384e-06 -2.8743399380e-06 -8.7213714313e-06 -8.4451740001e-06  2.2064401569e-05  2.1186676449e-05  1.0548301962e-04 -2.9903792826e-05  5.9116200507e-05

JOB 14
COORDS  5.5849112769e+00  1.7338471176e-01  1.2859193244e+00  4.9041250400e+00 -8.6896852625e-01  1.9243972675e+00  5.2249048876e+00  5.2109603328e-01 -1.9604605531e-02  3.8760390806e+00 -1.5459099960e+00  1.2684954996e+00  4.2032968380e+00 -1.5319859891e-01 -6.9381898274e-01  1.0489696809e+00 -6.1910913887e-01 -3.6378613232e+00 -1.7614013639e-01 -1.0818957036e+00 -3.2557752405e+00  3.5145070476e+00 -1.1880386030e+00 -4.1755743080e-02  1.6825021581e+00 -1.4844876331e+00 -1.7039792723e+00  2.0978330025e+00 -8.6160633007e-01 -2.7739394468e+00  2.4775212255e+00 -1.9284628551e+00 -6.6209990698e-01 -5.4170706468e-02 -1.8349966446e+00 -1.6878221438e+00  6.3847906234e+00  7.0189827197e-01  1.7967954576e+00  5.1687792796e+00 -1.1557376972e+00  2.9388581256e+00  5.7501759264e+00  1.3242748883e+00 -5.3039666302e-01  3.3476277257e+00 -2.3517826159e+00  1.7754576598e+00  3.9413333417e+00  1.0513449448e-01 -1.7118799378e+00  1.2482248878e+00 -1.0514918443e-01 -4.5721672225e+00 -1.1166534830e+00 -1.0406385617e+00 -3.7882963957e+00  1.9981176774e+00 -2.5489695081e+00 -2.1387799727e-02
ENERGY -8.555087901225e+02
GRADIENT -2.1122500753e-05 -2.0677263522e-05 -7.6386701502e-06 -2.7862601963e-05  3.9383706059e-05 -1.1223769726e-04  4.3086109720e-05  6.3095873419e-05 -3.2077741114e-05 -1.0445989971e-04 -1.6551927362e-04  7.9020310928e-05 -8.3745093134e-06  2.2146045693e-05 -9.2855835595e-07 -2.3570727301e-05 -6.5633885712e-06  1.7218997626e-04 -9.9843918899e-05 -3.6006581715e-05 -8.3705453589e-05 -1.6708959137e-03  1.0543410936e-03  1.8402776192e-03 -1.6192017042e-03  4.5435733364e-03  3.1675749955e-03  3.6803033181e-04 -2.6251121885e-03 -1.4290792994e-03  3.2313082239e-03 -2.9513881779e-03 -3.5010791965e-03  4.0265982780e-05  1.4773156942e-04 -2.8678360283e-05  1.0254398748e-06  6.0511539903e-06 -1.2939946715e-05 -1.7970100526e-05 -9.8443028375e-06 -1.1050546474e-05  4.2492836588e-06  5.2261058074e-06 -6.1302960178e-06 -1.2325055768e-05 -2.1424199336e-05  1.2476123001e-05  2.4444797405e-05  8.5163213973e-06  4.0927344253e-06 -6.7047448660e-06  2.0577999192e-05  2.3425835586e-05  2.2705580878e-06 -4.2728980207e-05 -3.6113626951e-05 -1.0650580071e-04 -8.8893957545e-06 -5.2367854457e-05

JOB 15
COORDS  5.5384435196e+00  2.2175379677e-01  1.3188486968e+00  4.8985317237e+00 -8.5139683354e-01  1.9477189393e+00  5.1855648640e+00  5.4768370084e-01  5.2617339135e-03  3.9161676097e+00 -1.5802107887e+00  1.2757488706e+00  4.2113173304e+00 -1.7888429486e-01 -6.8375837016e-01  1.0897258563e+00 -7.1630850782e-01 -3.6411907196e+00 -1.5364224503e-01 -9.6551290637e-01 -3.1342137690e+00  3.5623060979e+00 -1.2439312197e+00 -4.1065511060e-02  1.7515767167e+00 -1.5465059445e+00 -1.7006772290e+00  2.1594670838e+00 -1.0632407432e+00 -2.8424017212e+00  2.5756988575e+00 -2.0320131788e+00 -6.9174069299e-01 -8.6130859393e-03 -1.6255635913e+00 -1.5304954668e+00  6.3015757092e+00  7.9066920600e-01  1.8423812250e+00  5.1586135513e+00 -1.1220779230e+00  2.9677980961e+00  5.6802029628e+00  1.3740911983e+00 -4.9897732370e-01  3.4186023790e+00 -2.4098283004e+00  1.7753998048e+00  3.9593057431e+00  6.1608686085e-02 -1.7096685918e+00  1.2818821802e+00 -3.0007039465e-01 -4.6243122553e+00 -1.1189958850e+00 -8.2107545183e-01 -3.6006360126e+00  2.0947889119e+00 -2.6504285719e+00 -4.9071329350e-02
ENERGY -8.555070451467e+02
GRADIENT  1.3812693388e-04  1.1015793753e-04  1.0212619613e-04 -3.2763310199e-05  3.3455607665e-05 -1.3511530284e-04 -9.0267330262e-05 -1.5120775940e-04  7.2666649148e-05 -3.6249393176e-05 -7.3250169017e-05  4.4312492347e-05 -9.0414292264e-05 -2.7075037827e-05 -8.9308905730e-05 -6.3550258981e-05 -5.7594136850e-05  3.3737854934e-05 -8.5735597903e-05  8.6116555555e-05 -1.2325950926e-04 -2.1751087783e-03  8.7330273335e-04  2.2166120178e-03 -7.7773989086e-04  5.6800151467e-03  3.5218493945e-03 -1.3920352881e-04 -3.2871326111e-03 -1.4350563838e-03  3.2021012722e-03 -3.1171926605e-03 -4.2589255740e-03  8.3125449676e-05 -6.7432251680e-05 -4.7031867658e-05  1.0190091407e-05  1.0713179213e-05  1.1319866489e-05  1.5050868001e-06  1.0211544926e-05 -1.9336651999e-05 -1.1568058025e-05 -1.4324983976e-05  1.1968845709e-05 -5.8119358231e-06 -4.0340405590e-06 -9.9766222672e-06 -4.2261094246e-05 -6.2390238307e-06 -4.8261894203e-05 -1.0129583187e-05 -1.0770073847e-05 -1.1661566441e-05 -1.3034686448e-05  3.2172335834e-05  1.1004299441e-05  8.6654992966e-05  4.4793399734e-06  6.3791952496e-05

JOB 16
COORDS  5.4773453041e+00  2.5864131253e-01  1.3258735320e+00  4.9020911005e+00 -8.5859220138e-01  1.9400749088e+00  5.0953632682e+00  5.9041745298e-01  2.1682625400e-02  3.9540089459e+00 -1.6275254039e+00  1.2628461436e+00  4.1536554104e+00 -1.7479401594e-01 -6.7016089198e-01  1.1011892959e+00 -8.5021302755e-01 -3.6720578046e+00 -1.1351123410e-01 -8.1536674856e-01 -3.0449124197e+00  3.5707243938e+00 -1.2866586217e+00 -4.3993627321e-02  1.7864014740e+00 -1.6006145362e+00 -1.7065976560e+00  2.1615948993e+00 -1.3105886830e+00 -2.9215957422e+00  2.6245440801e+00 -2.1107637018e+00 -7.1214714456e-01  6.4345832951e-02 -1.3336849042e+00 -1.3978367462e+00  6.2135048023e+00  8.5821084469e-01  1.8537128519e+00  5.1866768078e+00 -1.1336027630e+00  2.9524911751e+00  5.5395619087e+00  1.4518221084e+00 -4.7081612717e-01  3.5081907804e+00 -2.4935554896e+00  1.7492000399e+00  3.8807670126e+00  7.3828631873e-02 -1.6896004008e+00  1.2695130170e+00 -5.7384469298e-01 -4.7073658552e+00 -1.0775980084e+00 -5.4176785124e-01 -3.4531490433e+00  2.1419746830e+00 -2.7310161911e+00 -7.1619852367e-02
ENERGY -8.555051505789e+02
GRADIENT -1.1860803614e-04 -9.4764290188e-05 -8.2146614060e-05  3.2447678283e-05 -1.9817987167e-05  1.1445636626e-04  2.9306784470e-05  3.8871319714e-05 -1.3817081379e-05 -5.2354486292e-06 -7.4597388014e-05  1.4036987121e-05 -8.7809044167e-05  2.6098323851e-05 -9.2985373572e-05  2.7792665908e-06 -1.3604868423e-05 -1.6112041778e-04  9.2969779066e-05  1.1429619138e-04  9.2371238946e-05 -1.9256644728e-03  7.7205099556e-04  2.0841936184e-03  1.4045666432e-04  5.2953362619e-03  2.6264107695e-03 -8.4408080160e-04 -3.1799897625e-03 -1.0074571116e-03  2.6686236523e-03 -2.6838844676e-03 -3.6231282998e-03 -2.4336652166e-05 -1.8156127566e-04 -3.3142465735e-06 -1.3549299348e-05 -1.3097106446e-05 -5.2828616323e-06 -9.4562781647e-06 -1.8954546427e-05  9.2032552688e-06 -1.1841754560e-05  6.6857593112e-07 -2.0093560232e-05  8.3698522930e-06 -8.0160959951e-06  1.3795931663e-05  1.0763789230e-05  2.6510074390e-05 -1.6242797205e-05 -7.5609253238e-06 -1.6879922482e-05 -2.3255191889e-05  1.2385408113e-05  2.6853891996e-05  6.5900095727e-06  6.6818363718e-06  3.4982952097e-05  3.4397926969e-05

JOB 17
COORDS  5.4981846277e+00  1.8856355603e-01  1.2362489455e+00  5.1074995406e+00 -1.0549876617e+00  1.7470793895e+00  4.7967951595e+00  7.2967851398e-01  1.5546245516e-01  4.0261063858e+00 -1.7396251113e+00  1.1926804908e+00  3.7216363712e+00  4.4169954390e-02 -4.1801064444e-01  1.1096904450e+00 -1.3290322901e+00 -3.7536988035e+00  1.6694328885e-01 -4.5681925264e-01 -3.2793384075e+00  3.3271774265e+00 -1.1970031895e+00  1.0162907257e-01  1.5973192558e+00 -1.5134131041e+00 -1.6046484789e+00  1.9229367443e+00 -1.9110132541e+00 -2.8047818880e+00  2.2152302638e+00 -1.9216966233e+00 -4.1369772489e-01  2.5763178040e-01 -3.7563934151e-01 -1.5505280337e+00  6.3366271289e+00  7.2397774837e-01  1.6726014575e+00  5.6410233803e+00 -1.4919831819e+00  2.5874020249e+00  5.0925734048e+00  1.6905270849e+00 -2.5821946851e-01  3.7135928279e+00 -2.6959364392e+00  1.6066927479e+00  3.2040467970e+00  4.6885692341e-01 -1.2718083223e+00  1.2600224339e+00 -1.5711834207e+00 -4.8002109547e+00 -5.5194501505e-01  1.2725941660e-01 -3.8392598292e+00  2.3847736903e+00 -2.9231503478e+00 -4.2135986918e-01
ENERGY -8.555048991009e+02
GRADIENT -1.0740675880e-04 -7.4479787050e-05 -5.6988026888e-05  1.0975610127e-04 -8.3359229462e-05  1.6054742150e-04  3.6575174117e-06  9.8745267342e-05 -7.2158109134e-05  8.9993264504e-05  2.4351299730e-04 -5.5561479468e-05  2.0543930694e-04  1.7031513498e-05  1.3851984075e-04  1.3578825408e-04  1.2544944043e-05 -3.7623135955e-06  2.2674159769e-05  7.9970133034e-07  9.1800130002e-05  1.2374371603e-03 -1.2783953980e-03 -1.1452590436e-03 -1.8707561857e-03 -3.6571051780e-03 -2.1489097576e-04  1.6120398772e-03  1.8942161827e-03 -2.0754126593e-04 -1.2215215785e-03  2.8634402725e-03  1.2949964850e-03 -1.0293155663e-04  2.1749713227e-05  3.4842173732e-05 -1.1148372600e-05 -1.2464807548e-05  4.6155000202e-06  2.0619033200e-05 -6.3920628798e-06  2.2992076885e-05  9.0515477088e-06  2.0312793821e-05 -1.3819143835e-06 -2.1122610067e-06  1.9489583519e-05 -4.5083723278e-06 -8.0156300067e-06 -3.1141927715e-05  2.3783344210e-05 -3.4733822829e-06 -1.8913597907e-05  2.1428984275e-06 -1.1083753170e-05 -1.9711198722e-06  2.1502348248e-05 -6.3239283142e-05 -3.8215692958e-05  5.3742578078e-05

JOB 18
COORDS  5.4730915148e+00  2.1259186961e-01  1.3146645683e+00  5.0785714501e+00 -1.0413135163e+00  1.7964811899e+00  4.8132804412e+00  7.5424340775e-01  2.0838757951e-01  4.0316604741e+00 -1.7348756207e+00  1.1897820455e+00  3.7748823620e+00  5.9100958617e-02 -4.1893728100e-01  9.5513917976e-01 -1.4227732386e+00 -3.7500320408e+00  1.5594839311e-01 -4.2665421627e-01 -3.2619974201e+00  3.3750096615e+00 -1.1913670840e+00  7.3163096544e-02  1.6392774302e+00 -1.5072469273e+00 -1.6480260595e+00  1.8014368320e+00 -2.0199907060e+00 -2.8380073190e+00  2.3075499964e+00 -1.9397496184e+00 -5.0032806916e-01  4.2241357171e-01 -2.3709162698e-01 -1.5560363429e+00  6.2830209644e+00  7.5590383288e-01  1.7931003416e+00  5.5801507266e+00 -1.4781222635e+00  2.6562530750e+00  5.1142155005e+00  1.7223791111e+00 -1.8390321590e-01  3.7117631984e+00 -2.6978811700e+00  1.5815158662e+00  3.2923934687e+00  4.8399592066e-01 -1.2926437300e+00  9.7870903026e-01 -1.7482946921e+00 -4.7843834346e+00 -5.4624719696e-01  1.9893746785e-01 -3.7974607889e+00  2.5308542924e+00 -2.9276651695e+00 -5.7812183488e-01
ENERGY -8.555063235671e+02
GRADIENT -5.6924173703e-05 -3.4081991530e-05 -3.8697949822e-05 -5.8035584932e-06 -2.4392973345e-06  2.2751335442e-06  3.5112871446e-05  6.8592656219e-05 -2.2947986427e-05 -7.3252576291e-06 -4.7421891256e-05  3.4723892995e-05 -3.3631098767e-06  1.6895554124e-05  1.4551622589e-05  3.4226249149e-05 -2.8284423760e-05 -1.3981415447e-04  6.8136454597e-05 -5.5583281269e-05  1.5447058863e-04  1.6154431053e-03 -1.2317556577e-03 -1.4100380281e-03 -2.3903843352e-03 -3.2288903801e-03 -1.0987128904e-04  2.0342606361e-03  1.7440249854e-03 -4.2104435446e-04 -1.3319711220e-03  2.7898250247e-03  1.9018824714e-03 -3.0654306465e-05  4.1844799052e-05  5.1797370709e-05 -8.3113836243e-06 -7.3007908501e-07 -4.5141676803e-06 -4.3217553053e-06 -9.1373700909e-06 -2.4677593837e-06 -2.9136303993e-06  6.3009628125e-06 -7.8716521968e-06  6.4322028095e-06 -1.6364478574e-05 -1.0946213917e-06  2.7150369093e-05  1.0940445400e-05  7.7162690461e-07  1.2218351482e-05 -5.2655809062e-06 -1.1509440243e-05  1.5567738698e-05 -1.5219372070e-05 -1.3751358938e-05  1.6447569132e-05 -1.2356460540e-05 -7.7206096418e-06

JOB 19
COORDS  5.4558143884e+00  2.2184481521e-01  1.3953252351e+00  5.0561319958e+00 -1.0483048388e+00  1.8274738962e+00  4.8359559191e+00  7.8543229048e-01  2.7690493063e-01  4.0428055185e+00 -1.7357438626e+00  1.1601535364e+00  3.8320896766e+00  9.6987131927e-02 -4.1077529728e-01  8.0036349580e-01 -1.5241372888e+00 -3.7421747466e+00  1.5253231744e-01 -4.1125980116e-01 -3.2877573014e+00  3.4254770709e+00 -1.1701808372e+00  3.1591978027e-02  1.6885271398e+00 -1.4865385485e+00 -1.7159517802e+00  1.6765103028e+00 -2.1214362018e+00 -2.8581471500e+00  2.4008942791e+00 -1.9215218361e+00 -6.0491318266e-01  6.1049179306e-01 -9.1390651226e-02 -1.6391640487e+00  6.2387427457e+00  7.6095419762e-01  1.9210705434e+00  5.5264780339e+00 -1.5025978851e+00  2.6957382625e+00  5.1420559628e+00  1.7662849215e+00 -7.7923620462e-02  3.7177567153e+00 -2.7117812316e+00  1.5133049562e+00  3.3831013070e+00  5.4072563185e-01 -1.2925326822e+00  6.8939086136e-01 -1.9422770947e+00 -4.7368014210e+00 -5.3218415414e-01  2.3837011332e-01 -3.8169064561e+00  2.6266666037e+00 -2.9073091433e+00 -6.9571855884e-01
ENERGY -8.555077452705e+02
GRADIENT -4.3116178546e-05 -3.7885759304e-05 -2.4068127386e-05  9.1646444793e-06  7.6723858559e-07  1.4271773054e-05  1.9737525728e-05  9.0365746156e-05 -3.7582267113e-05  2.1557344745e-06 -4.4342050223e-06 -2.4717915580e-06  2.1637234485e-05 -3.9283758438e-05  7.4964990440e-05  7.8892716050e-05  3.0686619482e-05  1.4625101832e-04 -3.5218613617e-05  4.4344903506e-05  1.2781517956e-05  1.5515845326e-03 -1.0781126276e-03 -1.4373879290e-03 -2.2402928076e-03 -2.5556496828e-03  3.2088860635e-04  2.1139322462e-03  1.2140993745e-03 -6.9072228072e-04 -1.4180092492e-03  2.2617219471e-03  1.5568056664e-03 -8.3538661533e-05  4.7421722434e-05 -3.3241352705e-05 -7.9840725605e-06  3.4932125976e-06 -7.4356394760e-06 -1.1623330551e-06 -3.9768984330e-06  1.1985102108e-06  3.9079230474e-07  1.0246104929e-05 -3.6035093867e-06  3.5143325063e-06  1.5876569398e-07 -1.3838641230e-06 -4.2562475176e-06 -4.5927257486e-06 -9.7526319132e-07  1.2191389898e-05 -1.3179082936e-05  1.7561171524e-05  2.6835615191e-06  5.0193684770e-06 -7.3081009159e-06  1.8149844789e-05 -8.2783704023e-06  9.9777006768e-05

JOB 20
COORDS  5.4611685167e+00  1.9647656197e-01  1.4599580831e+00  5.0711212941e+00 -1.1009057417e+00  1.8131025337e+00  4.8405945365e+00  8.1997417099e-01  3.7468137239e-01  4.0682665841e+00 -1.7559794164e+00  1.1005366460e+00  3.8434716336e+00  1.6681412203e-01 -3.5603088357e-01  6.0441164987e-01 -1.6443740609e+00 -3.6803312541e+00  1.5713099787e-01 -3.9710690409e-01 -3.3550297795e+00  3.4460341897e+00 -1.1294696261e+00  5.5779224627e-03  1.6968941320e+00 -1.4458079536e+00 -1.7648880477e+00  1.4806424584e+00 -2.2303614451e+00 -2.7897851388e+00  2.4359850908e+00 -1.8545051305e+00 -6.6880394985e-01  8.2642612452e-01  8.9975727180e-02 -1.8205845831e+00  6.2370129719e+00  7.0997399983e-01  2.0204854865e+00  5.5427738861e+00 -1.6037260917e+00  2.6534214647e+00  5.1384454887e+00  1.8229743888e+00  7.9868912156e-02  3.7561399552e+00 -2.7566321786e+00  1.3915940134e+00  3.3986005732e+00  6.6284823206e-01 -1.2108358869e+00  3.3862247372e-01 -2.1798993434e+00 -4.5854068341e+00 -4.8352266708e-01  2.6579411867e-01 -3.9212506088e+00  2.5941581017e+00 -2.8563877794e+00 -7.0314134578e-01
ENERGY -8.555089835151e+02
GRADIENT -2.8414855686e-04 -2.1920202267e-04 -1.8720777937e-04  8.3675730680e-05 -4.9718591797e-05  1.3868837007e-04  1.1880351093e-04  4.7703850756e-04 -1.5607413219e-04  1.6427760381e-05  3.9753925891e-06 -2.8308166137e-05  1.2926586675e-04 -1.2523492094e-04  3.3315395058e-04 -1.9080527835e-04 -6.0073029261e-05  1.1144919972e-05  1.1235501932e-04  2.1350836640e-05 -1.0795737844e-05  1.3192912605e-03 -9.1673733264e-04 -1.3059894943e-03 -1.6213437309e-03 -1.7423466546e-03  4.6906705979e-04  1.7598414313e-03  8.0320478740e-04 -9.1470320575e-04 -1.3436135605e-03  1.8306905517e-03  1.7628930153e-03 -1.2806598727e-04 -3.5764108621e-05  4.5347447595e-05 -3.9266002576e-05  3.8201565237e-06 -3.5474104444e-05 -5.3531387646e-06 -3.3662792904e-05  9.8992705184e-06  6.9280725824e-06  5.3859368568e-05 -1.0877212102e-05  2.0012288491e-05 -2.0880587219e-06 -2.2932268262e-07  5.7768316440e-05  8.6684661973e-06  3.9495794688e-05 -2.6820757120e-05 -2.0645879677e-05  1.5273877832e-05  5.5896039724e-05  3.5210078505e-06 -5.7976224067e-05 -4.4087962340e-05 -2.9595185533e-05 -1.0829118929e-04

JOB 21
COORDS  5.4309796726e+00  2.0995120230e-01  1.5323755004e+00  5.0622048839e+00 -1.1092007341e+00  1.8231445668e+00  4.8304314805e+00  8.5568161146e-01  4.4928490989e-01  4.1019915847e+00 -1.7621245214e+00  1.0535246090e+00  3.8741763035e+00  2.0780781319e-01 -3.3869565890e-01  4.7407830229e-01 -1.7227982352e+00 -3.6180873016e+00  1.8170545386e-01 -4.0824035424e-01 -3.4018862279e+00  3.4967690663e+00 -1.1108063523e+00 -3.8224661378e-02  1.7478119240e+00 -1.4446438171e+00 -1.8283624267e+00  1.3606885949e+00 -2.3056582574e+00 -2.7375892415e+00  2.5366159239e+00 -1.8365834189e+00 -7.6830163505e-01  1.0393307536e+00  1.6467715185e-01 -1.9936792847e+00  6.1739809902e+00  7.2135873498e-01  2.1374666824e+00  5.5186544324e+00 -1.6320250594e+00  2.6595781798e+00  5.1119031240e+00  1.8756640770e+00  2.0044800360e-01  3.8097066484e+00 -2.7815389683e+00  1.2965508872e+00  3.4524911492e+00  7.2598966874e-01 -1.1916589569e+00  7.5356482291e-02 -2.3179804984e+00 -4.4326871404e+00 -4.4043085791e-01  2.5823706893e-01 -3.9840170760e+00  2.6408677670e+00 -2.8451414716e+00 -7.4458705993e-01
ENERGY -8.555099158395e+02
GRADIENT  1.0264303632e-04  7.5390218667e-05  7.2096940776e-05 -1.0620038333e-04  1.0672195700e-04 -1.8551511694e-04  1.8950455601e-05  2.7938682400e-06  1.4166454638e-05 -4.2751880408e-05 -1.5950705014e-04  5.2911262697e-05  6.0462117602e-06 -5.7023847749e-05  6.5957648767e-05 -6.9519593983e-05 -1.7878379946e-04 -2.1589876858e-04  1.4767339724e-04 -1.0884408104e-04  2.5389465195e-04  1.0506360925e-03 -3.7484895241e-04 -8.5451931367e-04 -9.6652663388e-04 -5.6831710307e-04  4.5780166586e-04  1.1010272746e-03  3.4090743408e-04 -6.7982908375e-04 -1.2790387444e-03  7.7494448820e-04  9.3389861329e-04 -1.3639793376e-05  1.9401998185e-04  7.8650790913e-05  3.8045866877e-06  2.5245745965e-05  5.8203600111e-06 -7.9074189291e-06  9.3851195857e-06 -2.2680628174e-05  1.7482552356e-06  3.3950963826e-06  1.6912132835e-05 -7.7508421048e-06 -1.9830330113e-05 -1.5717328341e-05  3.8898553047e-06 -5.8831441992e-07  4.6914168818e-06 -2.2908428116e-05 -1.6953495287e-05  6.7928674583e-07  5.3159122954e-05 -1.9217203097e-05 -3.2709120275e-05  8.1776084224e-05 -1.0062947293e-05  2.6610035818e-05

JOB 22
COORDS  5.3817323178e+00  2.1976455163e-01  1.5935244905e+00  5.0294713547e+00 -1.1132533303e+00  1.8387407360e+00  4.8189576796e+00  8.7741431288e-01  4.9760267532e-01  4.1208987614e+00 -1.7685491905e+00  1.0114126769e+00  3.9142513804e+00  2.2794394527e-01 -3.4763119355e-01  3.5978057887e-01 -1.7464507325e+00 -3.5474472363e+00  1.9922998102e-01 -3.9770312252e-01 -3.4259531397e+00  3.5495309925e+00 -1.1045628310e+00 -9.2110993418e-02  1.7956085612e+00 -1.4459003426e+00 -1.8888560416e+00  1.2591942402e+00 -2.3382213969e+00 -2.6876003933e+00  2.6500028226e+00 -1.8338953109e+00 -8.8348191987e-01  1.2246298061e+00  2.0422253847e-01 -2.1461090530e+00  6.0848708749e+00  7.3264056107e-01  2.2432527736e+00  5.4584023868e+00 -1.6451577985e+00  2.6839502786e+00  5.0904157808e+00  1.9078639048e+00  2.8324333865e-01  3.8418974855e+00 -2.7996757691e+00  1.2183114381e+00  3.5282266757e+00  7.5635771328e-01 -1.2107692212e+00 -1.5772278180e-01 -2.3658370914e+00 -4.2723692217e+00 -4.1942909810e-01  2.7469524094e-01 -4.0047497810e+00  2.6911205687e+00 -2.8433423175e+00 -7.9934763471e-01
ENERGY -8.555104342378e+02
GRADIENT -1.6248595060e-04 -1.1637165653e-04 -1.5004337684e-04 -1.8589301020e-05  2.4274214712e-05 -3.8653240009e-05  1.0984802433e-04  3.3210568130e-04 -4.8790142255e-05 -5.7461699220e-05 -2.6776713774e-04  4.1830515945e-05  1.6558107434e-05 -8.9076989257e-05  9.6019546203e-05  9.6403442303e-05 -1.7915030867e-05 -1.1582677734e-04 -9.2734221130e-05 -3.8207254717e-05  7.1874103144e-05  5.7265410331e-04  1.7869226544e-06 -4.2604331576e-04 -3.7286853338e-04 -5.5198041350e-05  3.8527284309e-04  3.5899967343e-04  4.5601137134e-05 -4.3130380750e-04 -6.0084095874e-04  1.9087217869e-04  6.7820728368e-04  2.0228799846e-04 -4.6271072053e-05 -1.0067604923e-04 -1.6057027353e-05  8.2340295044e-06 -3.1503877267e-05 -1.5837278460e-05 -2.6448552691e-05 -1.2109401717e-05  2.5008760519e-06  3.4109026191e-05 -1.7725733151e-05 -3.3381589041e-06 -3.0921152817e-05  1.1381829978e-05 -4.5474377058e-06  2.7940960168e-05  2.4808317474e-05  2.0102947046e-05  4.0713481379e-06 -2.9164572276e-05 -6.3628215752e-05 -1.0694434120e-05  7.5134069596e-05  3.3268077353e-05 -4.0161567471e-06  3.2205996839e-05

JOB 23
COORDS  5.3144546697e+00  2.4603501462e-01  1.6553013807e+00  4.9598970625e+00 -1.0898610875e+00  1.8789806145e+00  4.8345855676e+00  8.9147020123e-01  5.1317919082e-01  4.1267168773e+00 -1.7595818735e+00  9.8559106181e-01  4.0099869347e+00  2.2673986121e-01 -3.9879588890e-01  2.8422452806e-01 -1.7318620370e+00 -3.4597033767e+00  1.9510269676e-01 -3.7420257304e-01 -3.3701825724e+00  3.6366984620e+00 -1.1071395473e+00 -1.6227044427e-01  1.8739727479e+00 -1.4489789092e+00 -1.9454473095e+00  1.2288543690e+00 -2.3393829034e+00 -2.6613735557e+00  2.8234532317e+00 -1.8467840041e+00 -1.0331020440e+00  1.3587156008e+00  2.1807906468e-01 -2.2084370229e+00  5.9572852101e+00  7.7051176396e-01  2.3562630518e+00  5.3255353768e+00 -1.6121270940e+00  2.7592083286e+00  5.1129591390e+00  1.9231472774e+00  3.1440550854e-01  3.8423943827e+00 -2.7923284481e+00  1.1764140449e+00  3.6959225813e+00  7.4097306149e-01 -1.2992378999e+00 -3.2648304750e-01 -2.3482158201e+00 -4.1109975581e+00 -4.4888674124e-01  3.0827834268e-01 -3.9080400649e+00  2.8199500905e+00 -2.8527423795e+00 -9.0754456645e-01
ENERGY -8.555106036971e+02
GRADIENT -5.2477477707e-06 -1.1435071339e-05 -5.8983272629e-06 -1.0205013236e-05  2.3317129788e-05 -2.7469895405e-05  9.7952144101e-06  2.0991459468e-05 -8.2171472789e-06 -3.1233673842e-05 -6.0032533997e-05  9.9346639821e-07 -8.5864116023e-06  2.0351149985e-06  6.9485648596e-07 -7.1378957986e-05 -1.4085615354e-04 -2.0503647777e-04  8.2417706494e-05 -1.0080298989e-04  2.4967377389e-04  8.1163778481e-05  3.8886259980e-05 -1.1326111344e-05 -7.7029764404e-05  1.1047984498e-04 -1.3887714408e-05  5.7019453296e-05  6.6717613539e-05 -7.8967226891e-06 -1.0214093373e-04 -8.0850827139e-05  1.8353800835e-06  4.4517185588e-05  1.5769555172e-04  1.5417087399e-05 -4.3777300212e-06  2.4570282772e-06 -2.0589421486e-06 -4.5857294309e-06 -3.9159906708e-06 -5.8609878512e-06 -1.1412841742e-06  8.0649870599e-07 -3.0473356285e-06 -3.6625832012e-06 -9.4763135567e-06  1.7971430200e-06 -5.5589941488e-07 -3.0851442521e-06  7.6005737350e-07 -2.4539950972e-05 -1.5590464683e-05  4.7028311965e-06  3.4340451625e-05 -1.9595886384e-05 -2.8170057706e-05 -2.1547967088e-06 -1.0164148955e-05  2.8824542806e-05

