JOB 0
COORDS -1.5523654474e+00  7.7362885462e-01  6.8467834967e-01  2.2105777608e+00  8.2180614472e-01  3.3701812018e-01  1.0925649755e-01 -2.8090720635e+00 -1.7091681544e-01 -3.0672752069e+00  1.1262141609e+00  9.1774542681e-01 -1.2793496978e+00  2.5853705937e-01 -5.5356837134e-01 -7.3790144830e-01  9.1597834076e-01  1.5734307931e+00  6.8262615893e-02 -7.7348075915e-01 -2.4829958155e+00  1.3008202926e+00  7.9004985194e-01 -7.9684113493e-01  6.4058884606e-01 -1.4710886333e+00 -9.8806236074e-03  2.4202503302e-01 -3.4946887710e-01 -1.0812354441e+00 -3.9625402634e+00 -4.4308167484e-01  1.0233531537e+00 -3.2643477809e+00  2.0409271971e+00  2.4212669216e+00 -3.7108524213e+00  2.0889461416e+00 -4.7018799936e-01  2.7670162612e+00  1.7525636477e+00  2.2993161346e-01  2.8870367005e+00 -3.3101301958e-02  2.8855455061e-01  1.6435993034e+00  8.1604011042e-01  1.2672469012e+00  6.2452611215e-01 -3.4256237005e+00  5.6512527951e-01  3.0358814639e-01 -3.1735662018e+00 -1.1813115939e+00 -9.6568249701e-01 -2.8105190398e+00  3.2153413657e-02 -2.0102716825e+00  2.4488572155e-01 -1.2590469226e+00
ENERGY -2.234291572782e+03
GRADIENT -4.0328740449e-05  5.9925276320e-05  2.4155358940e-04 -5.4349635032e-05 -4.2280757088e-05 -1.0800071396e-04  1.0821882076e-03 -2.2608893773e-04 -7.5449659739e-04  5.6544245684e-05  1.2106645710e-04 -5.6046913655e-05  1.4475164050e-04 -1.0052171064e-04 -1.9049166432e-04 -2.3939910120e-05 -5.2957099231e-06 -8.2739125830e-05  2.6913793289e-05 -2.1076901247e-06 -5.8477112453e-05  7.7892898322e-04 -3.3715905994e-04 -6.3075403892e-04 -1.4063502795e-03  3.1552652119e-04  9.3062035863e-04 -5.9143804554e-04  4.0272340972e-04  6.2249723858e-04 -3.0541388839e-05 -6.0346538954e-05 -4.2168884212e-06 -1.6443276472e-05 -1.7857894381e-05 -1.7007516754e-05  1.2894585933e-05 -4.4258089788e-05  3.2015427346e-05 -5.9526295155e-06  1.1389343623e-05  2.3275602831e-05  3.8209939338e-06  1.7216120027e-06  1.3206708164e-05 -8.1636540332e-07  8.9310100219e-06  1.9443245999e-05 -4.1431978429e-06 -2.5422890646e-05 -3.7297293916e-06 -4.3546522083e-06 -9.7202934888e-06  3.1678869679e-07 -1.0810530172e-05 -1.2611815677e-05  1.9599382151e-05 -1.8102811128e-05 -1.4240136607e-05  4.6779347500e-06

JOB 1
COORDS -1.5807833635e+00  8.2620847402e-01  7.1815398615e-01  2.1811473756e+00  7.4317982483e-01  3.4294548997e-01  2.6893723954e-01 -2.9177304005e+00 -2.0179712449e-01 -3.0768374300e+00  1.2549555218e+00  9.4396145336e-01 -1.3382945915e+00  2.5107077408e-01 -5.0009138946e-01 -7.5255845526e-01  9.7181111810e-01  1.5933963397e+00 -1.7415008691e-02 -8.7015932267e-01 -2.4062995047e+00  1.2379698503e+00  7.2135806821e-01 -7.6210443262e-01  5.3642003081e-01 -1.5205495057e+00  7.8067196765e-02  1.6148774386e-01 -4.1103725577e-01 -1.0157149653e+00 -4.0476845781e+00 -2.6350625366e-01  1.0982889350e+00 -3.2249824891e+00  2.2240804263e+00  2.4189653932e+00 -3.6757700870e+00  2.2056629977e+00 -4.7242104692e-01  2.7603829269e+00  1.6559962431e+00  2.0598975682e-01  2.8326420145e+00 -1.3083498092e-01  2.9000012988e-01  1.6414055473e+00  7.6780073198e-01  1.2890907721e+00  8.3084335015e-01 -3.4822201861e+00  5.4211652596e-01  5.9759891934e-01 -3.1736421493e+00 -1.2102402029e+00 -8.0005821888e-01 -3.1199350231e+00 -9.2865912034e-02 -2.0775980308e+00  2.2481667854e-01 -1.1964201052e+00
ENERGY -2.234290521979e+03
GRADIENT -7.9008090350e-05  1.5079224669e-04  3.2640742885e-04  2.2966458037e-06 -6.6410423590e-05 -1.2619520950e-04  1.7470532500e-03 -1.8761713267e-04 -9.0156016910e-04  9.3335545066e-05  1.3537975735e-04 -5.2708790253e-05  2.8292299157e-04 -1.6396597619e-04 -2.8519927869e-04 -3.8779281512e-05 -4.7821476912e-05 -1.0729139672e-04  3.3966565145e-05 -7.2196812006e-05 -1.3504940704e-04  9.8299544306e-04 -6.3521831679e-04 -8.8824441957e-04 -2.2084855318e-03  2.5732727429e-06  1.1079280581e-03 -7.4369616384e-04  1.0593683707e-03  9.1429089205e-04 -2.8938429658e-05 -5.8417958347e-05 -3.2779200711e-06 -1.8423841027e-05 -2.3476151073e-05 -3.4218631398e-05  5.0589421616e-06 -5.3089545931e-05  4.6513426618e-05 -9.4663789029e-06  1.8365119501e-05  2.8222170366e-05  1.4725706835e-06  3.9114133136e-06  4.6589984700e-06  5.6090029575e-07  1.7948439389e-05  1.0504479746e-05 -1.5394380335e-05 -7.8768396188e-06  1.3277260348e-05 -3.0569012152e-06  1.1893855272e-05  7.1732960336e-06 -5.8243938087e-06 -9.9332270424e-06  8.5338681463e-06 -1.7565008138e-05 -2.8058364523e-05  6.0147584631e-06

JOB 2
COORDS -1.6126601975e+00  8.7713253671e-01  7.4141712566e-01  2.1333675027e+00  6.7568217133e-01  3.4421187403e-01  4.0653466331e-01 -2.9633855960e+00 -2.2078475726e-01 -3.0917304129e+00  1.3636095937e+00  9.6421080286e-01 -1.3981761550e+00  2.6723809982e-01 -4.6421417313e-01 -7.7385866561e-01  1.0165108210e+00  1.6077221877e+00 -1.1553002848e-01 -9.2818224720e-01 -2.3611065665e+00  1.1823182843e+00  6.6074645214e-01 -7.5354169258e-01  4.0675327162e-01 -1.5569714833e+00  1.3355246886e-01  7.4978697539e-02 -4.5116636167e-01 -9.7828139703e-01 -4.1194736084e+00 -1.1236145419e-01  1.1457724687e+00 -3.1984678797e+00  2.3631556668e+00  2.4227770075e+00 -3.6568729435e+00  2.3134394877e+00 -4.6745417573e-01  2.7361665809e+00  1.5700305980e+00  1.8811515790e-01  2.7626822963e+00 -2.1537051454e-01  3.0199444518e-01  1.6023454795e+00  7.3001991781e-01  1.2939836221e+00  9.1022790660e-01 -3.4742292006e+00  5.9972530069e-01  9.3906547601e-01 -3.1241010960e+00 -1.1594280823e+00 -6.2115314853e-01 -3.3231194221e+00 -3.1251119246e-01 -2.1473578842e+00  2.3622267072e-01 -1.1497709460e+00
ENERGY -2.234289296876e+03
GRADIENT  1.3616583574e-04 -7.5354751104e-05 -1.1745367575e-04 -5.5457649625e-06 -1.3303746768e-05  4.6636448797e-05  1.7570419782e-03  1.2307045951e-04 -3.9589788541e-04 -4.4874433874e-05 -9.5753403356e-05 -1.7036241371e-05 -2.3017729504e-04  1.5084853866e-04  8.0019201445e-05  6.5230021922e-06  3.5615300631e-06  1.0458213068e-04  1.2420408700e-05  6.2344164780e-05  1.1249523288e-04  9.0707554883e-04 -6.2392786135e-04 -1.0094714874e-03 -2.3917643015e-03 -2.8564942011e-04  3.4415736851e-04 -1.9887118880e-04  6.9824917662e-04  8.8318139813e-04  3.1388163190e-05  1.8608074351e-05 -3.1301361230e-06  1.0110620048e-05  1.3748722701e-05  5.8330767900e-06 -1.0876542087e-05  7.7532590570e-06 -3.9430941905e-05  5.9351217920e-06 -3.8592575999e-06 -2.7183316362e-06  1.6105368866e-05  8.1604247761e-06 -6.2496586014e-06  5.4097129223e-06 -6.2448487321e-06 -6.2240100950e-06  1.2470589189e-05 -1.1163863156e-06 -2.5906611315e-05  2.0799218297e-05 -5.9885002685e-06 -1.7558626925e-05  4.6444601920e-06  4.6801211521e-06 -2.3776126637e-05 -2.3421173692e-05  1.2926168880e-05  1.2316556557e-05

JOB 3
COORDS -9.2498348865e-01  2.1657236017e-01  1.2621638175e+00  1.3330949512e+00  2.1550208434e+00 -8.8616668350e-01  1.7404172151e+00 -2.7588399897e+00 -9.9990943783e-01 -2.3880859944e+00  5.8886165672e-01  1.7110529717e+00 -8.1232335109e-01 -4.8682416005e-02 -8.2329770418e-02 -8.8401769570e-03  2.2857420037e-01  2.0517792045e+00  2.9106491868e-01 -4.9659080423e-01 -2.3799285775e+00  1.6361028392e+00  7.9137718132e-01 -5.0771382430e-01  1.2852352732e+00 -1.6221361859e+00 -2.2206122215e-01  6.3388413113e-01 -3.6691247193e-01 -9.4707586639e-01 -3.5662540546e+00 -6.3642053471e-01  1.0910312036e+00 -2.4903732097e+00  6.7594798752e-01  3.4751815129e+00 -2.7702640903e+00  2.2033658985e+00  9.8543410791e-01  2.1693239368e+00  2.7555966533e+00 -5.3025179024e-01  4.0950482268e-01  2.4846789582e+00 -4.0151628202e-01  1.2422642910e+00  2.2365877047e+00 -1.9720577898e+00  1.8201384022e+00 -3.5850991112e+00 -2.9402372191e-01  2.7186833613e+00 -2.5373696625e+00 -1.4325635105e+00  1.0276585907e+00 -2.9965202467e+00 -1.7916253559e+00 -1.6556735509e+00 -8.9995370231e-02 -6.4711681587e-01
ENERGY -2.234288925521e+03
GRADIENT  4.9439711013e-06  8.0081677223e-06  2.6749785080e-05 -2.2322057100e-05  5.0390094357e-05  8.0301164355e-06 -3.5725021127e-04 -1.5821017318e-04  4.7528910273e-05  4.3367645766e-05  3.5822942715e-05 -8.8017365375e-06 -7.1055656690e-05 -2.5153249534e-05  2.1294229110e-06  2.9890013099e-05 -1.7687151882e-06  1.7967484646e-05  1.6762802225e-06 -2.5926015902e-05 -4.3735966014e-05 -1.0482408882e-04  4.0519731123e-05  2.2395326903e-04  4.6500602091e-04  2.6361759565e-04 -3.1125570736e-05  1.3061654713e-05 -1.1817156790e-04 -1.6583600370e-04 -1.1240940673e-06 -1.4629111094e-05  4.0855147460e-06  7.8637409813e-06 -1.5038364674e-05  1.1037756117e-05  1.2543385207e-05 -3.5169114702e-05  2.4606798662e-05 -6.7945482902e-06  3.8858570164e-06 -9.8582093150e-06  3.4746302955e-06 -3.9850149781e-06  2.1183466575e-06 -9.1481893028e-06  8.6454301521e-06  9.7255024704e-07  1.3120017618e-05  2.9441751328e-06 -7.5571832276e-06  4.8907122832e-06  1.1663681206e-05 -1.0611528350e-05 -1.7894970270e-05 -2.6764834719e-06  2.0633540080e-06  2.2233648503e-06 -2.6153646389e-05 -1.7884023803e-05

JOB 4
COORDS -9.7428223711e-01  2.2342258819e-01  1.2733743581e+00  1.3765369274e+00  2.0783042175e+00 -9.2540025787e-01  1.8226109289e+00 -2.7044380858e+00 -1.0221491226e+00 -2.4227953065e+00  6.3975313799e-01  1.7324091584e+00 -8.7998225011e-01 -5.0446517495e-02 -7.1591181557e-02 -5.2924251211e-02  2.1039194324e-01  2.0561229592e+00  2.0714227786e-01 -4.9150422261e-01 -2.3864583412e+00  1.5934433782e+00  7.1199405894e-01 -5.0023057359e-01  1.1275886400e+00 -1.7007308293e+00 -2.3869886453e-01  5.4560402465e-01 -4.0373810045e-01 -9.4974432608e-01 -3.6368010959e+00 -5.6311574573e-01  1.1395313129e+00 -2.5042585337e+00  7.5119142702e-01  3.4963571179e+00 -2.7722001320e+00  2.2547624316e+00  9.9088456751e-01  2.2301605907e+00  2.6451603186e+00 -5.5548645804e-01  4.5513577656e-01  2.4687557842e+00 -4.8303852834e-01  1.3264071806e+00  2.1330678615e+00 -2.0154917543e+00  1.8355952497e+00 -3.6025991693e+00 -4.0536041425e-01  2.8441520958e+00 -2.3714259995e+00 -1.2211199180e+00  1.2956712628e+00 -2.8899257793e+00 -1.9599891358e+00 -1.7305291513e+00 -7.4955900594e-02 -6.2649261855e-01
ENERGY -2.234289335564e+03
GRADIENT -6.6296533591e-05  7.9095811021e-05 -1.8336039985e-04 -9.2233568785e-06 -5.3313777553e-05  4.9269017404e-05 -8.0848822803e-04 -4.3101708839e-04 -2.1261758663e-04 -5.9412571199e-05 -6.4340829808e-05  2.0914816471e-04  3.3590197910e-04 -5.6409294221e-05 -2.7010749315e-06 -1.5512672772e-04 -2.9301832082e-05 -1.3854894425e-04  7.1671656223e-05  1.2931514796e-04  1.7972712157e-04 -4.5025979460e-04  1.9360626964e-04  4.8581287819e-04  1.2133283831e-03  5.3616945315e-04  3.5961590892e-04  3.9965848422e-05 -4.7781993370e-04 -9.9313315065e-04 -1.0129149893e-06  2.1845610100e-05  4.7201503001e-05 -8.2337323333e-06  1.4403873163e-05  8.5426991590e-05 -2.7089220906e-05  5.8696891857e-05  1.2148893743e-06 -6.0482688915e-06  3.3035995603e-06 -6.1917390340e-06 -2.5490916849e-05  4.5695060682e-05 -1.3344675322e-05  6.7476384819e-07 -2.6852029087e-05 -1.2692021478e-05 -2.3144021946e-05 -1.9186001153e-06  2.1338521882e-05 -1.8684819777e-05  8.9996934879e-06  3.6634001287e-05  2.3593235496e-05  1.7361306568e-05  1.9044895222e-05 -2.4445536178e-05  1.1571085078e-05  1.2443612515e-04

JOB 5
COORDS -9.5234019327e-01  1.7725481599e-01  1.3734907624e+00  1.3751893147e+00  2.0122115342e+00 -9.4469741686e-01  1.8806940420e+00 -2.6121849660e+00 -1.0536025885e+00 -2.3709100731e+00  5.9111654871e-01  1.9196097397e+00 -9.3695838844e-01 -6.8951133379e-02  1.9027940187e-02  1.0535384893e-02  1.4052269305e-01  2.1032489069e+00  2.5663153004e-02 -4.6417079120e-01 -2.3630714430e+00  1.5392092922e+00  6.3797276960e-01 -5.2204037610e-01  9.8849054431e-01 -1.7659353260e+00 -2.8453362564e-01  4.2858055814e-01 -4.3063697171e-01 -9.4115731269e-01 -3.6152454782e+00 -6.0966212819e-01  1.3893084344e+00 -2.3483972907e+00  6.8857790261e-01  3.6861230064e+00 -2.7651774664e+00  2.2112219438e+00  1.2132000645e+00  2.2714209871e+00  2.5362187713e+00 -6.1420198001e-01  4.9459345210e-01  2.4493769996e+00 -4.6454634282e-01  1.2803580075e+00  2.0673167355e+00 -2.0317596660e+00  1.9674926592e+00 -3.5395804223e+00 -4.8845082898e-01  2.8601052372e+00 -2.1352022281e+00 -1.1417654082e+00  1.4594239688e+00 -2.8060985862e+00 -2.0423220760e+00 -1.8171460492e+00 -6.9074352244e-02 -4.8824386786e-01
ENERGY -2.234289957163e+03
GRADIENT  8.4545982481e-05 -2.5780782141e-05 -1.3051742789e-04 -3.4745615881e-05 -8.2826964054e-05  1.6399356155e-04 -7.3104447271e-04 -4.2236628761e-04 -3.5999174634e-04 -6.1672380737e-06 -4.0806533246e-05  6.9354672372e-05 -7.6531810193e-05  4.1306976079e-05  3.4789723184e-05 -5.9621914651e-05  4.3906617352e-05  7.4533008427e-07  1.1635292944e-04 -2.6604492401e-05  2.6717161942e-04 -2.7417155373e-04  3.0503815577e-04  5.7009348543e-04  1.0905744650e-03  7.5163989924e-04  6.5452643834e-04 -5.5262569580e-07 -5.5269431882e-04 -1.3551803190e-03 -2.1321293512e-05 -1.0977272216e-07  3.4295689614e-05  8.6759971323e-06 -3.3936647757e-06  3.6801038896e-05 -3.3267878089e-06  1.0699790216e-05  2.5636631579e-05 -3.6977851830e-09  1.4732250582e-05 -2.8794812569e-05  1.0907907670e-06  6.1065930536e-06 -2.9505253913e-06  8.5981956358e-06  2.8993988635e-05 -2.2462754813e-05 -2.8584729450e-05 -3.6905258430e-05 -3.8510854702e-05 -1.6816385934e-05 -7.9844457969e-07  3.9507575894e-05 -4.3801963299e-05 -3.6826461789e-05  5.4095626968e-09 -2.9509893906e-05  2.9072974661e-05  6.0214630685e-05

JOB 6
COORDS -9.6573282174e-01  1.2629678014e-01  1.4188964403e+00  1.4087922500e+00  1.9401277365e+00 -1.0021200218e+00  1.8800999879e+00 -2.5192783126e+00 -1.0561593971e+00 -2.3468392719e+00  5.6031647348e-01  2.0391081618e+00 -1.0130844264e+00 -5.8891573861e-02  5.4550269254e-02  2.2945326391e-02  2.1209329492e-02  2.1059757983e+00 -1.5386588582e-01 -3.8715883158e-01 -2.3760858264e+00  1.4788234230e+00  5.6335629901e-01 -5.6098219932e-01  8.1162812893e-01 -1.8157689719e+00 -3.7306479486e-01  2.9783929975e-01 -4.3409636051e-01 -9.6911315679e-01 -3.6422147406e+00 -5.9242025563e-01  1.5255162182e+00 -2.2451929852e+00  5.9896613278e-01  3.8051117834e+00 -2.7295614042e+00  2.2118068802e+00  1.4029413145e+00  2.3483826167e+00  2.4004571154e+00 -6.9795114602e-01  5.7360512926e-01  2.4476283078e+00 -5.1017290982e-01  1.2933782542e+00  1.9865230019e+00 -2.0873344590e+00  2.0005297879e+00 -3.4620367826e+00 -5.2379040148e-01  2.8037208510e+00 -1.9378326006e+00 -1.0006261287e+00  1.6036215580e+00 -2.7041930398e+00 -2.0967948684e+00 -1.9094598285e+00  6.0163826496e-03 -4.1911665083e-01
ENERGY -2.234290525586e+03
GRADIENT  1.0894998078e-04 -3.3272680793e-06  1.0402086476e-04  2.6193031101e-06  3.1007345706e-05 -3.6954515005e-05 -3.1071167431e-04 -3.5566042313e-04 -4.7650418871e-04  4.0212712483e-05  2.3394652570e-05 -3.8999080086e-05 -1.3991599364e-04 -1.6881267957e-05 -1.5289521561e-04  6.3843322668e-05  2.7620690455e-05  5.5474996481e-06 -7.5550059133e-05  6.2427014722e-06 -1.1632714630e-04 -2.5112697200e-04  4.1871656270e-05  5.4679216287e-04  4.9666368701e-04  3.7332214713e-04  7.7496151682e-04  9.5108696606e-05 -8.5294604965e-05 -5.4171682217e-04 -1.8187159996e-05  3.9637033366e-06 -1.4663761043e-05 -1.7500645949e-06 -2.7994151687e-05 -3.8404779124e-05  2.5560430390e-05 -2.0972899937e-05  1.3521489734e-05  2.2084867374e-06  2.8397025512e-06  3.6303727093e-06  5.7540545120e-06  3.7042819899e-06  1.5117431551e-05 -2.4560029527e-06  9.5975173639e-06  1.2654019341e-05 -7.7897937810e-06  2.0824837407e-05  8.6021849865e-06 -1.0666076610e-05  1.2583638922e-05 -1.2233739746e-05 -2.8490117465e-05  4.5794040326e-06  5.1695104057e-06 -7.7953042581e-06  4.8141832177e-06 -6.5582724805e-05

JOB 7
COORDS -9.8284674989e-01  7.4272463207e-02  1.3925609150e+00  1.4424987928e+00  1.8969350080e+00 -1.0875148436e+00  1.9181022838e+00 -2.4293290390e+00 -9.6879980463e-01 -2.3322018392e+00  5.3598075569e-01  2.0609505669e+00 -1.0587357060e+00 -3.3821808194e-02  2.1393678883e-02  1.0523123862e-02 -1.1351552043e-01  2.0550431629e+00 -2.5970279926e-01 -3.1571380342e-01 -2.4314888273e+00  1.4476243431e+00  5.2162584530e-01 -6.3671733421e-01  6.9253487654e-01 -1.8322796065e+00 -4.7784817511e-01  2.1933251036e-01 -4.2296617538e-01 -1.0373862081e+00 -3.6909544983e+00 -5.1882191100e-01  1.5039455402e+00 -2.2019849529e+00  4.6492617020e-01  3.8242135173e+00 -2.6419608932e+00  2.2393204594e+00  1.5297547884e+00  2.4047641029e+00  2.3133554173e+00 -7.9078641870e-01  6.3507304898e-01  2.4477286662e+00 -5.9589167262e-01  1.3235770044e+00  1.9404559162e+00 -2.1723146441e+00  1.9858650020e+00 -3.4040837730e+00 -4.8705782874e-01  2.7709655568e+00 -1.8089064458e+00 -6.8516712930e-01  1.8723994624e+00 -2.5500431182e+00 -2.0541425672e+00 -1.9558348741e+00  1.0516952071e-01 -4.3442756710e-01
ENERGY -2.234290759129e+03
GRADIENT  3.7149883727e-05 -5.4775435124e-05  3.6490227867e-05  2.9719040535e-06 -1.5391606629e-05 -2.3115348501e-05 -1.9461403540e-04 -1.2359052714e-05 -6.8798596945e-05 -2.4072974489e-05 -4.1002569636e-05  1.6157953686e-05  3.2863892358e-05  4.4757214412e-06  4.1775079540e-05  3.9900524379e-05 -2.4473506572e-05  1.1414691122e-05  1.5040695104e-05  1.0640468869e-06 -1.1206139719e-04 -1.9242818712e-05  7.3516409872e-05 -1.7270939971e-05  1.5569468475e-05  2.3632711627e-04  1.9875857233e-05  2.2964683973e-06 -2.6739930484e-04  1.9507013374e-04  3.1994355684e-05 -1.0695191588e-05 -3.3334958682e-05  3.1239665079e-07  1.2006189050e-05 -5.9682587500e-05 -8.4569965909e-06  1.5209601169e-05 -3.7902183413e-05 -1.2405778967e-06  1.5026519774e-06  1.2491957601e-05  8.5359633585e-07  1.9664774365e-06 -9.9110474778e-06  2.2985474026e-06 -7.8177093680e-06 -9.7883241763e-07  4.9370049722e-05  8.7385890354e-06  7.5885001849e-06  5.3963816177e-05 -1.5185075872e-05  1.3469099124e-05  3.6586756631e-05  2.3868544693e-05 -5.0206389004e-06  1.9298027661e-05  4.6422246424e-05 -3.7854532878e-05

JOB 8
COORDS -9.7125975800e-01  1.8575959528e-02  1.3479798271e+00  1.4355462061e+00  1.8625969400e+00 -1.1397933613e+00  1.9191239076e+00 -2.3826381595e+00 -8.7129686801e-01 -2.2885680893e+00  4.7633418913e-01  2.0791659082e+00 -1.0883410001e+00 -2.1522512316e-02 -2.3080208316e-02  3.6986561827e-02 -2.2561836581e-01  1.9696669682e+00 -3.7152176235e-01 -2.6345406622e-01 -2.4982952063e+00  1.4179261943e+00  4.7246208460e-01 -7.3728161270e-01  5.9288124817e-01 -1.8606403821e+00 -6.1394014323e-01  1.5007426911e-01 -4.2454550943e-01 -1.1256807558e+00 -3.6812261771e+00 -5.3401089960e-01  1.5246592213e+00 -2.1032246177e+00  3.3180504409e-01  3.8333331685e+00 -2.5863826289e+00  2.2047355621e+00  1.6279969324e+00  2.4188665218e+00  2.2424201507e+00 -8.6374151693e-01  6.6127739130e-01  2.4164044306e+00 -6.0065932985e-01  1.2802502036e+00  1.9471944085e+00 -2.2174822771e+00  1.9236559752e+00 -3.3900568253e+00 -4.5653161848e-01  2.6625680246e+00 -1.7610963834e+00 -3.6964139009e-01  2.1111136572e+00 -2.4218264151e+00 -1.9466966911e+00 -1.9915491780e+00  1.6674451938e-01 -4.4790027594e-01
ENERGY -2.234290664982e+03
GRADIENT -9.5866638523e-06 -2.0317873321e-05 -1.7770232795e-05  8.3646700142e-06  2.6791855704e-05  4.5761274264e-06  8.7584943038e-05  1.2397640201e-04  2.3621047220e-04 -4.8843319149e-06 -2.2434832478e-06  8.8792423666e-07  3.3416448024e-05  1.9064235936e-05 -3.9300113539e-06 -1.3300259361e-05  3.3594238452e-05 -1.7226609518e-05 -1.0543269696e-06  1.2820367631e-05  2.1370073395e-05  7.7242400416e-05 -3.4702079266e-05 -2.0132109170e-04 -1.5184698806e-04 -2.1559503955e-04 -3.9261480426e-04 -3.5355158005e-05  1.1720294305e-04  3.4857083664e-04 -1.2161864380e-05  1.5281225908e-05  2.9750386166e-06 -6.9099328381e-06 -9.3543759367e-06  1.3308187241e-05  1.0962680868e-05  9.7082525002e-06  7.2005225043e-06  1.7811429217e-06 -2.1533881805e-06  1.4103196580e-05  3.3524865545e-06  4.6949028563e-06 -1.5613494469e-06  8.6189766913e-06 -4.6581624489e-06  6.3224334843e-06 -5.7652996254e-06 -1.0853480468e-06 -2.8923532837e-06 -9.9941933019e-07 -8.9487489848e-06 -2.9703918753e-06 -3.4351258963e-06 -8.5397594453e-07 -1.0723362159e-06 -4.9182501956e-06 -1.6972451647e-05 -3.0263262987e-07

JOB 9
COORDS -9.4921170943e-01 -3.4392541464e-02  1.2934593505e+00  1.4170608099e+00  1.8536550923e+00 -1.1972093304e+00  1.9077040087e+00 -2.3303797241e+00 -7.3671413386e-01 -2.2191697643e+00  4.5582068506e-01  2.0837420880e+00 -1.1001820445e+00 -3.5423584639e-03 -7.2848897700e-02  6.1187905702e-02 -3.6146362103e-01  1.8745138579e+00 -4.5366147885e-01 -2.2023407980e-01 -2.5647251711e+00  1.3949844822e+00  4.5276501597e-01 -8.3333519702e-01  5.3443324635e-01 -1.8705538623e+00 -7.4439959369e-01  1.0548274586e-01 -4.1781469549e-01 -1.2127101789e+00 -3.6803861721e+00 -4.4659726753e-01  1.5204292450e+00 -1.9963050927e+00  2.1210435472e-01  3.8228609568e+00 -2.4313256080e+00  2.2187808669e+00  1.7276536670e+00  2.4136392320e+00  2.2139378231e+00 -9.4355840570e-01  6.6748352624e-01  2.4004398749e+00 -6.1756515914e-01  1.2281570725e+00  1.9701375441e+00 -2.2664886553e+00  1.8637640769e+00 -3.3740834906e+00 -4.2717234935e-01  2.4858459787e+00 -1.7434341749e+00 -2.1988669627e-02  2.3421105039e+00 -2.2558103873e+00 -1.7365655739e+00 -2.0023025414e+00  2.4392850915e-01 -4.6840306417e-01
ENERGY -2.234290617390e+03
GRADIENT  3.1392104603e-06  1.1287097027e-04 -3.3199100952e-05  9.0878383080e-06  3.5086541643e-05 -1.8681854202e-05 -1.5452918533e-05 -9.4299405970e-05 -2.1916882383e-04  4.8027328709e-06  1.2615811954e-05  1.5125416084e-05  2.7119810836e-05 -9.3262766897e-05 -2.2656171186e-05 -1.2037128836e-05 -3.8501710935e-05 -4.4387919643e-05 -5.9475736107e-05  2.4712475481e-05  4.8082023654e-05 -1.4919906826e-04  9.6198188119e-05  2.4270624261e-04 -2.2575711302e-05  8.3824375356e-05  4.5013181773e-04  2.0946132847e-04 -3.8814028312e-05 -4.2469918285e-04  1.0448141141e-05 -8.1643993999e-06  1.3010679971e-05  9.4644176196e-06  2.1722519198e-05  2.9195002474e-05 -6.2793066521e-06  1.2376579985e-06  2.4660354709e-06  1.7498303282e-06 -1.3584500630e-05 -9.5145282872e-06  4.3131730662e-06 -2.9677404555e-06 -2.9553144702e-06 -1.1998892169e-05 -2.5829077445e-05 -3.9596207765e-06  1.0968196134e-05 -5.0579348546e-06  1.1733101290e-07  8.1961491922e-06 -1.7824271102e-05 -2.2607284118e-05  2.3271896857e-05 -1.1913176415e-05  1.1164234747e-05 -3.3931836167e-06 -1.4519164583e-05 -2.9694755121e-06

JOB 10
COORDS -1.2130940598e+00  5.3010209665e-01  1.1834148343e+00  1.8747088649e+00  6.6387468727e-01 -1.1629732930e+00  1.4070390443e+00 -2.4629180675e+00  1.6266111289e+00 -2.4580526872e+00  1.4892275562e+00  1.2547995681e+00 -1.0927533996e+00 -1.4185600213e-01 -7.3455853136e-03 -4.2666193696e-01  4.5911606603e-01  2.1031254869e+00 -6.0329432439e-02 -1.7278253585e+00 -1.7625151334e+00  1.5318096462e+00 -3.4968252702e-01 -1.8802879092e-01  2.3406473983e-01 -2.2104687927e+00  8.1332745386e-01  1.9437921655e-01 -1.2029365707e+00 -4.0753328910e-01 -3.9534918659e+00  6.1208692833e-01  7.4354947613e-01 -2.6630463371e+00  2.1144704544e+00  2.8985583072e+00 -2.1435168847e+00  2.8534469628e+00  1.0654609000e-01  2.8453472580e+00  1.0553906670e+00 -8.5998384693e-01  1.1305046010e+00  1.4655774718e+00 -1.1446342990e+00  1.9341243081e+00  2.2424629452e-01 -2.1608913902e+00  2.2349147486e+00 -2.8082438539e+00  1.0039830371e+00  1.1113554581e+00 -3.2449606883e+00  2.3252659586e+00  1.6807133652e+00 -1.5532894698e+00  2.1623573428e+00 -1.8310108094e+00 -6.7020923229e-02 -7.0073706183e-01
ENERGY -2.234291038916e+03
GRADIENT -4.7126891608e-06 -2.8076370247e-05  1.6989488137e-05  4.0073493003e-05  1.3459102186e-05 -5.0428848367e-05  3.4291843322e-04 -8.5461994708e-04 -7.0215503450e-04  4.2411945578e-05 -1.4332868184e-05 -7.7294549863e-05 -1.0170657225e-04  1.0712526021e-04  6.7330799571e-05  2.8701967406e-05  1.1914891194e-05  3.0355034386e-05  1.5574789287e-05 -1.9005511405e-05  1.1072493807e-05 -4.5830133550e-04  6.2135159463e-04  5.4967611251e-04 -6.1822663384e-04  1.3900782763e-03  1.1691019221e-03  7.4625044612e-04 -1.1937960044e-03 -1.0374598256e-03  5.8990056092e-07  2.5785058802e-06 -7.7548419644e-06 -2.1398540446e-05  7.7808494534e-06  3.3346769272e-05 -8.6537855304e-06 -2.0917659309e-05  2.4147120330e-05 -4.2424254277e-06  7.5958202702e-06  8.3150318653e-06 -3.9397022033e-06  3.4238944517e-06  1.4026478786e-06  6.3641869589e-06  1.2215559948e-05  5.9670319728e-06  3.0072053734e-06 -4.0633042592e-06 -3.1823095084e-06  5.5868128985e-07  9.0118685064e-06 -1.0037057188e-05 -5.1625537591e-06 -2.9979034453e-06  1.6889836833e-06  5.3899565905e-06 -1.1159566649e-05 -3.4803094278e-06

JOB 11
COORDS -1.1639669340e+00  4.5337073313e-01  1.1746979186e+00  1.8450306714e+00  6.5024214581e-01 -1.1896957737e+00  1.3575166180e+00 -2.4084691992e+00  1.6688024588e+00 -2.3771054552e+00  1.4495951199e+00  1.2747895679e+00 -1.0650951382e+00 -1.9205021332e-01 -2.9464601819e-02 -3.7811767320e-01  3.3522554897e-01  2.0918356491e+00 -1.0075928550e-01 -1.7572362277e+00 -1.8320852662e+00  1.5487477711e+00 -4.2440126636e-01 -2.6643894730e-01  2.7918259840e-01 -2.3222935503e+00  6.9951915038e-01  2.0287861940e-01 -1.2664975813e+00 -4.7535473013e-01 -3.9015903233e+00  6.3065188098e-01  7.5386092919e-01 -2.5531203989e+00  2.0456356924e+00  2.9325182571e+00 -2.0250409755e+00  2.8278616094e+00  1.5424577669e-01  2.8258213411e+00  1.0293841152e+00 -9.0431175007e-01  1.0983571776e+00  1.4436795190e+00 -1.0909559229e+00  1.8654044780e+00  2.7308923637e-01 -2.2144881460e+00  2.3019119330e+00 -2.6070517904e+00  1.1592745099e+00  1.0938940247e+00 -3.2441858144e+00  2.3163759279e+00  1.4114233286e+00 -1.4812743910e+00  2.2393646033e+00 -1.8066718319e+00 -8.5902355472e-02 -7.1540103276e-01
ENERGY -2.234291765343e+03
GRADIENT  6.8997329535e-06 -6.3329812567e-05 -1.0946784763e-04 -3.2742871364e-05  3.4402691032e-05  4.4865132207e-05  5.5010261795e-04 -6.5810218139e-04 -6.1768394034e-04 -7.4965809169e-06  7.8731956526e-05  7.2894909691e-05  3.6022136492e-05  4.4442847425e-05  7.0423250258e-05 -6.5982655779e-05  1.0479103465e-05 -1.4653300642e-05  4.1417692857e-05  1.1179725887e-05  5.3224100081e-05 -3.6888169552e-04  5.1082947851e-04  4.6136808753e-04 -9.2593520645e-04  1.2387965922e-03  9.9208017503e-04  7.8017058019e-04 -1.1419162348e-03 -9.3697045280e-04 -3.5323747182e-05 -3.7040212414e-06  3.7165566746e-06  3.5155493241e-06  3.6409985775e-06 -1.3185562155e-05 -4.6026747591e-06  2.2832051531e-05 -9.9273485992e-06  6.6499911858e-06 -2.6368466179e-06 -1.1803544508e-05  2.9508126496e-06 -2.3543965397e-06  7.9455867484e-06  4.5789799127e-06  9.7047289948e-06 -6.0230368680e-06 -2.3520088453e-06  7.8225219236e-06  6.4462924119e-06  8.9680861868e-07  3.7186900703e-06 -4.1062837792e-06 -2.0577777422e-05  1.0314675865e-05  6.0073848952e-06 -1.4513621206e-05 -8.0259365170e-06  2.9303649825e-05

JOB 12
COORDS -1.1138002082e+00  4.3850637346e-01  1.1895834930e+00  1.8123261781e+00  6.9863366264e-01 -1.1759008702e+00  1.3178116739e+00 -2.3830081865e+00  1.6948883501e+00 -2.3146803601e+00  1.4498358320e+00  1.2868023462e+00 -1.0401508192e+00 -2.3131268076e-01 -6.7559498413e-04 -3.1577880752e-01  3.3518480763e-01  2.0989462428e+00 -1.2795844883e-01 -1.7286616645e+00 -1.8723436660e+00  1.5713243723e+00 -4.4020693137e-01 -3.1547918750e-01  3.7249924753e-01 -2.4095082118e+00  5.8875743531e-01  2.2625465882e-01 -1.2846864267e+00 -5.1208224394e-01 -3.8524216730e+00  6.5209142363e-01  7.7277127038e-01 -2.4796401825e+00  2.0566761079e+00  2.9418618878e+00 -1.9424225443e+00  2.8162630868e+00  1.5877677538e-01  2.7968802593e+00  1.0774130611e+00 -9.0352823473e-01  1.0570452659e+00  1.4696796625e+00 -9.9791390607e-01  1.7995180732e+00  3.8860068544e-01 -2.2231037984e+00  2.3351855508e+00 -2.4391570942e+00  1.3043798281e+00  1.0887114610e+00 -3.2691736688e+00  2.2861854381e+00  1.1788488412e+00 -1.4775618069e+00  2.2839716261e+00 -1.7945882285e+00 -1.2824166436e-01 -6.7343417452e-01
ENERGY -2.234291965040e+03
GRADIENT  3.1618319458e-05  1.1237159880e-04  9.3567984216e-06 -1.3046142505e-05  3.7116677860e-06  3.2472647255e-05 -2.7013362163e-04  1.9068153861e-04  1.9751553270e-04  2.3228574670e-05  2.7878703566e-05  3.7659273234e-06 -2.1214825357e-05 -1.1013917953e-04 -5.3125270621e-06 -2.4445634317e-05 -1.1501805364e-05  7.6438534952e-06  1.0646029338e-05 -4.4164217010e-05 -5.1542520252e-05  1.2538410652e-04 -2.6761721716e-04 -1.9016965396e-04  4.2036507609e-04 -3.7799146825e-04 -3.4898782510e-04 -3.1498518144e-04  5.5557986988e-04  3.5771487855e-04 -1.7759417680e-05 -1.9142490990e-05 -3.9219100584e-06  4.5877235071e-06 -9.2398256696e-06 -2.7735723668e-05 -1.4864819558e-05 -1.0047193134e-05  1.3785049932e-06 -3.9729627522e-06  6.6370051955e-06  3.4104733748e-06 -2.0477243854e-06 -2.9200346275e-06  3.2564659937e-06  1.1389736861e-06  1.1857096417e-05 -2.9696787320e-06  8.4016478148e-06  1.4436267163e-05  1.9915602602e-05  6.6442369220e-06 -3.5906341249e-06 -2.7435180501e-06  2.4200817629e-06  4.6632527383e-06  2.7385914448e-06 -5.6646784386e-06 -2.4663868044e-05 -2.6670124374e-06

JOB 13
COORDS -1.0691718172e+00  4.3884460752e-01  1.2217595289e+00  1.7225704986e+00  6.5558274826e-01 -1.1868379216e+00  1.1431282083e+00 -2.4102443287e+00  1.8090016977e+00 -2.2508079395e+00  1.4729967133e+00  1.3230166642e+00 -1.0700317140e+00 -3.0532451900e-01  7.4356724060e-02 -2.1997173501e-01  3.8559557393e-01  2.0879469443e+00 -2.2438833621e-01 -1.7940654175e+00 -1.8370848565e+00  1.5253774256e+00 -5.0058926035e-01 -3.3842719153e-01  3.8597335868e-01 -2.5050276977e+00  5.7120940740e-01  1.8145296235e-01 -1.3536279978e+00 -4.9074297503e-01 -3.8209410444e+00  6.9841864744e-01  8.7526894466e-01 -2.3567082431e+00  2.1301163186e+00  2.9642011795e+00 -1.8794042842e+00  2.7964915683e+00  1.4524738640e-01  2.7186552937e+00  1.0310289402e+00 -9.5487199300e-01  9.7611886230e-01  1.4216456841e+00 -9.5805381259e-01  1.6601085410e+00  3.6538585979e-01 -2.2379288720e+00  2.0543689967e+00 -1.8334664341e+00  1.6499844219e+00  1.3816720240e+00 -3.4387037547e+00  2.0794097953e+00  5.3032873787e-01 -1.9368300748e+00  2.5749782771e+00 -1.8595046836e+00 -2.2895135540e-01 -5.6086721974e-01
ENERGY -2.234291408241e+03
GRADIENT  1.4457188612e-05  3.7717602236e-05 -3.5428253459e-05  8.9297575903e-06 -1.6525615387e-05 -3.5798346310e-05 -3.9690187780e-04  1.4452864725e-04  2.3043697172e-04  1.3472740414e-05  3.2937307105e-06  1.6090619701e-05 -2.7021042626e-05 -7.0199390496e-05  6.0046462676e-05 -1.7035710871e-06  7.1659021661e-06 -1.3818969982e-05  1.5379556885e-05  5.5892854803e-06 -3.5745177715e-05  1.5907682216e-04 -1.8680807625e-04 -1.9499066156e-04  7.0396376394e-04 -2.4522515755e-04 -4.5133450827e-04 -4.4878962232e-04  3.2229522055e-04  4.5550434082e-04 -1.2996685368e-05 -7.4163103334e-07 -1.7393565417e-05 -1.2525461049e-05 -1.6417587282e-05  8.9319044367e-06  5.4635464141e-06 -7.1046709484e-06  1.1682319492e-05  4.6229579338e-06 -2.2964190099e-06  3.9935762481e-06  8.2719839979e-07  7.7609107079e-06  9.6678542339e-06 -5.2464137886e-06  4.8753366172e-06  5.6969610842e-06  1.1867341989e-05 -6.2707517532e-06 -4.6465162989e-06 -7.0249000614e-06 -1.2274290183e-06 -2.5063115396e-06 -5.1549916742e-06  9.1342371880e-06 -9.6657587981e-06  1.5184720228e-05  8.8649789453e-06 -1.2728555670e-05

JOB 14
COORDS -9.8960779571e-01  4.5084260060e-01  1.2299765471e+00  1.6849680753e+00  7.1268455555e-01 -1.1646068360e+00  1.0020161814e+00 -2.4073927526e+00  1.8356898559e+00 -2.2101242191e+00  1.4358313849e+00  1.3652426022e+00 -1.0462117321e+00 -3.6421250504e-01  1.3128102421e-01 -7.4876137745e-02  4.9066182045e-01  2.0267755860e+00 -2.2711241241e-01 -1.7708426172e+00 -1.8627945717e+00  1.5371329604e+00 -4.8788461488e-01 -3.6940350387e-01  4.7439151686e-01 -2.5527870809e+00  4.9004550387e-01  2.0875228301e-01 -1.3619837450e+00 -5.1628271867e-01 -3.7706453582e+00  5.6486977169e-01  1.0937890519e+00 -2.2197508853e+00  2.1886985885e+00  2.9682252319e+00 -1.9988420784e+00  2.6975653783e+00  8.5440923712e-02  2.6816481628e+00  1.0947797665e+00 -9.4694950950e-01  9.3449306922e-01  1.4531942697e+00 -8.7401298538e-01  1.5922621546e+00  4.7311468684e-01 -2.2261866672e+00  1.7919616585e+00 -1.6568459055e+00  1.8581658711e+00  1.3942613988e+00 -3.3888910960e+00  2.1011758454e+00  1.9615255747e-01 -2.1221313340e+00  2.5129280881e+00 -1.8814881303e+00 -3.4261727852e-01 -4.4746245076e-01
ENERGY -2.234291072850e+03
GRADIENT -9.8925413238e-05  1.6789294118e-04 -2.1699877853e-05  4.0756783833e-05  8.7220884108e-06 -9.4256045987e-05 -5.3312433005e-04  1.1604673857e-04  3.6676960180e-04  8.5192047160e-05  8.2369727805e-05  6.0464221433e-05  2.1733987109e-04 -2.2681422216e-04 -2.9016991215e-05 -2.2374462662e-05 -2.9085443259e-05 -3.1809913814e-05 -3.4951716973e-05 -1.2388103228e-05 -2.0672619338e-04  1.5446839910e-04 -3.4986063642e-04 -3.0945609105e-04  8.2588959002e-04 -3.0447237669e-04 -4.9265219597e-04 -5.5139124099e-04  6.5788051305e-04  7.5580427994e-04 -3.7137161391e-05 -4.5075640508e-06 -4.9674936436e-06  5.7182774047e-06 -1.4256814405e-05 -4.1180605199e-05 -4.7714566296e-06 -1.7515396182e-05  1.7281326568e-05 -5.9963008947e-06  5.7542622187e-06  1.5645509064e-05  1.0046291938e-05 -1.7243295432e-06  1.8839405293e-06 -3.8523857961e-06 -2.8570235864e-06  1.1993144703e-05  5.6849181186e-06 -1.2813322845e-05 -1.3002312714e-05  1.1544399512e-05  7.6206019545e-06 -2.0106546203e-05 -7.1876548369e-06 -1.2390462261e-06 -2.8337302570e-05  9.0967437591e-06 -7.4026602831e-05 -6.5620379404e-06

JOB 15
COORDS -8.6591777322e-01  4.8297259818e-01  1.1716754977e+00  1.7323708831e+00  7.6045581872e-01 -1.2212130690e+00  8.6974982434e-01 -2.4064905482e+00  1.8049386608e+00 -2.1333062822e+00  1.4018507284e+00  1.3425828197e+00 -9.5552409781e-01 -3.9945739719e-01  1.2621314371e-01  9.7064227724e-02  6.2043983911e-01  1.8964452071e+00 -1.5371812901e-01 -1.7394204150e+00 -1.9334364468e+00  1.6173182675e+00 -4.5967505157e-01 -4.5058528828e-01  6.1342818035e-01 -2.5602382741e+00  3.8601336446e-01  3.0140157644e-01 -1.3505382974e+00 -5.8759119800e-01 -3.6471837232e+00  4.1597566254e-01  1.2722754109e+00 -2.0607086377e+00  2.2720835960e+00  2.8830998035e+00 -2.1158512730e+00  2.5730032457e+00 -3.6051865908e-02  2.7346181984e+00  1.1415963944e+00 -1.0292652673e+00  9.9070879608e-01  1.4908536112e+00 -8.8624530862e-01  1.6035365616e+00  5.4620278842e-01 -2.2844657452e+00  1.6196561821e+00 -1.6341051695e+00  1.9784463109e+00  1.2300988875e+00 -3.3774077699e+00  2.1434717988e+00 -5.8426178565e-02 -2.1507389972e+00  2.3203757863e+00 -1.8238365663e+00 -4.3093734845e-01 -4.0162495910e-01
ENERGY -2.234290593184e+03
GRADIENT  1.8569179592e-05  1.5866252504e-05  5.4474168647e-05  9.2309003712e-06 -5.4801591226e-06 -1.3386001666e-05 -1.1395377264e-03 -1.0905650769e-04  2.5720402132e-04  2.8460783487e-05  1.9186192467e-05 -1.9014513629e-05  2.0637239299e-05  1.0148493951e-06 -6.9638506318e-05 -6.4439880013e-06  6.5656977702e-06 -1.4903713727e-05 -2.9030680566e-05 -1.9186204490e-05 -3.2126037563e-05  4.0199939255e-04 -4.5622819772e-04 -6.4649576030e-04  1.8422539666e-03  7.2738091378e-05 -5.1428457139e-04 -1.0956845240e-03  5.4057945907e-04  1.0198435393e-03 -1.5607896320e-05 -3.2545748629e-06  1.1416505689e-07 -4.6613144156e-07 -6.6293447573e-06  1.3394564991e-06  9.0661510413e-06 -3.5691408468e-06  9.8957604433e-06 -2.4327682372e-06 -1.0938540855e-06  7.2094412166e-06 -6.1603609079e-06 -9.3710713272e-07 -5.8606784147e-06 -9.1953106238e-07  8.1796775647e-07  2.1320935826e-06 -5.2024842851e-07 -4.4874786595e-06 -4.7159688537e-06 -1.2731111781e-05 -5.9553262959e-07  1.4922944146e-06 -5.6275922789e-06  3.4799040183e-06  5.1443372139e-07 -1.1334902384e-05 -3.4332991694e-05  1.6794547504e-05

JOB 16
COORDS -7.8834276928e-01  4.9265399193e-01  1.2444303977e+00  1.7270028216e+00  7.9858629718e-01 -1.2706601934e+00  7.4845245979e-01 -2.4301412410e+00  1.8723234514e+00 -2.0594808201e+00  1.4017001828e+00  1.4357528603e+00 -8.9516465575e-01 -4.0253291042e-01  2.1022113548e-01  1.8856334965e-01  6.4030522306e-01  1.9475664358e+00 -1.2041332675e-01 -1.7232060613e+00 -1.8750029286e+00  1.6611391185e+00 -3.9900817884e-01 -4.5981261643e-01  7.4200614729e-01 -2.5164065961e+00  4.2673404791e-01  3.6283185050e-01 -1.3217829674e+00 -5.4206102059e-01 -3.5592034855e+00  3.9172725366e-01  1.4483812620e+00 -1.9426049834e+00  2.3149811496e+00  2.9479931494e+00 -2.1113339694e+00  2.5346119412e+00  2.6462887621e-02  2.7246170389e+00  1.2084028633e+00 -1.1173294537e+00  9.7714715376e-01  1.5223404947e+00 -9.3862807417e-01  1.5749615857e+00  5.4867764342e-01 -2.3229940906e+00  1.4183318296e+00 -1.6369050768e+00  2.2060025388e+00  1.0975022975e+00 -3.4015880102e+00  2.2207451666e+00 -2.6491974363e-01 -2.2462555409e+00  2.2370334463e+00 -1.7707877839e+00 -4.3681902909e-01 -3.0538408846e-01
ENERGY -2.234289603505e+03
GRADIENT  5.2048270855e-05 -2.9447386645e-05  1.4681567995e-05  1.0819336824e-05  1.2395666532e-05 -1.3600308757e-05 -1.9324919001e-03 -5.4987178837e-04  3.6229654588e-05  8.5276050399e-06 -1.2974034564e-05 -5.7508617337e-05 -1.0584328657e-04  5.2073394850e-05  2.7759708713e-05  1.9482826668e-05  5.4314740794e-06  2.4152640619e-05  1.1573701105e-05 -2.2205016218e-06  4.0375503222e-05  5.9810120668e-04 -7.6777972547e-04 -1.1661469151e-03  3.0886106722e-03  6.6827639585e-04 -2.9636826085e-04 -1.7187576884e-03  6.5215990500e-04  1.3871234527e-03 -1.9479046914e-06 -1.7763577476e-05 -8.4872615981e-06 -1.1668896957e-05  2.0419546450e-06 -8.3615148914e-06 -1.0047661045e-05 -1.3868074902e-05 -2.8258614238e-06  2.9847779826e-07 -9.4635042879e-07  1.6685113881e-06 -5.2130317652e-06 -5.5583740326e-06 -3.3811958646e-07  4.8754923628e-06 -1.2399407563e-06  7.8174061677e-07 -1.8744618639e-07  3.6124032652e-06  1.4240986429e-06  1.0343146753e-05  5.3640306165e-07  2.9847393711e-06 -2.9678405511e-06 -5.5963045999e-06 -4.0425075321e-06 -3.6195656796e-06  5.1993845597e-06 -6.8361663196e-06

JOB 17
COORDS -7.1842103003e-01  5.4354377983e-01  1.3403458086e+00  1.7449229456e+00  8.5909487720e-01 -1.3136923114e+00  6.6669230079e-01 -2.4177345593e+00  1.9796133526e+00 -1.9875792762e+00  1.4552586262e+00  1.5274310928e+00 -8.2069054965e-01 -3.4905473789e-01  3.0296782923e-01  2.5379585571e-01  6.8028131743e-01  2.0517561641e+00 -4.1154021205e-02 -1.6931918033e+00 -1.7629882599e+00  1.7220050412e+00 -2.8265079271e-01 -4.2380896913e-01  8.9572962628e-01 -2.3945095470e+00  5.5115869507e-01  4.5217974092e-01 -1.2481516180e+00 -4.4671571322e-01 -3.4836988654e+00  4.3973559871e-01  1.5612235370e+00 -1.8634147090e+00  2.3867877486e+00  3.0274007621e+00 -2.0524073429e+00  2.5712656613e+00  1.0513001235e-01  2.7272732746e+00  1.3136403939e+00 -1.1903709242e+00  9.6915853372e-01  1.5762642713e+00 -1.0291101973e+00  1.6009087321e+00  5.3479563205e-01 -2.3466295221e+00  1.2275956951e+00 -1.6190951221e+00  2.4657640344e+00  1.0162153603e+00 -3.3938936443e+00  2.3140723305e+00 -4.0056554146e-01 -2.3143780572e+00  2.1903729204e+00 -1.6908142164e+00 -3.7984216579e-01 -2.2196066264e-01
ENERGY -2.234288432586e+03
GRADIENT -5.3144499259e-06 -5.0946675847e-05 -7.5532984326e-05  2.9741713973e-06  1.0884789043e-05  1.2595726693e-05 -1.5730154962e-03 -8.1053752926e-04 -2.0670402956e-04  2.1467834301e-06  2.3602897666e-05  1.8037174774e-06 -9.3781740586e-06  8.4405655962e-05  3.5029078506e-05 -2.8642979706e-05  9.5901200577e-07  2.7350750231e-05 -1.0227824239e-06  5.8867411592e-06  4.6198731406e-05  5.1668638015e-04 -6.7392366870e-04 -1.0311567132e-03  2.5768462592e-03  1.0467599178e-03  1.6752190246e-04 -1.4752737529e-03  3.8003796085e-04  9.7605490905e-04 -1.2614922776e-05 -2.9530982784e-05 -9.8191735120e-06 -5.2026266621e-06 -6.1386902004e-06 -2.9010441458e-06 -1.0100081192e-05 -9.2406524973e-06 -3.7824139900e-06  7.1813556909e-07 -1.0606939358e-06 -4.3753359209e-06 -2.7021199524e-06 -4.0338033335e-06 -3.4762350818e-06  4.7270013517e-06  5.4148668286e-06 -8.2309939187e-06 -1.8763605302e-05 -1.1777925916e-05 -6.5574606364e-06  2.3990562855e-05  6.4453040687e-06 -8.1848004130e-06 -9.5973080567e-06 -3.3052291143e-05 -1.8513438450e-05 -8.7925427134e-07  7.4174990194e-06 -4.5460146020e-06

JOB 18
COORDS -7.1984153160e-01  5.1875468436e-01  1.3491575634e+00  1.7207971047e+00  8.8042265238e-01 -1.4367263079e+00  5.9284753431e-01 -2.4671287819e+00  1.9624162167e+00 -1.9996128353e+00  1.4160689206e+00  1.5263973296e+00 -7.9470339744e-01 -3.5812547726e-01  2.9563134047e-01  2.3826174845e-01  6.4872487364e-01  2.0804094794e+00  2.8597841643e-02 -1.7111323271e+00 -1.7432171806e+00  1.7358437447e+00 -1.9023491396e-01 -4.6201028322e-01  1.0291080594e+00 -2.2936230367e+00  5.9504505822e-01  5.1291317354e-01 -1.2146596140e+00 -4.4082934936e-01 -3.4868321965e+00  3.8671134363e-01  1.5122087713e+00 -1.9143916947e+00  2.3224940184e+00  3.0441305025e+00 -2.0460718136e+00  2.5554361727e+00  1.2191123633e-01  2.6792130702e+00  1.3885198072e+00 -1.3355936510e+00  9.0808842811e-01  1.5795719874e+00 -1.2168447076e+00  1.6075047912e+00  4.7349849892e-01 -2.4437796564e+00  1.0221396027e+00 -1.6848414114e+00  2.5887786947e+00  9.5867017150e-01 -3.4481837173e+00  2.2638175973e+00 -4.9808905248e-01 -2.4465426218e+00  2.0218555046e+00 -1.6541607873e+00 -3.9331112805e-01 -2.4604315336e-01
ENERGY -2.234287647114e+03
GRADIENT  5.2520001441e-05  8.3028933845e-05  1.7621382967e-04  2.9832826646e-06 -3.2548908805e-05 -2.6379571302e-05 -5.5113136724e-04 -5.0763860151e-04 -2.7649417178e-04 -3.0031492806e-05 -1.2886977079e-04 -1.0470964523e-04 -1.3065696149e-04 -8.5048685868e-05 -3.1808099474e-05  9.7454527541e-05  2.9489393066e-05 -2.3875900644e-06 -6.5007879775e-05  1.7147185529e-05 -1.2976419009e-04  2.0818007705e-04 -3.1884758753e-04 -3.9635730687e-04  9.1005686124e-04  7.2522287137e-04  3.8934753464e-04 -5.7830792753e-04  1.4896852360e-04  3.8539981839e-04  4.5045121223e-05 -3.9113328603e-06 -4.2334868487e-05 -1.7759667455e-05 -2.4345439638e-05 -1.4471536070e-05  1.1521496245e-05 -2.8457536327e-05 -1.9136174907e-05 -9.1008256664e-06  7.3991494373e-06 -1.9544225541e-06 -1.0225056557e-06  7.1290804158e-06 -5.6193138102e-06 -6.6150448933e-06  3.1247559808e-07 -1.8683585387e-06  2.1917605307e-05 -2.1384039007e-05 -2.0781826998e-06 -9.8203807157e-06 -4.3390118908e-06 -2.3327913352e-06 -1.7716838972e-06  7.2070929437e-06  4.1349772202e-06 -1.0825177081e-05  4.1330316161e-06 -4.2857722229e-05

JOB 19
COORDS -6.8472707100e-01  5.6969059532e-01  1.3961242765e+00  1.7284248843e+00  9.1052629363e-01 -1.5301624558e+00  5.3236038595e-01 -2.4839038938e+00  1.9397711453e+00 -1.9627241765e+00  1.4683898359e+00  1.5799395167e+00 -7.5611631861e-01 -2.9141170953e-01  3.2966037967e-01  2.6810346826e-01  6.8216573260e-01  2.1370046262e+00  6.0489984740e-02 -1.6811799194e+00 -1.6822267849e+00  1.7562841536e+00 -8.4892373542e-02 -4.7875394092e-01  1.1329908862e+00 -2.1515609360e+00  6.6686552158e-01  5.5990776363e-01 -1.1370683114e+00 -4.0389665775e-01 -3.4497919073e+00  4.3797030657e-01  1.5627723428e+00 -1.8749007921e+00  2.3664007337e+00  3.1021471774e+00 -2.0129826668e+00  2.6158164326e+00  1.8205196425e-01  2.6740222354e+00  1.4466073654e+00 -1.4563283204e+00  8.9732026355e-01  1.6042798489e+00 -1.3695065093e+00  1.6353667963e+00  4.2940306324e-01 -2.5059163129e+00  7.3424287198e-01 -1.6863937681e+00  2.6552189785e+00  1.0081931322e+00 -3.4119959693e+00  2.2550825096e+00 -5.4355101898e-01 -2.6415177975e+00  1.8317697603e+00 -1.6124681539e+00 -3.1957741465e-01 -2.1705737735e-01
ENERGY -2.234287574359e+03
GRADIENT  2.2621664477e-04 -1.0094170003e-04 -1.9873876880e-04  8.2154656291e-05 -7.3363014825e-05 -1.1109139174e-04  2.6668926263e-04  4.0438677212e-04  5.2887880831e-04 -4.5850218078e-05 -6.4557127440e-05  1.6481630880e-05 -3.5436978848e-04  8.3792427074e-05  8.3598098731e-05  5.2075149655e-05  4.0722020081e-05  1.1585099171e-04  7.6989980757e-05 -1.9776829257e-06  7.7396619361e-05 -2.5807264154e-04  3.3966523053e-04  3.6315964344e-04 -4.6958258916e-04 -6.6167071840e-04 -5.8244661087e-04  4.0793182816e-04 -6.2325310429e-05 -5.1664798941e-05 -1.9961571396e-06 -1.7454885330e-05 -2.2045266343e-05 -1.6414947977e-05 -3.4160574366e-05 -3.3785524022e-05 -2.2614799541e-06 -5.3048739352e-06 -2.1728601897e-06 -2.2285650221e-06  1.8629269547e-06  1.5646552137e-05 -1.6130015794e-05 -2.2682194434e-05  1.0385468890e-05 -4.0159614641e-06  7.1968762402e-06  1.4434778111e-05 -1.5214524627e-05 -3.0578425838e-06 -5.5405755525e-05  1.6078484957e-05 -4.0487621426e-06 -2.9577510005e-05  1.8838155616e-05 -2.8430387196e-06 -4.1995740876e-05 -3.8469554283e-06  4.2927753700e-05 -6.8153889675e-05

JOB 20
COORDS -1.5514362390e+00  5.2807170800e-01  5.5048176127e-01  2.1883608624e+00  8.0598113300e-01  3.2937525910e-01 -9.6577157338e-02 -2.4386442211e+00  2.0744821096e-01 -3.0616726460e+00  9.0613457433e-01  7.6396807760e-01 -1.2356526848e+00  1.5793653755e-01 -7.2569598609e-01 -7.7398025990e-01  5.2112978419e-01  1.4857900700e+00  2.1154242695e-01 -4.1657448452e-01 -2.7715578011e+00  1.3035502479e+00  8.9808589800e-01 -8.1854829827e-01  8.0596603028e-01 -1.5243633320e+00 -4.5579739598e-01  3.3618292541e-01 -2.5861463143e-01 -1.3127738454e+00 -4.0086600339e+00 -6.2970161138e-01  6.1809943740e-01 -3.2994770320e+00  1.6166152294e+00  2.3686277751e+00 -3.6044931731e+00  2.0688725741e+00 -5.0592453928e-01  2.6541365681e+00  1.7879996203e+00  4.1037029167e-01  2.9461278693e+00  4.1498827647e-02  1.4978284075e-01  1.6150716042e+00  5.8097514668e-01  1.2280843741e+00  4.9404217667e-01 -3.3248126297e+00  4.3938478611e-01 -9.2550181223e-01 -2.7141337515e+00 -4.4881696925e-01 -4.6827949605e-01 -1.9839610391e+00  1.1271732307e+00 -1.9376311958e+00  2.4863180787e-01 -1.4551541878e+00
ENERGY -2.234288299766e+03
GRADIENT  3.1292717053e-05 -6.6827980499e-06  1.7392373682e-04  6.8681636517e-06 -5.6879004098e-05  5.5825132938e-05 -1.2191991096e-04  1.5270439495e-03  2.1291704270e-03  1.9529231098e-05 -2.9118544081e-05  1.2889353440e-05  1.9948627263e-05  8.5134765822e-05 -1.4182572618e-04  6.9595221657e-06 -3.1695751998e-05 -2.8257351393e-05 -6.3007015558e-06 -6.0363986365e-05  5.3676972725e-05 -1.1995708811e-03  7.6159608199e-04  1.4740720225e-03 -5.9211852824e-05 -2.4085507113e-03 -2.8714322317e-03  1.2421823465e-03  2.1326004066e-04 -7.6064507226e-04  9.7118859805e-06  2.0201675210e-05 -2.5464460428e-05  4.4523075554e-06 -2.0478712164e-05 -4.3952600353e-05 -7.7758500004e-06  2.4903962489e-05 -4.2638328422e-05 -1.1792590063e-05  1.4231335551e-05  6.0514229850e-07  8.6615410829e-07  1.3699147676e-05 -6.8077829923e-07 -6.4604808724e-06  8.9534422692e-06 -6.3951890911e-06  6.3990706186e-06 -1.5392698518e-05  1.5441193135e-05  2.1643620343e-05 -1.7377297417e-05  1.2380834416e-05  1.0464802536e-05  2.0879701478e-05  3.0028554187e-05 -4.4710113817e-05 -6.1722493193e-05  6.1893263706e-06

JOB 21
COORDS -1.5677014466e+00  5.3263122933e-01  6.0665937151e-01  2.1769535367e+00  8.4544430139e-01  3.6900906591e-01 -1.3726323261e-01 -2.5168126018e+00  1.0778359688e-01 -3.0861014777e+00  8.8078344526e-01  8.1787304725e-01 -1.2411998726e+00  1.8075387720e-01 -6.7226650313e-01 -7.9535489899e-01  5.2944636168e-01  1.5456652675e+00  1.9152158667e-01 -4.8941441267e-01 -2.6938309180e+00  1.3082941980e+00  8.9176342350e-01 -7.9543638696e-01  7.8563466894e-01 -1.4896263545e+00 -3.1988179726e-01  3.2659083027e-01 -2.6753479349e-01 -1.2438852448e+00 -4.0004125141e+00 -6.7514319397e-01  6.7731930209e-01 -3.3392936801e+00  1.5920491132e+00  2.4199259500e+00 -3.6549350391e+00  2.0271994991e+00 -4.5603514991e-01  2.6368739359e+00  1.8320825939e+00  4.2108496702e-01  2.9400821914e+00  7.8698949435e-02  2.2562738828e-01  1.5914414434e+00  6.4643142052e-01  1.2657994910e+00  4.7737382085e-01 -3.3326555568e+00  4.8766294793e-01 -7.4025892125e-01 -2.8717652978e+00 -7.3178944337e-01 -7.7523513965e-01 -2.1295945924e+00  9.0459108674e-01 -1.9407927744e+00  2.6848912188e-01 -1.4040693082e+00
ENERGY -2.234289922808e+03
GRADIENT -1.1326292722e-04  6.9713822584e-06 -7.9527404173e-05  4.5138876332e-05  2.2348796395e-05  5.3713674115e-06 -6.6301331296e-04  1.3357890288e-03  2.1155791999e-03 -1.8386120572e-05 -3.4367737299e-05 -1.2819790157e-05 -5.8401615541e-06 -1.3404403324e-04  1.7194900446e-04  8.1100890604e-05  2.2279935660e-05  6.9070152288e-05  7.4819983220e-06 -4.0570070073e-05 -2.0814660520e-05 -1.4538981186e-03  5.4176001191e-04  1.3770394759e-03  5.9421214017e-04 -1.9824937364e-03 -2.7751743681e-03  1.3980744906e-03  1.3334433935e-04 -8.2198512594e-04  2.4510279022e-05  3.1049704966e-05 -1.9999120091e-06  1.2439113199e-05  6.9067857569e-06 -1.3322815463e-05  2.6909969412e-05 -4.3131449833e-06 -1.9857186758e-05  5.7108640545e-06 -4.7632181017e-06 -1.7302298326e-05 -1.0500421881e-05 -7.4718917221e-06 -7.1291752887e-06  3.3450191575e-06 -9.5643579760e-06 -4.2668232352e-07  1.4171638938e-05  5.7454105199e-06  1.2214934781e-06  3.6892947059e-05  9.6595087338e-06 -5.0546735086e-06  2.4806149111e-05  2.6431146102e-05  2.2683984973e-05  4.9637633267e-05  9.1398523398e-05 -2.8438286304e-05

JOB 22
COORDS -1.5268058596e+00  6.1234345217e-01  6.3423778012e-01  2.2230404295e+00  8.5506276013e-01  3.3202307560e-01 -9.7340558661e-02 -2.6047564640e+00  4.8637716424e-04 -3.0487781794e+00  9.3499893068e-01  8.6413208131e-01 -1.2214664019e+00  2.1585537825e-01 -6.3829168870e-01 -7.3546672080e-01  6.6830825388e-01  1.5541435773e+00  1.6902040912e-01 -5.9792115109e-01 -2.6362311393e+00  1.3395326064e+00  8.6320764084e-01 -8.2286676889e-01  7.7053311096e-01 -1.4686852331e+00 -2.1374086634e-01  3.2809114761e-01 -2.9218596428e-01 -1.2036070698e+00 -3.9304960930e+00 -6.4605934559e-01  8.0587402228e-01 -3.2861206998e+00  1.7045491218e+00  2.4411387668e+00 -3.6714523520e+00  2.0149314458e+00 -4.4250135818e-01  2.7123981144e+00  1.8287220818e+00  3.2301280528e-01  2.9609087672e+00  5.8658148595e-02  2.2214983813e-01  1.6428032572e+00  7.2329306212e-01  1.2443913550e+00  4.5313213781e-01 -3.2849941984e+00  6.4958935306e-01 -3.2377673049e-01 -3.0944747936e+00 -9.5002735639e-01 -1.0187859805e+00 -2.2861884386e+00  4.9437035637e-01 -1.9404757127e+00  2.5213825638e-01 -1.3552730662e+00
ENERGY -2.234291347200e+03
GRADIENT  7.4226580839e-05 -3.6881105910e-05  1.0545382932e-04 -1.4405413760e-05 -2.3619529507e-05 -5.0510029193e-05 -7.0713852928e-04  9.7370717435e-04  1.4349101719e-03  4.3241510911e-05  4.3528547114e-05 -5.1995550814e-05 -4.0813429289e-05  9.6765104039e-05 -1.6085183717e-04 -1.3185062057e-05  9.0490195190e-06 -4.1521265936e-06 -1.2732623789e-06 -7.8807694477e-07  9.9489803535e-06 -9.2667232368e-04  6.0226968973e-04  1.1432485066e-03  9.1942642771e-04 -1.1625428747e-03 -1.9801854754e-03  7.4983700697e-04 -3.7750965966e-04 -4.8662720561e-04 -7.3450674926e-06 -1.1324545917e-05 -1.2325497971e-06 -1.0939211385e-05  7.1035776006e-06 -1.1102425468e-06  2.7570243045e-06 -2.5756591218e-05  1.4054610372e-05  7.3120389298e-06  1.6755215510e-06 -8.6196724231e-06  3.6807128709e-06 -5.0672533912e-06  1.7733158128e-05 -2.7702417696e-06  1.0628132342e-05 -5.0663589602e-06 -2.0522181669e-05 -3.0560076168e-06  1.5903951137e-05 -1.0739222808e-05 -1.6134397606e-05  1.1853423064e-05 -2.8797872552e-05 -4.7091156210e-06  5.5179973010e-06 -4.4219985332e-05 -5.9778452601e-05  3.9940787705e-07

JOB 23
COORDS -1.5484289896e+00  7.0071575188e-01  6.5869199123e-01  2.2101227215e+00  8.6191794653e-01  3.3779521131e-01 -4.6787634255e-02 -2.6916673408e+00 -8.6354600720e-02 -3.0738613968e+00  1.0067426898e+00  8.9040111552e-01 -1.2504509555e+00  2.5027459553e-01 -5.9818274445e-01 -7.4875122254e-01  8.1581234205e-01  1.5650996050e+00  1.1944258858e-01 -6.9129544347e-01 -2.5544080030e+00  1.3264109854e+00  8.3419590870e-01 -8.1753212497e-01  7.0025471171e-01 -1.4514807734e+00 -9.4362181169e-02  2.8673543059e-01 -3.1169359812e-01 -1.1399052188e+00 -3.9291843109e+00 -5.8865540470e-01  9.1376704767e-01 -3.3091786827e+00  1.8450106791e+00  2.4321961994e+00 -3.7278882165e+00  2.0159115451e+00 -4.5873610107e-01  2.7269962028e+00  1.8193165533e+00  2.7788876063e-01  2.9240858534e+00  3.9504518287e-02  2.7017407436e-01  1.6258841826e+00  7.9527868163e-01  1.2546900549e+00  4.3984586332e-01 -3.3301401139e+00  6.5021995213e-01 -1.5133054589e-02 -3.1566566366e+00 -1.0741189978e+00 -1.0819038529e+00 -2.5033354426e+00  2.1313564131e-01 -1.9740345464e+00  2.5597859971e-01 -1.3113114965e+00
ENERGY -2.234291995425e+03
GRADIENT -7.5616333339e-05 -9.2479871531e-07 -8.3693675161e-05  5.5862404227e-05 -8.1534126336e-06  5.5127794154e-05 -1.9523456702e-04 -7.3779121313e-05  3.9191177965e-05 -4.0464783001e-05 -1.0640950214e-04  8.5397680432e-05  9.3052141840e-05  2.7902397651e-05  7.3842972294e-05  9.6072988542e-06  6.9016924944e-06  5.5731533904e-06 -1.4240572204e-05 -3.3290001333e-05  2.9291411080e-06 -2.0416883873e-04 -3.5671808679e-05  2.7248187995e-05  2.0004914312e-04 -4.0744961427e-05  6.4314590148e-05  1.0296909662e-04  1.1314300463e-04 -1.9763894441e-04  1.2222829277e-05  5.0422371697e-05 -1.0164245962e-05 -1.1336599457e-05  4.7115716525e-06 -8.7403343499e-06 -1.8911252687e-05  3.4973971087e-05 -4.2129141601e-05 -2.1362049629e-05  6.6941113615e-06  7.8281778069e-06 -1.2250850987e-05  1.1578487263e-05 -2.0406218576e-05 -1.3082967119e-05 -9.6616525277e-07 -2.9842883369e-06  1.3808519569e-06  1.5132263127e-05 -7.5969635365e-07  9.5605789490e-06  1.8906480518e-05  1.6206591975e-06  2.2620015578e-06  1.4116529743e-05  6.6830628204e-06  7.7723907196e-06  1.9506900308e-05  1.1902042455e-05

