20
0 1 C4Cl3H7NO4P
C                    -1.935074711572    -0.814475091393     0.206929457533
C                     2.206270355205     1.885799644348    -1.177744584927
C                     1.398839641843    -1.681805628943     0.689844445003
C                    -3.062950787364    -0.428411873636     1.234319647668
N                    -0.958460050528     0.141053849774     0.071050102953
O                    -1.933280237740    -1.890200406073    -0.348289967844
O                     0.048074289177     0.158150457140    -2.475481992562
O                     1.182681576926     1.242878331659    -0.374479764668
O                     1.110656567829    -1.317242565639    -0.678236118890
P                     0.346428559464     0.033091736804    -1.040680049277
Cl                   -3.712711838441     1.215577421402     0.855730761721
Cl                   -4.371338525998    -1.617150990445     1.188550933222
Cl                   -2.301184669263    -0.405701032493     2.878392518252
H                     2.540839587132     2.747822253329    -0.601067497552
H                     1.788780527244     2.202262752530    -2.135446073053
H                     3.041088222358     1.199150012221    -1.341544848821
H                     2.109998783006    -2.505924046779     0.636683939268
H                     0.484209757904    -2.014994658318     1.185312331030
H                     1.840680065482    -0.840722878880     1.231077914502
H                    -1.076975693718     1.035243795898     0.537747858665

12.643812043942695
       0.0001        0.0018        0.0085
       0.1027       -0.0495        0.2065
      -0.0418       -0.2617       -0.2473
      -0.0005        0.0029        0.0073
       0.0501       -0.0359        0.0912
      -0.0619        0.0564       -0.0950
      -0.0503        0.2887        0.0598
       0.1095       -0.1139        0.1812
      -0.0738       -0.0621       -0.2158
       0.0014        0.0628        0.0393
      -0.2175       -0.1616       -0.3158
       0.1681       -0.1893        0.2790
       0.0175        0.4350        0.0017
       0.0505       -0.0427        0.0902
       0.0249        0.0304        0.0767
       0.0164       -0.0220        0.0239
      -0.0219       -0.0818       -0.1114
      -0.0123       -0.0862       -0.0791
       0.0018       -0.1035       -0.0399
       0.0307       -0.0229        0.0544

33.354281542807676
      -0.1030        0.0818       -0.1747
       0.1526       -0.1291        0.1591
      -0.2645        0.1031        0.2217
       0.0041        0.0005       -0.0277
      -0.1491        0.1169       -0.2359
      -0.1563        0.1273       -0.2652
       0.2556       -0.0868       -0.1023
      -0.0615        0.0222        0.0168
      -0.0975        0.0058        0.1819
       0.0073        0.0108       -0.0603
      -0.2185       -0.0442        0.1641
       0.1098       -0.1193        0.2069
       0.3785        0.0026       -0.2127
       0.0280       -0.0279        0.0413
       0.1064       -0.0557        0.0129
       0.0400       -0.0589        0.1142
      -0.0694        0.0332        0.1089
      -0.0939        0.0338        0.0349
      -0.1035        0.0428        0.0660
      -0.0278        0.0240       -0.0464

53.48366675592869
      -0.0803        0.0377       -0.1010
      -0.2537        0.2209       -0.1187
       0.2663        0.0333        0.0706
      -0.0158        0.0051       -0.0190
       0.0967       -0.1049        0.1481
      -0.3251        0.2272       -0.4673
      -0.0073       -0.1229        0.1188
       0.0836       -0.0968        0.0638
       0.0709       -0.1005        0.0978
       0.0763       -0.1401        0.1476
      -0.0250        0.0091       -0.0216
      -0.0274        0.0116        0.0814
       0.0782        0.0235       -0.0732
      -0.0804        0.0606       -0.0252
      -0.1612        0.0764        0.0081
      -0.0470        0.1175       -0.1223
      -0.0436       -0.0935        0.0068
       0.0741        0.1676        0.1224
       0.2398       -0.0202       -0.0656
       0.0792       -0.0577        0.1095

59.39816944549283
      -0.0070        0.0760        0.0173
       0.3603       -0.4381       -0.0430
       0.3133        0.2429       -0.0298
      -0.0324       -0.0052        0.0170
       0.0421        0.0559        0.1419
      -0.0326        0.1701       -0.1373
      -0.2434       -0.0410        0.0497
       0.0033        0.0712       -0.1136
       0.0292        0.0865       -0.0123
      -0.0982        0.0681        0.0278
      -0.1539       -0.0459        0.0598
       0.0370       -0.1111       -0.0829
      -0.1489       -0.0230        0.0726
       0.1606       -0.1274       -0.0446
       0.1830       -0.1384       -0.0507
       0.0457       -0.2179        0.0674
       0.0280        0.0173       -0.0240
       0.1088        0.1615        0.0870
       0.1926        0.0681       -0.0877
       0.0254        0.0057        0.0597

80.1976747151126
      -0.0718       -0.1517       -0.0345
       0.0047        0.0145        0.3784
       0.3340        0.1859       -0.1052
      -0.0232       -0.0203       -0.0180
      -0.1305       -0.1316       -0.1802
      -0.0859       -0.2652        0.1393
       0.0962        0.0546       -0.0930
      -0.2114       -0.0033        0.1314
       0.0368        0.0186       -0.0994
      -0.0537       -0.0233       -0.0995
       0.1413        0.0299       -0.1012
      -0.2208        0.1623        0.1922
       0.1224       -0.0044       -0.1043
      -0.0620        0.0197        0.1233
       0.0771       -0.0173        0.0693
       0.0275        0.0162        0.1911
      -0.0168       -0.0426       -0.0504
       0.1060        0.2063        0.0900
       0.2596        0.0344       -0.1332
      -0.0491       -0.0300       -0.0619

90.42358533968425
      -0.0332       -0.0709       -0.0259
       0.0149       -0.0342        0.1048
       0.0207       -0.0112       -0.0131
       0.0085       -0.0243        0.0025
       0.0882       -0.1820        0.1434
      -0.2067        0.0263       -0.2394
      -0.1510       -0.1084        0.0386
      -0.2247        0.1636       -0.0348
       0.3087        0.1501       -0.0346
      -0.0251       -0.0157        0.0247
       0.1832       -0.0022       -0.1226
      -0.0945        0.0836        0.1241
       0.0427        0.0018       -0.0056
      -0.0781        0.0590       -0.0248
       0.0920       -0.1172       -0.0436
       0.0402       -0.0039        0.1865
       0.2751        0.2269        0.0184
       0.0354       -0.3392       -0.1757
      -0.3349        0.0784        0.1477
       0.0541       -0.0690        0.0850

108.08099091632282
       0.0247        0.0410        0.0179
       0.0043        0.0723       -0.0122
      -0.0533       -0.1173       -0.0411
       0.0093        0.0139        0.0100
       0.0304        0.0405        0.0264
       0.0392        0.0538        0.0068
      -0.0191       -0.0017        0.0090
       0.0410       -0.0075       -0.0405
      -0.0698       -0.0576       -0.0207
       0.0173       -0.0097        0.0045
      -0.0367        0.0069        0.0448
       0.0713       -0.0365       -0.0601
      -0.0464        0.0198        0.0465
      -0.3888        0.3300       -0.2389
       0.1351       -0.4454       -0.2163
       0.2376        0.2002        0.4494
      -0.1158       -0.1193       -0.0288
      -0.0352        0.0795        0.0280
       0.1035       -0.0792       -0.0381
       0.0105        0.0121        0.0052

141.6949209240699
       0.0304       -0.0711        0.0123
       0.0269       -0.0553       -0.0349
      -0.3611       -0.0782        0.0899
       0.0525       -0.0650       -0.0050
       0.0308       -0.0596        0.1292
       0.0270       -0.0285       -0.0899
      -0.1878        0.0035        0.0735
      -0.1733        0.2347       -0.0599
       0.0697        0.1717        0.0749
      -0.0928        0.1384        0.0774
       0.3585       -0.0736       -0.2890
      -0.0085        0.0197        0.0838
       0.0981       -0.0942       -0.0040
       0.0762       -0.0469       -0.0038
       0.0314        0.0240       -0.0073
      -0.0453       -0.0793       -0.0163
      -0.3563       -0.2400        0.0394
      -0.1985        0.2595        0.0410
       0.1485       -0.1436        0.0085
       0.0072       -0.0294        0.0594

161.55441207035744
       0.0060       -0.0311        0.0023
      -0.0282       -0.0820       -0.1180
      -0.0090        0.2829        0.1119
       0.0164       -0.0513       -0.0376
      -0.0506        0.0490        0.0822
       0.0903       -0.0287       -0.0063
      -0.1830        0.2946        0.1431
       0.2302       -0.1996        0.1318
      -0.3884       -0.1210        0.0754
      -0.1352        0.0640        0.1434
       0.2008       -0.0663       -0.2960
      -0.0802        0.0477        0.0689
       0.2256       -0.1543       -0.1581
      -0.0564        0.0377       -0.0982
      -0.0533       -0.1164       -0.0448
       0.0352        0.0229       -0.0082
       0.1272        0.1921        0.0589
       0.0571       -0.0347        0.0647
      -0.1230        0.1765       -0.0174
      -0.0513        0.0189        0.0001

169.7466189104427
       0.0175        0.0062       -0.0114
      -0.0008        0.0725        0.1499
      -0.1136        0.2414        0.0421
       0.0882       -0.0403        0.1003
      -0.0123        0.0121       -0.1145
      -0.1361        0.1097       -0.2137
       0.0929        0.0047       -0.1778
      -0.0147       -0.1200       -0.0304
      -0.1930       -0.1044       -0.0477
      -0.0462       -0.0540       -0.2167
       0.3994       -0.0221       -0.0571
       0.2291       -0.1448        0.0242
      -0.3948        0.0577        0.4210
      -0.0274        0.0013        0.0891
       0.0152        0.0580        0.0488
       0.0159        0.0438        0.0300
      -0.0063        0.0896        0.0656
      -0.0214        0.0734        0.0358
      -0.0599        0.1189       -0.0425
       0.0293       -0.0099        0.0018

181.78734279334628
       0.0377        0.0475        0.0345
      -0.0988        0.0665        0.3150
      -0.0026        0.0071        0.0182
       0.0477        0.0537       -0.0413
       0.0110        0.0292        0.1006
       0.1296        0.0443        0.0504
      -0.4034       -0.2442        0.0575
      -0.2100       -0.0940        0.0391
      -0.1222       -0.0965        0.0174
      -0.2186       -0.1606        0.0202
       0.0566        0.1300        0.0872
       0.3021       -0.0653       -0.3968
       0.2591        0.2051       -0.1359
      -0.0415       -0.0211        0.1597
       0.0054        0.0910        0.0993
      -0.0244        0.0293        0.0696
       0.0104        0.0116        0.0066
       0.0121       -0.0027        0.0259
      -0.0041        0.0171       -0.0155
       0.0187        0.0081        0.0286

228.51399356117085
      -0.0888       -0.1330       -0.0509
      -0.1870       -0.2641       -0.2127
       0.0743       -0.0695       -0.0015
      -0.0053       -0.0469       -0.0102
      -0.1508       -0.1110       -0.0790
      -0.1706       -0.1660       -0.0370
       0.2307        0.2370        0.0722
      -0.1694        0.0920        0.1727
      -0.0277        0.0546        0.0604
      -0.0786        0.0655        0.1605
       0.2682        0.0890        0.2278
       0.1324       -0.2088       -0.2558
       0.0055        0.3536       -0.0411
       0.0022       -0.0356       -0.1567
      -0.0890       -0.1556       -0.0717
      -0.0865       -0.1216       -0.0381
       0.0283       -0.0120       -0.0373
       0.0342       -0.0425        0.0086
       0.0243       -0.0307        0.0138
      -0.0645       -0.0318       -0.0229

230.30465990664374
      -0.0218        0.1613       -0.0086
      -0.0779       -0.0333        0.0040
       0.2660       -0.3276       -0.0873
       0.0129        0.0229        0.0204
      -0.1827        0.3058       -0.1035
       0.1339        0.2064       -0.0454
       0.1620       -0.2171        0.0093
      -0.2011        0.1563        0.0113
      -0.2416       -0.0021        0.1473
      -0.1413        0.0620        0.1225
       0.1392        0.0569       -0.2642
       0.1019       -0.0183        0.1495
      -0.0385       -0.2270        0.0551
       0.0114       -0.0183       -0.0057
      -0.0075       -0.0028       -0.0031
      -0.0490       -0.0433        0.0075
       0.1250       -0.0461       -0.1580
       0.1377       -0.1956        0.0217
       0.0723       -0.1167        0.0135
      -0.0612        0.0947       -0.0567

273.2505122122711
      -0.0511        0.0099       -0.1135
       0.0621        0.0525        0.0123
      -0.0006       -0.0054        0.0236
      -0.1015        0.0406       -0.1526
      -0.0282        0.0031       -0.0462
       0.0703       -0.0787        0.0418
      -0.2139       -0.0139        0.0699
       0.1317       -0.0618       -0.0029
       0.1155        0.0400        0.0086
       0.0425       -0.0063        0.0258
       0.1736        0.4546        0.1158
       0.1359       -0.3593        0.3625
      -0.3441       -0.0836       -0.4158
       0.0006        0.0154        0.0136
       0.0091        0.0197        0.0087
       0.0319        0.0345       -0.0061
      -0.0082       -0.0089        0.0149
      -0.0138        0.0048       -0.0144
      -0.0020       -0.0090        0.0197
      -0.0414        0.0161       -0.0503

282.65425208762883
      -0.0677        0.0857        0.0954
      -0.1633       -0.1572       -0.0252
      -0.0577        0.1033       -0.0074
       0.0002        0.1833        0.0420
       0.0451       -0.0786        0.0291
      -0.2884        0.0302        0.2431
       0.0948        0.1340       -0.0121
      -0.1240       -0.0607        0.1326
       0.1776        0.0051       -0.1035
      -0.0028       -0.0913       -0.0133
      -0.2331        0.2949       -0.3000
       0.4335        0.0260       -0.0316
       0.0681       -0.3730        0.0956
      -0.0300       -0.0257       -0.0476
      -0.0665       -0.0799       -0.0101
      -0.0535       -0.0548       -0.0022
      -0.0350        0.0115        0.0491
      -0.0433        0.0664       -0.0277
      -0.0183        0.0365       -0.0115
       0.0544       -0.0200        0.0177

310.45552643826994
      -0.1330       -0.0704        0.0348
       0.3039        0.2519       -0.0250
       0.0747       -0.1196        0.0453
      -0.0332        0.0208        0.0596
      -0.0621       -0.0956       -0.0352
      -0.5461       -0.1644        0.2155
      -0.1082       -0.0567        0.0376
       0.2212        0.1472       -0.2348
      -0.2099        0.0184        0.1615
       0.0585        0.1631        0.0305
       0.0370        0.0395       -0.0987
       0.0764       -0.1343       -0.1660
       0.1251       -0.0237        0.0687
       0.0652        0.0448        0.0488
       0.1181        0.1185       -0.0052
       0.0923        0.0792       -0.0071
       0.0448       -0.0111       -0.0532
       0.0535       -0.0799        0.0424
       0.0231       -0.0439        0.0268
      -0.0756       -0.0168       -0.0402

328.9900116177205
       0.0903       -0.0494        0.1046
       0.0296        0.0487       -0.0018
      -0.0425        0.0577       -0.0478
      -0.0333        0.0134       -0.0471
       0.3204       -0.2092        0.4254
       0.0471       -0.0049        0.0298
       0.3625        0.0165       -0.0858
      -0.2356        0.2613       -0.1756
      -0.3945       -0.2250       -0.0523
       0.0035        0.0077       -0.0101
      -0.0478        0.1375        0.0586
      -0.0184       -0.0747        0.0790
      -0.0454       -0.0228       -0.2254
       0.0346       -0.0119        0.0234
       0.0637        0.0448       -0.0140
      -0.0227       -0.0302        0.0270
       0.0195        0.0439       -0.0115
       0.0277        0.0081        0.0537
      -0.0159        0.0577       -0.0746
       0.0673       -0.0463        0.0915

354.55411845638673
       0.0987       -0.2184       -0.2043
       0.0203        0.0130       -0.0097
       0.0521       -0.0942        0.1054
       0.1798        0.0094       -0.1040
       0.0097       -0.1783       -0.1109
       0.0907       -0.2692       -0.2353
      -0.1790        0.1430        0.0715
      -0.0725        0.1023       -0.0510
      -0.1544       -0.0588        0.1542
       0.0322        0.0092        0.0225
      -0.2243       -0.0424        0.0901
       0.4056        0.4608        0.0963
      -0.2147       -0.0687        0.0281
       0.0192       -0.0048        0.0020
       0.0226        0.0131       -0.0070
      -0.0071       -0.0145        0.0071
       0.0267       -0.0149       -0.0093
       0.0365       -0.0476        0.0564
       0.0206       -0.0275        0.0256
      -0.0915       -0.0324       -0.0827

407.2221752039666
      -0.0102       -0.0579        0.0034
       0.0027       -0.0139       -0.0233
      -0.1219        0.1627       -0.2609
       0.0524        0.0026       -0.0418
      -0.0512        0.0191        0.0304
      -0.1253       -0.0914        0.0652
       0.1148       -0.5517        0.0383
       0.1886       -0.0064        0.2858
      -0.1125        0.1327       -0.2156
      -0.0490        0.2839        0.1657
       0.0347       -0.1859        0.0737
       0.1974        0.1978        0.0267
      -0.1325       -0.0067       -0.1798
       0.0151        0.0240       -0.0581
      -0.0590       -0.0490        0.0049
      -0.0012       -0.0002       -0.0279
      -0.0325        0.0480       -0.0536
      -0.0330        0.0464       -0.0696
      -0.0384        0.0476       -0.0714
       0.0244       -0.0568        0.1358

419.778930734686
      -0.0350        0.2237        0.1199
      -0.0402       -0.0208        0.0224
       0.0489       -0.0566        0.0972
       0.0548        0.0593       -0.0095
       0.0667        0.1211        0.0073
      -0.2600        0.2010        0.2787
      -0.0388        0.2126       -0.0188
      -0.1001       -0.0075       -0.0843
       0.0763       -0.0507        0.0673
       0.0122       -0.1275       -0.0676
       0.2056       -0.5082        0.1271
       0.1431        0.1822        0.0438
      -0.2137        0.0110       -0.4206
      -0.0137       -0.0141        0.0203
       0.0095        0.0078        0.0016
      -0.0111       -0.0079        0.0140
       0.0114       -0.0185        0.0251
       0.0094       -0.0130        0.0208
       0.0143       -0.0160        0.0265
       0.0509        0.0599       -0.0419

468.8545438550831
      -0.0354        0.1027       -0.1251
       0.0155        0.0339       -0.0340
      -0.0818        0.1014       -0.1107
       0.0142        0.0109       -0.0046
       0.0060        0.0779       -0.1554
      -0.0544        0.0390        0.0214
      -0.1519       -0.0579        0.2786
      -0.1552        0.3400        0.0699
      -0.0033       -0.3992       -0.3041
       0.3724       -0.1140        0.2216
       0.0296       -0.0472       -0.0086
      -0.0671       -0.0511       -0.0027
       0.0206        0.0119        0.0843
       0.0576        0.0057       -0.0356
       0.0131       -0.0004       -0.0167
      -0.0359       -0.0430        0.0082
      -0.0058        0.0387        0.0845
      -0.0359        0.0737       -0.0268
      -0.0587        0.0956       -0.1077
      -0.1658        0.1357       -0.3027

495.3879463053722
      -0.0635        0.0122       -0.0387
      -0.0215       -0.0182        0.0325
      -0.0132        0.0230       -0.0430
       0.0306       -0.0612        0.0731
       0.1297       -0.0948        0.3545
      -0.0328        0.0325       -0.0694
       0.1163       -0.0634       -0.0717
       0.0755       -0.1692       -0.0250
       0.0696        0.1916        0.0041
      -0.1636        0.0056       -0.0006
       0.0011       -0.0130       -0.0036
       0.0403        0.0360       -0.0112
       0.0044        0.0134       -0.0061
      -0.0320       -0.0052        0.0253
      -0.0075        0.0033        0.0123
       0.0155        0.0235       -0.0028
      -0.0237       -0.0092       -0.0338
      -0.0133        0.0117       -0.0278
       0.0050       -0.0165        0.0151
      -0.4692        0.2848       -0.6202

529.9974105431899
       0.1802        0.0676       -0.0436
      -0.1724       -0.1484        0.0492
       0.0375       -0.0735        0.1057
       0.0968        0.0368       -0.0256
       0.3485       -0.0648       -0.0637
      -0.1204        0.0236        0.0745
      -0.2642       -0.1173       -0.2023
      -0.0208        0.0583        0.3801
      -0.2089        0.0876        0.1785
       0.3160        0.2317       -0.3365
      -0.0221        0.0182        0.0012
      -0.1565       -0.1175        0.0152
       0.0060       -0.0014        0.0209
       0.0091       -0.0067       -0.0765
      -0.1029       -0.0990        0.0182
      -0.0718       -0.0673       -0.0002
       0.0139       -0.0140       -0.0483
       0.0327       -0.0468        0.0523
       0.0292       -0.0407        0.0436
       0.0191        0.0260       -0.1191

642.9120159981192
      -0.2551        0.2140       -0.4283
      -0.0170       -0.0133        0.0093
       0.0026        0.0044       -0.0078
      -0.3185        0.2882       -0.5393
       0.1152       -0.0733        0.1321
       0.0822       -0.0799        0.1381
       0.0313        0.0002       -0.0090
      -0.0029       -0.0403       -0.0347
      -0.0395        0.0617        0.0250
      -0.0240        0.0066        0.0060
       0.1117       -0.1887        0.0539
       0.0438       -0.0080        0.0429
       0.0816       -0.0065        0.2904
      -0.0122       -0.0059        0.0100
      -0.0003        0.0014        0.0023
       0.0001        0.0023        0.0025
       0.0046        0.0060       -0.0238
       0.0048       -0.0059       -0.0000
       0.0034       -0.0046        0.0047
       0.0432       -0.0212        0.0413

707.2089252804625
       0.3243        0.0336       -0.1254
      -0.1382       -0.1031        0.0731
      -0.0609        0.0898       -0.1770
       0.3563        0.0361       -0.1577
       0.2355        0.1293       -0.1880
      -0.1887       -0.0644        0.0645
       0.0865        0.0159        0.2825
      -0.0979       -0.2461       -0.3500
      -0.0896        0.2411        0.0625
       0.0025       -0.0182        0.2502
      -0.0520        0.0418        0.0083
      -0.1564       -0.1032        0.0224
      -0.0178       -0.0009        0.0398
      -0.0980       -0.0596        0.0992
       0.0133        0.0233        0.0153
      -0.0061        0.0086        0.0309
      -0.0250        0.0223       -0.0863
      -0.0057        0.0046       -0.0415
      -0.0006       -0.0048       -0.0143
       0.0643        0.0122       -0.0083

769.2492370782761
      -0.2315        0.0025        0.1186
      -0.0934       -0.0786        0.0407
      -0.0662        0.1008       -0.2044
      -0.2884        0.1713        0.3344
      -0.0684       -0.2961       -0.1145
       0.2020        0.1207       -0.0670
      -0.0346       -0.0076        0.1590
      -0.0616       -0.1221       -0.1801
      -0.2102        0.2846        0.1518
       0.4257       -0.0497        0.0140
       0.0456       -0.0678       -0.0142
       0.0755        0.0308       -0.0290
      -0.0011       -0.0136       -0.0811
      -0.0531       -0.0396        0.0506
       0.0008        0.0032        0.0084
      -0.0109       -0.0059        0.0205
      -0.0208        0.0336       -0.1412
       0.0009       -0.0044       -0.0455
       0.0070       -0.0112       -0.0161
       0.0213       -0.0709       -0.0429

779.3741877861077
      -0.0431       -0.0115       -0.0152
      -0.1862       -0.1426        0.0855
       0.0198       -0.0232        0.0462
      -0.1512       -0.4877       -0.1350
      -0.1888        0.2844        0.2854
      -0.0909       -0.0830        0.0325
      -0.0309       -0.0095       -0.0176
      -0.0851       -0.1796       -0.2386
       0.0196       -0.0826       -0.0416
       0.4082        0.2500       -0.0867
      -0.0047        0.0801       -0.0067
       0.1008        0.1117        0.0089
       0.0221        0.0309        0.0326
      -0.0921       -0.0599        0.0718
      -0.0201       -0.0077        0.0214
      -0.0332       -0.0182        0.0353
       0.0095       -0.0048        0.0320
      -0.0024        0.0063        0.0049
      -0.0026        0.0020        0.0071
      -0.1273        0.0250        0.1588

804.644222852118
       0.3553       -0.2863        0.5441
      -0.0120       -0.0086        0.0067
      -0.0060        0.0042       -0.0084
      -0.3451        0.2580       -0.4422
      -0.0961        0.0712       -0.0847
      -0.1054        0.0775       -0.1709
      -0.0110       -0.0050        0.0078
      -0.0006       -0.0073       -0.0068
       0.0060        0.0061       -0.0083
       0.0444       -0.0017       -0.0031
       0.0311       -0.0534        0.0483
       0.0352       -0.0059        0.0350
       0.0526       -0.0220        0.0542
      -0.0039       -0.0033        0.0034
      -0.0015       -0.0013        0.0014
      -0.0022       -0.0010        0.0016
      -0.0055       -0.0019       -0.0010
      -0.0019        0.0034       -0.0025
      -0.0024        0.0010       -0.0023
      -0.1072        0.0578       -0.1188

830.8380814427701
       0.0054        0.0891        0.0655
       0.1283        0.0960       -0.0592
      -0.0646        0.0967       -0.1944
      -0.0981       -0.5713       -0.2508
       0.0540       -0.0189       -0.0617
      -0.0501        0.1036        0.0828
      -0.0088        0.0468        0.0230
       0.0204        0.1527        0.1992
      -0.1245        0.2696        0.1581
      -0.0006       -0.4713       -0.0358
      -0.0235        0.0931        0.0018
       0.0666        0.0972        0.0225
       0.0197        0.0318        0.0540
       0.0800        0.0452       -0.0658
       0.0102       -0.0016       -0.0156
       0.0208        0.0084       -0.0279
      -0.0291        0.0261       -0.1420
      -0.0039       -0.0046       -0.0524
       0.0054       -0.0074       -0.0235
       0.0959        0.0170       -0.0382

888.1374105664717
      -0.0200        0.0833        0.0741
      -0.0527       -0.0381        0.0245
       0.0386       -0.0682        0.1328
      -0.2783       -0.3554       -0.0284
       0.3013       -0.3081       -0.3813
       0.0547        0.2149        0.0752
       0.0270       -0.0501        0.0845
       0.0220       -0.0823       -0.1185
       0.0595       -0.1551       -0.1078
      -0.2348        0.3738        0.1395
      -0.0008        0.0350       -0.0008
       0.0664        0.0755        0.0099
       0.0153        0.0155        0.0147
      -0.0461       -0.0241        0.0439
       0.0042        0.0088        0.0055
      -0.0062       -0.0005        0.0163
       0.0222       -0.0161        0.1009
       0.0107       -0.0024        0.0538
      -0.0026        0.0011        0.0211
       0.1440       -0.0416       -0.1697

963.8976454432193
      -0.2361        0.0892        0.2287
       0.0503        0.0241       -0.0526
       0.0116       -0.0107        0.0302
       0.5448       -0.0180       -0.3881
      -0.3172       -0.3885        0.0270
       0.1020        0.2925        0.0798
      -0.0089       -0.0216       -0.0062
      -0.0611       -0.0826       -0.0018
      -0.0144       -0.0189       -0.0250
       0.1148        0.1249       -0.0177
      -0.0335        0.0280        0.0126
      -0.0766       -0.0496        0.0148
      -0.0118        0.0023        0.0415
      -0.0165       -0.0076        0.0211
       0.0117        0.0124       -0.0103
       0.0110        0.0020        0.0016
       0.0056       -0.0016        0.0128
       0.0003       -0.0001        0.0048
       0.0019       -0.0012        0.0076
      -0.0941       -0.1006       -0.0075

1061.651824647456
       0.1355        0.0367       -0.0724
       0.4014        0.2288       -0.3637
      -0.0005        0.0088       -0.0422
      -0.0994       -0.0009        0.0631
       0.0265        0.0213        0.0103
      -0.0220       -0.0074        0.0114
      -0.0036       -0.0022        0.0295
      -0.5436       -0.4334        0.2572
       0.0234       -0.0246        0.0581
       0.0673        0.1368        0.0089
       0.0082       -0.0073       -0.0026
       0.0084        0.0065       -0.0005
       0.0031       -0.0004       -0.0082
      -0.0318       -0.0001        0.0654
       0.0674        0.0718       -0.0742
       0.0903        0.0321       -0.0301
      -0.0029       -0.0033        0.0125
       0.0023        0.0033       -0.0042
      -0.0043       -0.0052        0.0069
      -0.0426       -0.0098        0.0169

1085.2715398985972
      -0.0511       -0.0214        0.0190
      -0.0421       -0.0189        0.0266
      -0.1020        0.0613       -0.5602
       0.0227        0.0036       -0.0269
       0.0235        0.0057       -0.0001
       0.0059        0.0018        0.0016
      -0.0431        0.0366       -0.1239
       0.0434        0.0308       -0.0153
       0.2419       -0.3535        0.6129
      -0.0730        0.1665        0.0016
      -0.0020        0.0007        0.0021
      -0.0019       -0.0020        0.0008
       0.0002       -0.0002        0.0061
      -0.0028       -0.0054        0.0014
      -0.0081       -0.0068        0.0054
      -0.0195       -0.0149        0.0152
       0.0132        0.0267        0.1063
       0.0142        0.0565       -0.0340
      -0.0581        0.0440       -0.1627
       0.0070        0.0117       -0.0168

1180.1632332660838
       0.0041        0.0017       -0.0035
       0.0480       -0.0412        0.0168
      -0.3526       -0.1971        0.0549
       0.0005        0.0001        0.0025
      -0.0109        0.0000        0.0044
       0.0001        0.0037        0.0022
      -0.0009       -0.0048        0.0154
      -0.0296        0.0113       -0.0081
       0.1660        0.1190       -0.0473
       0.0177       -0.0053       -0.0069
       0.0001        0.0000       -0.0003
      -0.0001       -0.0000       -0.0002
      -0.0003        0.0001       -0.0010
      -0.0429        0.0184       -0.0080
      -0.0713       -0.0110        0.0432
       0.0551        0.0539       -0.0676
       0.1905        0.2085       -0.1582
       0.2139       -0.0826        0.5952
       0.1013        0.1443       -0.4702
      -0.0065       -0.0009        0.0022

1182.54320003157
       0.0429        0.0165       -0.0203
       0.2707       -0.2584        0.1513
       0.0631        0.0159       -0.0200
      -0.0139       -0.0020        0.0072
      -0.0117       -0.0313       -0.0057
      -0.0023        0.0234        0.0138
       0.0009        0.0039       -0.0091
      -0.1327        0.1323       -0.0798
      -0.0272       -0.0178        0.0173
      -0.0077        0.0063        0.0055
       0.0014       -0.0013       -0.0003
      -0.0004        0.0003        0.0005
       0.0005        0.0000       -0.0010
      -0.2431        0.1297       -0.0768
      -0.4624       -0.0882        0.2801
       0.3177        0.3180       -0.4193
      -0.0254       -0.0375        0.0542
      -0.0386        0.0258       -0.0985
      -0.0281       -0.0108        0.0570
      -0.0517       -0.0275        0.0218

1198.0501080076094
      -0.4476       -0.1659        0.2266
       0.0239       -0.1025       -0.1204
      -0.0578        0.1247        0.0442
       0.1318        0.0139       -0.0830
       0.1767        0.2390        0.0084
       0.0336       -0.1935       -0.1256
      -0.0194       -0.0024       -0.0219
      -0.0515        0.0211        0.0715
       0.0245       -0.0763       -0.0218
       0.0348        0.0542        0.0306
      -0.0135        0.0123        0.0045
       0.0029       -0.0035       -0.0041
      -0.0036       -0.0003        0.0116
      -0.1864       -0.0823        0.1520
       0.0379        0.1160        0.0001
       0.1253        0.1078       -0.0098
      -0.0453        0.0270       -0.2166
       0.0385       -0.0978        0.0273
       0.0847       -0.0925        0.1338
       0.4366        0.2281       -0.2020

1204.8593794742674
       0.2448        0.0873       -0.1274
      -0.1112       -0.2123       -0.1933
      -0.0888        0.1744        0.0177
      -0.0702       -0.0071        0.0437
      -0.0949       -0.1277       -0.0093
      -0.0192        0.1087        0.0709
      -0.0100        0.0053       -0.0694
       0.1260        0.1909        0.1238
       0.0773       -0.1416        0.0129
      -0.0363       -0.0341        0.0187
       0.0070       -0.0066       -0.0022
      -0.0020        0.0016        0.0023
       0.0020        0.0001       -0.0056
      -0.3098       -0.1920        0.2973
       0.1857        0.2591       -0.0481
       0.1793        0.1595        0.0767
      -0.0636        0.0386       -0.2882
       0.0464       -0.1336        0.0179
       0.1158       -0.1087        0.1405
      -0.2460       -0.1259        0.1124

1205.3712113466165
       0.0474        0.0164       -0.0267
       0.0638        0.1518        0.1746
      -0.1513        0.2960        0.0478
      -0.0149       -0.0015        0.0070
      -0.0204       -0.0275       -0.0040
      -0.0031        0.0277        0.0169
       0.0037        0.0026        0.0064
      -0.0538       -0.1057       -0.1145
       0.1251       -0.2356        0.0054
      -0.0180        0.0581        0.0127
       0.0015       -0.0017       -0.0003
      -0.0004        0.0003        0.0006
       0.0007       -0.0000       -0.0006
       0.2424        0.1513       -0.2370
      -0.1525       -0.2062        0.0446
      -0.1457       -0.1265       -0.0585
      -0.1069        0.0661       -0.4933
       0.0891       -0.2326        0.0525
       0.2000       -0.1964        0.2616
      -0.0581       -0.0251        0.0183

1317.7898087764108
      -0.0184        0.0091        0.0137
      -0.0228       -0.0386        0.0003
       0.0007        0.0077       -0.0249
       0.0033        0.0056       -0.0067
      -0.0179        0.0127        0.0497
       0.0029       -0.0217       -0.0087
       0.1527       -0.0595        0.7270
       0.0207        0.0382        0.0594
       0.0390       -0.0695        0.0561
      -0.1405        0.0676       -0.6188
       0.0011       -0.0010        0.0002
       0.0009       -0.0001       -0.0002
       0.0007       -0.0002        0.0004
       0.0072        0.0169       -0.0467
       0.0547        0.0615       -0.0066
       0.0396        0.0456       -0.0192
      -0.0069       -0.0084        0.0125
       0.0155       -0.0152        0.0138
       0.0036       -0.0192        0.0257
      -0.0140        0.0084        0.0024

1460.0709707652215
       0.3576        0.1165       -0.1712
       0.0499        0.0300       -0.0334
      -0.0110        0.0113       -0.0209
      -0.0528       -0.0045        0.0382
      -0.4427       -0.2095        0.2056
      -0.0483       -0.0114        0.0246
       0.0040       -0.0122        0.0124
       0.0636        0.0371       -0.0340
      -0.0068       -0.0100        0.0012
       0.0197        0.0491       -0.0244
       0.0019       -0.0019       -0.0011
      -0.0016        0.0013        0.0015
       0.0008        0.0001       -0.0036
      -0.0949       -0.0368        0.1160
      -0.1493       -0.0655        0.0411
      -0.0675       -0.1051        0.0780
       0.0073        0.0075        0.0499
       0.0146       -0.0216        0.0103
       0.0300       -0.0272        0.0166
       0.5576        0.2166       -0.2954

1483.4413001411028
       0.0378        0.0047       -0.0251
      -0.1050       -0.0916        0.0767
      -0.0650        0.0709       -0.2452
      -0.0055       -0.0000        0.0044
      -0.0538       -0.0197        0.0236
      -0.0049        0.0074        0.0086
      -0.0133        0.0081       -0.0550
      -0.0464       -0.0409        0.0204
      -0.0436        0.0630       -0.1008
       0.0434       -0.0259        0.0517
       0.0001       -0.0002       -0.0001
      -0.0002        0.0001        0.0001
       0.0000       -0.0000       -0.0004
       0.1485        0.0855       -0.2400
       0.2445        0.1635       -0.0397
       0.1167        0.1782       -0.1112
       0.0248        0.0185        0.4321
       0.2399       -0.0498        0.3799
       0.0376       -0.2937        0.3922
       0.0543        0.0217       -0.0279

1487.0846030559285
      -0.0923       -0.0284        0.0422
       0.1506        0.1419       -0.1313
      -0.0150        0.0386       -0.1528
       0.0124        0.0024       -0.0092
       0.1142        0.0615       -0.0464
       0.0128        0.0025       -0.0049
       0.0080        0.0026        0.0496
       0.0758        0.0823       -0.0216
      -0.0210        0.0491       -0.0604
      -0.0186       -0.0709       -0.0577
      -0.0001        0.0001        0.0002
       0.0006       -0.0003       -0.0005
      -0.0001       -0.0001        0.0006
      -0.1772       -0.1569        0.3743
      -0.4115       -0.2574        0.0704
      -0.1485       -0.2454        0.2145
      -0.0272       -0.0289        0.2253
       0.1686       -0.0131        0.2769
      -0.0571       -0.1491        0.2591
      -0.1654       -0.0611        0.0860

1509.2221332020963
       0.0174       -0.0069       -0.0150
       0.0596       -0.0677        0.0020
       0.1328       -0.0934       -0.0488
      -0.0011        0.0007        0.0032
      -0.0216       -0.0079        0.0045
      -0.0008        0.0112        0.0084
      -0.0008        0.0013       -0.0099
       0.0145       -0.0148       -0.0028
       0.0336       -0.0308       -0.0006
       0.0017        0.0037        0.0135
      -0.0001       -0.0000       -0.0001
      -0.0003       -0.0002       -0.0001
      -0.0004       -0.0000       -0.0006
      -0.1734        0.1804       -0.1821
       0.0065        0.2743        0.0987
      -0.0989       -0.1577        0.0690
      -0.0913       -0.0961       -0.3603
       0.0417        0.3814        0.2931
      -0.5385        0.1297        0.2252
       0.0237        0.0069       -0.0088

1510.5292853453395
      -0.0284       -0.0008        0.0177
       0.1595       -0.0701        0.0218
      -0.0648        0.0582        0.0169
       0.0028        0.0002       -0.0033
       0.0363        0.0183       -0.0149
       0.0029       -0.0071       -0.0068
      -0.0002        0.0042       -0.0042
       0.0384       -0.0069        0.0061
      -0.0223        0.0266       -0.0069
       0.0026       -0.0222        0.0038
       0.0001       -0.0001        0.0001
       0.0003        0.0000       -0.0001
       0.0002       -0.0000        0.0004
      -0.4641        0.3240       -0.2127
       0.0406        0.3717        0.1277
      -0.2868       -0.3896       -0.0032
       0.0205        0.0267        0.2043
       0.0018       -0.2233       -0.1298
       0.2655       -0.0625       -0.1116
      -0.0444       -0.0155        0.0208

1517.2129462836485
      -0.0013        0.0017       -0.0038
      -0.0236       -0.0249       -0.0247
       0.1048        0.1487        0.0149
      -0.0016       -0.0001       -0.0002
      -0.0084       -0.0050        0.0048
       0.0004        0.0006        0.0009
      -0.0034       -0.0007       -0.0096
      -0.0114       -0.0105       -0.0082
       0.0181        0.0367       -0.0045
       0.0136        0.0056        0.0106
       0.0002       -0.0002       -0.0000
       0.0003        0.0002       -0.0000
       0.0004       -0.0001        0.0001
       0.0937       -0.0125       -0.0508
      -0.0527        0.0660        0.0407
       0.0656        0.0542        0.1091
      -0.5049       -0.4310        0.0871
       0.2483       -0.5010        0.0802
      -0.1987        0.2716       -0.2052
       0.0146        0.0042       -0.0055

1518.2373156100587
       0.0076        0.0011       -0.0060
       0.0204        0.0983        0.1592
       0.0377        0.0184       -0.0170
      -0.0009        0.0000        0.0009
      -0.0121       -0.0044        0.0064
      -0.0008        0.0015        0.0022
      -0.0030       -0.0006        0.0061
       0.0168        0.0302        0.0333
       0.0077        0.0031       -0.0018
       0.0038       -0.0022       -0.0096
       0.0000       -0.0000       -0.0000
      -0.0000        0.0000        0.0000
      -0.0000       -0.0000       -0.0001
      -0.2984        0.0165        0.2080
       0.3847       -0.3577       -0.2634
      -0.2133       -0.0961       -0.6112
      -0.1128       -0.0989       -0.0192
       0.0658       -0.0427        0.0769
      -0.1207        0.0602        0.0111
       0.0131        0.0041       -0.0042

1814.7174361136892
      -0.0502       -0.7217       -0.3374
       0.0044        0.0024       -0.0042
      -0.0021        0.0004        0.0068
       0.0056        0.0149        0.0038
       0.0093        0.0864        0.0372
      -0.0006        0.5200        0.2695
      -0.0009        0.0036        0.0169
      -0.0113       -0.0042        0.0058
      -0.0057        0.0126        0.0003
       0.0180       -0.0168       -0.0259
      -0.0043        0.0053        0.0012
       0.0070        0.0028       -0.0027
      -0.0005        0.0002        0.0046
      -0.0037       -0.0002        0.0035
      -0.0036       -0.0005       -0.0002
      -0.0015       -0.0045        0.0018
       0.0022        0.0013        0.0026
      -0.0061       -0.0080       -0.0155
       0.0120       -0.0016       -0.0088
       0.0730        0.0454       -0.0203

3066.105060749768
       0.0004       -0.0007       -0.0002
       0.0169        0.0028       -0.0117
      -0.0214       -0.0035       -0.1497
      -0.0001        0.0001       -0.0002
      -0.0001        0.0005        0.0010
      -0.0002        0.0002        0.0003
      -0.0006        0.0009       -0.0005
       0.0013        0.0022        0.0005
      -0.0036        0.0056       -0.0071
       0.0024       -0.0053       -0.0003
      -0.0000       -0.0000        0.0000
      -0.0000       -0.0000        0.0000
       0.0001        0.0000        0.0001
      -0.0187       -0.0509       -0.0344
       0.0296       -0.0220        0.0644
      -0.0723        0.0610        0.0130
       0.2878       -0.3344       -0.0269
      -0.4805       -0.1734        0.2472
       0.2695        0.5155        0.3194
      -0.0012        0.0006       -0.0001

3068.9816244948674
      -0.0007       -0.0010       -0.0000
       0.1203        0.0226       -0.0886
       0.0025        0.0005        0.0215
      -0.0001        0.0000        0.0001
       0.0013        0.0012       -0.0002
       0.0001        0.0004        0.0001
       0.0001        0.0002        0.0016
       0.0060        0.0060       -0.0019
       0.0003        0.0006        0.0009
      -0.0025       -0.0031       -0.0025
       0.0000       -0.0000       -0.0000
       0.0001        0.0000       -0.0000
      -0.0000       -0.0000       -0.0000
      -0.1344       -0.3629       -0.2436
       0.2152       -0.1595        0.4703
      -0.5102        0.4321        0.0938
      -0.0393        0.0459        0.0036
       0.0681        0.0246       -0.0352
      -0.0373       -0.0722       -0.0445
      -0.0009       -0.0009        0.0001

3162.8459088734735
       0.0002        0.0004        0.0004
      -0.0148        0.0191       -0.0062
       0.2144        0.2295        0.0072
      -0.0001        0.0001       -0.0000
      -0.0003       -0.0001        0.0004
       0.0001       -0.0005       -0.0001
      -0.0000       -0.0000       -0.0001
      -0.0003       -0.0003       -0.0006
      -0.0016       -0.0009       -0.0010
       0.0007       -0.0001        0.0005
       0.0000       -0.0000        0.0000
      -0.0000       -0.0000       -0.0000
       0.0000       -0.0000        0.0000
      -0.0081       -0.0187       -0.0135
       0.0189       -0.0129        0.0426
       0.0398       -0.0341       -0.0074
       0.0937       -0.0838       -0.0076
      -0.5741       -0.1929        0.2984
      -0.2559       -0.5089       -0.3143
       0.0003       -0.0005       -0.0002

3167.5805987871345
      -0.0000       -0.0000       -0.0000
      -0.1878        0.2372       -0.0820
      -0.0173       -0.0183       -0.0009
      -0.0000        0.0001       -0.0000
       0.0002        0.0003       -0.0001
       0.0000        0.0000       -0.0000
      -0.0001       -0.0004        0.0003
       0.0019       -0.0018        0.0002
       0.0003       -0.0004        0.0000
      -0.0007       -0.0000       -0.0001
       0.0000       -0.0000        0.0000
       0.0000       -0.0000        0.0000
       0.0000       -0.0000        0.0000
      -0.0948       -0.2163       -0.1585
       0.2379       -0.1641        0.5366
       0.5006       -0.4282       -0.0959
      -0.0068        0.0058        0.0006
       0.0452        0.0152       -0.0234
       0.0207        0.0415        0.0258
       0.0000       -0.0003       -0.0004

3188.825232366595
      -0.0006       -0.0008        0.0000
       0.0003        0.0002       -0.0003
       0.2222       -0.2012       -0.0922
      -0.0002        0.0000       -0.0001
       0.0005        0.0005        0.0007
       0.0001        0.0003        0.0002
      -0.0001        0.0002        0.0002
      -0.0001        0.0000        0.0003
      -0.0015        0.0009        0.0014
      -0.0001        0.0005       -0.0016
       0.0000       -0.0000        0.0000
       0.0000        0.0000        0.0000
       0.0000       -0.0000        0.0000
      -0.0003       -0.0006       -0.0004
       0.0003       -0.0004        0.0011
      -0.0007        0.0004        0.0002
      -0.5484        0.6379        0.0525
      -0.3146       -0.1234        0.1594
       0.1027        0.1733        0.1053
      -0.0003       -0.0005       -0.0006

3193.8457234534512
       0.0001       -0.0000       -0.0001
      -0.0988       -0.1610       -0.2531
       0.0003        0.0004       -0.0003
       0.0000        0.0000       -0.0000
       0.0001       -0.0000        0.0001
      -0.0000        0.0000        0.0000
      -0.0006       -0.0003        0.0006
      -0.0000        0.0009        0.0021
       0.0000       -0.0000        0.0003
       0.0011        0.0008       -0.0011
      -0.0000        0.0000        0.0000
      -0.0000        0.0000        0.0000
      -0.0000       -0.0000        0.0000
       0.2340        0.6272        0.4272
       0.2024       -0.1531        0.4355
      -0.0994        0.0749        0.0054
       0.0005       -0.0005        0.0000
      -0.0013       -0.0004        0.0008
      -0.0002       -0.0005       -0.0002
      -0.0001        0.0006        0.0003

3581.423422413578
      -0.0023        0.0004        0.0010
      -0.0003       -0.0006        0.0000
      -0.0004        0.0000       -0.0003
       0.0007       -0.0006       -0.0001
      -0.0287        0.2313        0.1218
      -0.0013       -0.0043       -0.0013
       0.0006        0.0004       -0.0008
       0.0007        0.0008        0.0001
       0.0013       -0.0006       -0.0000
      -0.0002       -0.0002       -0.0007
      -0.0007        0.0004        0.0002
       0.0001        0.0002       -0.0000
      -0.0002        0.0000        0.0002
       0.0005        0.0007        0.0005
      -0.0001        0.0000       -0.0005
       0.0002        0.0001       -0.0001
       0.0006       -0.0006       -0.0001
       0.0003        0.0003       -0.0002
       0.0001        0.0003        0.0003
       0.1136       -0.8476       -0.4466

