JOB 0
COORDS  6.1803479579e+00 -2.1721556423e-01  3.2796137648e+00  5.1542398452e+00 -3.8012377527e+00  3.2649690083e+00  5.9685474672e+00 -2.6714268127e+00  3.3313196759e+00  3.7721509409e+00 -3.6983203669e+00  3.0900227904e+00  3.9881106570e+00 -1.2816687737e+00  3.0336371395e+00  5.3717582416e+00 -1.4042337288e+00  3.2159790081e+00  3.1799031176e+00 -2.4274085181e+00  2.9685817596e+00  8.1057146301e-01 -3.1850835170e+00  2.6546534470e+00 -4.3350861949e-01 -5.0167349639e+00  2.6447449675e+00 -1.3881369741e+00 -3.7953150873e+00  2.6492595459e+00  6.8338950046e+00  7.4668125145e-01  3.3298822512e+00  9.0717612167e-01 -4.4484496246e+00  2.8747600375e+00 -4.8222970775e-01 -2.6552997944e+00  2.3637847895e+00  1.8035330873e+00 -2.2396337163e+00  2.7819605901e+00  5.5996212863e+00 -4.7880037885e+00  3.3572934188e+00  7.0410785424e+00 -2.7559772956e+00  3.4714224670e+00  3.1415143161e+00 -4.5773760440e+00  3.0561752272e+00  3.5485281015e+00 -2.9182154124e-01  2.9404709460e+00 -6.7589995942e-01 -5.7318838068e+00  3.4355957712e+00 -4.4818646544e-01 -5.5614973167e+00  1.6901867289e+00 -2.1910094409e+00 -3.8537551250e+00  1.9107303349e+00 -1.8352588201e+00 -3.6448171537e+00  3.6365647072e+00 -5.4531410445e-01 -2.3144259530e+00  1.4062296045e+00  1.4670911562e+00 -1.2859636642e+00  2.7972723848e+00
ENERGY -6.061733913852e+02
GRADIENT -6.9834426399e-05  1.1320854262e-04 -1.6060071683e-05 -3.1289797352e-06 -2.0536056950e-05  6.4933866367e-08 -1.5609825494e-04 -4.1304099800e-05 -2.0446214004e-05 -2.2605596598e-05 -4.1420646812e-05  1.8074051531e-05  1.4655067006e-04 -1.1916765010e-04  2.4641419263e-05  1.7143940700e-04  1.0262326760e-04  2.0758648398e-05 -4.9328123823e-05  1.7886010653e-05  9.4120684867e-06  7.4292798186e-04 -1.7731113197e-04 -6.2469312266e-03  1.2246022789e-04  9.3494723283e-05  2.9132849590e-05 -6.4283225480e-04  1.4705618553e-03  4.1613237607e-03  1.7356571307e-05 -7.3492243699e-07  6.9599825044e-06  4.6299773811e-04  5.9982375209e-05  4.4318949949e-05  6.2750519088e-05 -1.5549246168e-03 -3.0396058462e-03 -8.5624489194e-04  1.0793872133e-04  5.0760024592e-03 -1.4317382530e-05 -1.1474512525e-05 -5.9938493898e-07 -1.6768621156e-05  1.8908036597e-05  1.5606594405e-07 -7.6382762575e-06 -4.0245757319e-06 -1.4106627662e-05  2.5772353576e-05 -1.5727239901e-05 -1.0946233724e-06  1.7335355839e-05  2.6967702408e-06  1.7952644001e-06  1.6075803298e-05  1.5166798527e-06  4.7185891367e-06  1.3579159889e-05  1.8296920998e-05 -1.1962721491e-05  5.5858901033e-06  3.4891852051e-06 -9.1335619971e-07  5.0013869446e-05 -2.5362784569e-05 -3.2109940747e-05 -6.1917918292e-06 -7.3601649957e-06 -9.6236041755e-07

JOB 1
COORDS  6.1639755231e+00 -2.2399548050e-01  3.3842567120e+00  5.1537947386e+00 -3.8106132186e+00  3.2800511560e+00  5.9596389576e+00 -2.6785410260e+00  3.3936389461e+00  3.7790960027e+00 -3.7101552835e+00  3.0531171133e+00  3.9854982424e+00 -1.2914278241e+00  3.0426220887e+00  5.3619345045e+00 -1.4120165837e+00  3.2738558057e+00  3.1861850995e+00 -2.4396445191e+00  2.9306226075e+00  8.4113677944e-01 -3.2049323059e+00  2.4960131623e+00 -4.5560692401e-01 -4.9957106718e+00  2.6289738631e+00 -1.3378028115e+00 -3.7345184815e+00  2.7788656667e+00  6.8127224899e+00  7.4039907907e-01  3.4723364403e+00  9.2206697195e-01 -4.4696848890e+00  2.7251302083e+00 -4.6872243837e-01 -2.6641319331e+00  2.2303432044e+00  1.8141891669e+00 -2.2574596468e+00  2.7111378741e+00  5.6002757459e+00 -4.7968112570e+00  3.3728890799e+00  7.0267238436e+00 -2.7608566409e+00  3.5716555865e+00  3.1548539845e+00 -4.5913841371e+00  2.9779936118e+00  3.5444398388e+00 -3.0217579414e-01  2.9505372949e+00 -6.2326371279e-01 -5.7287103482e+00  3.4228336254e+00 -6.0920891455e-01 -5.5036763843e+00  1.6656060074e+00 -2.2912692521e+00 -3.7772887627e+00  2.2469167529e+00 -1.5297258371e+00 -3.5121730595e+00  3.8328868236e+00 -6.0627249550e-01 -2.5430433765e+00  1.2268267744e+00  1.4813372308e+00 -1.3056311412e+00  2.6313289547e+00
ENERGY -6.061682705995e+02
GRADIENT -1.2660410811e-05  2.2497499027e-05  3.2650167127e-06 -2.3575974576e-06 -7.7991277346e-07 -1.2675044344e-06 -1.0639023741e-05 -1.4870828010e-05  1.1560754675e-06  2.3748745687e-05  1.3532976943e-05 -8.8719652003e-06  4.7141014574e-05 -7.1938486755e-05  1.9241534825e-05  3.7637077796e-05  2.5674185435e-05  5.4262912456e-06 -4.4927987127e-05 -5.8759571487e-06 -2.1976231803e-05  4.3442891567e-03  8.4681302510e-04 -1.3434877661e-02 -2.5293849364e-04 -5.5995223502e-05  1.2746283240e-05  5.9508637942e-04  4.1184351458e-03  8.9453742106e-03  5.5346967498e-06 -2.3016684909e-07  4.7336281576e-06 -8.2997652239e-04 -1.2940775485e-04 -1.8397182165e-04 -9.9200927046e-04 -5.1655937254e-03 -6.4226126836e-03 -2.7767595882e-03  3.1778806983e-04  1.1120580679e-02  1.8819814548e-06 -1.8850567458e-06 -9.4132772200e-07 -4.1377893886e-07  3.2906185008e-06  1.2946596725e-07  7.1188822696e-07  5.9928603830e-06  5.1857747967e-06  5.6165692676e-06 -1.0630634241e-05  9.8429597069e-06 -2.7939575442e-06 -5.8055623789e-06  9.7466361774e-06 -1.0127501585e-05 -1.2438509485e-05  1.1605784924e-05  1.2212201713e-05  5.1124221480e-06 -1.2266736940e-05 -3.3968617064e-05 -6.3336723234e-06 -5.2596628649e-06 -9.0918114235e-05  8.5402648669e-05  5.8456069877e-06  6.7744607329e-06  1.0230156956e-05 -2.0404031312e-05

JOB 2
COORDS  6.1040242406e+00 -2.0260753790e-01  3.4739047199e+00  5.1341639917e+00 -3.7954962298e+00  3.2597936625e+00  5.9222190316e+00 -2.6585909155e+00  3.4317736474e+00  3.7707736096e+00 -3.7033208356e+00  2.9687266694e+00  3.9533150784e+00 -1.2826512490e+00  3.0150777644e+00  5.3186997805e+00 -1.3951122625e+00  3.3063920895e+00  3.1712196458e+00 -2.4360564239e+00  2.8460296317e+00  8.5021005887e-01 -3.2055946927e+00  2.2965562172e+00 -4.4834503862e-01 -4.9600088194e+00  2.6601745147e+00 -1.2565823707e+00 -3.6589773270e+00  2.9056831570e+00  6.7399154342e+00  7.6496335899e-01  3.6083868945e+00  9.4611734692e-01 -4.4685346382e+00  2.5465148200e+00 -4.8748405435e-01 -2.6795736091e+00  2.0996537207e+00  1.8056109167e+00 -2.2576131451e+00  2.5816252165e+00  5.5861736022e+00 -4.7791444818e+00  3.3528058655e+00  6.9809648077e+00 -2.7345750546e+00  3.6563957158e+00  3.1608546189e+00 -4.5884113741e+00  2.8419966521e+00  3.5065116912e+00 -2.9598385173e-01  2.9231411031e+00 -5.0726870178e-01 -5.6748239050e+00  3.4857415257e+00 -7.6903044937e-01 -5.4766910455e+00  1.7432314049e+00 -2.3016042959e+00 -3.6964492235e+00  2.5876721697e+00 -1.2074156625e+00 -3.3551317254e+00  3.9552469608e+00 -7.3686045660e-01 -2.7679266732e+00  1.1134422094e+00  1.4935461802e+00 -1.3088723239e+00  2.4167476706e+00
ENERGY -6.061590984332e+02
GRADIENT -1.5531033953e-05  1.4217481672e-05  5.5510756290e-06  4.9372147931e-06 -2.2058737124e-05  8.6020253464e-07 -3.4597370273e-05 -4.3569649225e-06 -4.8372113525e-06 -7.7812642606e-06 -1.7793666361e-05 -1.7209671181e-05 -7.2473523393e-06  2.7318008699e-06  7.0167979961e-06  2.0684781738e-05  2.8189739966e-06  2.9140381471e-06  9.1225196086e-06  1.0739346523e-05  5.8970701103e-06  3.2205127927e-03  4.6595780537e-03 -2.3139374524e-02  6.7383444519e-05  1.3653905682e-04 -7.9189553195e-07  1.2744543923e-03  9.3059707852e-03  1.2367903508e-02  4.5748633806e-06 -4.4243719502e-06  4.1537830006e-06  1.4139602107e-03  1.0871524954e-04  2.7971735269e-04 -3.3975603526e-03 -1.1498342979e-02 -7.3562564868e-03 -2.7163990144e-03 -2.6552777198e-03  1.7903676092e-02 -1.4651791480e-06 -4.9681336719e-06 -3.7193778474e-06 -3.1127909821e-06 -2.3096975604e-06 -4.6821703783e-07  1.7680435541e-06 -5.4948066894e-06  8.5553106942e-06  1.5300399404e-06 -5.7777161333e-07  7.9937369694e-06 -1.4924007804e-05 -3.9316907698e-05 -2.7634333746e-05  1.3650906034e-05  3.1679882613e-05 -3.1410661541e-05  4.6430776794e-06 -2.1334283079e-05  3.1472771855e-05  4.3075645131e-05  1.4840417823e-05  5.9288021792e-06  1.2938343835e-04 -4.3998386839e-05 -2.0019463451e-05 -1.2684554735e-05  3.9815382200e-06  7.7160617810e-06

JOB 3
COORDS  6.0238603916e+00 -2.1221329639e-01  3.6177604713e+00  5.1049892572e+00 -3.8053353501e+00  3.2434786805e+00  5.8695890980e+00 -2.6675123634e+00  3.4944531073e+00  3.7596301262e+00 -3.7165267863e+00  2.8757613885e+00  3.9133122659e+00 -1.2971106401e+00  3.0079786274e+00  5.2612336401e+00 -1.4058118828e+00  3.3715743290e+00  3.1534285457e+00 -2.4519063228e+00  2.7618051325e+00  8.5842587576e-01 -3.2165729670e+00  2.0944990075e+00 -4.0819970815e-01 -4.9166805475e+00  2.7263846223e+00 -1.1246036636e+00 -3.5651934146e+00  3.0265770717e+00  6.6419223845e+00  7.5581872534e-01  3.8164963968e+00  9.6881312402e-01 -4.4783539354e+00  2.3683431943e+00 -5.0257649461e-01 -2.7086040476e+00  1.9887921182e+00  1.7990957318e+00 -2.2707923777e+00  2.4386991709e+00  5.5621325990e+00 -4.7871964814e+00  3.3298746258e+00  6.9150555478e+00 -2.7408245503e+00  3.7752541089e+00  3.1688966170e+00 -4.6021315632e+00  2.6815281561e+00  3.4612539341e+00 -3.1227030051e-01  2.9226697545e+00 -3.4059520853e-01 -5.5908769327e+00  3.5852230762e+00 -9.0176161436e-01 -5.4613930994e+00  1.9074729700e+00 -2.2130758467e+00 -3.5835791244e+00  2.9244292046e+00 -8.5256457901e-01 -3.1771802426e+00  4.0115937859e+00 -8.7189371087e-01 -2.9792373100e+00  1.0761510904e+00  1.5184430003e+00 -1.3243249537e+00  2.2100208973e+00
ENERGY -6.061458454044e+02
GRADIENT -2.3902044577e-06  6.5564821070e-06  7.2867254138e-06  5.0015004697e-06 -1.8802758250e-05 -4.9947940482e-07 -7.9624795577e-06 -3.3343965361e-06 -7.4665595105e-07  2.2859136754e-05  2.8260651859e-05 -8.1259981564e-06  2.9898645558e-05 -2.0865226637e-05  1.4818751668e-05  1.1199425099e-05  1.0847452444e-05  4.3107861506e-06 -6.1109607839e-05 -1.7562001108e-05 -5.4222919589e-06  3.5243447057e-03  9.5432766727e-03 -3.2001480876e-02 -2.0535180603e-05  2.6690764479e-04 -1.0619459618e-04  3.8470008530e-03  1.5021571199e-02  1.4563962272e-02  1.8751767883e-06 -2.1206729813e-06  5.0620316245e-06  1.8936199653e-03  7.2620484170e-05  2.7470083035e-04 -6.4276890639e-03 -1.8956988635e-02 -7.0109609489e-03 -2.9308995067e-03 -5.8614970096e-03  2.4293495257e-02  4.0652246811e-06 -2.3093942138e-06 -1.8284296715e-06 -8.7400993392e-07 -1.2641473029e-06  1.3797843469e-06 -1.9022963242e-06  2.2350702407e-06  4.0074424405e-06  2.0008005514e-06 -5.7843294607e-06  4.1031655857e-06  8.5197201324e-06 -1.1450931932e-05 -1.4819042886e-05 -2.7695428785e-06  1.5439239130e-05 -1.1638244688e-05 -1.0069749165e-06 -2.5066114682e-05 -7.0554905527e-06  3.7082027916e-05  8.3685508241e-07 -1.8839839106e-05  1.0481366252e-04 -6.5050785897e-05  4.2289089294e-06  5.2718128814e-07 -3.7191376404e-06 -3.0800807209e-06

JOB 4
COORDS  5.9073192646e+00 -2.4519549118e-01  3.7834221252e+00  5.0606653228e+00 -3.8308060785e+00  3.2147069777e+00  5.7925181563e+00 -2.6956208698e+00  3.5572077315e+00  3.7398999205e+00 -3.7420398753e+00  2.7656052054e+00  3.8523278499e+00 -1.3282363761e+00  3.0039179030e+00  5.1767905855e+00 -1.4362419575e+00  3.4449028463e+00  3.1241125368e+00 -2.4810438932e+00  2.6682210585e+00  8.6509213010e-01 -3.2425870702e+00  1.8766890082e+00 -3.3327408707e-01 -4.8697000176e+00  2.7828261543e+00 -9.5158607900e-01 -3.4612833775e+00  3.0943431978e+00  6.4995113921e+00  7.2051777747e-01  4.0576879337e+00  9.8213890157e-01 -4.5052688249e+00  2.1732928913e+00 -5.1212928777e-01 -2.7557324031e+00  1.8683427068e+00  1.7853219212e+00 -2.2971630033e+00  2.2803760378e+00  5.5255562075e+00 -4.8100151863e+00  3.2886038734e+00  6.8200267730e+00 -2.7684638619e+00  3.8980848114e+00  3.1750551577e+00 -4.6244239381e+00  2.4948444696e+00  3.3924007302e+00 -3.4608328203e-01  2.9309281331e+00 -1.2768902895e-01 -5.4888978571e+00  3.6615077191e+00 -9.8287347333e-01 -5.4466668867e+00  2.1075698117e+00 -2.0403500767e+00 -3.4446126562e+00  3.1977580046e+00 -4.8674302663e-01 -2.9940907581e+00  3.9650304063e+00 -9.8531582627e-01 -3.1786372786e+00  1.0696738739e+00  1.5354316669e+00 -1.3517005659e+00  2.0101030020e+00
ENERGY -6.061281563346e+02
GRADIENT -9.7608240402e-07  3.4651796136e-06  8.3725375692e-07 -1.0138904792e-05 -2.4030978654e-06 -1.0637011526e-05  4.2760389988e-06  3.3153124804e-06  2.7611135463e-07  9.4758286192e-06  2.2542835509e-05  1.7978119939e-05  3.2273734074e-05 -4.4819152082e-05  2.5065734534e-06  1.8707893724e-05  1.2401604222e-05  1.4881298197e-05 -4.0454565417e-05 -1.0171865922e-05 -2.6193167899e-05  8.5581917259e-03  1.5002591342e-02 -3.9521433059e-02  2.4474855687e-05 -2.8805230646e-04  1.2394998720e-04  8.2648568942e-03  2.1364726220e-02  1.5416830258e-02 -1.3976674291e-06 -9.8868013150e-08  5.0719771264e-06 -2.2004104329e-03 -2.2124844891e-04 -4.0493390184e-04 -9.8919205581e-03 -2.7698936762e-02 -5.9463141473e-03 -4.6441372375e-03 -8.2907480199e-03  3.0251826450e-02 -1.3021970648e-06 -1.2231907825e-06  1.2092755836e-06 -2.2230417775e-06  1.4822048112e-07  1.3645967874e-06 -8.6533194258e-06  5.6344362432e-06  2.9317564755e-08  3.7599629138e-06 -6.1463362774e-06  1.9772089194e-06  1.0442032060e-06  1.7018480179e-05  2.0585650327e-06  2.7624327522e-06 -5.1326269996e-06  1.1243752040e-05 -1.7524310660e-05  4.0743337515e-05  3.7918141246e-06 -3.2036223818e-05 -4.6477380294e-06  2.9852033914e-06 -1.2254765361e-04  7.4470220356e-05  4.2955145094e-05  1.1445327067e-05  5.2708423472e-06  7.9465218688e-06

JOB 5
COORDS  5.7661487584e+00 -2.9356821693e-01  3.9435609281e+00  5.0127256385e+00 -3.8590144882e+00  3.1600950064e+00  5.7043905586e+00 -2.7320518487e+00  3.5978910497e+00  3.7187101071e+00 -3.7670613482e+00  2.6378211098e+00  3.7768571130e+00 -1.3666947115e+00  2.9979765841e+00  5.0755759696e+00 -1.4768817827e+00  3.5081142561e+00  3.0863891013e+00 -2.5127308215e+00  2.5690900030e+00  8.5039715998e-01 -3.2533346921e+00  1.6724676392e+00 -2.0511061390e-01 -4.7906823766e+00  2.8722016837e+00 -7.7747356366e-01 -3.3340301417e+00  3.1280059989e+00  6.3260310051e+00  6.6565583884e-01  4.2969541448e+00  1.0019028370e+00 -4.5102710822e+00  2.0200303784e+00 -5.3795272849e-01 -2.8161662209e+00  1.7656775745e+00  1.7657468914e+00 -2.3172521974e+00  2.1233085147e+00  5.4896518656e+00 -4.8338212614e+00  3.2118860939e+00  6.7122499019e+00 -2.8066172484e+00  3.9928815263e+00  3.1863268183e+00 -4.6417818062e+00  2.2891692450e+00  3.3049392023e+00 -3.8887092026e-01  2.9465996465e+00  1.5441241982e-01 -5.3210421825e+00  3.7602255138e+00 -9.6244233566e-01 -5.4233999053e+00  2.3857735967e+00 -1.8370546140e+00 -3.2989814630e+00  3.3967878403e+00 -1.8661335887e-01 -2.7709937513e+00  3.8504702217e+00 -1.0756902566e+00 -3.3739552974e+00  1.1049680960e+00  1.5609783216e+00 -1.3687625394e+00  1.8211662016e+00
ENERGY -6.061052964480e+02
GRADIENT  3.2614733560e-05 -4.5856867741e-05  9.4092889335e-06 -3.9873619975e-06  7.9597877806e-06  1.5329881626e-06  7.2699031621e-05  1.3247594249e-05  2.9717229751e-05  1.9009820312e-05  6.4185638705e-05  8.4783140764e-06 -2.4614096200e-05  2.8312307204e-06 -5.8909186098e-06 -5.6601647207e-05 -3.0944207211e-05 -2.6177040285e-05 -8.9219854887e-06 -1.6722441523e-05 -1.8235622600e-05  7.4423509125e-03  2.4883254065e-02 -5.0249522256e-02  2.8099581761e-04 -4.5340560396e-04  1.5873771360e-04  1.1380425183e-02  3.0883515633e-02  1.3928722473e-02 -6.4507864231e-06 -1.7621061648e-06 -1.6011006465e-06 -2.4580235693e-03 -2.5615631219e-04 -4.3617315040e-04 -1.3004528323e-02 -4.0432449253e-02 -1.1849973676e-03 -3.6082034043e-03 -1.4671678329e-02  3.7746602827e-02  5.8874826686e-06  5.8627627197e-06  1.5893591599e-06  7.4447559544e-06 -8.1611776916e-06  2.6874728834e-07 -8.4245821297e-06  1.8567545579e-06  2.7407563376e-06 -9.4495487058e-06 -9.6167696345e-07  9.8113980964e-07  2.1457123439e-07  6.2682361126e-06  5.6307435721e-06  4.5315643380e-06 -3.9690841508e-06  1.2124557295e-05  3.6148805451e-07  3.1272442917e-05  1.4036194454e-05 -4.3687139029e-05  4.0537782131e-06  3.0949005010e-05 -4.8111658916e-05  5.0795827082e-05  6.5678790359e-06  5.9339046016e-06 -4.9396676098e-06 -1.4079478549e-05

JOB 6
COORDS  5.9685465676e+00 -2.9931108387e-01  2.6259810390e+00  5.0296806072e+00 -3.8355567068e+00  3.3370535204e+00  5.8180372038e+00 -2.7192807915e+00  3.0672734659e+00  3.6379777474e+00 -3.7444364756e+00  3.4395596350e+00  3.7938609036e+00 -1.3658490655e+00  2.9919374681e+00  5.1865974947e+00 -1.4745546368e+00  2.8975544744e+00  3.0094479456e+00 -2.5003762372e+00  3.2559737666e+00  6.1466614761e-01 -3.2157640194e+00  3.6465705500e+00 -2.3939829894e-01 -4.9573370471e+00  2.5689572854e+00 -7.8194884000e-01 -3.6069741930e+00  1.9793711165e+00  6.6003200233e+00  6.5518396577e-01  2.4059678324e+00  8.6315818925e-01 -4.4845192603e+00  3.4674290698e+00 -7.5845640280e-01 -2.9324893323e+00  3.2906751833e+00  1.6071003571e+00 -2.2986233360e+00  3.2655963264e+00  5.5028789040e+00 -4.8030664202e+00  3.4801081084e+00  6.8980689555e+00 -2.7945577915e+00  2.9949353193e+00  3.0280106228e+00 -4.6113082120e+00  3.6535120399e+00  3.3271033629e+00 -3.9419746777e-01  2.8496394073e+00 -1.0404619435e+00 -5.4890959175e+00  3.0980637355e+00  2.0839820539e-01 -5.6297487511e+00  1.8325231602e+00 -9.4065233495e-02 -3.1651705600e+00  1.2463908873e+00 -1.7965535390e+00 -3.6736141459e+00  1.5766241064e+00 -9.4076184284e-01 -1.9295298664e+00  3.2039079516e+00  1.3820818663e+00 -1.3306002362e+00  3.4840126462e+00
ENERGY -6.061098603139e+02
GRADIENT  5.9487793936e-06 -8.7765098253e-06  3.8714870290e-06 -5.3882521853e-05  8.6005274457e-05 -7.8842878762e-06  5.7192633423e-05  1.4789180816e-06 -6.5071577829e-06 -3.8537430093e-05 -1.0229462017e-04 -5.1299491185e-05 -1.5372248732e-05  7.0735969414e-06  2.2606820438e-05 -6.9450734424e-06 -1.9103817220e-05 -4.1843764299e-06  4.6010962156e-05  3.6504103400e-05  6.0322991391e-05 -3.0077459790e-03  3.3708002087e-02  5.0409905838e-02  1.7126295067e-04 -3.5255405600e-04 -1.6513379918e-04  1.1137318996e-02  2.9972895080e-02 -1.5714594647e-02 -4.6018960189e-06 -5.5073491027e-07 -3.3998369273e-06 -2.2934293141e-03 -3.1192621336e-04  2.2066230678e-04 -1.0043102662e-02 -4.3719358558e-02  1.6483379966e-03  3.8732123394e-03 -1.9366328996e-02 -3.6443550259e-02 -7.6636371002e-06  5.6623509614e-06 -4.7679709785e-06  4.1116319671e-06  3.1374483287e-06 -3.5153407749e-06 -1.5072019450e-05  2.8554341982e-06  1.8922041149e-05  2.1602720022e-06  4.3208441371e-06  5.5170842904e-06  7.5133224611e-06 -2.6422842646e-06 -8.3712910267e-07 -8.7238254346e-06  3.8267895032e-06 -1.6220193825e-05 -2.2134929049e-05 -1.3684158632e-05 -3.8297629947e-05 -5.3524669873e-06  1.2875452737e-06 -7.5963623621e-06  1.6332625668e-04  1.8295330290e-05  5.4310249124e-05  1.3155250667e-05  1.4433252138e-05 -2.0977460714e-05

JOB 7
COORDS  6.0374910545e+00 -2.5629622233e-01  2.7877223275e+00  5.0666536538e+00 -3.8201546027e+00  3.2868804710e+00  5.8666334434e+00 -2.6935262497e+00  3.1071154615e+00  3.6722695971e+00 -3.7301547451e+00  3.3308008866e+00  3.8477754143e+00 -1.3330857171e+00  3.0065289576e+00  5.2437772815e+00 -1.4410413177e+00  2.9686590089e+00  3.0533467391e+00 -2.4763629417e+00  3.1835276096e+00  6.6598351053e-01 -3.2186115684e+00  3.4770324258e+00 -3.4590703963e-01 -5.0029718851e+00  2.6488672140e+00 -9.3944128164e-01 -3.7042226749e+00  2.0233525622e+00  6.6784359203e+00  7.0617306961e-01  2.6411643866e+00  8.7203924513e-01 -4.4929363179e+00  3.3435575343e+00 -7.0365457868e-01 -2.8695831677e+00  3.2193568772e+00  1.6512667818e+00 -2.2840765725e+00  3.1494902306e+00  5.5328515581e+00 -4.7947459744e+00  3.4022271925e+00  6.9487488718e+00 -2.7679580216e+00  3.0785967107e+00  3.0529474909e+00 -4.6054799518e+00  3.4741989529e+00  3.3880346230e+00 -3.5455704096e-01  2.8908031389e+00 -1.0676907143e+00 -5.4619896036e+00  3.3372049073e+00 -3.3085458399e-02 -5.7504477699e+00  1.9156495325e+00 -3.6192686787e-01 -3.3693153359e+00  1.1504939288e+00 -2.0039867637e+00 -3.7710049499e+00  1.7824101830e+00 -8.2868502767e-01 -1.8754585288e+00  3.0230520014e+00  1.3994315004e+00 -1.3231215841e+00  3.3620223085e+00
ENERGY -6.061329080980e+02
GRADIENT  1.9583135799e-05 -1.5212561221e-05  1.1846780894e-06 -2.3193334981e-05  7.6190946290e-06  5.5033853723e-06  5.9234275639e-05  8.2579633995e-06 -4.4946593069e-06  8.1261184680e-05  3.6554023179e-05 -4.3816169631e-05  4.3469836311e-05 -8.9323251434e-05  2.4827850511e-05 -4.3102108126e-06 -3.0464326274e-06 -5.7251927894e-06 -1.4122121584e-04  2.2660624743e-05  2.2170366375e-05  7.9291961448e-04  2.1712868527e-02  4.1784551571e-02 -3.2691302465e-05 -2.7957464646e-04 -1.9270605773e-04  9.5200571145e-03  2.1167858749e-02 -1.6646168994e-02 -3.5785447593e-06 -1.1117488008e-06 -7.7806689764e-06 -2.1168680331e-03 -3.2035304680e-04  2.9164386508e-04 -9.4489781905e-03 -3.0384927447e-02  5.7698530456e-03  1.0817911163e-03 -1.1924691580e-02 -3.0964715648e-02  8.2945574624e-06  3.8137299768e-06  5.6386100925e-07  4.3139876249e-06 -1.1259071481e-06 -1.5045001471e-06 -3.1551483190e-06  2.3651072274e-05  1.2656155833e-05 -1.2039102061e-06 -1.3420781615e-05  4.9370918665e-06  1.4057267282e-05 -1.2848636228e-05 -6.0288639031e-06  5.0326410042e-06 -2.6821212385e-06 -5.7464728513e-06 -3.4241433761e-05 -2.0538598514e-05 -2.9699798232e-05 -3.6477921578e-06  9.5792279979e-06  2.8711245259e-05  1.6876358186e-04  5.3088228967e-05  4.0276830112e-05 -4.1939749717e-06  1.3248580559e-05 -3.5876593404e-05

JOB 8
COORDS  6.0949580045e+00 -2.3163613491e-01  2.9386560753e+00  5.0996136602e+00 -3.8108370816e+00  3.2452423904e+00  5.9077187086e+00 -2.6795327090e+00  3.1474924445e+00  3.7050796665e+00 -3.7183241413e+00  3.2355361041e+00  3.8964909885e+00 -1.3093589815e+00  3.0227483173e+00  5.2929702052e+00 -1.4205085304e+00  3.0372147041e+00  3.0950496809e+00 -2.4567141499e+00  3.1199166924e+00  7.0955397088e-01 -3.2125999061e+00  3.3072646177e+00 -4.1024433166e-01 -5.0266609856e+00  2.7323631318e+00 -1.0813978168e+00 -3.7804119971e+00  2.0982427073e+00  6.7422177140e+00  7.3446043252e-01  2.8587592490e+00  8.8563461190e-01 -4.4906785948e+00  3.2243728296e+00 -6.5033782630e-01 -2.8132059254e+00  3.1307436326e+00  1.6961812936e+00 -2.2674429572e+00  3.0455689484e+00  5.5595612962e+00 -4.7909852352e+00  3.3360712144e+00  6.9899719930e+00 -2.7561371176e+00  3.1592409306e+00  3.0793195030e+00 -4.5974956499e+00  3.3160720386e+00  3.4429926443e+00 -3.2543163101e-01  2.9304863127e+00 -1.0257402817e+00 -5.4244476440e+00  3.5503923551e+00 -2.1613485250e-01 -5.8313537208e+00  2.0191506322e+00 -6.5495894912e-01 -3.5504952059e+00  1.1115609799e+00 -2.1711154920e+00 -3.8437860706e+00  2.0378606429e+00 -7.4904051831e-01 -1.8467011985e+00  2.8222601227e+00  1.4227134205e+00 -1.3120857618e+00  3.2496309611e+00
ENERGY -6.061510103448e+02
GRADIENT -9.1952935319e-06  8.2919041221e-06 -4.4192724992e-06  2.9329325522e-06 -1.4991203504e-05  2.8357137781e-06 -2.6788922604e-05 -2.5007763571e-06 -7.8633873261e-07  6.5482091522e-08 -5.4500123031e-06  7.6858773987e-07  7.0806056141e-06  9.1978089080e-07 -2.7636396365e-06  1.8745758873e-05  5.7322888047e-06 -3.4274064167e-06  5.8945991683e-06 -3.2959352516e-06 -1.1017640847e-07  2.4107779043e-03  1.2717288769e-02  3.2273181240e-02 -1.5389515061e-04 -1.1262237952e-04 -1.8778255752e-04  6.8506303416e-03  1.3523214027e-02 -1.5586089529e-02  2.4207450369e-06 -3.4147174324e-06 -5.6983893536e-06 -1.8388146626e-03 -2.4544434414e-04  2.2117153241e-04 -7.1882764406e-03 -1.9444816757e-02  7.8722029117e-03 -2.0243468757e-04 -6.4699130330e-03 -2.4558789774e-02 -2.1691691049e-06 -4.8473783768e-06  1.6924790216e-06 -2.9498133848e-06 -2.3091387148e-06 -1.1378474825e-06  6.7739175973e-07 -2.8386918078e-06  2.5159748511e-06  3.1892992938e-06 -1.9658973985e-06 -3.7671511884e-06  1.1051425961e-05  1.9270225380e-06  1.4605987386e-05 -1.6731935189e-05  3.5262731960e-06  6.8437034305e-07 -2.3630527831e-05 -8.2755167198e-06 -1.5164565707e-05  3.3344873473e-07  5.1005326337e-06 -6.2423812475e-06  1.4186343443e-04  4.6585756468e-06 -7.4555962220e-06  3.2254217872e-06 -3.3635083858e-06  1.7210422250e-06

JOB 9
COORDS  6.1369083048e+00 -2.2611115131e-01  3.0765018683e+00  5.1263465287e+00 -3.8112481887e+00  3.2058381829e+00  5.9389326902e+00 -2.6788936695e+00  3.1839932589e+00  3.7336364228e+00 -3.7146183782e+00  3.1453885426e+00  3.9348946546e+00 -1.2993758775e+00  3.0345817575e+00  5.3297814930e+00 -1.4153670678e+00  3.0988005933e+00  3.1295154181e+00 -2.4476735524e+00  3.0571235759e+00  7.4346589792e-01 -3.2085688103e+00  3.1308809541e+00 -4.4064495234e-01 -5.0395134355e+00  2.7987569644e+00 -1.1973701473e+00 -3.8394214081e+00  2.1831965500e+00  6.7881170771e+00  7.4048030774e-01  3.0580906574e+00  8.9988768218e-01 -4.4883097763e+00  3.1036934062e+00 -6.0277912824e-01 -2.7681539494e+00  3.0129684067e+00  1.7359443518e+00 -2.2580419584e+00  2.9456523720e+00  5.5814251012e+00 -4.7954158543e+00  3.2753632087e+00  7.0198579678e+00 -2.7585758563e+00  3.2340208375e+00  3.1046285148e+00 -4.5950080523e+00  3.1691533155e+00  3.4863234986e+00 -3.1144895430e-01  2.9634270412e+00 -9.3864440458e-01 -5.3894113058e+00  3.7131132030e+00 -3.4589940890e-01 -5.8858262592e+00  2.1139707050e+00 -9.4850087125e-01 -3.7133648902e+00  1.1199519597e+00 -2.2818078161e+00 -3.8876616809e+00  2.3101513300e+00 -6.9594614199e-01 -1.8451097145e+00  2.5936800062e+00  1.4439762021e+00 -1.3061352564e+00  3.1336722463e+00
ENERGY -6.061642348475e+02
GRADIENT  3.9504653193e-05 -6.4505693021e-05  3.2090987291e-06  1.6035585552e-05 -1.8669418451e-05  1.3358930768e-06  5.9782756214e-05  2.1359114951e-05  7.1700327655e-07  1.0200848835e-05  2.6248245578e-05  1.1685392928e-05 -9.1600998978e-05  8.8122582186e-05 -1.7659681593e-05 -9.2302972808e-05 -5.9715113671e-05  5.6925093560e-07  4.5471001085e-05 -1.9292410965e-05 -2.1155612577e-05  2.2904203832e-03  6.1057787650e-03  2.2001596485e-02 -2.3914213050e-04 -1.4733023583e-05 -1.5134264824e-04  4.1269976011e-03  7.1891713687e-03 -1.2293794795e-02 -5.7227615696e-06 -4.0740398919e-06 -2.0491437173e-06 -1.3443332362e-03 -1.6719598240e-04  7.2964165608e-05 -4.3829555450e-03 -1.0354681894e-02  7.5710828553e-03 -4.9439355073e-04 -2.7282470088e-03 -1.7169111245e-02  6.8462538568e-06 -9.8673009091e-07  1.8430793555e-06  7.7364267697e-06 -1.6868032445e-05  9.6374723021e-07  5.7914707053e-06 -3.5358876395e-06 -1.3441436127e-06 -1.2493080702e-05  9.4909872621e-06 -5.3894313910e-06  1.3210455169e-05 -5.3555969612e-07  7.7568077343e-06 -1.8756671195e-05  5.7102981648e-06 -7.9958284416e-06 -1.1317344819e-05 -1.1139232024e-05 -1.2814457595e-05 -2.6590579544e-07  6.5238488270e-06 -1.2363494123e-05  8.5863474613e-05 -1.4012912837e-05 -4.6862783037e-06  2.9304994369e-06 -3.5859230323e-06  3.9228627703e-06

JOB 10
COORDS  6.1508270146e+00 -2.0771196336e-01  3.2066606351e+00  5.1452887316e+00 -3.7968144679e+00  3.1749765273e+00  5.9560459516e+00 -2.6637149258e+00  3.2216581039e+00  3.7554389544e+00 -3.7000061820e+00  3.0697174011e+00  3.9550742374e+00 -1.2824534003e+00  3.0525906827e+00  5.3472288503e+00 -1.3987328651e+00  3.1603847944e+00  3.1509761543e+00 -2.4312954343e+00  3.0067215357e+00  7.6358998063e-01 -3.1921419973e+00  2.9648004671e+00 -4.3749741813e-01 -5.0370136775e+00  2.8529015877e+00 -1.2871590538e+00 -3.8767123631e+00  2.2816767548e+00  6.7992763987e+00  7.6024389392e-01  3.2432626175e+00  9.1824257802e-01 -4.4700188474e+00  2.9994914962e+00 -5.6962259079e-01 -2.7272025818e+00  2.8762443525e+00  1.7635780330e+00 -2.2411594394e+00  2.8642838040e+00  5.5999111006e+00 -4.7824189709e+00  3.2245998518e+00  7.0347947983e+00 -2.7441196350e+00  3.3054384067e+00  3.1284661977e+00 -4.5816493652e+00  3.0432182119e+00  3.5070468531e+00 -2.9305108929e-01  3.0020750600e+00 -8.1865934606e-01 -5.3596412842e+00  3.8310578185e+00 -4.1638689657e-01 -5.9096155436e+00  2.1947776151e+00 -1.2385950094e+00 -3.8512703373e+00  1.1841571903e+00 -2.3319983707e+00 -3.9005681015e+00  2.6002935915e+00 -6.7639853411e-01 -1.8638118352e+00  2.3492912030e+00  1.4569965493e+00 -1.2892233627e+00  3.0212261238e+00
ENERGY -6.061724196010e+02
GRADIENT -1.9718896705e-05  3.5922523622e-05  3.5434347653e-07 -2.1175353954e-05  8.2253220487e-06  3.3709095749e-06 -2.0080245203e-05 -1.4646073786e-05  9.0677242268e-08  9.9044584225e-06 -6.3128662261e-06 -2.6635001898e-05  7.3379509970e-05 -9.2186083526e-05  2.2315802585e-05  6.1598357810e-05  3.2719311811e-05  9.0551663571e-07 -6.2199264851e-05  3.2216332506e-05  2.1060974801e-05 -9.1472569962e-04  2.7553192766e-03  1.1491195603e-02  1.4920697169e-04  1.8078415638e-05  4.7742460634e-05  1.1652338798e-03  3.0749595622e-03 -7.2974179981e-03  5.7867267409e-06 -4.3836880291e-06 -5.3050917324e-07  6.9029652250e-04  1.2110382454e-04  9.9763147343e-06 -1.6444359544e-03 -4.2941713962e-03  4.8580951882e-03  5.7863336428e-04 -1.6808800217e-03 -9.1104135898e-03 -2.4938741980e-06 -1.7460986294e-06  4.5758894909e-07 -3.3658011015e-06  4.6547463340e-06  1.0772376745e-06 -9.1306062283e-06  1.9837141152e-07  3.0460404965e-06  1.0201292341e-05 -1.3327551539e-05  4.0573293654e-06 -3.6126811249e-06  2.7608350959e-06 -2.0941524506e-06  5.0075576680e-06 -6.7220436293e-06  2.5516923096e-06  3.2471205721e-06  1.0118233843e-05 -4.7677182411e-07  8.5799372092e-06 -2.8493402442e-06  7.5863590986e-06 -5.0564993896e-05 -1.2194405029e-05 -1.1131460336e-05 -5.2436202625e-06  7.5026820638e-07 -4.1926076529e-05

JOB 11
COORDS  6.1844983248e+00 -2.4560968331e-01  3.3010581494e+00  5.1592008849e+00 -3.8259180652e+00  3.1593263557e+00  5.9751474156e+00 -2.6993113026e+00  3.2525524891e+00  3.7728888200e+00 -3.7178575606e+00  3.0249164349e+00  3.9860971861e+00 -1.3013568886e+00  3.0707258061e+00  5.3745955722e+00 -1.4296577626e+00  3.2081879722e+00  3.1767665215e+00 -2.4441068200e+00  2.9784906466e+00  7.8860755357e-01 -3.1915035929e+00  2.8189182694e+00 -4.3936571986e-01 -5.0265915946e+00  2.8597228804e+00 -1.3456347210e+00 -3.8722228943e+00  2.3594127450e+00  6.8384123081e+00  7.1653985871e-01  3.3750009882e+00  9.2112701072e-01 -4.4669516793e+00  2.9193510845e+00 -5.2712564007e-01 -2.6894165500e+00  2.7078458640e+00  1.7955017097e+00 -2.2451630867e+00  2.8211617577e+00  5.6069775821e+00 -4.8152552081e+00  3.1954091784e+00  7.0512064239e+00 -2.7883168790e+00  3.3589486897e+00  3.1419016736e+00 -4.5950737232e+00  2.9659897554e+00  3.5448200577e+00 -3.0836914945e-01  3.0338913879e+00 -7.3801597279e-01 -5.3587035931e+00  3.8622593539e+00 -4.7100224930e-01 -5.8987550165e+00  2.2001865925e+00 -1.5059201218e+00 -3.9327125985e+00  1.2749042935e+00 -2.3169256634e+00 -3.8381812077e+00  2.8585983792e+00 -6.2612796268e-01 -1.9085931001e+00  2.0649080965e+00  1.4805683683e+00 -1.2923884180e+00  2.9484616933e+00
ENERGY -6.061755984258e+02
GRADIENT  1.3994243650e-05 -2.5479474082e-05  7.4004106600e-06 -3.9136536531e-06  1.8609655302e-05  4.2891808531e-06  3.7404550000e-05  2.2023742908e-06  8.5642085544e-06 -9.1609708575e-06 -1.1443155983e-05 -2.2130705792e-05 -3.9642403096e-05  2.4592704302e-05  6.3687083155e-06 -3.1103799532e-05 -2.1931933067e-05 -6.1706641988e-06  4.9613683594e-05  3.9429749800e-06  1.8179241043e-05 -4.5309632525e-06  1.7370468909e-04  1.6461091698e-03 -7.1669263115e-05  6.1389512812e-05 -1.3221937770e-05  3.1598926782e-04  1.4764886641e-04 -1.0898862728e-03  1.3990563400e-06 -1.1576725536e-06 -1.8476480603e-06 -3.8562110739e-05 -4.5920338668e-05  2.9067987506e-06 -2.4776832324e-04 -2.2407064884e-04  8.5463672431e-04  4.3681162427e-05 -8.9147028755e-05 -1.3724575147e-03  3.9338577983e-07  1.0279431616e-06  2.8861837873e-06  5.2463923529e-06 -6.2519333567e-06  2.2988067311e-06  2.1233405768e-06 -1.4829922484e-06  8.1402020997e-06 -2.0222203311e-06  4.3375612921e-06  5.6267692276e-06 -2.4142664414e-07 -2.2851743123e-05 -6.8685534024e-06 -8.8857130313e-06  2.5064259036e-06 -9.4561266096e-06  5.3426882157e-06 -1.7202148491e-05 -8.3026695142e-06 -5.3189074520e-07  1.4086941524e-05 -1.2545018129e-05 -1.3502702628e-05  7.4778885723e-06  1.2883316631e-05  9.7936767572e-06  7.1051180924e-06 -2.6575024736e-05

JOB 12
COORDS  6.1733847294e+00 -2.1379312786e-01  3.2650125966e+00  5.1636781139e+00 -3.8007121688e+00  3.1971171925e+00  5.9745199176e+00 -2.6687767049e+00  3.2683113114e+00  3.7773125492e+00 -3.7011448968e+00  3.0574001291e+00  3.9803012745e+00 -1.2833457885e+00  3.0482376992e+00  5.3686029814e+00 -1.4029509403e+00  3.1947041136e+00  3.1758377206e+00 -2.4313764566e+00  2.9778630585e+00  7.9537590203e-01 -3.1941426462e+00  2.7636265015e+00 -4.1624565394e-01 -5.0511253463e+00  2.7736992164e+00 -1.3951868712e+00 -3.8634566327e+00  2.5182230120e+00  6.8234863311e+00  7.5215769364e-01  3.3207662884e+00  9.1692535063e-01 -4.4589805379e+00  2.9518852992e+00 -5.0210262719e-01 -2.6810634434e+00  2.5341809794e+00  1.7952183355e+00 -2.2431735982e+00  2.8159572754e+00  5.6153374569e+00 -4.7870933765e+00  3.2577607497e+00  7.0504929981e+00 -2.7507686275e+00  3.3809073285e+00  3.1501257616e+00 -4.5823653364e+00  3.0214035780e+00  3.5346937267e+00 -2.9364575195e-01  2.9863347536e+00 -6.9170000987e-01 -5.6085633827e+00  3.6746241437e+00 -3.9886756592e-01 -5.7671078547e+00  1.9430785227e+00 -1.9151189850e+00 -3.9476191548e+00  1.5591975352e+00 -2.1474196709e+00 -3.7710554651e+00  3.3064120024e+00 -5.6581313553e-01 -2.0885686320e+00  1.7111246329e+00  1.4629624061e+00 -1.2931667633e+00  2.9171143274e+00
ENERGY -6.061750220855e+02
GRADIENT  8.1477977396e-06 -1.1642007897e-05 -3.4318015143e-06  6.6792947912e-06 -4.5557705085e-06  3.4814660730e-08  1.2341227303e-05  1.7097905194e-06  3.3496515396e-06  4.4044236532e-06  1.0879520831e-05 -5.7477888438e-06 -1.8062443915e-05  1.6749774486e-05 -2.5341368889e-06 -2.0091051863e-05 -1.3243325220e-05  1.6254903539e-06  2.9233678466e-05  3.0871031063e-07  1.5531619235e-05  3.0590493400e-04 -1.1768291442e-04 -1.6656579536e-03 -9.9328710867e-06  4.9707032499e-05 -3.0239498589e-06 -4.0899759564e-05  8.8340977119e-05  1.2846704841e-03  2.3719390258e-06 -2.0989506368e-06  5.9121371362e-06 -8.2741201042e-05 -6.4504553399e-05 -9.9708136048e-08  2.9178038406e-05 -7.9769627852e-05 -1.0643015987e-03 -2.1374600022e-04  1.4499793245e-04  1.3833495387e-03  5.3243341669e-07 -2.1182495257e-06  1.0803313728e-06  1.7608124968e-06 -5.8006504662e-06  1.3857365223e-06  3.8527443939e-06  3.6927660194e-07  7.2474947652e-06 -2.4242069308e-06  1.7786283378e-06  3.2470621833e-06 -1.7917543487e-05 -3.5044302120e-07 -1.1131475474e-06 -2.2560736097e-05 -1.1178773782e-05  6.1816356196e-06 -7.6381980998e-06 -4.5417561337e-06  6.9779727445e-06 -7.3125704552e-06 -1.4823162975e-05 -1.5657216195e-07  3.2509081466e-05  1.4532114708e-05  1.4376362807e-05 -8.5098793214e-07  5.0038808311e-08  3.7648995615e-05

