JOB 0
COORDS -1.1346875547e+00  5.3066010321e-01  2.2442059908e+00 -8.0503188471e-01  5.9473744234e-01  3.5626673141e+00  5.9325197370e-02  3.6624726469e-02  1.6193648066e+00  1.4571577895e+00 -9.6730556225e-01 -3.1416908813e-01 -9.0304119080e-01 -1.8007408584e-01 -7.8798477045e-01 -5.3593231483e-02  1.0488288352e+00 -7.3335860134e-01  3.0171424067e-01 -1.3501310322e-01  1.6293056612e-01  1.0170127189e+00 -1.5585911036e-01  2.5054293854e+00  2.0413691181e+00 -7.8070090305e-01 -1.3669864097e+00  4.6638634946e-01  1.9174585717e-01  3.7475334099e+00  1.7354564930e+00 -2.0107480106e+00  4.9627770607e-01 -2.0817441114e+00  7.8536424891e-01  1.7905578048e+00 -1.3456371182e+00  8.8938520681e-01  4.4526878455e+00 -1.8868223826e+00 -1.7430572845e-01 -3.3084939276e-01 -8.0416168488e-01 -8.2806940432e-01 -1.6523771592e+00  6.2703505673e-01  1.2356951830e+00 -1.5562285294e+00 -4.4155521616e-01  1.9255956577e+00 -2.2574502962e-01  2.4826479504e+00 -2.4835492870e+00  8.1669458066e-02
ENERGY -5.514090105968e+02
GRADIENT  4.2749904652e-04  1.2227590523e-03 -6.1624981718e-05  3.5347767505e-06 -6.9601604713e-05 -2.1176242016e-05 -3.7303129091e-04 -1.3520840587e-03  1.0592589053e-04  6.4765978711e-04  8.9644904048e-04 -3.0508334185e-05 -2.9605564156e-05 -3.4181512724e-06 -7.6099372662e-05  3.3102005200e-05 -5.5209951612e-05  8.2226850634e-05 -7.0658144808e-04 -6.7322032115e-04 -3.1707702953e-06 -1.7095986724e-05 -3.7267519042e-05  2.9124997654e-05  2.0990236383e-05 -1.3826440281e-05  1.8483058944e-05  3.6871369802e-05  4.0279307418e-05 -3.0912883052e-06 -6.0600550004e-06  5.7209255480e-06 -1.1108984574e-05 -3.2474837942e-06 -1.9409813342e-05 -4.7378566159e-07  3.8983759830e-06  9.7336888508e-06 -3.8919294726e-06  3.0640426743e-05 -1.3149731532e-05  3.4496968749e-05  1.4204874271e-05 -2.8386433499e-06  1.9519691584e-06  7.9189680630e-06  1.0656664056e-05  3.9661060240e-07  5.8853449109e-06  2.3686420226e-05 -4.1648660503e-05  8.4130206635e-06 -5.5262634402e-06  8.9491382644e-06

JOB 1
COORDS -1.1836645635e+00  3.6416303758e-01  2.2715719136e+00 -8.0702055304e-01  5.5304412627e-01  3.5662452544e+00  5.0126963380e-02  8.6488789424e-02  1.5967119511e+00  1.3820752304e+00 -1.0060812662e+00 -3.2585211506e-01 -9.2403920934e-01 -8.1245894211e-02 -8.1669954434e-01 -2.1786375843e-03  1.0934404407e+00 -7.6701615829e-01  2.7491268506e-01 -1.0655412820e-01  1.3878030370e-01  1.0709254728e+00  1.2846172791e-01  2.4311412586e+00  1.9098715600e+00 -9.2699632979e-01 -1.4213318557e+00  5.2694095729e-01  4.1594207567e-01  3.6895887083e+00  1.6905721338e+00 -1.9779684165e+00  5.6095111017e-01 -2.1847240829e+00  3.9778992342e-01  1.8670952885e+00 -1.3489357272e+00  7.7453841463e-01  4.4764109615e+00 -1.9094670148e+00 -3.0227013582e-03 -3.7050105401e-01 -8.6035015913e-01 -7.4048298538e-01 -1.6756306201e+00  6.9262123294e-01  1.2336642440e+00 -1.5874115436e+00 -3.3867784151e-01  1.9926806166e+00 -2.6196034243e-01  2.4021414382e+00 -2.5037850896e+00  1.4772800413e-01
ENERGY -5.514096786291e+02
GRADIENT  2.4208060329e-04  1.2181257544e-03 -1.3336418437e-04  1.8773547862e-05  1.5791594286e-05 -7.9389605246e-06 -1.5045263785e-05 -1.5855734181e-03  1.5121451905e-04  6.6483746891e-04  8.9493570753e-04  2.0805682449e-05  4.8463671023e-05  3.3923235330e-05  8.3222148175e-05 -4.1023352013e-05  6.2861430522e-05 -1.0187178516e-04 -8.8652485646e-04 -6.0373728061e-04 -6.5933736318e-05 -7.7151647242e-05 -1.5710047582e-05 -1.8652841106e-05  1.0041975332e-05 -6.3900106481e-06 -2.0784916548e-05  2.3704713296e-05  6.3471433040e-06  1.0032768670e-04  8.1714035323e-06  1.0245513742e-06 -1.6805855559e-05  4.3618826632e-06 -1.9757116829e-06  1.8979515539e-06  9.2252916334e-06  2.3355258762e-06  2.3544802330e-06 -2.7315478609e-05 -1.1445253817e-05 -3.3944834604e-05 -1.2294122445e-05  5.9768942166e-06 -7.9242350941e-06  1.0566629035e-05 -1.4880579605e-05  3.7704853630e-06  5.6397209802e-06 -2.4378097830e-05  3.9001456515e-05  8.9280198563e-07 -8.0372327722e-06 -3.2099467072e-06

JOB 2
COORDS -1.1564548749e+00  1.8789661309e-01  2.3075851920e+00 -7.7895850840e-01  4.9612466279e-01  3.5795559134e+00  8.3749187177e-02  1.0929879467e-01  1.5963012938e+00  1.3569922565e+00 -1.0988139844e+00 -2.8888802738e-01 -8.7933743735e-01 -2.3669092357e-02 -8.2381909699e-01  1.2943564114e-01  1.0768233674e+00 -7.9283005794e-01  3.0556715195e-01 -1.2181283058e-01  1.4197281795e-01  1.1068425044e+00  3.7268724295e-01  2.3862969051e+00  1.8163011599e+00 -1.1549371794e+00 -1.4163130141e+00  5.6152418769e-01  6.0843930598e-01  3.6536089533e+00  1.7116432687e+00 -1.9683686800e+00  6.8436817786e-01 -2.1570184919e+00  1.4969692358e-02  1.9389796023e+00 -1.3209596526e+00  6.5537848065e-01  4.5025622909e+00 -1.8561878498e+00  1.4921074221e-01 -3.8515745241e-01 -8.6278944813e-01 -7.0579444876e-01 -1.6667668948e+00  8.3871496915e-01  1.1435576990e+00 -1.6100982294e+00 -1.3893855408e-01  2.0102015824e+00 -3.0954294342e-01  2.3847559364e+00 -2.5548107860e+00  2.8875874414e-01
ENERGY -5.514105134551e+02
GRADIENT -3.8705171822e-05  1.7358300052e-03 -3.0145920718e-04  1.3924074126e-05 -1.6536310827e-05 -4.2470092210e-06  5.7495987073e-04 -2.2525591058e-03  4.2195598832e-04  9.7459336941e-04  1.1602985457e-03 -2.5541115833e-05  7.5300841799e-05  2.9490235015e-05  7.9111175024e-06 -1.6709723634e-05  7.5089026419e-05 -8.2816014616e-05 -1.5869581205e-03 -6.7666733437e-04 -9.0177013216e-05 -6.9789742753e-05  2.9825554568e-05  3.4212208642e-06  1.9293363131e-05 -3.5035141616e-05 -1.1939105601e-05  2.4738047549e-05 -4.9557692259e-06  8.0405199290e-05  6.3177491533e-06  5.2763533082e-07 -3.7460299565e-05  3.0201688981e-06  3.4284061431e-06 -6.0755934349e-06  2.1079341033e-06  6.3772049699e-06 -3.4940523670e-07 -1.3134507716e-05 -6.7090273375e-07 -1.6969101098e-05 -3.3037109658e-05 -6.0051651788e-06  3.8851402398e-06 -2.3856640210e-06 -1.7609509029e-05  2.2499300915e-06 -7.2886455275e-06 -1.7835758302e-05  3.7055677628e-05  8.0518617985e-07 -3.9682301279e-06 -2.7450515088e-06

JOB 3
COORDS -1.1660411067e+00  5.7465129632e-03  2.3386959470e+00 -8.0108379036e-01  3.9030151853e-01  3.5935560265e+00  3.6472318201e-02  1.5288548488e-01  1.5775861766e+00  1.2397919126e+00 -1.1039972149e+00 -3.1161996843e-01 -9.3959961140e-01  1.0143053594e-01 -8.3552527541e-01  1.3759461913e-01  1.1354352342e+00 -8.1167420966e-01  2.4394336315e-01 -7.3155068929e-02  1.1971177034e-01  1.0250830227e+00  6.0877398397e-01  2.3219630686e+00  1.6279347382e+00 -1.2452249411e+00 -1.4580369853e+00  4.9801722200e-01  7.5002553897e-01  3.6103172793e+00  1.6455253595e+00 -1.9087846093e+00  6.9862881537e-01 -2.1293727614e+00 -3.5269672980e-01  2.0056039180e+00 -1.3240957989e+00  4.5716209584e-01  4.5385616783e+00 -1.8962953071e+00  3.3765325429e-01 -3.8135758055e-01 -9.7394407184e-01 -5.7822143128e-01 -1.6799151070e+00  8.4125751647e-01  1.1575593255e+00 -1.6362559195e+00 -6.3656479365e-02  2.0840542124e+00 -3.2578656590e-01  2.2818017147e+00 -2.5358026900e+00  3.0428912070e-01
ENERGY -5.514115469991e+02
GRADIENT -4.3300120682e-04  1.8296250881e-03 -3.7090894035e-04 -8.2419467646e-05  1.3242588074e-04  5.6410887779e-06  1.2799500559e-03 -2.4685368470e-03  6.7791882122e-04  1.1221259122e-03  1.1313491002e-03 -1.2782854435e-06 -1.6323538034e-04 -1.9563140305e-05 -3.7595729072e-05 -1.8351721882e-05 -1.0410227880e-04  1.3358435630e-04 -1.9128088866e-03 -4.9469356865e-04 -3.1232352311e-04  2.8897593568e-05  1.2998816167e-04 -5.3486711511e-05  2.5090264298e-05 -2.1113508587e-07  1.7814402590e-05  8.2130424483e-06 -1.5020662550e-04 -4.7202480513e-05  4.8854378828e-06  1.3182965370e-05 -5.4752747827e-06 -9.2446960208e-06 -1.0994560392e-06  5.2925188470e-06 -4.9697349817e-06 -2.4594353419e-05  3.9020569837e-06  1.4110658347e-05 -5.1036959380e-06  2.8195423334e-05  5.4044061451e-05  1.5830881206e-05 -1.3920812467e-06  5.5461320035e-06  3.0223286540e-05 -7.5691204979e-06  1.7239151305e-05  2.9704780939e-05 -4.0460512673e-05  2.0968588926e-06  8.5296221252e-07  3.1729861276e-06

JOB 4
COORDS -1.1192911393e+00 -1.4521863092e-01  2.3570029100e+00 -7.9895860495e-01  3.3360647373e-01  3.5911360154e+00  1.1627288715e-02  2.0669826661e-01  1.5551612429e+00  1.1636293244e+00 -1.1245796813e+00 -3.0551230804e-01 -9.4667237421e-01  1.9538223981e-01 -8.6049051803e-01  1.9109287921e-01  1.1631090375e+00 -8.4657480338e-01  2.2119162029e-01 -3.6905925835e-02  1.0057522716e-01  9.1756260145e-01  8.5868951174e-01  2.2567563229e+00  1.4942561559e+00 -1.3558597489e+00 -1.4550987830e+00  4.0926362381e-01  9.3283824278e-01  3.5585004950e+00  1.6057631162e+00 -1.8613274232e+00  7.4249676316e-01 -2.0072275706e+00 -6.8276665013e-01  2.0561942499e+00 -1.2993021049e+00  3.2874577131e-01  4.5506738096e+00 -1.8861293354e+00  4.9343659709e-01 -4.0586906448e-01 -1.0202314539e+00 -4.9191967418e-01 -1.6962443450e+00  8.9491816510e-01  1.1312163018e+00 -1.6706933987e+00  4.9856268177e-02  2.1285202414e+00 -3.7335151883e-01  2.2083780937e+00 -2.5311719732e+00  3.6599955165e-01
ENERGY -5.514126083907e+02
GRADIENT -7.5039352049e-04  1.6217740345e-03 -3.7944931372e-04 -9.9523590227e-05  1.5174531028e-04 -1.9963122221e-05  1.7985101392e-03 -2.1667486878e-03  6.4557940139e-04  1.1852235950e-03  9.6568105658e-04  3.0891239379e-06 -1.2091603170e-04 -3.2727889385e-06 -2.1139702728e-05  4.8301866347e-07 -7.4765310608e-05  9.7232584709e-05 -2.1430242585e-03 -5.0783803357e-04 -3.6309370713e-04 -6.7908026464e-05  1.0136751178e-04 -4.4506545709e-05 -3.3810727346e-05  5.6780590238e-05  1.4732652471e-05  7.0423886241e-05 -1.7049039788e-04  3.0763407640e-05  2.0320702529e-05 -6.8972234625e-06  2.9507392991e-05  7.2833462161e-06 -2.2901186999e-05  3.5156587707e-06  1.6224726874e-06 -1.3574625487e-05  1.5414394546e-06  1.1464663950e-05 -1.2293499324e-05  2.9623020102e-05  3.2461512425e-05  1.3459636142e-05 -1.4516530587e-06  1.6089779164e-05  3.0839761352e-05 -4.1624035021e-06  1.2579164935e-05  2.2532393369e-05 -5.0023805041e-05 -4.5772408197e-06 -4.5264838354e-06  3.8543298055e-06

JOB 5
COORDS -1.0310125304e+00 -2.9616421113e-01  2.3932843540e+00 -7.8345414219e-01  2.8443074305e-01  3.5994464914e+00 -1.0725682234e-02  2.3992979903e-01  1.5459107580e+00  1.0955595617e+00 -1.1616391214e+00 -2.8375059714e-01 -9.3348470128e-01  2.6841973090e-01 -8.8103843449e-01  2.5813186325e-01  1.1690901505e+00 -8.6128215624e-01  2.0771174111e-01 -2.1497143570e-02  9.6494605726e-02  7.6530677899e-01  1.0831164355e+00  2.1969565437e+00  1.3861675361e+00 -1.4608735222e+00 -1.4282873794e+00  2.8073341510e-01  1.1101864268e+00  3.5098454639e+00  1.5494124174e+00 -1.8572454683e+00  7.8883468163e-01 -1.8040203693e+00 -1.0059206187e+00  2.1351331017e+00 -1.2523008525e+00  2.2134253628e-01  4.5727568685e+00 -1.8585757028e+00  6.2249727928e-01 -4.3689612489e-01 -1.0365465100e+00 -4.2267345054e-01 -1.7106932531e+00  9.6704878440e-01  1.0885758859e+00 -1.6776037994e+00  1.7034741570e-01  2.1444126544e+00 -3.9627596919e-01  2.1200432227e+00 -2.5638920613e+00  4.3000966942e-01
ENERGY -5.514135909179e+02
GRADIENT -9.8990379679e-04  1.2986154133e-03 -3.8540925955e-04  3.3187450622e-05 -2.7072971653e-05  5.7878994335e-07  2.1338054299e-03 -1.6724283668e-03  6.0543648831e-04  1.1680420776e-03  9.3135127358e-04  2.5848775132e-05  5.7941178239e-05  1.0796671369e-05  1.6516906440e-05  5.6722164851e-06  3.4120422143e-05 -8.1209247652e-05 -2.3308918235e-03 -5.2881897351e-04 -2.4229132632e-04 -1.9658701641e-05 -1.5518628965e-05  2.2020660863e-05 -9.6699757173e-06 -1.2758912321e-05 -2.2787141596e-05  6.2657577211e-06  3.3459559294e-05  1.7239869458e-05 -4.3016784094e-06 -1.2514288814e-05  5.4111216844e-06 -2.8561365751e-06  1.0485072445e-05 -8.1663078307e-06 -2.0150203023e-06  1.3991430212e-05 -3.7500126484e-06 -1.2987139089e-05 -1.4557287264e-06 -1.7502303592e-05 -1.3201050515e-05 -5.3542190758e-06  8.5170923088e-06  7.3349991624e-07 -8.0839177204e-06  1.3329056260e-06 -1.6906319667e-06 -2.2888253299e-05  4.3998035925e-05  2.7292399867e-06  3.9607108234e-06 -6.8453340568e-06

JOB 6
COORDS -9.0917424111e-01 -4.2699183649e-01  2.4321657664e+00 -7.6941084296e-01  2.5313152161e-01  3.6021943806e+00 -3.7646683675e-02  2.6618793748e-01  1.5331146707e+00  1.0174134541e+00 -1.1916935386e+00 -2.8381247381e-01 -9.2555252855e-01  3.4597491716e-01 -9.0270907932e-01  3.1307974023e-01  1.1792760669e+00 -8.6995168420e-01  1.8914215287e-01 -6.1690131717e-03  8.8027583222e-02  5.5674519550e-01  1.2828965860e+00  2.1246467398e+00  1.2745549150e+00 -1.5275076806e+00 -1.4261045243e+00  9.6549793595e-02  1.2780683010e+00  3.4467615964e+00  1.4675437348e+00 -1.8818598189e+00  7.9539350246e-01 -1.5186771876e+00 -1.2957933809e+00  2.2288179522e+00 -1.1991248771e+00  1.4309910770e-01  4.5893174945e+00 -1.8335137690e+00  7.4903197211e-01 -4.6511701259e-01 -1.0577356038e+00 -3.4133749040e-01 -1.7314765845e+00  1.0246891245e+00  1.0580845378e+00 -1.6788071479e+00  2.7530348757e-01  2.1577558842e+00 -4.0567860838e-01  2.0024376880e+00 -2.6175860164e+00  4.3979045320e-01
ENERGY -5.514144865050e+02
GRADIENT -1.1041109813e-03  9.4155801328e-04 -3.5126242423e-04  2.1526165440e-05 -2.0647625809e-05  8.4459436279e-07  2.2592569239e-03 -1.1557756612e-03  5.3857126722e-04  1.0870251533e-03  7.9175102940e-04  2.9066583111e-05  1.1204725095e-04  1.8095736138e-05  2.6288357080e-05  1.0548354306e-05  6.8742452575e-05 -1.3094772787e-04 -2.3422680941e-03 -5.4898711852e-04 -1.7747484709e-04 -1.4263220351e-06 -1.1234061922e-05  3.5270479023e-05  4.9253957385e-06 -2.0387917214e-05 -1.1414079108e-05  8.5190843595e-06  2.0708347492e-05  6.2812778426e-06 -2.9732937220e-06 -6.6481904773e-06  7.2123881570e-06  9.2319658050e-06 -7.9261740194e-06  2.3411180001e-06 -2.4106855532e-05  2.2080904946e-05 -7.4283134906e-06 -2.3889617207e-05 -6.4968104373e-06 -2.2051102777e-05 -3.2260776589e-05  6.3204231045e-07  8.7526681376e-06  1.1225278323e-05 -1.7215946390e-05  1.8651312443e-05 -1.9815963510e-05 -2.5977780803e-05  4.6157113548e-05  5.2055797400e-06  4.4690205608e-06 -5.3806819838e-07

JOB 7
COORDS -7.5462280120e-01 -5.2622434580e-01  2.4786276393e+00 -7.5610185091e-01  2.3293856122e-01  3.6070004402e+00 -5.7416149009e-02  2.8485971509e-01  1.5264933859e+00  9.5898688922e-01 -1.2213269320e+00 -2.8194631524e-01 -9.0137697147e-01  4.0501801028e-01 -9.1873824753e-01  3.7178095854e-01  1.1807883437e+00 -8.6964961409e-01  1.8908842024e-01  2.3986852562e-03  8.7360952496e-02  3.1132586773e-01  1.4357031918e+00  2.0536317420e+00  1.2144944473e+00 -1.5603656564e+00 -1.4236224777e+00 -1.3001349713e-01  1.4087147256e+00  3.3819923372e+00  1.3610315439e+00 -1.9458731276e+00  7.9519457953e-01 -1.1607148556e+00 -1.5168889080e+00  2.3356660224e+00 -1.1432431720e+00  8.7350887550e-02  4.6070548990e+00 -1.7938922073e+00  8.4546539968e-01 -4.8597203691e-01 -1.0543367581e+00 -2.7808404282e-01 -1.7474233334e+00  1.0864712801e+00  1.0261348996e+00 -1.6700205766e+00  3.7127305446e-01  2.1602104241e+00 -4.0638048759e-01  1.8612752834e+00 -2.7034318399e+00  4.3489720640e-01
ENERGY -5.514152380275e+02
GRADIENT -9.5062396567e-04  5.3910082932e-04 -2.6126846562e-04 -1.1979097996e-04  3.4326750598e-05  2.1506096471e-05  1.9508869884e-03 -5.8055496316e-04  4.7160091894e-04  7.9200528294e-04  4.1061552622e-04  1.6757764804e-05 -1.3517786845e-04  1.6757393701e-05 -7.9793512801e-05 -4.0820328915e-05 -1.2912471161e-04  9.3693771189e-05 -1.5600494146e-03 -3.6477284467e-04 -2.0773506655e-04 -7.1078176640e-05  7.7123758667e-05 -7.5922054957e-05  2.5438501514e-05  7.7013825585e-05 -6.9343679710e-06  1.1686441867e-04 -1.0590416871e-04 -1.8667789115e-06 -3.7708601995e-05 -1.1325447314e-05  4.6974668536e-05  1.6661153228e-05 -5.0070037790e-07  7.6136164491e-06  3.9378484940e-06 -6.7228875942e-06  4.3803550445e-06  2.7199168073e-05  1.2249836931e-05  2.1752471790e-05  3.3673597241e-05 -2.2551950608e-05  7.4978990179e-06 -2.1598583050e-05  2.5601922323e-05 -2.2601742170e-05  1.3798758034e-06  2.1780741482e-05 -1.4285361996e-05 -1.9316855274e-05  3.1754914570e-05 -1.5137172663e-05

JOB 8
COORDS -5.8491982783e-01 -6.1133930177e-01  2.5099972254e+00 -7.3005626169e-01  1.9904365251e-01  3.5926080852e+00 -7.4196912606e-02  2.6453379897e-01  1.4978371337e+00  9.1221133079e-01 -1.2885326015e+00 -3.0297130592e-01 -8.4876210360e-01  4.3174570336e-01 -9.6241772364e-01  4.5785679940e-01  1.1422347194e+00 -8.8440269314e-01  2.0216613548e-01 -3.0470636089e-02  6.6736294796e-02  6.4329449631e-02  1.4943859683e+00  1.9555071547e+00  1.1419789047e+00 -1.6401222348e+00 -1.4465134947e+00 -3.5483175261e-01  1.4603545531e+00  3.2902844338e+00  1.3004409044e+00 -2.0303402757e+00  7.6855331164e-01 -7.8479969113e-01 -1.6693228832e+00  2.4335920836e+00 -1.0694533288e+00  3.6951239262e-02  4.6073612343e+00 -1.7251154907e+00  9.1179861506e-01 -5.3958036582e-01 -1.0184267698e+00 -2.4181991873e-01 -1.7955168336e+00  1.1812938506e+00  9.5358660090e-01 -1.6695178214e+00  4.9499492810e-01  2.1180412085e+00 -4.1511661776e-01  1.7641300440e+00 -2.8062153015e+00  3.9819273825e-01
ENERGY -5.514156205665e+02
GRADIENT -1.1669913720e-04  2.2738292226e-05 -3.9454891194e-05 -4.2668022087e-06  7.6291632272e-05 -1.0066627360e-04  2.7647966158e-04 -1.3289226433e-04 -5.0499148526e-06  1.1413253134e-04  8.1703574640e-05  2.6205373043e-05 -2.1643971904e-04  1.3672802927e-04 -2.4423901494e-05 -2.3979718886e-05 -1.7047490480e-04  6.9478716599e-05 -8.7722080422e-05 -4.3129881902e-05 -1.2948009800e-04 -5.6826605039e-06 -1.2527886570e-04  1.1135734814e-04 -3.6998169079e-06 -1.0869634637e-06  7.6384166161e-06 -8.1090741000e-05  1.3082233800e-04  1.4150398653e-04 -9.9017068696e-06  4.3477446856e-06 -4.5606756827e-06 -2.8909618643e-05  8.1576126013e-06 -1.6377749688e-05  4.4461828638e-05 -2.4605228984e-06  1.1041027962e-05  3.0803275317e-06 -2.4904774974e-05  2.4044786965e-05  8.1981470603e-05 -3.0090432512e-05  2.0613424315e-05  1.5804002989e-06  6.8327918721e-05 -2.1338948864e-05  2.1545174826e-05  9.0147523066e-06 -2.0378303562e-05  6.8118840369e-07  9.4984925616e-06 -1.6805540063e-06

JOB 9
COORDS -4.3855394118e-01 -6.2303945287e-01  2.5757487747e+00 -7.1903403925e-01  2.0594617380e-01  3.6174945493e+00 -1.3474647209e-01  2.7491251043e-01  1.5006826877e+00  8.4408282951e-01 -1.2959649031e+00 -3.0952616321e-01 -8.2687416810e-01  5.0087705855e-01 -9.7737967413e-01  5.0078812506e-01  1.1582904788e+00 -8.5404393565e-01  1.7566327383e-01 -2.0423930280e-02  7.5656356313e-02 -2.2996253327e-01  1.5331880147e+00  1.8913196357e+00  1.0614825420e+00 -1.6356858054e+00 -1.4593173820e+00 -6.0628240698e-01  1.4954790522e+00  3.2376118115e+00  1.2196077418e+00 -2.0689181098e+00  7.4511326296e-01 -4.2986958568e-01 -1.7012579637e+00  2.5634798060e+00 -9.9895355895e-01  3.8959788775e-02  4.6494596406e+00 -1.6923953867e+00  1.0088270545e+00 -5.6563653858e-01 -1.0015752341e+00 -1.5228743020e-01 -1.8254096508e+00  1.2399069927e+00  9.5132904715e-01 -1.6196859641e+00  5.5930594650e-01  2.1231397496e+00 -3.6430977307e-01  1.6575409689e+00 -2.8495890244e+00  3.5372932875e-01
ENERGY -5.514154612708e+02
GRADIENT  7.4990229456e-04 -6.3981015942e-05  1.7206351367e-04  1.5464710777e-05 -4.9804695292e-05  4.3215598085e-05 -1.3911131855e-03 -2.2447553537e-06 -2.1065195158e-04 -5.8206443948e-04 -3.3862351073e-04 -4.3450761595e-05  2.1200840014e-04 -2.1899694407e-04  1.4036803976e-04  6.4779777967e-05  1.7527391722e-04 -7.7881214572e-05  1.1171212544e-03  4.4325795162e-04  2.7600404354e-04 -6.4105533355e-05  9.2235731216e-05 -8.3544216973e-05  2.1871311155e-05  1.3640971835e-05 -3.1975632784e-05  5.2694404248e-05 -5.4805764985e-05 -1.0791574596e-04 -2.0975298660e-06  4.0638515973e-05 -1.4630353462e-05 -4.2296440590e-05 -4.4629956997e-07  4.5024375413e-06 -1.9847305227e-05  1.0283397931e-06 -2.6154672761e-06 -2.4837793386e-05  4.6623601437e-05 -7.7833561852e-05 -8.3187682948e-05  5.6905355838e-05 -3.7744332463e-05 -2.1142963186e-05 -5.5741646161e-05  1.5371943935e-05 -5.4098569654e-05 -9.7835387107e-06  3.8615081505e-05  2.3161092951e-06 -5.3619966489e-06  1.9811883296e-06

JOB 10
COORDS -2.8415022103e-01 -6.0650444965e-01  2.6286876259e+00 -6.9199002003e-01  2.2044404136e-01  3.6299546409e+00 -1.8939690926e-01  2.5991724295e-01  1.4901604529e+00  8.0028245234e-01 -1.3177351443e+00 -3.2866530995e-01 -7.8883452288e-01  5.4178734612e-01 -1.0070007800e+00  5.5071395885e-01  1.1548239090e+00 -8.2698697276e-01  1.5972509231e-01 -3.3262394021e-02  7.1643670624e-02 -5.1617592017e-01  1.4999815123e+00  1.8130569186e+00  1.0513860724e+00 -1.6235233494e+00 -1.4813410144e+00 -8.4064544389e-01  1.4793826838e+00  3.1719080257e+00  1.1087193523e+00 -2.1465375064e+00  7.0570573752e-01 -7.2940868663e-02 -1.6616228604e+00  2.6798664926e+00 -9.0727804116e-01  6.9215922967e-02  4.6797047468e+00 -1.6510324834e+00  1.0649525409e+00 -6.0850933197e-01 -9.5176120484e-01 -9.1153447636e-02 -1.8722902244e+00  1.3106130622e+00  9.4174385247e-01 -1.5704637770e+00  6.1887540139e-01  2.1061388113e+00 -3.1203214969e-01  1.5283562582e+00 -2.9274653841e+00  2.9496687408e-01
ENERGY -5.514149961454e+02
GRADIENT  7.2347148471e-04  1.4279564727e-04  1.7647532073e-04  5.0162230292e-05  1.3484410076e-05  4.7042752890e-05 -1.5976640209e-03 -3.5082386277e-04 -3.2687297724e-04 -6.6007246261e-04 -2.3370573948e-04 -1.1673794563e-04 -1.2433548756e-04  1.2108771187e-04 -1.3164980595e-04 -7.5373249832e-05 -1.2362703323e-04  5.1781566156e-05  1.6067196441e-03  5.0906194462e-04  2.9026467359e-04  1.1157181481e-06  8.0349224131e-06 -6.2814136220e-06  3.4305765004e-05 -3.7827893530e-05  1.1094620580e-05 -1.8409924106e-05 -2.5442966228e-05 -7.1934388535e-06 -2.2274483788e-05 -2.5531234962e-05 -2.0435942723e-05 -4.6581100458e-06  1.6457199386e-05  3.8597935867e-06  7.3269407881e-06  2.9624176700e-06  5.4000725127e-06  3.7303342225e-06 -2.8804362715e-05  5.0620157864e-05  4.0085423478e-05 -2.1140887279e-05  3.0325266364e-05  2.3700745276e-05  1.8165322059e-05 -3.7241769549e-06  2.7531179491e-05 -4.0595854275e-06 -3.0866874326e-05 -1.1428987275e-05 -6.4757219095e-07 -6.1104936474e-06

JOB 11
COORDS -1.2964190375e-01 -5.6197624773e-01  2.6622454013e+00 -6.5270449106e-01  2.2998933608e-01  3.6382023142e+00 -2.5155178010e-01  2.3509840243e-01  1.4763275015e+00  7.5951937652e-01 -1.3289976660e+00 -3.5099025039e-01 -7.5135327581e-01  5.8734542703e-01 -1.0379479136e+00  5.9277970969e-01  1.1619325236e+00 -7.8721544235e-01  1.3056322736e-01 -4.3044241449e-02  6.2415723345e-02 -8.0547886465e-01  1.4047924392e+00  1.7510226578e+00  1.0758861261e+00 -1.5920592893e+00 -1.4982230042e+00 -1.0626444137e+00  1.4059577822e+00  3.1237105105e+00  9.6757878692e-01 -2.2176339921e+00  6.5862350514e-01  2.7955022824e-01 -1.5535066334e+00  2.7571681290e+00 -7.9657051911e-01  1.0209365823e-01  4.7031600781e+00 -1.6166927856e+00  1.1221144785e+00 -6.6301484343e-01 -8.9021197179e-01 -1.8541171432e-02 -1.9263642026e+00  1.3797894292e+00  9.5228103128e-01 -1.5030419070e+00  6.5932813607e-01  2.0946468755e+00 -2.3852583953e-01  1.3798267097e+00 -2.9962034549e+00  2.3593849738e-01
ENERGY -5.514147364329e+02
GRADIENT  5.0599877772e-05  7.9366527300e-06  2.7519421056e-05  5.5648582670e-06 -1.8705001120e-05  1.6395203910e-05 -6.2231505910e-05  1.4616345267e-05  1.3748788792e-05  8.3514287915e-06  7.7157488046e-06  1.7739380222e-05 -3.6353207374e-05  4.4874695184e-05 -6.4587715750e-05 -3.5791027033e-05 -2.7417762995e-05  7.0530953750e-05 -5.9585974214e-05 -6.0836912275e-05  8.0499014731e-06  7.7721724978e-05  8.7214226479e-05 -3.6165725534e-05 -1.6945017243e-05 -2.2469472050e-05 -1.0909852983e-06 -3.7884025078e-05 -6.6962692316e-05 -6.6390229325e-05  2.1460517339e-05  5.7940617605e-06  7.1008595212e-06  8.0811727169e-06 -3.1024523853e-06  9.2785732209e-06 -1.1139456149e-06 -4.3761454279e-06  3.2844460460e-06  2.2444642406e-05  1.0086497074e-05  2.3775510242e-05  2.5734770737e-05 -2.3330500819e-05  1.5068888595e-05  4.3890176619e-06  9.9476184678e-06  4.3890319139e-06  2.3426948630e-05  1.3702088852e-05 -7.8386715954e-06  2.6179872688e-06 -9.0783781209e-06  8.3555749723e-06

JOB 12
COORDS  6.8796548607e-01 -7.1212057987e-02  2.6209837349e+00  2.1688210335e-01  7.2018424779e-01  3.6232286636e+00 -1.0452866090e-01  3.0807895937e-01  1.4878588610e+00  6.8168413391e-01 -1.3801299281e+00 -3.3103841479e-01 -1.2771558040e+00  1.5280614537e-01 -8.1823692523e-01 -4.3765631411e-02  9.5494455375e-01 -1.0126499615e+00 -5.6456243098e-02 -1.4962778660e-01  7.0759384106e-02 -9.7392597928e-01  1.2494507475e+00  1.8146104235e+00  7.9506384106e-01 -1.7607762842e+00 -1.4831998332e+00 -7.7075096784e-01  1.5180331897e+00  3.1706260362e+00  1.2257395168e+00 -2.0800941005e+00  7.0144842389e-01  1.4663530760e+00 -8.1443369838e-01  2.6683265023e+00  4.6917025440e-01  8.2531469407e-01  4.6703638361e+00 -2.1124162422e+00  6.0700114048e-01 -2.9777653936e-01 -1.5106367505e+00 -6.0597128266e-01 -1.5567081755e+00  5.7003419524e-01  7.4984905314e-01 -1.8827720777e+00 -2.0233511228e-02  1.9649145989e+00 -6.1859326009e-01  1.6568285591e+00 -2.8544196801e+00  2.9007211383e-01
ENERGY -5.514149961277e+02
GRADIENT -5.1651481338e-04 -5.2999232144e-04  1.7411434533e-04 -3.5857369002e-05 -3.0905967428e-05  5.3884423081e-05  1.1447881465e-03  1.1574463927e-03 -3.5412481113e-04  5.6258089745e-04  4.2690878341e-04 -1.2337304322e-04  1.5988897400e-04 -8.0338862308e-06  6.9002805631e-05 -6.0687560088e-05  1.7073432375e-04 -1.1770435259e-04 -1.2823124762e-03 -1.0928115477e-03  3.1673140294e-04 -2.8381511655e-06 -5.4763967116e-06 -6.4472968777e-06  8.0625474361e-06 -4.5700206267e-05  4.9310393366e-06  3.0899266964e-05  2.6019952430e-06 -2.8205308473e-06  3.1540900991e-05  6.7463629219e-06 -1.0118860500e-05 -1.1447547039e-05  1.0686475752e-05  3.3255509909e-06 -6.6388470696e-06 -4.6134796390e-06  5.6519821309e-06 -8.3855029772e-06 -5.7565454157e-06 -3.3299783577e-05 -8.3001318922e-06 -5.5763408581e-07 -1.4706910068e-05 -1.2834063640e-05 -5.6338841623e-05  9.9806158594e-06  1.7708370213e-05 -1.9802818385e-05  4.9207056373e-05  5.0070732288e-06  1.1135175290e-05 -7.3088689124e-06

JOB 13
COORDS  7.8412252978e-01  5.0108918444e-02  2.5665768461e+00  2.4351891028e-01  7.3516155501e-01  3.6103947614e+00 -1.4645533873e-01  2.7010169353e-01  1.4988550585e+00  6.3990002165e-01 -1.4053353377e+00 -3.1141928864e-01 -1.2536737969e+00  1.9678609876e-01 -8.4580097727e-01  1.1580292505e-02  9.6530890863e-01 -9.8354145875e-01 -7.5865185433e-02 -1.5613667958e-01  7.4894637773e-02 -1.1545974319e+00  1.0259710241e+00  1.8953689245e+00  7.9986897989e-01 -1.7758510129e+00 -1.4611289560e+00 -9.0923024920e-01  1.3290075193e+00  3.2383079968e+00  1.1013698299e+00 -2.1317534070e+00  7.4219270335e-01  1.6898548978e+00 -5.3479134572e-01  2.5486222992e+00  5.4363130042e-01  8.8634910669e-01  4.6391164846e+00 -2.0954806414e+00  6.6585520627e-01 -3.5030073276e-01 -1.4816586740e+00 -5.4149671153e-01 -1.6062509909e+00  6.4949127540e-01  7.5941030785e-01 -1.8361470701e+00  4.9908159274e-02  1.9699467811e+00 -5.7625124181e-01  1.5225903615e+00 -2.9213362232e+00  3.5034395594e-01
ENERGY -5.514154612111e+02
GRADIENT -3.3613944187e-04 -6.7023612230e-04  1.7580167306e-04  3.8411733997e-05 -4.4049831653e-05  4.8473118980e-05  7.2453766892e-04  1.1987927790e-03 -2.0615766871e-04  5.8483032455e-04  3.1919445712e-04 -3.9191834113e-05 -2.5178592712e-04  5.1094782348e-05 -7.3213280087e-05  1.2996442681e-04 -2.7158452656e-04  1.2151149516e-04 -9.3887470418e-04 -7.1968869842e-04  2.4854616473e-04 -6.3901837341e-05  1.1420884019e-04 -9.0886821600e-05 -2.2062071402e-05 -1.2385679934e-05 -3.5899236592e-05  2.5926800154e-05 -9.0755810865e-05 -1.2822797233e-04 -3.0566632154e-05  3.1861904672e-05 -1.1493478252e-05  2.3738899775e-05  3.0254616392e-05  4.3967234031e-06  1.3481507616e-05  1.7656959494e-05 -2.7913837464e-06  2.6013010507e-05  4.0035813641e-06  4.5752292138e-05  4.3195688619e-05 -1.5908620074e-05  3.1801707744e-05  1.9768828663e-05  1.0087294200e-04 -5.7233762692e-06 -2.1582350273e-05  3.8997561724e-05 -8.0507942982e-05  2.4798637806e-06 -3.9200171211e-06  1.8531870675e-06

JOB 14
COORDS  8.5179743641e-01  1.7955661423e-01  2.4998373498e+00  2.5466430925e-01  7.4085115498e-01  3.5852914512e+00 -1.7019719822e-01  2.1309235993e-01  1.4964110704e+00  5.9729610838e-01 -1.4591422191e+00 -3.0433742927e-01 -1.2171978221e+00  2.2396104166e-01 -8.7676994993e-01  8.1737541979e-02  9.4652140531e-01 -9.6933142643e-01 -8.1642676418e-02 -1.8421647810e-01  6.6132175750e-02 -1.2789598796e+00  7.5674737277e-01  1.9614638727e+00  7.6058684295e-01 -1.8464700751e+00 -1.4477570448e+00 -1.0140515026e+00  1.0982475586e+00  3.2925084536e+00  1.0259330292e+00 -2.1795311949e+00  7.6640211717e-01  1.8516072937e+00 -2.1860781304e-01  2.4163957362e+00  5.8218877180e-01  9.4502266492e-01  4.5963449862e+00 -2.0569381564e+00  7.1739223585e-01 -4.0223703168e-01 -1.4522811007e+00 -4.9128760400e-01 -1.6568416033e+00  7.3413969305e-01  7.2582297798e-01 -1.8073124641e+00  1.4921797606e-01  1.9454364296e+00 -5.5114890001e-01  1.4295473657e+00 -2.9881807082e+00  3.9580520804e-01
ENERGY -5.514156205845e+02
GRADIENT  4.2515495492e-05  1.0242760647e-04 -3.6858700235e-05 -6.1574857248e-05  4.7584058663e-05 -1.0269195682e-04 -3.7750840488e-05 -3.1071625271e-04  1.4209809256e-06 -1.2006760361e-04 -5.2653277243e-05  2.2982568683e-05  2.0327748438e-04 -6.4904781536e-05  8.5997422103e-05 -3.2307045724e-05  2.1730168895e-04 -5.0943594608e-05  6.2756043302e-05  7.4336224816e-05 -9.9947053352e-05  1.0192298253e-04 -7.1973280124e-05  1.0448314446e-04  2.7109924445e-07 -3.5320742945e-06  8.8150866412e-06 -6.0941437855e-05  1.4260325029e-04  1.3485933524e-04  6.1999025387e-07  7.7307765431e-06 -8.5433134605e-06  9.4145630943e-06  2.9452309387e-05 -1.5448163326e-05 -2.1170271263e-05 -3.8623695556e-05  1.0816720517e-05 -1.7580297371e-05  1.6801616307e-06 -2.2516089690e-05 -5.6996346398e-05  3.7423770815e-05 -2.4239920838e-05 -1.4080815486e-05 -6.9139442743e-05  1.1573381618e-05  1.2538200048e-05 -1.2611832940e-05  2.9563504788e-05 -6.4766473902e-06  1.9250649604e-06 -7.8706577350e-07

JOB 15
COORDS  8.7060184694e-01  3.6791611432e-01  2.4673526661e+00  2.4013733166e-01  7.8042583156e-01  3.5995697579e+00 -1.9599983699e-01  2.0957468228e-01  1.5251255586e+00  5.1602768181e-01 -1.4625452929e+00 -2.8288879006e-01 -1.2036194049e+00  3.1698074841e-01 -8.6269837677e-01  1.3272828098e-01  9.7681144387e-01 -9.2630768001e-01 -1.0204456118e-01 -1.5558435637e-01  8.6574055714e-02 -1.3607824867e+00  5.1628036383e-01  2.0613062585e+00  6.5575242887e-01 -1.8645013316e+00 -1.4241848659e+00 -1.0898202826e+00  8.8207072123e-01  3.3852503741e+00  9.2196073967e-01 -2.1857182848e+00  7.9372262608e-01  1.9234020708e+00  1.7956610767e-01  2.3160216915e+00  5.7912669967e-01  1.0335845423e+00  4.5956518702e+00 -2.0267104866e+00  8.4332092047e-01 -3.9432901059e-01 -1.4626629237e+00 -3.7290561842e-01 -1.6578325084e+00  7.8448456094e-01  7.3699156549e-01 -1.7596446180e+00  2.4248118889e-01  1.9681480873e+00 -4.9845312097e-01  1.2907833977e+00 -3.0153119729e+00  4.3359034030e-01
ENERGY -5.514152379539e+02
GRADIENT  4.9095222790e-05  1.1256941923e-03 -2.7968355346e-04  4.9887748003e-06 -8.1294094636e-05  8.6320879550e-05 -5.4741771197e-04 -1.9038672263e-03  4.5878305296e-04 -7.8541692359e-04 -4.4622892788e-04  1.6812274752e-05  1.2649357207e-04 -1.2434828317e-05  1.0183578547e-04  6.3992532515e-05  1.0639002610e-04 -1.1397433976e-04  1.1529007980e-03  1.2042283048e-03 -2.2354802212e-04 -5.1511728570e-05 -1.8049141186e-04  6.1986132241e-06 -7.3154270471e-05  1.5729151378e-05  7.6235101911e-07  7.3876722132e-05  1.7524125865e-04 -1.0038512741e-04  3.0893602785e-05  3.1071416283e-05  4.3799149334e-05 -6.4041158792e-06  1.2095121496e-06  2.5951622943e-06  1.7408336684e-06 -2.0860087992e-05  8.7228170223e-06 -4.1941718025e-05 -2.0843707151e-05 -2.2408069840e-05 -2.6460638185e-05  2.8536055628e-05 -6.3879357111e-06  2.1762056351e-05 -2.5214050172e-05  1.6587348342e-05 -4.1498672893e-06 -2.6576867550e-05  2.3017538061e-05 -1.6840134402e-05  3.2680471043e-05 -1.3305378245e-05

JOB 16
COORDS  8.6888215398e-01  5.5106297754e-01  2.4203764913e+00  2.2972109626e-01  8.0191169836e-01  3.5949431952e+00 -1.9097352334e-01  1.8283303480e-01  1.5318516787e+00  4.5927491968e-01 -1.4963390865e+00 -2.8415671403e-01 -1.1706344795e+00  3.6626011311e-01 -8.6345457600e-01  1.9614801713e-01  9.6538151172e-01 -9.1077337696e-01 -9.4855628138e-02 -1.6044679978e-01  8.7288439372e-02 -1.3628664651e+00  2.2826224523e-01  2.1331504237e+00  5.9147780198e-01 -1.8994954256e+00 -1.4259541533e+00 -1.1010687441e+00  6.2052601558e-01  3.4511995393e+00  8.1508286627e-01 -2.2398777727e+00  7.9488822309e-01  1.9273434764e+00  5.9841983162e-01  2.2080753198e+00  5.6118935094e-01  1.1101058807e+00  4.5779573396e+00 -1.9723867898e+00  9.2433656977e-01 -3.9422319107e-01 -1.4567171491e+00 -3.0307778692e-01 -1.6668543042e+00  8.3980942361e-01  7.0536236515e-01 -1.7443407186e+00  3.4628618437e-01  1.9497426233e+00 -4.7854132289e-01  1.1461579742e+00 -3.0872980792e+00  4.3975428395e-01
ENERGY -5.514144860503e+02
GRADIENT -2.0043940622e-04  1.5546107849e-03 -3.9456341865e-04  2.3769019165e-05 -2.1748850797e-04  4.6035724556e-05 -2.7859088829e-04 -2.5391838570e-03  5.6390116363e-04 -1.2292311948e-03 -4.6398573624e-04  7.2299398388e-06 -3.7956214237e-05  7.9846816664e-05 -1.8866251798e-04 -1.1868549739e-04 -1.1645105792e-04  4.5102334227e-05  1.7958082555e-03  1.6824795623e-03 -1.4819316942e-04 -3.4952696949e-07 -1.1940793479e-04  8.2882494691e-05 -1.1694820202e-05 -2.9033207001e-05 -1.7084319375e-05 -3.7487532532e-05  1.7622861547e-04 -6.9718558034e-05  1.9349138438e-05 -2.4386864848e-06  3.3468455342e-05  5.1985869130e-06 -2.6581794222e-05  8.5441840125e-06 -5.5662024255e-06  4.4790800795e-05 -1.2123201171e-05  2.7191866802e-05  1.3395982541e-05  5.8458000218e-05  1.3115641073e-05 -3.4214958875e-05  3.1033391922e-05  4.2204100384e-06  2.6675729597e-05 -3.1072333471e-06  1.8087127117e-05  1.2375936979e-05 -2.0317747741e-05 -1.2714777991e-05  2.4070698045e-06 -4.6318805157e-06

JOB 17
COORDS  8.3243614117e-01  7.2371756791e-01  2.3790532129e+00  2.1831031503e-01  8.2779788360e-01  3.5895136963e+00 -1.7187956303e-01  1.4505370761e-01  1.5406385887e+00  4.0868906459e-01 -1.5440001009e+00 -2.8860405512e-01 -1.1178197785e+00  4.0795020120e-01 -8.6052358631e-01  2.8016465037e-01  9.3365307482e-01 -8.9167426247e-01 -7.8249096067e-02 -1.8335289299e-01  9.1421417577e-02 -1.2943183583e+00 -5.8948698518e-02  2.2005922067e+00  4.9613902465e-01 -1.9533109485e+00 -1.4325738560e+00 -1.0487285879e+00  3.6871822494e-01  3.5105914077e+00  7.6440825232e-01 -2.2953748878e+00  7.8343375300e-01  1.8435996498e+00  9.9688198975e-01  2.1128521518e+00  5.2941605571e-01  1.1926607048e+00  4.5596786400e+00 -1.8921478136e+00  1.0050277806e+00 -3.9238747076e-01 -1.4346036413e+00 -2.3611858160e-01 -1.6730961427e+00  9.1348833543e-01  6.4897157067e-01 -1.7249833763e+00  4.7840780095e-01  1.9057195367e+00 -4.5103707844e-01  1.0542569847e+00 -3.1563134811e+00  4.2498019658e-01
ENERGY -5.514135909245e+02
GRADIENT -5.9361934837e-04  1.5511044104e-03 -3.8667626915e-04 -1.4528281326e-05 -2.4572779944e-06 -7.6995137763e-06  2.7530155236e-04 -2.6997945449e-03  5.7220028965e-04 -1.3234505554e-03 -5.0491112390e-04 -1.6769301520e-05  4.9405811649e-05 -2.9162485046e-05  3.0281986836e-05  2.3786972166e-05  4.1642982573e-05 -5.3153413602e-05  1.6091093857e-03  1.6452093330e-03 -2.6908127046e-04  5.2531698135e-05  2.0339948042e-05  1.4167530856e-05 -2.5152017461e-05  2.8053038659e-05  1.4243841596e-05 -2.3907834848e-05 -3.3050036965e-06  5.2574989368e-05  4.6407511324e-06 -1.4272432140e-05  2.5064063531e-05 -1.2712350048e-06 -1.5939447948e-05 -1.4907098404e-06 -5.3779718515e-06 -8.1411439674e-06  1.3006622624e-06 -1.8559027196e-05 -3.3846088971e-06 -1.1515002089e-05 -2.8223123476e-05  1.9175048405e-05 -4.0941181334e-06  3.6562405075e-06 -1.9024422661e-05  9.1006171015e-06 -1.6595530520e-05 -1.0471827893e-05  1.4422108790e-05 -4.8712744283e-06  3.2000170013e-06 -3.8266983783e-06

JOB 18
COORDS  7.4287896654e-01  8.7787830586e-01  2.3449368806e+00  1.7748524612e-01  8.6790041423e-01  3.5839705672e+00 -1.6656455687e-01  1.0812799585e-01  1.5536309371e+00  3.2546681599e-01 -1.5847066183e+00 -3.0478178449e-01 -1.0909887372e+00  4.5904837900e-01 -8.4168811309e-01  3.3524151953e-01  9.0209855194e-01 -8.6974033620e-01 -8.5167609083e-02 -2.0480622070e-01  9.9537061261e-02 -1.1961208027e+00 -3.0576837679e-01  2.2655197269e+00  3.3337439786e-01 -1.9928437142e+00 -1.4526739564e+00 -9.7578151197e-01  1.6827145432e-01  3.5636442013e+00  7.2094632617e-01 -2.3480140237e+00  7.4288549129e-01  1.6698433393e+00  1.3386801393e+00  2.0346433631e+00  4.5752116889e-01  1.2913977616e+00  4.5396418080e+00 -1.8264988399e+00  1.0973419569e+00 -3.6474244935e-01 -1.4476230625e+00 -1.5578035824e-01 -1.6604303653e+00  9.4792679358e-01  5.9302940186e-01 -1.7096134251e+00  5.9008958549e-01  1.8570754225e+00 -4.2118517727e-01  9.6081739184e-01 -3.2171468806e+00  3.6785368202e-01
ENERGY -5.514126085790e+02
GRADIENT -9.4864511336e-04  1.5421752693e-03 -3.9193856356e-04 -6.3877088183e-05  1.0229262012e-04 -4.2370815048e-05  8.3072001196e-04 -2.6391923675e-03  6.5474476231e-04 -1.4817231115e-03 -4.5025350374e-04 -6.2667841664e-05 -1.0048140139e-05 -6.1528134716e-05  9.6701756124e-05  5.2865989645e-05  8.1777017354e-05 -4.3381810210e-05  1.6515119746e-03  1.5610691104e-03 -2.7252709096e-04 -3.8448577306e-05  4.3541753591e-05 -2.0430613751e-05 -1.3153765239e-05  1.2732241591e-05  5.6581172373e-05  6.8130308517e-05 -1.0197974414e-04  2.3028591515e-05 -6.2310427019e-06 -1.6566016512e-05  1.0701170266e-05  2.7169064674e-05 -2.9437316162e-05  4.4087222077e-06  7.6650726515e-06 -8.3519284610e-06 -9.6292426672e-07  6.3323696092e-06  2.6121547876e-05 -4.8231714833e-05 -1.8558706272e-06  6.7947382346e-06 -1.9558664679e-05 -3.3707075098e-05 -2.1849797009e-05 -9.5084355978e-06 -3.1339174812e-06 -7.6714306477e-06  3.5647598463e-05  6.4249925579e-06  3.2861645818e-06  4.9097554103e-06

JOB 19
COORDS  6.4004665660e-01  9.9827080420e-01  2.3271313023e+00  1.3065900840e-01  9.0041143512e-01  3.5867728769e+00 -1.3423250893e-01  5.8355766273e-02  1.5761052695e+00  2.6742734939e-01 -1.6381914003e+00 -3.0999576547e-01 -1.0386883486e+00  4.8928459497e-01 -8.0732269723e-01  4.1100212900e-01  8.4571131352e-01 -8.4505427148e-01 -6.6638476428e-02 -2.4356601762e-01  1.1881740829e-01 -1.0418681309e+00 -5.3015814708e-01  2.3305260680e+00  1.6877503503e-01 -2.0460115403e+00 -1.4540208388e+00 -8.6906654042e-01 -3.5037602936e-03  3.6152016359e+00  7.3907998369e-01 -2.4077136138e+00  6.9912634759e-01  1.4556986369e+00  1.6187173215e+00  1.9847890741e+00  3.6208919291e-01  1.3815601031e+00  4.5280388720e+00 -1.7278190083e+00  1.1692754683e+00 -3.1829462081e-01 -1.4409092404e+00 -9.6547856807e-02 -1.6262003500e+00  9.9648318080e-01  5.0763136794e-01 -1.6930146402e+00  7.2734312888e-01  1.7821564638e+00 -3.9742497650e-01  9.2473430978e-01 -3.2822878232e+00  3.0651121959e-01
ENERGY -5.514115471718e+02
GRADIENT -1.3469456831e-03  1.3806895550e-03 -3.6561817881e-04  3.5865180402e-05  1.6031446111e-05  3.3760913103e-05  1.3645198910e-03 -2.3617152103e-03  6.3237222453e-04 -1.5401331065e-03 -3.6927780427e-04 -7.1489129239e-06  3.7891965303e-05 -6.1870490000e-05  1.2040557754e-04  5.6820987068e-05  1.0060290866e-04 -6.1549662989e-05  1.4586320510e-03  1.3791523355e-03 -2.7668285926e-04  7.8628034758e-07 -8.9045417610e-05 -1.0045342712e-05 -3.0106192663e-05  1.3098439545e-05  2.3228653614e-05 -3.3368719477e-05  8.2266094211e-05 -8.4296464924e-05 -8.5100631266e-06 -8.6865503614e-06  1.4819580856e-05  2.5199299437e-06  9.3667819235e-06  3.6712747440e-06  2.6778999819e-05 -1.6036640512e-05  5.1731084971e-06 -4.1787578031e-06  1.7701663261e-05 -3.7073824141e-05 -6.5563664546e-06  1.5897104591e-05 -1.8829638378e-05 -2.4254535500e-05 -2.5605842441e-05 -1.2799470605e-06  7.9451363890e-06 -1.0404205634e-05  2.3954764374e-05 -2.8599940936e-06  4.6518998176e-06  2.4947651480e-06

JOB 20
COORDS  5.0842202717e-01  1.0924182242e+00  2.3024874077e+00  6.6424292037e-02  9.2300624525e-01  3.5797284410e+00 -1.0065110056e-01  1.1499010918e-02  1.5877825020e+00  2.0757833559e-01 -1.6886229738e+00 -3.2180427614e-01 -9.7816903688e-01  5.2009768266e-01 -7.8185843011e-01  4.9128944025e-01  7.8173214202e-01 -8.3275059402e-01 -4.7460779150e-02 -2.8232565048e-01  1.2887637513e-01 -8.5795878181e-01 -7.2155791191e-01  2.3810583651e+00 -1.3273510736e-02 -2.0951972037e+00 -1.4491860820e+00 -7.4474153728e-01 -1.5009667976e-01  3.6536465249e+00  7.7281541432e-01 -2.4626608716e+00  6.3247058824e-01  1.1843343905e+00  1.8494027264e+00  1.9323025157e+00  2.3740672542e-01  1.4543568557e+00  4.5068203719e+00 -1.6146329535e+00  1.2419472187e+00 -2.8119585229e-01 -1.4274787863e+00 -3.2453499350e-02 -1.5993750396e+00  1.0446828868e+00  4.1137865431e-01 -1.6887284123e+00  8.7668400629e-01  1.6932075146e+00 -3.8870950540e-01  9.0100527755e-01 -3.3408613775e+00  2.2526194923e-01
ENERGY -5.514105133991e+02
GRADIENT -1.4153006341e-03  9.7370473608e-04 -2.8139165424e-04 -1.4400520267e-05  2.9941327519e-05  6.9756321608e-07  1.5641145791e-03 -1.6655641705e-03  4.5185576416e-04 -1.3923358896e-03 -2.6380790804e-04 -9.5492495848e-06  1.8611467610e-05 -4.4764419279e-05  1.4882760854e-04  5.6174857036e-05  9.2695467432e-05 -8.6156130925e-05  1.2436923357e-03  9.7196203076e-04 -1.9607044903e-04 -3.8336283110e-05 -3.9898172721e-05 -2.1204090515e-06 -2.6151549091e-05  1.1890747064e-05  6.3939725194e-06  3.2669964852e-05 -9.3223506613e-06 -5.1701929722e-05 -2.7260293923e-06 -2.3769835841e-06  1.2508843411e-05  8.5025512045e-06  6.6279165543e-06  2.1478396373e-06  1.8928717762e-05 -8.1828944897e-06  2.2976908181e-06 -2.4541008215e-05  1.2065251822e-05 -3.4419541396e-05 -4.0887983332e-06  2.4583169778e-05 -1.5819618143e-05 -1.4999881550e-06 -1.8323781528e-05  1.3672062815e-05  4.4673309608e-06 -1.3629891814e-05  2.1495996801e-05  2.8431532370e-06  9.8690398576e-06 -8.7511778016e-06

JOB 21
COORDS  3.4113661481e-01  1.1735742959e+00  2.2637039618e+00 -9.2535964883e-03  9.6158456091e-01  3.5621535044e+00 -8.4504132252e-02 -2.2727591222e-02  1.5984453497e+00  1.1944008558e-01 -1.7430060072e+00 -3.1526596092e-01 -9.2423359192e-01  5.4360658785e-01 -7.6320265482e-01  5.6071268418e-01  6.9864058956e-01 -8.2348241341e-01 -5.0272434137e-02 -3.2407855717e-01  1.4197365405e-01 -6.5649721904e-01 -8.6063159662e-01  2.4415597430e+00 -2.3814051930e-01 -2.1552524695e+00 -1.4047376376e+00 -6.0135238238e-01 -2.4043370783e-01  3.6962863428e+00  7.8792034844e-01 -2.5145438401e+00  5.7021116791e-01  8.4237342905e-01  2.0368978265e+00  1.8510388941e+00  9.8106394199e-02  1.5430319240e+00  4.4685315478e+00 -1.5033953813e+00  1.3106631329e+00 -2.6004645210e-01 -1.4177990595e+00  2.5499288054e-02 -1.5777251491e+00  1.0795415856e+00  2.8867638833e-01 -1.6832085141e+00  1.0216420387e+00  1.5768199971e+00 -3.8467044024e-01  8.5172018715e-01 -3.3994671693e+00  1.6228426108e-01
ENERGY -5.514096786050e+02
GRADIENT -1.1707850946e-03  5.4057271364e-04 -1.4157514960e-04 -1.3059078757e-05 -6.0366915538e-05 -5.3591145172e-05  1.2966785508e-03 -8.1494835546e-04  1.8432693364e-04 -1.1201405419e-03 -1.6267876473e-04 -1.5728995178e-05 -1.2857117001e-05 -2.4891119663e-05  7.6170184390e-05  4.4252536158e-05  2.7025543662e-05 -3.4047415575e-05  9.7952030409e-04  4.9893403656e-04 -9.0301349178e-05  1.6134422202e-05  2.4616439090e-05  3.5924381227e-05  8.8393425536e-06  1.6416747556e-05  1.0435498774e-05  5.5622572847e-06 -3.3619061132e-05  5.6917947926e-05  9.7903310083e-06  8.7532669892e-06 -1.5268000938e-05  2.4359571205e-05 -1.0999299077e-05  3.5200489384e-06 -5.8274301353e-06 -8.1902545558e-06 -1.1918409897e-06 -1.4607897434e-05  8.1352014393e-06 -2.8770971454e-05 -2.5761288848e-06  1.2056724628e-05 -1.0500683092e-05 -1.1429899650e-05 -1.0591104619e-05 -2.0885503369e-07 -6.7608234688e-06 -1.3570460180e-05  1.9548030860e-05  3.7543650585e-06 -4.7545283084e-06 -2.7126451445e-06

JOB 22
COORDS -8.7425535903e-01  9.1192119362e-01  2.2528226857e+00 -9.0857958904e-01  5.8030279026e-01  3.5719030720e+00 -6.3456736214e-03 -7.5627336247e-02  1.6769522344e+00  1.4808779792e+00 -1.1034269685e+00 -1.7620196014e-01 -8.7297983608e-01 -2.7981511308e-01 -7.2717431083e-01  4.0200200830e-02  9.0369360254e-01 -7.3269718830e-01  3.1150778820e-01 -2.5623517117e-01  2.3614472295e-01  4.1843071044e-01 -9.2797367737e-01  2.5893144335e+00  1.5409303716e+00 -1.7136541730e+00 -1.2291539996e+00 -1.4896056849e-01 -5.0757937630e-01  3.8010888740e+00  2.5108700605e+00 -1.0552349990e+00  6.9540377790e-01 -1.3795333181e+00  1.7354585726e+00  1.7690213117e+00 -1.4026053983e+00  1.0069117725e+00  4.4351256674e+00 -1.8525989714e+00 -1.7719023523e-01 -2.7254162814e-01 -7.9807250335e-01 -9.8593598467e-01 -1.5463584258e+00  7.3432047579e-01  1.0055787492e+00 -1.5601356073e+00 -2.8998837157e-01  1.8397039175e+00 -2.9485711748e-01  3.2107903430e+00 -1.6224644503e+00  3.1843357211e-01
ENERGY -5.514090108404e+02
GRADIENT -1.0104508831e-03 -7.8428979177e-04 -1.2974043917e-04  4.2994066287e-05  1.0258325402e-05 -1.3791163135e-05  1.1874795792e-03  8.2492948321e-04  2.0968700880e-04 -6.3078167537e-04 -8.5141250996e-04 -4.0962933894e-05  2.2662439032e-05 -3.3853638694e-05  3.8766291477e-05  1.6559055044e-05  2.9948982512e-05  1.3602716594e-06  4.0478982665e-04  8.4218995151e-04 -2.0180849594e-05  4.6353765047e-05 -4.4294751266e-06 -1.9440617436e-05  6.1380332084e-06 -2.4932807756e-05 -5.6034220651e-06 -4.1711872950e-05 -3.2349331885e-05  5.3381543590e-06 -1.4446015906e-05 -1.6322604648e-05  1.1939711050e-05  1.3807496091e-06 -1.0759176360e-06  1.2241380052e-06  6.2699139524e-06  1.3934663547e-06 -3.3151915420e-07  4.0643824300e-06 -1.6422177192e-05 -9.3745781704e-06 -4.4387438851e-07 -8.7873480384e-06 -5.7487937015e-06  7.9848007976e-06 -1.7111326458e-05  2.3589979579e-06  1.3172161360e-05 -1.6947312076e-06 -1.4525554276e-06  1.1614527145e-06 -2.7465220428e-06  2.4190021552e-06

JOB 23
COORDS -1.0701621879e+00  7.0340519873e-01  2.2264431805e+00 -8.1880337746e-01  6.3546140668e-01  3.5609601520e+00  3.0336526762e-02 -6.6744354162e-03  1.6347894483e+00  1.4766326938e+00 -9.3014015447e-01 -3.2037061923e-01 -9.3036371588e-01 -2.5343697316e-01 -7.6065792729e-01 -1.2906572525e-01  1.0066173066e+00 -7.1489310222e-01  2.8581947812e-01 -1.6061128916e-01  1.7766918275e-01  8.6745324908e-01 -4.4032274705e-01  2.5574829553e+00  2.0449753588e+00 -6.9196854073e-01 -1.3720520095e+00  3.2521643060e-01 -3.6748934895e-02  3.7880564775e+00  1.8134145258e+00 -1.9741273958e+00  4.6435673870e-01 -1.9112134364e+00  1.1761777673e+00  1.7394482815e+00 -1.3388685263e+00  1.0015258460e+00  4.4366294561e+00 -1.9032726275e+00 -2.8933604450e-01 -2.8119452406e-01 -8.2000229675e-01 -8.9673493029e-01 -1.6273705402e+00  5.3474520677e-01  1.2155202622e+00 -1.5457812472e+00 -5.4207328162e-01  1.8725372548e+00 -2.0925323900e-01  2.5788035019e+00 -2.4005881926e+00  3.2481508689e-02
ENERGY -5.514080960473e+02
GRADIENT  1.1583465887e-03  1.7123330420e-03  3.8963467470e-05  3.4270210441e-05 -1.2598390294e-05 -1.1062790743e-05 -1.2447182515e-03 -1.8809140200e-03 -1.2620971228e-04  9.5540277932e-04  1.5537344337e-03 -2.4172442511e-05  8.1211062205e-05 -1.6645475506e-05 -2.3380286405e-06 -4.8185018902e-05  4.0289813413e-05 -6.3136933241e-06 -8.9083090001e-04 -1.4089934003e-03 -5.0247943960e-06 -7.5329558366e-05  8.5604197672e-05  7.5524800478e-06  9.4621568897e-06  1.8669085820e-06 -1.1172356206e-06 -3.5936276647e-07 -2.3798645945e-05  1.1425725891e-04  1.7825631222e-05  1.5394935191e-05 -1.9037640294e-05  8.6439427921e-06 -4.8622181128e-06 -1.7892497055e-06  9.2868642543e-06 -1.1289988808e-05  2.0603963922e-06 -7.4930742060e-06  1.9766644837e-05 -1.7371681707e-05 -4.4049881779e-07  5.1158557392e-07 -1.6182279704e-05 -2.1773293093e-05 -2.8785107353e-05 -2.8646190245e-05  3.6626191931e-06 -4.2180405465e-06  1.7408022134e-05  1.1498066477e-05 -4.5799619924e-06 -7.9692041914e-06

