JOB 0
COORDS -3.3072087948e+00  1.3264307977e+00 -1.5237739823e+00 -3.1241518970e+00  1.4339553678e-02 -1.9792302337e+00  1.8112418891e+00 -2.6104822755e+00  1.0240816664e+00  3.2997520083e+00 -7.1806217394e-01  1.4619941815e+00  7.2174824100e-01 -1.8540310567e+00  1.4527044528e+00  2.2093963467e+00  3.3856215283e-02  1.8997113351e+00 -2.5478700053e+00  1.7825743125e+00 -4.4923735805e-01 -2.1794792562e+00 -7.8219556349e-01 -1.3339873765e+00  3.0757668255e+00 -2.0246587510e+00  1.0333171756e+00  9.3700122532e-01 -5.4295046658e-01  1.8825402612e+00 -1.6241250025e+00  8.9051053874e-01  1.0653950704e-01 -1.4288498416e+00 -3.5120299013e-01 -3.0683078958e-01 -1.5755256567e+00 -4.4489457174e-01  2.7471593970e+00  4.2819304182e-02  1.4118382722e+00  3.4110292423e+00 -8.3498173125e-01  1.3886279022e+00  1.1338857510e+00  4.1316852408e+00 -2.7577589763e+00  6.1243298363e-01 -4.4292124954e-01  4.2339517917e-01  2.4621962913e+00 -4.0378955868e+00  1.9803002984e+00 -1.9920498270e+00 -3.7005004439e+00 -3.8225076782e-01 -2.8092035746e+00  1.6939863626e+00 -3.6350158908e+00  6.8583418866e-01  4.3061278620e+00 -3.1210702294e-01  1.4576276299e+00 -2.8133749710e-01 -2.2635714612e+00  1.4513906016e+00  2.3432900553e+00  1.0485406930e+00  2.2598569244e+00 -2.6509808687e+00  2.7816367496e+00 -3.9858982208e-02 -2.0074446708e+00 -1.8091288060e+00 -1.6509331304e+00
ENERGY -1.202499453744e+03
GRADIENT -1.2655838759e-04  1.1758429753e-04 -7.7979803970e-05  5.5829841762e-05  2.4424909164e-05  8.9277140002e-05  1.5637766452e-05  2.0832521779e-04  6.9914030034e-05 -1.5707210653e-04 -3.4282547224e-05  1.6291445694e-05 -1.2608993564e-04 -5.3135413344e-05 -1.5118544115e-05  1.4034900766e-05  6.5772370426e-05  3.8937065941e-06  1.2317256864e-05 -1.7286676760e-04 -7.3974358369e-05  1.1477739728e-05 -2.3296912544e-05 -2.9071135350e-05  1.4628075190e-04 -1.1542917922e-04 -6.8098443205e-05  1.7852408698e-05 -5.9463712621e-05  4.7859626181e-05 -1.4448459091e-05  6.4842354381e-05  1.5931914466e-04 -4.5384539503e-05  9.0213900059e-06 -3.5499236746e-05  2.7132796423e-06 -4.2280480326e-06  1.8053749711e-06 -6.7378362981e-05 -3.0805134239e-06  3.4607785111e-05  7.3303350442e-05  2.7139298521e-06 -7.7272214359e-05  8.1563785151e-05 -4.6717279200e-05 -3.2422616658e-05  6.1646600020e-05 -5.6346896327e-05 -1.7227169953e-06 -2.0777992737e-05  6.3360596230e-06 -5.3541798903e-06 -1.7367137267e-06  1.7465280513e-05  6.1135932597e-06  1.0311426307e-05  2.3799394681e-05 -2.1435732484e-06 -1.7293536812e-05 -1.8758523744e-05 -2.9299547155e-06 -1.3143531391e-05 -3.6775039999e-06  8.6225033948e-07 -1.3781891078e-05  2.2966206050e-07  1.4022085925e-05 -1.0420041612e-05 -2.0969223257e-05  1.9597108255e-06  6.1719082727e-07 -7.0182704388e-06 -4.1203555752e-07

JOB 1
COORDS -4.4686586931e+00  6.6312981772e-01 -4.2379071252e-02 -4.1381022792e+00 -3.1090316114e-01 -9.9161542445e-01  2.1482944958e+00 -1.9719882084e+00  2.5796056337e-01  3.2586538311e+00 -1.7514793481e-01  1.4945534528e+00  9.6012603797e-01 -1.7070149279e+00  9.3696642135e-01  2.0696887926e+00  8.5969513325e-02  2.1761911990e+00 -3.5224440941e+00  1.0193482787e+00  9.1709753424e-01 -2.8663509017e+00 -8.8275312672e-01 -9.3906780968e-01  3.2705732096e+00 -1.1985903977e+00  5.4953742904e-01  9.3896922929e-01 -6.8139771157e-01  1.8854521052e+00 -2.2796282154e+00  3.8320460936e-01  8.5815524935e-01 -1.9393149153e+00 -5.3721723067e-01 -3.1854343984e-02 -1.4110917146e+00 -1.5346146970e+00  2.7944286881e+00 -2.6617734865e-01  4.1750909577e-01  3.9656677206e+00 -1.3185495953e+00  7.9802042705e-01  1.7736081861e+00  4.4222919927e+00 -1.4554393137e+00 -1.1142418647e-01 -5.7271052909e-01 -3.4423609446e-01  2.7656013054e+00 -5.4499214787e+00  1.1298307100e+00 -4.2546449937e-02 -4.8471712012e+00 -6.2320491593e-01 -1.7520164363e+00  2.2144085842e+00 -2.7600597638e+00 -4.8526151625e-01  4.1627314786e+00  3.9283598531e-01  1.6887294177e+00  5.9523670496e-02 -2.2740132241e+00  7.3314500434e-01  2.0192258230e+00  8.6448566151e-01  2.9301165820e+00 -3.7178056325e+00  1.7562082537e+00  1.6885722204e+00 -2.5709246755e+00 -1.6466592483e+00 -1.6558711403e+00
ENERGY -1.202498935041e+03
GRADIENT -2.1263993166e-04  9.8280907261e-05 -1.0380612377e-05  1.1128896613e-04  4.6904635484e-05  1.1390829528e-04 -7.3011413068e-06  3.5506687860e-05  3.2101858477e-05  1.2669854226e-05  7.2740340227e-06 -4.4792062347e-07 -2.9716880742e-05  6.2618741383e-06 -1.4384799375e-05 -1.3591697379e-06 -4.8791372680e-05  3.0376381494e-06  5.0754029788e-05 -1.2492187786e-04 -1.1630465309e-04  2.0089591635e-05 -5.7742556460e-05 -4.6652109471e-05  7.5630491181e-06 -1.6961025469e-06 -6.2992412369e-06  4.4856569808e-06 -1.3063098366e-06 -1.1871001284e-05 -1.0974647299e-03  2.1247762449e-04  1.0553973927e-03 -3.6314467987e-05  3.1948722142e-05 -5.6730225536e-06  9.3308037730e-06 -1.6167292455e-05  1.7488224464e-05 -1.1552661166e-03 -2.9742533058e-04  5.3093373963e-04  1.3722511301e-03 -3.6387034660e-04 -1.3712990841e-03  1.3083366403e-05 -2.8133092345e-06 -2.9939824243e-06  9.0024045646e-04  5.3806029210e-04 -1.9558269134e-04 -2.2908032051e-05  1.3460896027e-05 -5.0297080337e-06  8.9042045560e-07  1.0601523765e-05  1.2913942300e-05 -5.2447202925e-06  3.3429658242e-06  9.1479715236e-06 -4.4031057413e-07  5.3246296476e-07 -6.3812288267e-06 -9.0029405328e-06  5.0682303215e-06  1.4436399170e-06 -4.5577701471e-06  4.6726742836e-06 -1.2908402933e-05 -7.7855740563e-06 -6.8268314883e-07 -2.3822837042e-05  7.4855884584e-06 -8.5120507104e-06 -3.7685297965e-06

JOB 2
COORDS -4.5911487644e+00  5.9470116196e-01  6.4753315116e-02 -4.4173888556e+00 -4.4976396325e-01 -8.4952595472e-01  2.2940379221e+00 -1.7951051022e+00  1.1240493666e-01  3.4427103655e+00 -4.1845291470e-01  1.7796518743e+00  1.0651506965e+00 -1.4602677257e+00  6.7732034457e-01  2.2107175376e+00 -8.1314422633e-02  2.3436274057e+00 -3.5030700562e+00  1.0042573624e+00  8.3474673433e-01 -3.1546083670e+00 -1.0355427724e+00 -9.5557270272e-01  3.4556337251e+00 -1.2685388922e+00  6.7721205379e-01  1.0446744147e+00 -6.0896853590e-01  1.7863836090e+00 -2.2887950904e+00  3.4515878864e-01  6.3220426933e-01 -2.0959348341e+00 -6.4263462847e-01 -2.3056569980e-01 -1.3631990529e+00 -1.3904526156e+00  2.6299471677e+00 -2.9663075474e-01  6.6710191553e-01  3.6759656603e+00 -1.1843084238e+00  7.9800534021e-01  1.3498928443e+00  4.6467726386e+00 -1.5970341511e+00  1.2708932853e-01 -5.2241422378e-01 -2.0450759025e-01  2.5329121770e+00 -5.5580773357e+00  1.0760692055e+00  1.8289165702e-01 -5.2382381848e+00 -8.0556017798e-01 -1.4645296273e+00  2.3629310153e+00 -2.4490171116e+00 -7.5105641810e-01  4.3760137231e+00 -3.5697010395e-02  2.1798757897e+00  1.3435788684e-01 -1.8287999873e+00  2.5762002209e-01  2.1511994394e+00  5.7675561628e-01  3.2040808019e+00 -3.5707611980e+00  1.7997436243e+00  1.5689333548e+00 -2.9789681918e+00 -1.8527523904e+00 -1.6524543609e+00
ENERGY -1.202498000706e+03
GRADIENT -1.3676628867e-04  1.0057946838e-04  2.6100385411e-05 -2.5624541644e-05 -7.3003235615e-05 -5.5945781332e-05  6.5381258731e-05  6.1134718670e-05  5.1879527217e-05  2.6465364667e-04  1.2483307540e-04  1.1394177975e-04 -1.2815884612e-04 -7.7376085857e-05 -5.6483203266e-05 -3.6347449397e-05 -1.3153550580e-04 -9.0995519283e-05  1.6104930553e-05 -2.2867427891e-04 -2.6915714400e-04 -5.3784193995e-05  1.7528462413e-04  9.9733600841e-05 -1.9188758830e-04  1.7199343129e-05  6.4094836341e-05  1.6158293929e-04 -1.3813609686e-05 -6.5934122621e-05 -7.6725906433e-04  6.3061286775e-04  1.2028166911e-03 -1.1835110565e-04  3.7129852840e-05 -1.0214240161e-04  6.8396111957e-05  3.9460026388e-05  1.6681361531e-04 -1.2277489922e-03 -3.3328670227e-04  4.7566127618e-04  1.1413016101e-03 -8.6739714109e-04 -1.2773656725e-03 -5.1872109561e-05  3.8882176477e-05  6.4426260835e-05  1.0683348484e-03  5.7704847652e-04 -3.1880676929e-04 -2.4108937435e-05 -1.0606780491e-05 -1.9204655690e-05 -2.0540870469e-05  1.1309623460e-05  1.3462439540e-05 -2.9781133575e-05 -5.2614308067e-06  7.1629814072e-06  2.4257677153e-05  2.0989749803e-05  1.7110664655e-05 -5.0251498600e-05 -1.2507588447e-05  1.3915602273e-05  4.3020586147e-05  1.7828188418e-05  5.4232165631e-06  1.3419808218e-05 -1.6021644690e-05 -2.0319486269e-05  7.9047806609e-06  3.4168559126e-06  2.9984003805e-05

JOB 3
COORDS -4.6353478341e+00  5.7063122332e-01  1.8366477404e-01 -4.5944314716e+00 -4.7490529481e-01 -7.4448837372e-01  2.4742992096e+00 -1.7397518439e+00  1.5988924831e-01  3.4963560490e+00 -4.5962021296e-01  1.9801923728e+00  1.2070695437e+00 -1.3906506231e+00  6.2091426216e-01  2.2254238850e+00 -1.0688253016e-01  2.4397464069e+00 -3.4522158661e+00  9.6007851787e-01  8.1166210210e-01 -3.3659861617e+00 -1.0857668926e+00 -1.0066476285e+00  3.5910173474e+00 -1.2688386974e+00  8.5156270407e-01  1.1053694820e+00 -5.8075180224e-01  1.7568046626e+00 -2.2883654727e+00  2.7361562461e-01  4.6252772836e-01 -2.2199685993e+00 -7.1865909618e-01 -4.1324453771e-01 -1.3335268443e+00 -1.3794311658e+00  2.4884063752e+00 -4.1552802113e-01  7.7597819412e-01  3.4604577026e+00 -1.0801168222e+00  6.7946363842e-01  1.0299690198e+00  4.8195491513e+00 -1.6109276032e+00  4.0158993817e-01 -5.1815456589e-01 -1.7705797273e-01  2.3641759413e+00 -5.5709412740e+00  1.0709202974e+00  4.1814599204e-01 -5.4916862125e+00 -8.1283554680e-01 -1.2539312997e+00  2.6075443801e+00 -2.3614035512e+00 -7.1968082054e-01  4.3976716994e+00 -1.1739310723e-01  2.4783826621e+00  3.1104469483e-01 -1.7221443470e+00  1.0345007117e-01  2.1017989831e+00  5.2638934319e-01  3.3121206052e+00 -3.4125921930e+00  1.7591887426e+00  1.5442151426e+00 -3.2935132019e+00 -1.9031548962e+00 -1.7213888093e+00
ENERGY -1.202496766995e+03
GRADIENT -1.0886311210e-04  8.0639354428e-05  3.4745100475e-05  8.8362132614e-05 -5.5553630993e-07  3.0366846064e-05  1.9845199183e-05  1.2993492332e-04  1.9122864425e-04  2.2911061518e-04  1.0782708452e-04  1.5895671073e-04 -2.6510237717e-04 -6.6537004654e-05 -1.6046725215e-04  3.7596621736e-05 -1.5674240993e-04 -1.7288617238e-04  1.6847669096e-05  6.8657975155e-06 -2.0722351541e-05  3.3874851379e-05  7.6231814481e-05  5.7112470802e-05 -8.6693447079e-05 -1.4948335114e-05 -2.3781332004e-05  6.6622912539e-05  2.1565113115e-05 -6.0208078939e-05 -1.2380588768e-03  1.2492095326e-03  1.2361720280e-03  9.5036215337e-05  2.4445627356e-05  2.8558914645e-05  1.5669573207e-05 -8.5623574285e-06  5.4040697601e-05 -1.8758654788e-03 -4.0784285873e-04  5.1192565834e-04  1.1267228559e-03 -2.1307082617e-03 -1.7475610294e-03 -1.9017649482e-05  3.2251871222e-05  4.4665028554e-05  1.8666067423e-03  1.0623141318e-03 -2.3202690889e-04 -9.8186554176e-06  1.3020148475e-05  4.0140348212e-06 -8.8585268599e-06  1.3249815497e-05  1.4940011198e-05 -3.7808857932e-05  6.2843917935e-06  1.1262410061e-05  3.3416968472e-05  1.8694143973e-06 -3.2116682216e-06 -3.6233218695e-05 -1.6342653498e-05 -1.1098075749e-05  2.8280303201e-05 -2.1377525397e-06 -1.8566893030e-05 -1.7280082522e-05  8.4646865363e-06 -2.3787373091e-06  2.5798843044e-05  5.8405831861e-06  1.6564002953e-05

JOB 4
COORDS -4.3929086566e+00  2.7249403025e+00  2.7835001671e+00 -5.1027902992e+00  2.1176126598e+00  1.7424176524e+00  1.3933444621e+00 -1.6868558507e+00  3.1662570239e-02  3.1056607381e+00 -7.4267623354e-01  1.5055893068e+00  3.9737499045e-01 -1.1481232264e+00  8.4282119746e-01  2.1057945499e+00 -2.0058420318e-01  2.3156434623e+00 -3.0210039488e+00  2.4961412390e+00  2.8860667402e+00 -4.4054920041e+00  1.3033964955e+00  8.4701770866e-01  2.7267391868e+00 -1.4726628661e+00  3.8229377404e-01  7.7027318980e-01 -4.1406428580e-01  1.9731683154e+00 -2.4407289563e+00  1.6597125050e+00  1.9299955316e+00 -3.0868940473e+00  1.0691318538e+00  9.3737354368e-01 -1.5880594414e+00 -7.1899946282e-01  3.1833842291e+00  8.8020105951e-02  9.1452832170e-01  4.1652600397e+00 -1.0598402730e+00  1.4412147343e+00  1.9701303579e+00  3.6922243961e+00 -1.9972971144e+00 -4.0504627362e-01 -5.0990718359e-01  2.4823233215e-01  3.0146646412e+00 -4.8970301417e+00  3.3650702251e+00  3.5023278749e+00 -6.1715848503e+00  2.2685035496e+00  1.6246880785e+00  1.1545116152e+00 -2.2619715580e+00 -8.5710074776e-01  4.1580874106e+00 -6.0664305169e-01  1.7326256395e+00 -6.5213555170e-01 -1.2881816619e+00  6.0330236258e-01  2.3530673783e+00  3.7530466881e-01  3.2013198474e+00 -2.4107293459e+00  2.9360364057e+00  3.6678998174e+00 -4.9217116396e+00  8.1418345058e-01  2.3285571326e-02
ENERGY -1.202495750562e+03
GRADIENT  1.3053858281e-05 -1.0579143212e-05 -6.7010482496e-06 -7.1457470702e-06  1.6989768242e-06  1.0923743672e-06 -1.5129723362e-06 -5.2481696284e-06 -1.8602791833e-06 -2.4765543144e-05 -2.5443917750e-06 -3.1615941542e-07  1.1733155182e-05 -6.3013923357e-06  1.3087546560e-05  2.9432374468e-06  2.4375992019e-05  2.0245695344e-05 -1.4337318058e-06  1.6816590580e-05  1.9703068926e-05 -5.9651603879e-06 -4.3620875334e-06  3.9826038238e-06  3.2756223254e-06 -1.2116858862e-06 -6.6748094437e-07  6.9855655173e-06 -1.0958223435e-05 -3.3178495620e-06  8.1468502879e-05  4.7239604393e-04  5.1010410970e-04 -6.8720887504e-06  2.6241773035e-06 -3.3019296981e-06  8.6947815263e-06  6.4065580070e-06  2.7619954243e-06 -5.5319390945e-04 -1.4222949944e-05  2.9705343683e-04 -2.3993677809e-04 -6.4621646411e-04 -6.0812962748e-04 -7.1570620298e-07 -3.0812030200e-06  2.2312759860e-06  7.0951946803e-04  1.8272420006e-04 -1.7515288744e-04  4.4166162318e-07 -1.2544701504e-06  2.4922262741e-06 -9.9616822631e-08  9.3136623233e-07  1.7897010539e-06  1.9073779947e-06 -1.6498741422e-07  3.2343890193e-06 -3.4505898157e-06 -5.0843802126e-08  5.7989190960e-06  1.8029790452e-06 -1.3144219382e-06  6.4062271334e-06  1.9573270477e-06 -1.0982792715e-06  7.6720366497e-06  3.5170101087e-06 -1.2646848876e-06  4.7576827734e-06 -9.1220080294e-07  2.3590776294e-07  4.2970367862e-06

JOB 5
COORDS -4.2508772905e+00  2.8282689858e+00  2.9650869318e+00 -5.0873783842e+00  2.4300039302e+00  1.9169061586e+00  1.5908100876e+00 -1.8603559283e+00  1.5616282621e-01  3.1342705656e+00 -4.7562654719e-01  1.4581383122e+00  5.2178102645e-01 -1.3709668950e+00  9.0410720200e-01  2.0618840457e+00  1.4569788007e-02  2.2048891081e+00 -2.9091643531e+00  2.4496621996e+00  2.9395273811e+00 -4.5414677650e+00  1.6620448420e+00  8.8633608893e-01  2.8743812949e+00 -1.4004146161e+00  4.4964717388e-01  7.7418478681e-01 -4.4064062897e-01  1.9165738619e+00 -2.4882178559e+00  1.6716632319e+00  1.8570217111e+00 -3.2558754931e+00  1.2761041124e+00  8.5580464512e-01 -1.6220733144e+00 -8.5290961300e-01  3.0148759892e+00 -9.5486756379e-02  8.9849757125e-01  4.0358508151e+00 -1.1417111781e+00  1.2946984449e+00  1.7582113527e+00  3.9114049797e+00 -1.8758944595e+00 -2.7497582117e-01 -5.9378321979e-01  1.7096608182e-01  2.8726400116e+00 -4.6338416006e+00  3.4281332854e+00  3.7861439577e+00 -6.1372262925e+00  2.7063038369e+00  1.8954900055e+00  1.4450438961e+00 -2.5839742809e+00 -6.3931180966e-01  4.1534516508e+00 -1.5472722722e-01  1.6476487987e+00 -4.9211727945e-01 -1.7063638708e+00  7.1112026071e-01  2.2178947917e+00  7.3116906800e-01  3.0044426085e+00 -2.2078720735e+00  2.7307606939e+00  3.7180924146e+00 -5.1569591535e+00  1.3352034517e+00  5.0421593258e-02
ENERGY -1.202495671110e+03
GRADIENT  2.7229774243e-05 -6.9207429193e-05 -8.4417364212e-05 -2.7877679740e-05  1.6464920432e-05  1.8710244938e-05  4.3629195629e-07 -1.6591952536e-06  3.0511558835e-07 -1.0470774936e-04 -3.9694148573e-05 -1.7463698266e-05 -8.8474878940e-06 -1.3155479754e-05  1.7418985733e-06  3.6812243900e-06  8.6183847372e-05  6.7078651181e-05  6.6964124604e-05  4.6099870237e-05  9.5914476416e-05 -7.6928217210e-06 -2.2555388657e-05 -3.1537912762e-05  2.9189147795e-05 -1.4225476583e-05 -2.0970641426e-05  5.2695289697e-05 -3.6577768945e-05 -2.1062331545e-05 -4.3595094048e-05 -6.9788742457e-06  1.6742742246e-05 -2.0576562364e-05 -8.0535521081e-06 -1.9491436134e-05 -1.1012291578e-06  1.1990257637e-05 -2.2496678902e-05  2.7817853722e-05  5.0221056332e-07  1.7896504078e-06  1.2625676941e-05  2.7639476305e-05  3.4254533426e-05  1.0924368548e-05 -1.5944200359e-05 -1.6908963835e-05 -7.3695790725e-05 -3.6145618805e-05 -3.9576483291e-06  4.9401369574e-06 -1.3556539134e-05 -3.1006163164e-06 -5.9758133469e-06 -7.2012541726e-06 -1.2820343856e-05  5.4188450321e-06  9.1785485268e-07 -3.2609454580e-06 -1.5918132206e-05 -6.1919116911e-06  5.2304416598e-06 -1.6071987793e-06 -1.7819194991e-06 -5.0267896239e-06  1.4386485937e-06 -4.4498197967e-07  1.4224194332e-05  8.8255410132e-06 -1.3295827979e-05  1.0337691203e-05 -8.6955693049e-06  2.1202464745e-06 -1.5263918627e-06

JOB 6
COORDS -4.1792358636e+00  2.9210498062e+00  2.9963326270e+00 -5.1211544397e+00  2.5897880310e+00  2.0167957787e+00  1.7182418307e+00 -2.0118379035e+00  3.3650052157e-01  3.0261043896e+00 -3.8092152282e-01  1.6103100166e+00  5.6425163474e-01 -1.6089528364e+00  1.0065641032e+00  1.8698293449e+00  2.1671861940e-02  2.2792655334e+00 -2.8944560001e+00  2.3857912395e+00  2.9080238709e+00 -4.7327158994e+00  1.7284890046e+00  9.8860455549e-01  2.9242219206e+00 -1.3875354745e+00  6.5248150646e-01  6.5806146625e-01 -5.9771421642e-01  1.9666422506e+00 -2.6350625366e+00  1.5252709288e+00  1.8363870731e+00 -3.5056610868e+00  1.1918146249e+00  8.9871254411e-01 -1.7700337860e+00 -1.1932850226e+00  2.8909781219e+00 -4.6345796332e-01  6.6039356516e-01  4.0227022166e+00 -1.3496421097e+00  9.8938141908e-01  1.6635551872e+00  4.0434932476e+00 -1.7793487829e+00  4.6684153693e-03 -8.1553493160e-01 -9.4036605019e-02  2.8223899828e+00 -4.4362927990e+00  3.5905736378e+00  3.8126668011e+00 -6.1309503486e+00  2.9879242479e+00  2.0453127674e+00  1.6959287809e+00 -2.7938999768e+00 -4.1549894815e-01  3.9912844701e+00  6.7864119153e-02  1.8216108531e+00 -3.9352734448e-01 -2.0737094794e+00  7.9627107372e-01  1.9048870937e+00  7.9508198125e-01  3.0394150909e+00 -2.1200153562e+00  2.6075293514e+00  3.6334973592e+00 -5.4325185828e+00  1.4490242279e+00  2.0337812544e-01
ENERGY -1.202495538279e+03
GRADIENT -2.9126952413e-05  1.0756402521e-04  1.2819002807e-04 -1.5217496745e-04  3.6672301876e-05 -2.7072067267e-05 -4.2285171130e-05  1.2725484859e-04  1.2118912119e-04 -2.2249099791e-04 -8.2049390853e-05 -4.4510856704e-05 -4.9548701933e-05 -9.6629976030e-05 -3.5330173929e-05  9.9669865084e-06  1.3211788754e-04  1.1329547746e-04 -2.3947498346e-04 -5.7434572955e-05 -2.0691838241e-04  2.4219308479e-04  5.7527044105e-05  2.2841632400e-04  2.0713985410e-04 -5.0089956969e-05 -1.1237929826e-04  3.6531282691e-05 -7.0015237540e-06 -6.9460664743e-06  4.9221321811e-04  3.7186357510e-04  2.9767143292e-04 -4.4834361683e-05 -2.4593781020e-05 -3.9801393538e-05 -2.4972150751e-07 -4.7953519811e-05 -3.0376564523e-06 -5.9335161672e-04 -1.4002293119e-04  1.3407511301e-04 -5.2990238666e-04 -5.7889448271e-04 -6.2250953986e-04  6.0412170069e-05 -2.6940083019e-05 -4.4223970513e-05  9.7011729191e-04  2.4343212551e-04  5.9662864507e-05 -3.4145507273e-05  1.0509932512e-05  1.7396625611e-06 -7.9098060525e-06  1.7813477588e-05  3.4800693252e-05  1.9822780693e-05  1.7832603866e-05  7.2748657789e-06 -1.8021701300e-05 -6.1799448794e-06 -2.1049834575e-05 -1.3761595706e-05  9.3478312187e-06  7.9809561166e-06  6.1178573866e-06  1.9249075967e-05  4.8586092350e-06 -1.3918533815e-05  3.3264345369e-06 -3.5414232032e-05  2.8698555683e-05 -6.2320025622e-06  1.3404239866e-05

JOB 7
COORDS -1.7740595635e+00  4.5533760361e+00  1.7870096466e+00 -8.8834782409e-01  5.5583856660e+00  1.3847295240e+00  1.1049893001e+00 -2.8565321547e+00  7.6499906786e-01  3.2883366602e+00 -1.7542706615e+00  8.7981504605e-01  5.1605028296e-01 -1.7453777203e+00  1.3691222951e+00  2.6982281567e+00 -6.4556801533e-01  1.4844813729e+00 -1.3655305062e+00  3.2219688949e+00  1.7131447873e+00  3.7686873610e-01  5.1842242576e+00  9.2755572280e-01  2.4784375113e+00 -2.8346408537e+00  5.3231799888e-01  1.3204660098e+00 -6.5866084916e-01  1.7182322420e+00 -6.8352496606e-02  2.9795712207e+00  1.2497240410e+00  7.9073807838e-01  3.9087742768e+00  8.6657774690e-01 -7.5554771263e-01  4.0366593129e-01  2.9929324055e+00  1.5379606567e+00  1.4279568925e+00  3.3570152198e+00  3.9168576618e-01  1.6611648736e+00  1.1048551749e+00  3.0519611209e+00 -3.9098742929e+00 -5.1657036341e-02  5.7357072218e-01  7.5375449582e-01  2.4973805874e+00 -2.7699368155e+00  4.7989398556e+00  2.1457174514e+00 -1.1684858039e+00  6.6067724531e+00  1.4217170119e+00  5.2181947116e-01 -3.7261559450e+00  4.7978738656e-01  4.3541280577e+00 -1.7923144291e+00  6.7920399773e-01 -5.4832491520e-01 -1.7224903124e+00  1.5782985230e+00  3.2938211882e+00  2.1278169598e-01  1.7779227197e+00 -2.0070871112e+00  2.3990151293e+00  2.0066909269e+00  1.0946946166e+00  5.9338997354e+00  6.0022175339e-01
ENERGY -1.202495443945e+03
GRADIENT -2.6715164041e-04  8.6476153567e-05  1.1762194984e-04  6.1820938543e-05 -2.5865817113e-04 -1.3669651129e-05 -1.1756059781e-04 -1.1681642224e-04 -4.7899846214e-05 -3.8300177033e-04 -2.8565070564e-05  5.5483151579e-05  2.1443161646e-05 -5.9012048288e-05 -2.1923681581e-05  2.7546390220e-04  3.8528086367e-04  1.0730566399e-04  2.0519026822e-04  1.7256548882e-04 -6.5742763158e-05  1.1460746845e-04  1.2425076102e-04 -2.8458900232e-05  6.2577589224e-05  8.7300261171e-06 -1.0236089332e-05  1.9414461787e-04 -1.5779913703e-04 -1.2883053010e-04 -9.2214833152e-04 -3.2775451200e-04 -1.3584434123e-04 -6.7156657528e-05 -5.6963079859e-06  5.7119968248e-06 -1.6230016666e-04 -2.6564554461e-05 -6.4108872977e-05  6.6525215415e-04 -3.9348655590e-04 -5.1418598307e-04  1.4989509901e-03  1.4772903900e-04  3.1890720312e-04 -5.0659232984e-05 -1.6677011697e-05 -6.8519636785e-06 -1.1297007336e-03  4.3198928325e-04  3.4838585598e-04 -2.6633812680e-05 -1.2941418446e-06  7.0072271527e-06 -1.5636403398e-06 -3.2220260461e-05  9.8076953330e-07 -4.2504961610e-06 -1.8264281078e-05 -1.7145257062e-05 -3.3454708157e-05  3.0411401896e-05  2.2065068502e-05  4.4653513941e-06 -2.3286725084e-05 -1.2710210835e-05  4.3938232978e-05  3.8335318518e-05  1.2779399787e-05 -1.9600458854e-05 -3.2572303353e-07  7.8658586898e-06  1.6487238770e-05  6.2836750769e-06  2.0841869377e-06

JOB 8
COORDS -1.6752816067e+00  4.6706619903e+00  1.8579087599e+00 -7.0287541317e-01  5.5642195249e+00  1.3964753960e+00  1.2159035134e+00 -2.9359907854e+00  8.2289865710e-01  3.2569870929e+00 -1.5838117588e+00  8.3671703493e-01  5.1376419070e-01 -1.8779741516e+00  1.4019825252e+00  2.5542932774e+00 -5.2930962763e-01  1.4165816561e+00 -1.4362135512e+00  3.3007126444e+00  1.7558729989e+00  4.7419095349e-01  5.0436892506e+00  8.5479915061e-01  2.5712441714e+00 -2.7642997893e+00  5.5161517374e-01  1.1930860256e+00 -6.9281233992e-01  1.6894746577e+00 -2.1308626910e-01  2.9074544341e+00  1.2045161323e+00  7.2592550603e-01  3.7279611476e+00  7.6511295733e-01 -9.9718193786e-01  1.8702583117e-01  2.9037121737e+00  1.1803311242e+00  1.4230887869e+00  3.3141399975e+00  6.6757266081e-02  1.5433277286e+00  1.0400144609e+00  3.2532087903e+00 -3.7873266207e+00 -9.4769832671e-03  3.0570567990e-01  6.5309722506e-01  2.4379735581e+00 -2.6068238685e+00  5.0324571566e+00  2.2845158847e+00 -8.5021300109e-01  6.6384941959e+00  1.4530795176e+00  7.3206963730e-01 -3.8777754480e+00  5.8502315493e-01  4.3146455903e+00 -1.5047437825e+00  6.0702812321e-01 -5.4145400694e-01 -1.9692348740e+00  1.6371824396e+00  3.0515212636e+00  4.0432670403e-01  1.6590702852e+00 -2.1515117014e+00  2.5566890363e+00  2.0898108644e+00  1.2538413608e+00  5.7043647983e+00  4.8055284638e-01
ENERGY -1.202495686040e+03
GRADIENT -1.7210237533e-05  2.4461491527e-05  1.5163591798e-05 -5.7002212242e-06 -3.1978162175e-05  1.1597138565e-05 -9.0166512613e-06  2.0978998579e-05  9.1135387457e-06 -9.3773940596e-05 -8.9153322329e-06  1.2630000058e-05  1.9779189101e-05 -8.6380011359e-06 -1.6361832813e-05  3.5958434120e-05  5.5236111558e-05  3.2257377707e-05  6.7925268817e-06 -3.3318127645e-06 -3.0204367857e-05  2.8698675940e-05  7.8876174612e-06 -2.0013912922e-05  5.0085667708e-05 -3.9985784908e-05 -2.8500719930e-05  1.7447089258e-05  1.3399805750e-06  8.6969662085e-06 -3.3259011642e-05 -6.0232902446e-06  1.4997309460e-05 -6.3437018134e-07  3.1922522336e-05  2.2975173666e-05 -3.7335716901e-05 -1.5222057554e-05  2.9393467167e-05  3.0122752483e-05 -5.0404375215e-05 -4.5415045764e-05  1.2913163995e-05 -1.9244731244e-05 -4.3363461894e-05  1.0100732802e-05 -2.6676682779e-05 -1.2748839611e-05  5.0048490033e-05  7.8802316065e-05  5.2438188377e-05  1.3439086296e-06  1.8448075979e-06  7.3558117796e-06  3.0822562493e-06 -2.3978628239e-06  1.0280915232e-06  1.0918605233e-05 -4.2771600003e-07  1.4246479173e-06 -6.3320014134e-06  2.4141602194e-07 -3.9453559555e-06  5.6758380334e-06  1.4443960872e-06  8.9117568275e-06  2.5248249129e-06  1.0801563633e-05 -2.3526034795e-06  1.3676736291e-05 -1.8529419893e-06  1.2173630304e-05  2.7189836701e-06  5.0788272556e-06  5.0986295357e-07

JOB 9
COORDS -1.5377397306e+00  4.7573305411e+00  1.7744414918e+00 -4.2865453179e-01  5.5182655878e+00  1.3901396815e+00  1.4442038594e+00 -2.9806024332e+00  8.2315910214e-01  3.2269574359e+00 -1.3249123720e+00  5.4632102773e-01  6.3661494904e-01 -2.0078952650e+00  1.4158466768e+00  2.4208178884e+00 -3.5700171699e-01  1.1409074059e+00 -1.4758629476e+00  3.3693474623e+00  1.6545679679e+00  6.9880200971e-01  4.8531049105e+00  9.0320978660e-01  2.7201522879e+00 -2.6167293264e+00  4.0139728070e-01  1.1378160121e+00 -7.1456404938e-01  1.5669191378e+00 -2.8951902332e-01  2.8242130822e+00  1.1579986906e+00  7.7592323909e-01  3.5175956103e+00  7.9114617969e-01 -1.1280790389e+00 -7.7994016878e-02  2.7867890815e+00  9.2398779450e-01  1.3447826720e+00  3.2492104876e+00 -1.9930011814e-01  1.4389951278e+00  9.8087345415e-01  3.5040091708e+00 -3.5554351261e+00 -1.7444230374e-01  1.2606046556e-01  5.2224585553e-01  2.3473879385e+00 -2.4349651762e+00  5.2347115799e+00  2.1587904623e+00 -4.3372969906e-01  6.6014430110e+00  1.4653431628e+00  1.0997474156e+00 -4.0006469553e+00  6.8707156853e-01  4.2287923477e+00 -1.0956691384e+00  1.9781786162e-01 -3.6445781033e-01 -2.2450393704e+00  1.7605031601e+00  2.7765900574e+00  6.6029558275e-01  1.2705405941e+00 -2.3001980768e+00  2.7206932761e+00  1.9320642432e+00  1.5809451647e+00  5.4094233988e+00  5.9230163531e-01
ENERGY -1.202495680144e+03
GRADIENT -4.9835862768e-05  2.2049564401e-05  2.6119032429e-05  6.3201310404e-06 -6.0314067155e-06  2.1772841199e-06 -9.5798307696e-06 -3.7226423780e-05  1.4731484741e-07  2.4696752415e-05  9.4979315154e-07 -1.0742448382e-06  2.1619778179e-05  5.0317695214e-06  4.1449638343e-05 -1.5099265261e-05 -1.5340676802e-05 -1.4069788704e-05  3.5226648882e-05  2.5530372082e-05 -9.1112028431e-06 -4.6405732738e-05 -5.5277623943e-05  1.8482340130e-05 -2.5726533912e-05  2.6155174548e-05  2.1867553871e-05 -5.6877321962e-06  3.3530910587e-06 -7.5372224067e-06 -3.6158508855e-04 -3.8764604964e-05  6.0256833754e-05  2.6817571064e-05 -1.2866052215e-05  2.7051004385e-06  2.4008708366e-05  2.1534502098e-05 -1.5343518767e-05  2.8797894666e-04 -1.1550583038e-04 -1.1718304964e-04  6.0909768090e-04  3.9041017934e-05 -1.1474135127e-04 -9.9625847904e-06  6.8655624939e-06  1.4174425172e-05 -5.5978124436e-04  1.0565699330e-04  2.0725135801e-04 -6.5529416243e-06  4.4112421911e-06  6.4421184139e-06 -1.1235573935e-05 -1.1215697399e-06  8.2257599650e-06 -7.5631487932e-06 -4.4233683887e-06  5.4172524459e-06 -1.4384994720e-06  1.5811410306e-06  5.0223512421e-06 -3.8233978671e-06 -6.1247196801e-06 -1.2081755462e-06 -5.7765675991e-06 -2.3318638152e-06  2.0953863005e-06 -2.5893846713e-06  5.0612850466e-08  4.9606491125e-06 -2.8504867584e-06 -1.2363005732e-05  5.2793828951e-06

JOB 10
COORDS -1.3901422851e+00  4.8571945279e+00  1.7523767582e+00 -1.4972930392e-01  5.4275344816e+00  1.4485762161e+00  1.5761395813e+00 -2.9642682474e+00  1.0759534639e+00  3.0612816318e+00 -1.0964087374e+00  5.2808203754e-01  6.9216538399e-01 -2.0772192829e+00  1.6947202041e+00  2.1808336953e+00 -2.1332574286e-01  1.1486624472e+00 -1.5250063614e+00  3.4698270089e+00  1.6986063371e+00  9.0571072472e-01  4.5810180676e+00  1.1012534375e+00  2.7401271162e+00 -2.4542153919e+00  5.0810820404e-01  1.0109276174e+00 -7.1980089080e-01  1.7243272762e+00 -3.9662875033e-01  2.7327505793e+00  1.3360276608e+00  7.8969616062e-01  3.2454717357e+00  1.0434577310e+00 -1.2834880154e+00 -2.8960798856e-01  2.9815465538e+00  6.6952377874e-01  1.2692714848e+00  3.4609220660e+00 -5.1209394404e-01  1.3468105047e+00  1.2177134945e+00  3.5966040542e+00 -3.3105914265e+00 -9.3484927413e-02 -8.3958132715e-02  4.1515135294e-01  2.5507881942e+00 -2.2364207176e+00  5.4798229161e+00  2.0293925461e+00  4.5714013499e-04  6.5023626560e+00  1.4805287594e+00  1.3733550655e+00 -4.0293155162e+00  1.0289802208e+00  3.9793438821e+00 -7.5191689694e-01  6.2952541660e-02 -2.2953816507e-01 -2.4289582817e+00  2.1464520602e+00  2.3849719994e+00  8.5330568611e-01  1.1746638396e+00 -2.4566444784e+00  2.9620563246e+00  1.9247326811e+00  1.8861201753e+00  4.9864486243e+00  8.5897343637e-01
ENERGY -1.202496474422e+03
GRADIENT  7.1037755626e-06 -2.3847385940e-05 -6.1110319480e-06  6.7934090628e-06  5.2212869783e-06 -5.6832573055e-07  5.0284982946e-05  1.7000006515e-04 -9.6160089885e-06  1.0886370849e-04  7.2829315194e-05 -5.1041781339e-05 -1.0694864454e-04 -5.2113895421e-05  9.4324619676e-05 -1.7663168183e-05 -1.4749973674e-04 -1.1539960701e-05 -4.5979495774e-05 -8.8382914948e-06  1.3621021540e-05 -2.3525184461e-05 -2.0503379203e-05  5.6376239852e-06  7.6422658336e-06 -4.1968347536e-05 -9.1744255602e-06 -4.5028605739e-05  6.4643657313e-06 -3.8091494755e-05 -1.9125953593e-03  1.0098990445e-04  6.8049067214e-04  3.5620103697e-05 -2.0997307872e-05 -1.0261664318e-05 -1.6898609832e-05  1.9252990606e-06 -1.4850811043e-05  1.5234069851e-03 -5.0501401335e-04 -8.3772037580e-04  3.0612454050e-03 -1.4406373542e-04 -1.2364557674e-03  2.7376362060e-05  1.9668319207e-05 -1.2374915497e-05 -2.6471083366e-03  6.0224367229e-04  1.4128918959e-03 -3.9102918008e-06 -4.5261655946e-06 -2.6831804017e-06 -4.3052118688e-06  1.9142378502e-06  4.3478229544e-06 -1.0572330472e-06  2.0002976559e-05 -1.6740050169e-06  1.8085074628e-05 -6.4736998632e-06 -6.1260837423e-06 -1.5504019472e-05  6.5806567678e-06 -4.8611933110e-06  1.5551131529e-07 -7.5324239541e-06 -6.3786839115e-06 -1.0012002488e-05 -2.3159399316e-06 -4.3435494259e-06 -1.5499492834e-06 -4.2936398649e-06  5.7337367858e-06

JOB 11
COORDS -1.3422680070e+00  4.8672690102e+00  1.6693407429e+00 -5.2486891713e-02  5.3083578098e+00  1.3555249545e+00  1.6469244083e+00 -2.8618634278e+00  9.7110721744e-01  3.0252806833e+00 -8.9186614205e-01  5.1662748278e-01  7.3087409945e-01 -2.0600236234e+00  1.6554359716e+00  2.1131659220e+00 -9.2401993142e-02  1.2023057177e+00 -1.5917312684e+00  3.4959741049e+00  1.7189816043e+00  9.3317761458e-01  4.3530357676e+00  1.0994262316e+00  2.7739346366e+00 -2.2604572334e+00  4.1799362082e-01  9.8065447012e-01 -6.9127630313e-01  1.7630780242e+00 -5.2540234342e-01  2.6401487742e+00  1.4372275549e+00  7.0413111315e-01  3.0313778236e+00  1.1329548705e+00 -1.2803047670e+00 -4.9611788403e-01  3.1201672524e+00  5.5579824384e-01  1.2099919236e+00  3.5794319748e+00 -7.7985377534e-01  1.2700582599e+00  1.4192601225e+00  3.6621813085e+00 -3.0344437587e+00 -2.4667718678e-01 -1.6597590567e-01  3.2610342650e-01  2.6731371922e+00 -2.1378223528e+00  5.5769596093e+00  1.8792035991e+00  1.8794758342e-01  6.3661418438e+00  1.3115856895e+00  1.4972007242e+00 -3.9313307639e+00  8.6392115136e-01  3.9166385984e+00 -4.7341609548e-01  6.0251950342e-02 -1.6197957155e-01 -2.4858346279e+00  2.1010024711e+00  2.2585220701e+00  9.8057393467e-01  1.2850968405e+00 -2.5653509706e+00  3.0856358443e+00  1.9643009070e+00  1.9493083754e+00  4.6558047321e+00  8.5424334013e-01
ENERGY -1.202497755189e+03
GRADIENT -1.3696252082e-04  1.3084598689e-04  3.4231827122e-05 -1.2866521479e-05 -1.0637600741e-04  8.5493238470e-06  2.8043477737e-05  3.7238124067e-04  4.8841774803e-05 -1.8113470598e-04 -4.9230344707e-05  1.0024013705e-04 -1.5694171963e-04 -9.3244997811e-05  8.6695778929e-05  9.8440762595e-06  1.2076882884e-05  8.5150845541e-07  1.5984100744e-04  4.0502252254e-05 -4.6904720341e-05  4.0991413577e-06 -7.5103750286e-06 -1.0960273372e-05  2.0559119007e-04 -2.0145030213e-04 -1.6387202942e-04  3.2893921787e-06 -3.3834750719e-06  1.3875893431e-05 -1.4625545875e-03  2.5033654643e-04  9.1407176434e-04 -2.5989112590e-05  1.7292115205e-05 -1.1244482941e-05  1.9308016040e-05 -3.8385223066e-06  1.2503279023e-05  1.3104154909e-03 -2.3981494695e-04 -7.7818238392e-04  2.3960136965e-03 -4.8378114123e-04 -1.4708195554e-03  1.2288410720e-04 -8.5805209012e-05 -7.7751072365e-05 -2.2892861024e-03  3.8584460019e-04  1.2962037862e-03 -1.1525876964e-05  1.4329508964e-05 -2.0077202256e-06 -1.3337337814e-05 -8.0781061520e-06  3.6373648648e-06  1.7819523311e-05  4.0353565451e-05 -6.2880217899e-06 -1.4720856408e-05 -4.0006225349e-05  6.7448271322e-06 -2.4868925801e-05  1.0032444452e-05  1.2573591739e-05 -1.1912301470e-05 -3.1947324899e-06  2.5953283838e-05  7.9749755139e-06  1.4523491947e-05 -9.5250891176e-06  5.4196711840e-06 -1.0867127357e-05  1.4157283722e-06

JOB 12
COORDS -1.3238506842e+00  4.8150943224e+00  1.5016247445e+00 -2.4547573803e-02  5.1292905626e+00  1.0873962657e+00  1.4904642851e+00 -2.6458937473e+00  6.9261745991e-01  3.0890741719e+00 -7.9249071261e-01  7.5217636301e-01  6.1490733590e-01 -1.9121338552e+00  1.4939557050e+00  2.2115962889e+00 -6.0756531195e-02  1.5505181169e+00 -1.6422894898e+00  3.4854370954e+00  1.7736103558e+00  8.9907423130e-01  4.0910073201e+00  9.5872021047e-01  2.7077773779e+00 -2.0682611471e+00  3.3967634559e-01  9.8738577090e-01 -6.3138690254e-01  1.9090080119e+00 -6.3344052206e-01  2.5351129289e+00  1.5968431340e+00  6.0188406239e-01  2.8046214203e+00  1.2007350092e+00 -1.1415453288e+00 -6.0689694023e-01  3.4706119478e+00  6.1873305807e-01  1.2161687051e+00  3.7833597723e+00 -9.7918855458e-01  1.2028583478e+00  1.7995246509e+00  3.5593097707e+00 -2.7775342997e+00 -4.3568579655e-01 -1.3198942288e-01  2.9566046637e-01  2.9407803928e+00 -2.0733795376e+00  5.5927255490e+00  1.6206570939e+00  2.6874888428e-01  6.1520582930e+00  8.7180056514e-01  1.2454744533e+00 -3.6456478875e+00  3.4880917330e-01  4.0512771872e+00 -3.9197509900e-01  4.4946377701e-01 -3.3858147837e-01 -2.3273059254e+00  1.8028487133e+00  2.4592569565e+00  9.4078750263e-01  1.8823447885e+00 -2.6254263716e+00  3.1749628640e+00  2.1102726044e+00  1.9208022771e+00  4.2932099635e+00  6.4287804459e-01
ENERGY -1.202498694724e+03
GRADIENT -1.8216369520e-04  1.7328555330e-04  3.1441273351e-05  2.6082678748e-05 -3.7640208239e-05 -9.9636415740e-06 -1.0824337545e-05 -2.2641811885e-04 -1.0836934323e-04  3.6183767745e-04  1.4755391557e-04 -1.1422828051e-04  1.4884549056e-04  4.3806690701e-05  2.7649507836e-05 -7.5877349152e-05 -2.9562633574e-04 -6.8726836551e-05  2.8482240177e-04  1.0605394200e-04 -1.0612544241e-04 -5.3682853876e-05  5.0016449115e-05  4.5196159635e-05 -2.2517585293e-04  1.4786870025e-04  1.9220030129e-04 -1.6508644049e-04  1.0989776588e-04 -6.4395064717e-05 -1.0632469559e-03  2.6661035498e-04  1.1467812901e-03 -8.9212317724e-05 -1.3420878753e-05  2.7399330813e-05 -2.9798889459e-05  4.5985994263e-05  2.7295388765e-05  1.0942397829e-03 -4.0941866709e-05 -8.5917742406e-04  1.8802200568e-03 -8.2620158697e-04 -1.7248093778e-03 -8.2326078331e-05  9.1900535176e-05  9.3749174273e-05 -1.9515125672e-03  2.4241358152e-04  1.4942937638e-03 -4.6608763591e-06  3.3597868312e-05 -1.1994237651e-05 -1.7186102616e-05  4.3172140700e-06  5.9045234068e-06 -2.7714313934e-05 -2.6259044218e-05 -3.0805604764e-06  3.7519508725e-05  2.1999270108e-05 -2.1270050462e-06  8.8705293047e-06  9.5378609207e-06 -2.7628008500e-05 -4.1717225338e-06 -9.6344306117e-06 -9.0717516374e-06  3.0458774590e-05  1.0531363595e-05 -2.3703116377e-05 -2.8961928305e-06 -6.2815649697e-06 -6.6387474895e-07

JOB 13
COORDS -1.2939811984e+00  4.6994097530e+00  1.3476619082e+00  1.2412195792e-02  4.9111141399e+00  8.8952438036e-01  1.3995732723e+00 -2.4123971636e+00  4.7523837998e-01  3.1159894529e+00 -7.1039585444e-01  8.6629765881e-01  5.5292477569e-01 -1.7581802900e+00  1.3702120293e+00  2.2644265424e+00 -5.4706138340e-02  1.7539252624e+00 -1.6566417279e+00  3.4326661838e+00  1.7998059614e+00  8.9891986508e-01  3.8347758320e+00  9.0228048828e-01  2.6626338913e+00 -1.8718924156e+00  2.4365947557e-01  9.9531508607e-01 -5.8731040081e-01  1.9910468461e+00 -6.7987069725e-01  2.4328620734e+00  1.7510741996e+00  5.5958719349e-01  2.6042055960e+00  1.3191688436e+00 -1.0305083993e+00 -7.4487744581e-01  3.6733214104e+00  6.7289401180e-01  1.1286158148e+00  3.9943185594e+00 -1.0800512095e+00  1.1612440008e+00  2.1410282711e+00  3.4877733748e+00 -2.5055521651e+00 -6.2062913101e-01 -9.1837763457e-02  2.2982369310e-01  3.1421637062e+00 -2.0158889492e+00  5.5113958543e+00  1.3623947303e+00  3.3735091959e-01  5.8844554950e+00  5.3535199287e-01  1.0995571130e+00 -3.3248540802e+00 -2.9823674872e-02  4.1125842424e+00 -3.3716162769e-01  6.5327289595e-01 -4.3216544655e-01 -2.1543070154e+00  1.5934671647e+00  2.5686915009e+00  8.5770985694e-01  2.2526345421e+00 -2.6467661115e+00  3.2060009736e+00  2.1801128557e+00  1.9249807593e+00  3.9552967299e+00  5.5978880993e-01
ENERGY -1.202499380871e+03
GRADIENT  5.7120241742e-05 -6.7808213220e-05  7.3161248544e-06  2.5587698953e-05  4.2432143686e-05 -1.9568804309e-05 -7.4133740387e-05 -3.1019100682e-04 -1.9595044280e-04  2.3729370640e-04  7.3385709292e-05 -8.0758154788e-05  1.8275379034e-04  6.9114857592e-05  3.2779480325e-05  8.6513402800e-06 -4.2305843460e-05  1.8281996791e-05 -1.2764710733e-04 -3.8252134152e-05  3.3834827775e-05 -8.2006533769e-05 -3.9689096139e-05  3.4138450783e-05 -2.2828815890e-04  1.6961873959e-04  2.2868785531e-04 -4.9791109311e-05 -2.7778738682e-05 -5.8417022430e-05 -1.8811269090e-04  3.9645760704e-04  4.1775020845e-04  3.4245950865e-05 -3.7023799296e-05 -1.4399502063e-05  8.6984866477e-05 -1.7738744150e-05  1.6268066793e-05  4.1841543902e-04 -6.6456837869e-05 -2.9286991752e-04  5.4643085484e-04 -2.8522441145e-04 -8.1057544176e-04 -1.1832311833e-04  8.0163482850e-05  1.1698119721e-04 -6.5877590554e-04  2.3192963012e-04  6.2140146513e-04  2.0739356701e-06 -5.6678607065e-06  3.7891434291e-06  5.6212736375e-07  1.1081715432e-05 -8.4286607386e-06 -3.2378065344e-05 -3.0181478578e-05 -3.7448252970e-06  2.4882174373e-05  4.0484651832e-05  5.1273935023e-06  1.1240734860e-05 -1.0854403311e-05 -8.5884529933e-06  1.6708398814e-06  1.5512060164e-06 -1.8934565289e-05 -1.8256996337e-05  9.7216220240e-06  1.0736403155e-05 -9.9622192563e-06 -8.0046739853e-06 -1.7059867986e-06

JOB 14
COORDS -9.3104735435e-01  4.1930861931e+00 -5.3256962783e-01  4.3024491505e-01  4.4554797199e+00 -3.2306676017e-01  1.8892502308e+00 -2.3179306870e+00  7.1057149358e-01  3.2717119456e+00 -5.9445372409e-01  1.7655968591e+00  7.4247436839e-01 -1.6947645280e+00  1.2030167305e+00  2.1232732186e+00  3.2456584452e-02  2.2457974906e+00 -1.4967154319e+00  3.0512494942e+00  2.5987818969e-02  1.1634612154e+00  3.5506972086e+00  4.4069825105e-01  3.1285192424e+00 -1.7526175761e+00  1.0035135883e+00  8.7658808237e-01 -5.2582968030e-01  1.9563264848e+00 -6.5143513831e-01  2.2156411327e+00  7.6800811116e-01  6.3438469024e-01  2.4382010777e+00  9.7870743214e-01 -1.6068950999e+00 -7.8139624692e-01  2.8068181452e+00 -2.5219548687e-01  1.2140933047e+00  3.6262455970e+00 -1.2368490958e+00  1.0649843708e+00  1.2698622104e+00  4.2424474850e+00 -2.3568946192e+00  5.3120502852e-01 -5.9600943038e-01  2.4268777430e-01  2.6000034596e+00 -1.5438648750e+00  4.8739160872e+00 -1.1171082313e+00  9.0735988368e-01  5.3380544346e+00 -7.3730131925e-01  1.8345874797e+00 -3.2269072434e+00  1.2029844771e-01  4.2624980598e+00 -2.0110325702e-01  1.9693654061e+00 -2.4074813421e-01 -2.1137252938e+00  1.0157941566e+00  2.1826084386e+00  9.4288005370e-01  2.8302964534e+00 -2.5448354609e+00  2.7978605809e+00 -9.1127555006e-02  2.2221116022e+00  3.7133752039e+00  6.3377823223e-01
ENERGY -1.202499357320e+03
GRADIENT -1.7845547340e-05 -6.9583762690e-06 -1.4405280024e-05  7.6133862835e-05  7.3641917393e-05 -2.8645537007e-05  7.2780160910e-06 -6.9742888182e-05 -2.1424529025e-05  2.3546058728e-04  6.6310833920e-05  5.0291255357e-05 -1.8144258428e-05  8.9978072185e-06 -8.9789509439e-05 -6.6989277697e-05 -1.0179467775e-04 -1.7999978416e-04 -5.2318846407e-06  2.0087129918e-06  9.9897650447e-06 -2.3102910353e-04 -1.0465398803e-04 -5.5450108572e-05 -1.4103396362e-04  7.4401713312e-05  7.0720588750e-05  3.3512160555e-05  8.0246440481e-05  6.9464460720e-05  5.9225927351e-04 -3.5203814693e-04 -4.2668695049e-04  1.9630885056e-05 -2.2533755720e-04  2.0168352005e-04 -1.0468607550e-04  6.9068360124e-06 -8.5645338916e-05 -5.4086029056e-04  1.1535447707e-04  1.2654828065e-04 -7.2422348912e-04  6.0859929475e-04  8.0222597848e-04 -6.6557981411e-05  4.9675670470e-05  2.5145710901e-05  9.7277951308e-04 -2.5816601563e-04 -4.3935110908e-04  6.0296781363e-06  7.7210019913e-06  2.9342074382e-06 -1.2147377540e-05  1.8258656424e-05 -1.1804933725e-05 -1.8947031984e-05 -1.5892174340e-05  5.4415819440e-06  2.3812580831e-05  1.0154839162e-05  8.8875118758e-06  6.7546140780e-06 -9.5621864436e-07  1.0571664450e-05  2.8059266880e-05  1.8262755178e-05 -1.7953523849e-06 -2.1079704635e-06  6.6546629615e-06  5.4818422030e-06 -2.8126303338e-05 -2.3078330496e-05  1.7853251384e-05

JOB 15
COORDS -7.8343211255e-01  3.9275199698e+00 -6.8864139326e-01  5.4465941195e-01  4.2481575589e+00 -3.7022468603e-01  1.7629505296e+00 -2.0730613223e+00  5.4996775578e-01  3.2048967505e+00 -5.1146220725e-01  1.7642312279e+00  6.4250890130e-01 -1.5061518537e+00  1.1575686708e+00  2.0827322754e+00  6.2404139660e-02  2.3589899961e+00 -1.4150394755e+00  2.8909754019e+00 -1.0472809713e-02  1.1783348886e+00  3.5062571041e+00  6.2225361973e-01  3.0198872584e+00 -1.5624222816e+00  8.6752153408e-01  8.1899127763e-01 -4.4202728438e-01  2.0454189679e+00 -6.7006689427e-01  2.2193768630e+00  9.7006606699e-01  5.8074395983e-01  2.5025175996e+00  1.2892825247e+00 -1.6202620368e+00 -7.8797360482e-01  2.9924033131e+00 -2.3265577961e-01  1.1218108050e+00  3.9317185184e+00 -1.3323131399e+00  1.1907365273e+00  1.6146046849e+00  4.1079733592e+00 -2.1129992683e+00  2.8334938572e-01 -6.1941381782e-01  2.5438798360e-01  2.8317743389e+00 -1.3183651877e+00  4.4801653242e+00 -1.4562438003e+00  1.0708498058e+00  5.0510043871e+00 -8.7677019335e-01  1.6753672963e+00 -2.8996400244e+00 -1.4768941125e-01  4.2075684182e+00 -1.5712380635e-01  1.9809061479e+00 -3.5238170544e-01 -1.8886459371e+00  9.5408110093e-01  2.1734414101e+00  8.9259745408e-01  3.0495252821e+00 -2.4395527969e+00  2.5966166104e+00 -2.1118638079e-01  2.2080588942e+00  3.7160589568e+00  9.0526635363e-01
ENERGY -1.202498607764e+03
GRADIENT  1.7548330275e-05 -3.9902966865e-05  3.2987922467e-05 -2.3384491819e-06 -4.7603138336e-06  1.1799475040e-05  9.3530910028e-06  1.1385949070e-04  1.0401846191e-04 -9.0739309688e-05 -1.9427738121e-05  3.6752688221e-06 -3.8778816820e-05 -5.7710475984e-05 -1.9464574414e-05 -1.5602622432e-07  1.4939317744e-05 -6.3573197970e-05  5.1320544693e-05  4.1363010506e-05 -4.2480216672e-05  2.0137149135e-04  1.0831744106e-04 -3.8448183773e-05  1.2685455281e-04 -7.7879202341e-05 -7.7272152914e-05 -4.7118341086e-05  3.3158957676e-05  4.0531011294e-05  3.5802569456e-04 -1.3276769655e-03 -1.1018366106e-03 -3.8136484952e-05  6.9226273516e-05 -9.7907320952e-05 -3.3109985489e-05 -2.0203541105e-05 -6.9709236517e-05 -1.3190839891e-03 -1.8120994116e-04  6.2822019277e-04 -1.2418209024e-03  1.5724221679e-03  1.9447903579e-03  7.1351090689e-05 -2.5623895727e-05 -2.8503380325e-05  1.9180776665e-03 -3.0830592314e-04 -1.3467997726e-03  1.3166234997e-05  2.1114506546e-06  1.6131141280e-06  1.3836707823e-05 -6.7484265791e-06  1.8754477080e-05  2.1369081233e-05  1.2496332164e-05  1.5539868955e-06 -7.1658952000e-06 -2.0372065705e-05 -5.3631867366e-06 -4.3190042658e-06  6.0432561461e-06 -3.2379268027e-06 -1.7054140919e-05 -1.3943542555e-05  2.6699320068e-06  1.8777795023e-05 -1.6880350141e-05  7.0589629865e-06  1.5797295352e-05  2.7698862273e-05 -3.5975442328e-06

JOB 16
COORDS -6.2831346369e-01  3.6302052538e+00 -8.1142400949e-01  6.6172304829e-01  4.0276964410e+00 -4.3146392190e-01  1.6770204929e+00 -1.8284661242e+00  3.6797607008e-01  3.1550218871e+00 -4.2050728565e-01  1.7209937575e+00  5.7417535452e-01 -1.3318385845e+00  1.0628137609e+00  2.0496059063e+00  8.3071687156e-02  2.4042693542e+00 -1.3075403430e+00  2.6961960429e+00 -3.5999228672e-02  1.2094147132e+00  3.4666400775e+00  7.1937051644e-01  2.9432373775e+00 -1.3602978029e+00  7.1359441190e-01  7.7629786995e-01 -3.7839832751e-01  2.0637409913e+00 -6.5141030404e-01  2.2117963602e+00  1.1046275970e+00  5.6156402414e-01  2.5736494925e+00  1.4878776733e+00 -1.6473002086e+00 -8.1734685481e-01  3.0224055218e+00 -2.2875056448e-01  9.6655362290e-01  4.1359399032e+00 -1.3700915992e+00  1.3094210857e+00  1.8656797294e+00  4.0144363872e+00 -1.8423386580e+00  4.4449010589e-02 -6.4160192897e-01  2.3135126305e-01  2.9528251969e+00 -1.0947560012e+00  4.0389876388e+00 -1.7036787844e+00  1.2254130516e+00  4.7512796773e+00 -1.0118178994e+00  1.5694719988e+00 -2.5694210667e+00 -4.1755736730e-01  4.1642179156e+00 -9.5533858423e-02  1.9529346613e+00 -4.2725025478e-01 -1.6857483150e+00  8.4033866940e-01  2.1602549490e+00  8.2825110253e-01  3.1834469419e+00 -2.3037156486e+00  2.3432151874e+00 -2.8021718177e-01  2.2084707685e+00  3.7407729356e+00  1.0526903297e+00
ENERGY -1.202497264246e+03
GRADIENT  1.4295726061e-05  3.7991650909e-08  5.7358446700e-06  5.1241768639e-05  5.0458639095e-05 -4.6240538514e-05 -7.9718769517e-06 -1.3047414544e-04 -1.4813523592e-04  1.3999349245e-04  3.2737092788e-05  2.0908539272e-05  1.9019391419e-04  9.7299433560e-05  5.8065501212e-05 -1.2694404392e-05 -1.4848584338e-04 -1.0985808958e-04 -1.2629210821e-04 -8.1027498035e-05  4.6582642234e-05 -3.6774798107e-04 -2.1029467989e-04  3.0835158951e-05 -9.6430311230e-05  5.7389389955e-05  7.0279193951e-05 -1.0394859284e-04  4.2981279368e-05  9.5829325855e-05  5.7258724984e-04 -1.6197910122e-03 -2.2237936114e-03  4.4293243996e-05 -7.2928308694e-05  2.0285241074e-04  2.2298697794e-06 -5.3852525842e-05  1.7015320269e-05 -2.0651292793e-03 -4.1292752879e-04  9.6137640415e-04 -8.3420233097e-04  2.7256593830e-03  3.1561658726e-03 -4.0928237482e-05  1.7749113907e-05  1.4134650462e-05  2.7660529549e-03 -3.1036280414e-04 -2.0869607481e-03 -7.9125417780e-06 -1.0139632273e-05  5.3336223418e-06 -1.5797665412e-05  1.3161101995e-05 -2.2896752036e-05  5.6271698366e-06 -1.6988524987e-05 -1.5453953770e-05  2.2703958677e-05  6.5096027115e-06 -3.4312066140e-06  2.8468480652e-05  4.1330424986e-06  1.3764885307e-05  5.6363659097e-06 -1.2991077310e-05 -1.2485153793e-05 -2.7148788769e-05  2.0342647510e-06 -2.1147624512e-05 -3.5774854497e-05 -4.5474175571e-05  2.2401329153e-05

JOB 17
COORDS -5.3700583504e-01  3.3789509929e+00 -8.4515389964e-01  7.4474957019e-01  3.8194325142e+00 -4.8972185393e-01  1.5948537990e+00 -1.5796649162e+00  3.0068552058e-01  3.0934819781e+00 -3.2545490422e-01  1.7758132826e+00  5.0021473003e-01 -1.1432265029e+00  1.0469415095e+00  1.9970642977e+00  1.1903255049e-01  2.5123010398e+00 -1.2436990168e+00  2.5659770028e+00  3.7092444852e-02  1.2577014530e+00  3.4260907098e+00  7.4526322643e-01  2.8677330167e+00 -1.1595538254e+00  6.8205832026e-01  7.1754483463e-01 -2.9539358124e-01  2.1359063458e+00 -6.2565062915e-01  2.2482121570e+00  1.2534295817e+00  5.8064733211e-01  2.6583674387e+00  1.6156049776e+00 -1.7240848920e+00 -7.7022053669e-01  3.0370179085e+00 -2.6058995392e-01  8.3929063435e-01  4.3398882434e+00 -1.3697597946e+00  1.4827421851e+00  2.1316287276e+00  3.9303807483e+00 -1.5827767839e+00 -3.8341725914e-02 -6.8889122302e-01  2.5191955811e-01  3.0815748448e+00 -9.7491933976e-01  3.6574710088e+00 -1.7998642132e+00  1.3309362425e+00  4.4491493977e+00 -1.1516499160e+00  1.4759340267e+00 -2.2389857496e+00 -5.5298430810e-01  4.1068609127e+00 -3.3589822289e-02  2.0320555765e+00 -5.0602205072e-01 -1.4632891729e+00  7.9648118874e-01  2.1200126627e+00  7.8368798551e-01  3.3596925961e+00 -2.2345655341e+00  2.1833028352e+00 -1.8264412390e-01  2.2505155798e+00  3.7402079015e+00  1.0618216810e+00
ENERGY -1.202495523444e+03
GRADIENT -3.4100936506e-07 -1.5166289712e-05  1.7933747916e-05  3.7974289177e-06  9.8239073842e-07 -4.9642770322e-06 -5.4340292210e-07  7.6389272527e-05  1.0406019302e-04 -1.6077870752e-04 -3.4715030487e-05 -3.3824342274e-05 -4.3427380258e-05 -6.9668232495e-05 -1.2959327733e-05  1.9615644504e-05  1.0314309834e-04  4.9852133051e-05  6.8930973178e-05  5.5742889968e-05 -3.2467453491e-05  1.6629683144e-04  1.0062970028e-04 -5.3311642848e-05  1.3127139994e-04 -5.3292592987e-05 -8.9382833946e-05 -2.4667574783e-06  3.3726289400e-05 -2.1820145995e-05 -7.4923102274e-04 -2.1885845115e-03 -2.0886675701e-03 -2.5288471373e-05  4.1734529066e-06 -1.3186251238e-04 -9.2075957934e-06  1.3152911562e-05 -3.1424077256e-05 -2.3473511206e-03 -5.0929592876e-04  1.0356073944e-03  1.5796307974e-04  2.7592011318e-03  3.5186219495e-03  5.8529090510e-05 -2.4792570343e-05 -4.1129846572e-05  2.7145855012e-03 -2.6730233843e-04 -2.2802709419e-03  6.3109985388e-06  2.4608587042e-06 -4.1962814226e-06  7.6743589365e-06 -2.0526407019e-06  7.4057786698e-06  1.6649257024e-05  7.6702506709e-06  9.5124173053e-06 -1.5006713818e-05 -7.9415123411e-06 -1.1579607577e-05 -6.4362235149e-06  5.8856281854e-06  2.5089344892e-06 -6.8337259893e-06  1.3064285310e-06  4.8998527351e-06  1.8883381990e-05 -7.2701340858e-06  1.4098066256e-05  1.7711347300e-05  2.3524709487e-05 -2.3281629491e-05

JOB 18
COORDS -5.3486037156e-01  3.2282986297e+00 -8.6289668585e-01  7.6693507779e-01  3.6629512399e+00 -5.8555749141e-01  1.5923347153e+00 -1.3961405222e+00  2.1362707212e-01  3.0746027684e+00 -3.0504489658e-01  1.8292190319e+00  4.8670845550e-01 -1.0080218059e+00  9.7014214147e-01  1.9672059353e+00  9.1299045396e-02  2.5763680917e+00 -1.2284449236e+00  2.5106219559e+00  1.0953781863e-01  1.3122932627e+00  3.3631833546e+00  6.6322885849e-01  2.8618139709e+00 -1.0345556138e+00  6.6065931256e-01  6.9061881659e-01 -2.6571655719e-01  2.1360064502e+00 -5.7789498199e-01  2.2808072324e+00  1.3275068474e+00  6.4943754277e-01  2.6900173299e+00  1.6169609989e+00 -1.8011148172e+00 -7.3246743023e-01  2.8887100799e+00 -3.1897414758e-01  6.4063854636e-01  4.4248275284e+00 -1.3019473390e+00  1.6204069361e+00  2.3033547923e+00  3.9347991858e+00 -1.4119712491e+00 -6.9639216941e-02 -7.2769064999e-01  2.3054732148e-01  3.0916462420e+00 -9.9812333845e-01  3.4368644783e+00 -1.8234871719e+00  1.3456004727e+00  4.2190685828e+00 -1.3165660653e+00  1.4841742122e+00 -1.9747405955e+00 -6.9804430234e-01  4.0858044783e+00 -5.4997476737e-02  2.1336975768e+00 -5.1808803776e-01 -1.2855754123e+00  6.6865633064e-01  2.0813897533e+00  6.7521219866e-01  3.4825514562e+00 -2.2349869707e+00  2.1364039097e+00 -4.3721990184e-02  2.3219379751e+00  3.6787983659e+00  9.1937062992e-01
ENERGY -1.202493941798e+03
GRADIENT -1.4305625616e-04  4.1884607114e-05 -2.3285649619e-04  9.7232760442e-06 -3.5287601040e-05  9.8641060852e-05  2.7777153577e-05  2.6789631206e-05  2.5266429689e-05  1.1140609207e-04  4.0233946169e-05  4.8020967620e-05 -5.8688392846e-05 -8.8716838834e-05  1.6540726206e-05  5.1119818540e-06 -1.5597728047e-05 -1.1344897196e-04  2.0946751007e-04  9.8350486166e-05  2.8118930735e-05 -1.7115116636e-04 -6.4014546207e-05 -9.8662484170e-06 -3.8788886774e-05  7.0584063602e-07 -9.3553141664e-06 -5.7891159037e-05 -4.2520351106e-05  1.5695761214e-05 -7.9809131707e-04 -1.1619862304e-03 -1.3137015670e-03 -9.0409235950e-06 -2.7141207665e-05  5.3581097525e-05  2.3710704043e-05 -1.3006431774e-05 -3.3868462472e-05 -1.5805900635e-03 -4.2624306437e-04  6.1061540832e-04  9.0601217463e-04  1.6444651528e-03  2.1485005615e-03 -5.4066986336e-06  9.6715723746e-06  1.8083063381e-05  1.6051052504e-03 -2.8044346481e-05 -1.3576538829e-03 -4.9980612784e-07  1.4244696857e-05 -2.4355136941e-05 -2.3488640117e-05 -6.9333319252e-07 -1.1274725837e-05 -5.7703184178e-06  2.3585641282e-06 -4.2664411655e-06  1.4854623954e-05 -1.8600089141e-06 -2.8616246799e-06 -1.1990176189e-05  5.5830098279e-06 -3.5939475283e-07  7.3883092516e-06 -2.2321334040e-05 -1.5331278468e-05  1.8117360616e-05  1.1976156163e-05 -1.4844804152e-05 -1.4786039865e-05 -2.2202827392e-05  3.2875046281e-05

JOB 19
COORDS -1.9523783005e+00  1.2956011309e+00 -1.5836669337e+00 -2.0035291314e+00 -4.3409595834e-02 -1.9882457482e+00  1.3951853524e+00 -2.4904486650e+00  9.9217630974e-01  2.3585783440e+00 -2.9711417380e-01  4.8403576769e-01  4.6745939870e-01 -1.8862192690e+00  1.8383931990e+00  1.4361851874e+00  3.0309261975e-01  1.3406885195e+00 -1.8948388797e+00  1.5881649329e+00 -2.2203953118e-01 -2.0034250264e+00 -1.0326973665e+00 -1.0035368403e+00  2.3155154173e+00 -1.6813495576e+00  3.2818619838e-01  5.0164329097e-01 -4.9930789528e-01  2.0000614292e+00 -1.9084074595e+00  5.0948763090e-01  6.6907825404e-01 -1.9663736563e+00 -7.6615489097e-01  3.1129591102e-01 -1.2998010447e+00 -7.1760682242e-01  3.9387960385e+00 -1.2120317105e-01  1.5117860383e+00  3.5977714187e+00 -1.9083187536e+00  8.1226843839e-01  2.0196018138e+00  3.2087712522e+00 -2.2652004585e+00 -5.0151808769e-01 -6.8934893466e-01  2.7754797594e-01  3.0729931337e+00 -1.9483469296e+00  2.0980768896e+00 -2.3163580788e+00 -2.0423070897e+00 -3.1632725185e-01 -3.0382911137e+00  1.4096480456e+00 -3.5645584710e+00  8.3785419397e-01  3.1040175165e+00  2.8449596940e-01 -4.8573225623e-02 -2.8020197851e-01 -2.4723680628e+00  2.3606523104e+00  1.4464618047e+00  1.3757260378e+00  1.5044346162e+00 -1.8440829683e+00  2.6025552729e+00  1.5901723341e-01 -2.0398298534e+00 -2.0862778512e+00 -1.2742155749e+00
ENERGY -1.202493605874e+03
GRADIENT  5.4748665858e-06 -7.2269043172e-05  3.1623144470e-05 -2.2300374279e-06  1.6482234478e-05 -6.5896137515e-05  1.9938725367e-05 -3.8284637837e-05 -1.9833903427e-05 -5.4453431924e-06  3.8616159812e-06  9.7510482140e-06  1.9167836030e-06 -7.3306058101e-06  2.7602929165e-05 -7.6105000088e-06  6.3462685252e-05 -3.3657532348e-05  2.4685950375e-05  4.9718308218e-05  6.5609512276e-05  1.5389557632e-05  6.8662673463e-05  9.5993911741e-05 -2.2879293912e-05  1.6724110330e-06  2.0049193290e-05  5.8040750465e-05 -2.4652992811e-05 -1.8912742953e-05  5.9997879409e-04  9.3478528338e-04 -3.7309749171e-04  2.9782608403e-06 -6.8108287250e-05  4.3296823886e-05  5.7284853856e-06 -2.0584228297e-05 -5.0691511937e-06  6.2622031555e-04 -1.2552662848e-05 -7.1318377984e-04 -7.3032278179e-04 -1.3528448431e-03  1.9053796507e-04 -1.6801016589e-05  1.2084594672e-05  1.4686111888e-05 -5.1883900630e-04  4.0960242145e-04  7.5347833973e-04  1.8657024778e-06 -3.5712117422e-06  1.0435534964e-05  1.1951991143e-06 -2.6134251754e-06 -5.7781466206e-06  2.1820489641e-06 -5.0925445484e-06  1.5650223973e-06 -1.8811250157e-07  7.0896580356e-06  3.6656322574e-06  3.2907287463e-06 -7.3931349463e-06  1.4683443878e-06  1.2055122144e-05  6.8771612610e-06  2.4514438811e-06 -1.5775544764e-06  1.3530947207e-05  3.0709533532e-06  2.9712140769e-06  6.6126916771e-06  7.7048010571e-06

JOB 20
COORDS -2.0675424983e+00  1.2611414528e+00 -1.6459452245e+00 -2.1736193777e+00 -9.6387479134e-02 -1.9741307455e+00  1.4456841420e+00 -2.4784319020e+00  9.3108690504e-01  2.5007156249e+00 -2.9136419473e-01  6.1178074123e-01  4.8027874328e-01 -1.8932950640e+00  1.7483918279e+00  1.5397327065e+00  2.8790547269e-01  1.4402884311e+00 -1.8994575418e+00  1.6244819165e+00 -3.1181846273e-01 -2.1133545736e+00 -1.0309248511e+00 -9.4077102935e-01  2.4301935819e+00 -1.6630046050e+00  3.7566527118e-01  5.4083238272e-01 -5.1918983719e-01  1.9905227333e+00 -1.8643679155e+00  5.9380679462e-01  6.3536781115e-01 -1.9717081732e+00 -6.9602185663e-01  3.5203304130e-01 -1.4218128194e+00 -7.9034631807e-01  3.7611863987e+00 -7.8589076415e-02  1.3735709697e+00  3.7208362397e+00 -1.7523110715e+00  9.8152454824e-01  1.9581212468e+00  3.3610433310e+00 -2.2283134560e+00 -4.2525558558e-01 -6.8293298634e-01  2.3531352876e-01  3.0443397920e+00 -2.1054409168e+00  2.0240661838e+00 -2.4187987607e+00 -2.2984954393e+00 -4.2251442756e-01 -3.0019719393e+00  1.4415465335e+00 -3.5424822861e+00  7.1751302050e-01  3.2954540750e+00  2.9555583750e-01  1.6279979060e-01 -3.1672082725e-01 -2.4825392575e+00  2.1872343557e+00  1.5700229144e+00  1.3487947227e+00  1.6665917054e+00 -1.8003061501e+00  2.6563072204e+00  7.7681807740e-03 -2.1871520211e+00 -2.0965542728e+00 -1.1493480807e+00
ENERGY -1.202494879105e+03
GRADIENT  4.8756420316e-06 -7.2568101302e-05  8.4204233403e-05 -2.1939100795e-05 -8.4710263846e-05 -2.0098150303e-04  2.1711690884e-05 -1.2724636646e-04 -4.2154914428e-05  3.1752428268e-04  2.1817992561e-04 -1.9894724340e-04  1.4175929603e-04 -7.7524472757e-06  1.3847939923e-05 -3.0173169438e-05 -4.2061483260e-04 -9.3741558452e-05 -1.2470904966e-05 -9.9088890957e-06  9.5431067668e-06  7.1088634660e-06  3.1233497703e-04  1.2473583844e-04 -1.7691914255e-04  1.0479950189e-04  1.3836926327e-04 -2.6280452422e-05  2.1229859872e-04  2.1831720151e-04  2.1011975674e-03  1.8408102411e-03 -7.9265101693e-04 -1.1464493512e-04 -8.8162086109e-05 -2.1551329436e-05 -5.3697574625e-05 -8.7785539181e-05  6.6365153563e-05  1.7512016110e-03  4.2011478899e-06 -1.8087895938e-03 -2.6134902946e-03 -2.6072816789e-03  7.4819656880e-04 -6.0159023447e-05  6.6365444119e-05  6.3820839473e-05 -1.2844273737e-03  6.5300260295e-04  1.7300741472e-03  2.2824110943e-06 -1.6919889382e-05  2.6507707486e-06  2.9203435865e-06  8.8149802865e-06 -2.8882917709e-05 -1.0230363498e-05 -2.2802785366e-05 -3.3074400384e-07  3.5114905340e-05  1.5937974935e-05 -2.2954285579e-05  3.3870096514e-05  3.4182352996e-05 -1.3021882018e-05  2.1095203099e-05 -2.4436120961e-05 -1.2230803061e-05 -5.6196833213e-07  1.0988984570e-05  1.0364938535e-05  1.4734845846e-05  2.3184602105e-05  1.8453994618e-05

JOB 21
COORDS -3.4667771978e+00 -6.1127466809e-01 -1.9749072439e-01 -2.7523798498e+00 -1.6627105943e-01 -1.3147814847e+00  9.7412866465e-01 -2.3101168382e+00  6.3079302836e-01  2.3110101948e+00 -2.6080594810e-01  5.6140603305e-01  1.7927435651e-01 -1.7540794593e+00  1.6331094807e+00  1.5118964299e+00  2.9419435504e-01  1.5585502353e+00 -3.0965296831e+00 -1.5104987041e-01  1.0662897129e+00 -1.6965471612e+00  7.2696023757e-01 -1.1166368827e+00  2.0214600242e+00 -1.5494249325e+00  1.1580986786e-01  4.5782377876e-01 -4.6047725745e-01  2.0802997016e+00 -2.0170156359e+00  7.3423215086e-01  1.1351325608e+00 -1.3251163962e+00  1.1731062812e+00  9.3128563746e-02 -1.4053183247e+00 -7.6294189227e-01  3.9323702528e+00  1.6255885632e-01  1.2489948880e+00  4.0857561750e+00 -1.6308771263e+00  1.2270150874e+00  2.3804867639e+00  2.7915032283e+00 -2.0853146644e+00 -8.5774311572e-01 -5.9451396030e-01  2.7972857148e-01  3.3130012562e+00 -4.2974365690e+00 -1.3031979219e+00 -3.0736582986e-01 -3.0058914845e+00 -4.9853745061e-01 -2.3169175247e+00  7.9697142360e-01 -3.3121774176e+00  2.5370228663e-01  3.1406879321e+00  2.8728689124e-01  1.2687535581e-01 -6.4415935145e-01 -2.3123975541e+00  2.0653964580e+00  1.6950355989e+00  1.2989578435e+00  1.9238197026e+00 -3.6037636762e+00 -4.5757001193e-01  1.9747975456e+00 -1.1189189638e+00  1.1003037711e+00 -1.9601023479e+00
ENERGY -1.202496984357e+03
GRADIENT  6.6390954862e-05  6.9194813087e-05  1.7321308520e-05 -8.1722873892e-06 -2.9778102120e-05 -3.1790547468e-05 -2.7176941083e-06  1.0251581808e-04  3.0415696016e-05 -2.2145415139e-04 -1.2760766449e-04  1.2912406440e-04 -2.3178386463e-05 -7.5661592840e-05  9.0651209063e-05  9.4030235150e-05  2.0549796072e-04  9.6666020678e-05 -5.6020817847e-05  3.6242021107e-05  4.0007221568e-05  2.6819891108e-05  1.1296472738e-05 -7.7878515085e-05  8.0072262325e-05 -5.1731361532e-05 -1.2853541103e-04  1.5372815521e-04 -3.8812688837e-05 -7.0521687024e-05  3.0125595609e-03  1.6754008563e-03 -1.4951061503e-03 -7.2634195933e-05 -1.4655229123e-05 -1.2921681123e-04  3.3842159780e-07 -2.3585972460e-05 -1.6983526746e-05  2.2941017448e-03  8.3866054079e-05 -2.4709783303e-03 -3.8339865796e-03 -2.2748701186e-03  1.7622064328e-03  5.5548394566e-05 -5.3464622541e-05 -6.3354424402e-05 -1.5232189020e-03  4.3265362516e-04  2.3141831261e-03  1.3915213794e-05  1.5357126459e-06  1.8383227843e-06  4.5615850938e-06  6.3366736708e-06 -3.5198812298e-06  1.1573591090e-05  1.0585347428e-05 -3.7467255451e-06 -2.1602210813e-05 -1.5339980527e-05  1.0874681244e-05 -7.0677976824e-06 -8.7880384416e-06 -8.0966297246e-06  3.6923600168e-06  2.5962655581e-05  2.7309060393e-06  2.7414065742e-05 -5.1614016782e-06  5.6907432039e-06 -4.4381611472e-08 -1.1652379963e-05 -1.1205046154e-05

JOB 22
COORDS -3.6956891560e+00 -4.8693318110e-01 -1.0578764707e-01 -2.9955575044e+00 -2.0383621810e-01 -1.2834223022e+00  1.1585553160e+00 -2.2864285844e+00  5.7138399348e-01  2.5129136098e+00 -2.5143147171e-01  7.0519562677e-01  2.8553528891e-01 -1.7647507421e+00  1.5263528735e+00  1.6374273004e+00  2.6807841702e-01  1.6559603966e+00 -3.1981946762e+00 -9.2091138697e-03  1.1068171674e+00 -1.8222056798e+00  5.4900854838e-01 -1.1953209464e+00  2.2517645381e+00 -1.5167028441e+00  1.8105053911e-01  5.3713023397e-01 -4.9632213577e-01  2.0533838332e+00 -2.0119125069e+00  7.2857750302e-01  1.0641963787e+00 -1.3271289145e+00  1.0082918978e+00 -3.5586333026e-02 -1.5154914309e+00 -8.4891949671e-01  3.6785583736e+00  7.9345455559e-02  1.0912003339e+00  4.1384694116e+00 -1.4904623272e+00  1.2502896624e+00  2.2500950058e+00  3.0982216366e+00 -2.0190046164e+00 -7.4589987399e-01 -6.1069800804e-01  2.0104595774e-01  3.2220797839e+00 -4.6140905665e+00 -1.0672021305e+00 -1.3007423077e-01 -3.3486028666e+00 -5.5412474803e-01 -2.2486745730e+00  1.0051718808e+00 -3.2685602838e+00  1.3593218312e-01  3.3808596603e+00  3.0498879853e-01  3.6653525340e-01 -5.7798466162e-01 -2.3297435581e+00  1.8608467929e+00  1.7996245119e+00  1.2526393829e+00  2.0818429458e+00 -3.6880020663e+00 -1.9636134955e-01  2.0557785285e+00 -1.2497488117e+00  7.9355102985e-01 -2.0880209973e+00
ENERGY -1.202498781271e+03
GRADIENT -2.9779173680e-06  6.1916764191e-06  1.0651582924e-06  4.7391633870e-06  7.7423084040e-06  2.3944963215e-05  3.8276751726e-06  5.0706977185e-05  2.5960762126e-05 -5.8311223898e-05 -3.0568889419e-05  2.5900655598e-05 -4.3145121957e-05 -4.6078870871e-05  3.0259475872e-05  1.7480989525e-05  7.2511830122e-05  2.6380010257e-05 -1.4813870679e-05  1.1137376295e-06 -9.7165211482e-06  1.6540217081e-05  9.4703181769e-06 -7.4825813093e-05  2.6386200557e-05 -1.5445554117e-05 -2.7898174278e-05  2.5995750107e-05 -3.6181354811e-06 -6.4748541091e-05  1.6037257084e-03  4.8898401787e-04 -8.7503525494e-04 -2.9397837225e-05 -2.5083053188e-05  1.4744732058e-07 -3.6643151108e-05 -2.8231961530e-06 -6.5122306755e-06  1.2729403766e-03  1.0794852378e-04 -1.0756321242e-03 -1.9394328089e-03 -6.4479861336e-04  1.0906304925e-03  8.4405188568e-06 -6.2539587368e-06 -7.6831942579e-06 -9.0663137270e-04  4.9230024704e-05  9.2455154738e-04 -1.3408247316e-06  1.6720339429e-06 -3.0672787040e-06  5.3911770441e-06  4.3461720199e-06 -1.1879702010e-06 -1.2478356155e-06  6.3445463307e-06  5.0293162385e-06 -8.5389332786e-06 -1.9167456965e-06  6.3060029535e-06 -9.4585155423e-06 -5.6816003817e-07 -7.9302362244e-07 -2.6610739849e-07  1.2346391674e-05  1.5639503053e-06  2.6091517574e-06  4.7456294521e-06 -1.9672901148e-06 -1.3794745814e-06 -1.4430896849e-06 -9.8625605523e-06

JOB 23
COORDS -4.0143427176e+00 -2.3894584202e-01 -2.1593967086e-02 -3.3334760245e+00 -2.0292862662e-01 -1.2435837727e+00  1.4296058609e+00 -2.2491208491e+00  5.2032676868e-01  2.7532330419e+00 -2.2450069637e-01  8.9516774085e-01  4.5719383587e-01 -1.7730374158e+00  1.4001054444e+00  1.7801430035e+00  2.4841017267e-01  1.7727279214e+00 -3.3672771472e+00  2.2049096877e-01  1.1251339413e+00 -2.0275195189e+00  2.9146751654e-01 -1.2636606899e+00  2.5545101712e+00 -1.4625804779e+00  2.8526131281e-01  6.4632059498e-01 -5.3256293903e-01  2.0122111109e+00 -2.0614586615e+00  6.9463661942e-01  9.7466777430e-01 -1.3903804570e+00  7.3319225455e-01 -1.6764321539e-01 -1.5651454317e+00 -9.6784596838e-01  3.3881420036e+00 -4.0224971605e-02  9.4324405869e-01  4.1205169761e+00 -1.3922555322e+00  1.2067089360e+00  2.0886647200e+00  3.4971361511e+00 -1.9201810233e+00 -5.6942885380e-01 -6.2037615795e-01  1.0313558657e-01  3.0879740129e+00 -5.0309380164e+00 -6.1786354088e-01  3.8287654608e-02 -3.8010105346e+00 -5.4829466215e-01 -2.1607809774e+00  1.3272271033e+00 -3.2087088570e+00  2.3902861589e-02  3.6507269813e+00  3.4603725951e-01  6.7918731807e-01 -4.3470147970e-01 -2.3527207039e+00  1.6130068561e+00  1.8954247950e+00  1.2083956718e+00  2.2652228533e+00 -3.8341033327e+00  2.1240487963e-01  2.1034054004e+00 -1.4632656457e+00  3.3607566123e-01 -2.1932060600e+00
ENERGY -1.202499295814e+03
GRADIENT -2.8167003818e-05 -1.7116493046e-05 -5.8840389250e-06  8.2411449509e-06  2.6169725008e-06  1.4323243823e-05  5.5862276403e-06  7.6421326338e-05  4.5403387928e-05 -6.6577946558e-05 -3.6865968777e-05  2.5978558364e-05 -5.0165077365e-05 -1.4941232656e-05 -5.3295586935e-06  8.8010852142e-06  2.9795784114e-05  1.4380234883e-05  1.9414600898e-05 -9.2163783119e-06  1.0982011149e-05  2.0927505131e-06  1.3802539308e-05  5.0695655871e-05  6.6040432423e-05 -3.8063671168e-05 -5.8512240003e-05 -6.3475597618e-07 -1.4233431759e-05 -2.9721587254e-06 -1.0725284366e-04 -2.1680964689e-05 -1.6919251875e-06  3.8972809688e-05  1.9117159811e-05  9.8737859934e-06  1.2460148600e-05  3.8900901309e-06  5.1459119191e-06 -6.1381565524e-05 -3.5613590452e-06  4.6763620902e-05  1.3224565055e-04 -2.8507829867e-05 -9.2952225433e-05  3.4733551071e-05 -1.6110754673e-05 -2.8163984708e-05 -2.0722110219e-06  2.2618267398e-05 -2.4395202720e-05 -3.5808446676e-06 -1.2118010000e-06  2.0884396173e-06 -3.0220187081e-06 -2.0815225285e-06  2.4520877590e-06  5.8218415531e-06  8.7593664132e-06  3.6583451418e-06 -5.9239422635e-06 -1.1612619144e-05  1.1927727652e-06 -4.9300794754e-06 -3.4372828284e-06  6.1686178072e-06 -5.6060049001e-06 -1.6445536384e-06  7.9056819540e-06 -1.2388951260e-05 -5.1187754529e-06 -2.4715821026e-06  6.2855014772e-06  2.7303748613e-06  8.7891258529e-06

