22
0 1 C9H9N3O
C                     0.181576977480    -0.470890895715     0.922100753384
C                     1.375387615222    -0.076011432523     1.534872473474
C                     1.971720989684    -3.013035832270     6.422407615234
C                    -0.647775968144    -1.364936594597     1.593868349806
C                     0.568402129246    -2.852488825223     6.584758514225
C                     2.239465492870    -2.478675495934     5.179995954961
C                     1.693417300822    -0.587124191430     2.794802787205
C                     0.781923825236    -1.499242716310     3.385844532446
C                     3.674787715626     0.744304712774     2.967521921415
N                    -0.345213423783    -1.872738111075     2.795712948158
N                     0.005796352513    -2.276232621373     5.528326999232
N                     1.041443210690    -2.043969668657     4.670023677151
O                     2.814627183551    -0.261076559518     3.502298314197
H                    -0.092302140927    -0.087243071113    -0.056276069300
H                     2.033585901300     0.628019543411     1.038689599604
H                     2.681495127985    -3.452014621234     7.110400945502
H                    -1.587345947063    -1.696486015348     1.156859854044
H                    -0.049946570748    -3.125765453995     7.431385618423
H                     3.159317632255    -2.371803969371     4.626718560800
H                     4.462939272352     0.882009852576     3.708227774227
H                     3.137475705879     1.689324849146     2.825537751141
H                     4.119212427276     0.424448749795     2.017441368102

49.182348891309104
       0.0431       -0.0407       -0.0361
       0.0128       -0.0072        0.0019
       0.0161       -0.1866       -0.1379
       0.0392       -0.0706       -0.0768
       0.1067        0.3305        0.1287
      -0.0466       -0.4102       -0.2505
      -0.0189       -0.0200        0.0062
      -0.0114       -0.0539       -0.0470
      -0.1567        0.1447        0.2269
       0.0133       -0.0889       -0.0782
       0.1048        0.4504        0.1903
       0.0096       -0.0520       -0.0532
      -0.0800       -0.0135        0.0850
       0.0179       -0.0109       -0.0117
       0.0014        0.0067        0.0097
      -0.0009       -0.1071       -0.0682
       0.0175       -0.0236       -0.0328
       0.0526        0.1853        0.0820
      -0.0349       -0.2271       -0.1309
      -0.0660        0.0514        0.0859
      -0.0777        0.0255        0.0788
      -0.0131        0.0836        0.0667

86.68764074720184
       0.1640       -0.2882       -0.1342
       0.1218       -0.1911       -0.1132
       0.0021       -0.3227       -0.1973
       0.0329       -0.0459        0.0248
       0.0240       -0.2565       -0.0580
      -0.0424       -0.0061       -0.0684
      -0.0297        0.1105        0.0477
      -0.0786        0.2138        0.1323
       0.0460        0.0139       -0.1334
      -0.0800        0.1942        0.1595
      -0.0047        0.0717        0.1431
      -0.0485        0.2494        0.1435
      -0.1403        0.3325        0.1306
       0.0830       -0.1534       -0.0762
       0.0584       -0.0996       -0.0647
       0.0047       -0.1608       -0.1043
       0.0088       -0.0179        0.0122
       0.0182       -0.1247       -0.0248
      -0.0214        0.0209       -0.0312
      -0.0093        0.0567       -0.0244
       0.0472        0.0059       -0.1548
       0.0373       -0.1065        0.0096

87.83315897348238
       0.0512       -0.0865       -0.0487
       0.1619       -0.2624       -0.1533
      -0.0061       -0.0080        0.0076
      -0.1039        0.1785        0.1136
      -0.0188       -0.0766       -0.0266
       0.0076        0.0549        0.0393
       0.1248       -0.1765       -0.1096
       0.0044        0.0267        0.0208
      -0.2543        0.3519        0.1885
      -0.1303        0.2379        0.1439
      -0.0145       -0.0600       -0.0169
       0.0007        0.0314        0.0223
       0.2367       -0.2882       -0.2234
       0.0223       -0.0415       -0.0226
       0.0822       -0.1313       -0.0764
      -0.0018       -0.0015        0.0028
      -0.0642        0.1042        0.0662
      -0.0092       -0.0406       -0.0163
       0.0054        0.0321        0.0204
      -0.1171        0.1578        0.0906
      -0.2162        0.0301        0.1175
       0.0078        0.2517        0.0425

127.24923778824049
      -0.1290        0.0353        0.1192
      -0.1215        0.1275        0.0398
      -0.2654       -0.3054        0.0568
       0.0713       -0.1632        0.0998
      -0.2537       -0.0783       -0.0671
      -0.0300       -0.1511        0.1664
       0.0853        0.0580       -0.0338
       0.1765        0.0186        0.0394
      -0.0206        0.2163       -0.2622
       0.2289       -0.1505        0.0715
      -0.0343        0.1956       -0.0434
       0.1087        0.1420        0.1151
       0.2410        0.0377       -0.2471
      -0.0780        0.0262        0.0521
      -0.0735        0.0682        0.0056
      -0.1214       -0.1527        0.0215
       0.0326       -0.0920        0.0369
      -0.1138       -0.0245       -0.0495
       0.0129       -0.0619        0.0781
       0.0399        0.0554       -0.1236
      -0.0479        0.0506        0.0029
      -0.0595        0.1198       -0.1200

197.85713497072362
      -0.0321       -0.0489       -0.0379
      -0.1213        0.1387        0.0348
       0.0800       -0.0277       -0.1762
       0.0923       -0.2385       -0.1329
       0.0839       -0.1153       -0.0462
      -0.0227        0.2702       -0.0595
      -0.0754        0.0470       -0.0233
      -0.1184        0.1370        0.0403
       0.0756       -0.1211        0.2775
      -0.0114       -0.0788       -0.0308
      -0.0137        0.1139        0.1309
      -0.0803        0.3707        0.1224
       0.0950       -0.3675       -0.1311
      -0.0109       -0.0241       -0.0144
      -0.0502        0.0673        0.0264
       0.0422       -0.0442       -0.0938
       0.0701       -0.1399       -0.0778
       0.0451       -0.0933       -0.0176
      -0.0205        0.1131       -0.0307
       0.0888       -0.2068        0.0416
       0.0474        0.0126        0.2992
      -0.0659        0.1240       -0.0139

240.8195743407374
       0.2345        0.0523       -0.0638
       0.0824        0.0723        0.1623
       0.0718        0.0341        0.0358
       0.1605        0.0354       -0.1855
       0.0859       -0.0318        0.2040
      -0.1356       -0.0711       -0.0520
      -0.0133        0.0063        0.1615
      -0.1182        0.0288        0.0963
      -0.1683        0.1182       -0.3594
      -0.0485        0.1046       -0.1133
      -0.1103       -0.1710        0.2360
      -0.2260       -0.1797        0.0623
       0.1701       -0.0262       -0.0686
       0.1167        0.0131       -0.0329
       0.0324        0.0303        0.0771
       0.0556        0.0365       -0.0086
       0.0726       -0.0049       -0.0984
       0.0620       -0.0020        0.0887
      -0.0619       -0.0196       -0.0527
       0.1104       -0.0478       -0.2592
      -0.0718        0.0517        0.0991
      -0.2490        0.1211       -0.2259

271.55136631867197
       0.0111       -0.2099       -0.0705
      -0.0097       -0.0788       -0.0916
      -0.0507        0.0221        0.0569
      -0.0926        0.0224        0.1131
      -0.0596        0.0746       -0.0760
       0.0771       -0.1030        0.0220
      -0.0171        0.0740       -0.0222
       0.0576        0.0110       -0.0256
       0.0691        0.0182        0.1144
      -0.0611        0.1249        0.1445
       0.0630       -0.0093       -0.1859
       0.1333       -0.1207       -0.1097
      -0.1168        0.1763        0.0903
       0.0111       -0.1067       -0.0407
      -0.0209       -0.0105       -0.0348
      -0.0368        0.0177        0.0466
      -0.0527        0.0337        0.0675
      -0.0421        0.0482       -0.0316
       0.0376       -0.0469        0.0273
       0.2691       -0.3590       -0.1639
       0.1619        0.1494        0.4425
      -0.3149        0.1759       -0.1795

330.7349357969947
      -0.0113       -0.2327       -0.1289
      -0.2275        0.2043        0.0366
      -0.0129        0.0620        0.0914
       0.0085       -0.1790       -0.0318
      -0.0105        0.0578        0.0710
      -0.0407       -0.1934       -0.0377
      -0.0800        0.2542        0.0385
      -0.0516        0.1914        0.0854
       0.2919        0.1089        0.1122
      -0.0943        0.2332        0.1496
      -0.0346       -0.1778       -0.0436
      -0.0372       -0.2757       -0.0893
       0.2065       -0.0067       -0.2547
       0.0370       -0.1660       -0.0874
      -0.0738        0.0612       -0.0020
      -0.0001        0.0525        0.0448
       0.0374       -0.1315       -0.0245
      -0.0021        0.0515        0.0326
      -0.0136       -0.0797       -0.0197
      -0.0412        0.0869        0.1572
       0.0700        0.0061       -0.0749
       0.2455        0.0231        0.1095

364.87635631083793
      -0.1941        0.1044        0.0546
       0.0493       -0.2324       -0.1631
       0.0320        0.0174       -0.0437
      -0.1236        0.0298        0.0307
       0.0459       -0.0550        0.1523
      -0.1990        0.0156       -0.0837
       0.1162       -0.0433       -0.0909
       0.0337       -0.0655       -0.0315
       0.3688        0.2091        0.1144
       0.1453       -0.2200       -0.1506
      -0.1811       -0.1078        0.2299
      -0.2570       -0.0364        0.0685
       0.0939        0.3078       -0.1281
      -0.1023        0.0966        0.0545
       0.0275       -0.0910       -0.0689
       0.0479        0.0175       -0.0448
      -0.0633        0.0376        0.0456
       0.0561       -0.0252        0.0729
      -0.0847        0.0172       -0.0677
       0.1049       -0.0659        0.0601
       0.1830        0.1142        0.0989
       0.1017        0.0990        0.0184

369.3630574968083
       0.0307       -0.1506        0.3048
       0.0495       -0.0942        0.2484
      -0.0252        0.1912       -0.2975
      -0.0303       -0.1550        0.2027
      -0.0327        0.1284       -0.2239
      -0.1027        0.1023       -0.3280
       0.1368       -0.0345        0.2130
      -0.0036        0.0122        0.0355
       0.0370        0.0683       -0.0729
      -0.0318       -0.1219        0.1866
      -0.1405        0.0294       -0.2370
      -0.1380        0.0099       -0.1724
       0.2497       -0.0060        0.1923
       0.0190       -0.0405        0.0872
      -0.0109       -0.0266        0.0412
       0.0053        0.0706       -0.0908
      -0.0012       -0.0456        0.0430
       0.0141        0.0388       -0.0480
      -0.0525        0.0282       -0.1307
       0.0346        0.0803       -0.0583
      -0.0354       -0.0093       -0.0353
      -0.0166        0.0005       -0.0268

490.78013458429683
       0.0741       -0.1420       -0.0821
      -0.1618        0.1921        0.1833
       0.0079       -0.0500       -0.0390
      -0.0081       -0.0568       -0.0899
       0.0127       -0.0380        0.0183
      -0.0327        0.0971        0.0268
       0.2678       -0.4262       -0.1961
       0.1415       -0.3698       -0.1893
       0.0929        0.0808        0.0014
      -0.2408        0.2556        0.1125
      -0.0349        0.0620        0.0881
      -0.0492        0.0583        0.0402
      -0.0155        0.1687        0.0468
       0.0086        0.0181        0.0031
      -0.1815        0.2736        0.1832
       0.0109       -0.0214       -0.0248
      -0.0313        0.0371       -0.0046
       0.0150       -0.0178        0.0115
      -0.0135        0.0500        0.0051
       0.0146        0.0144        0.0154
       0.0575        0.0380       -0.0193
       0.0313       -0.0045        0.0122

541.40931574014
      -0.0149        0.0593        0.0276
       0.0861        0.1999       -0.2625
       0.0200        0.1401       -0.0224
       0.2858       -0.0809        0.2166
       0.0131        0.0117        0.0611
      -0.1732       -0.1318       -0.1633
       0.1304       -0.0336       -0.3097
       0.2164        0.1174        0.0418
      -0.2008       -0.1591        0.0379
       0.2529        0.1303        0.2799
      -0.1802       -0.2043        0.0221
      -0.1176        0.0391        0.0458
      -0.2113       -0.0395        0.0069
      -0.1227        0.0003        0.0349
      -0.0259        0.1118       -0.0673
       0.0343        0.0603       -0.0241
       0.0897       -0.0686        0.0847
       0.0327       -0.0120        0.0343
      -0.0797       -0.0896       -0.1061
      -0.0458       -0.0420       -0.0038
      -0.0519       -0.0418        0.0053
      -0.0740       -0.0559        0.0060

575.1744344578523
      -0.3211        0.2244        0.0354
      -0.0572       -0.2640       -0.0437
       0.0104        0.0295        0.0803
      -0.0075       -0.2998       -0.3029
       0.0025        0.0105       -0.0067
       0.0558       -0.1103        0.0149
       0.2266       -0.1953       -0.0273
      -0.0906        0.2780        0.0824
       0.0016        0.0155        0.0093
      -0.0559        0.3286       -0.0475
       0.0831       -0.0487       -0.0698
       0.0592        0.0171       -0.0062
       0.1005        0.0414        0.2878
      -0.0996        0.1785        0.0556
      -0.0384       -0.0704       -0.0345
      -0.0090        0.0060        0.0346
       0.0738       -0.2552       -0.1268
      -0.0204       -0.0028       -0.0194
       0.0269       -0.0594        0.0163
       0.0455        0.0412       -0.0522
      -0.0268       -0.0114       -0.0006
      -0.0555       -0.0226       -0.0132

591.2129215515588
       0.1500        0.2220        0.2733
       0.2528       -0.0143        0.0070
      -0.0186        0.0202        0.0228
       0.2599       -0.1308        0.0075
      -0.0272        0.0213       -0.0518
       0.0709       -0.0604       -0.0081
      -0.1252       -0.1744       -0.0930
      -0.2556       -0.0195        0.0948
       0.0826        0.0808       -0.0198
      -0.3767       -0.1269        0.2210
       0.0731        0.0072       -0.0899
       0.0625       -0.0032       -0.0064
      -0.2162        0.1514       -0.3504
      -0.0076        0.0883        0.1043
       0.1240       -0.0180        0.0525
      -0.0227        0.0088        0.0265
       0.1521       -0.0661       -0.1382
      -0.0268        0.0076       -0.0289
       0.0275       -0.0214        0.0069
      -0.0269       -0.0901        0.0704
       0.1069        0.0757        0.0223
       0.0881        0.0601        0.0116

625.6683744121281
       0.0452       -0.0600       -0.0314
      -0.0276        0.0028        0.0699
       0.0802        0.4323        0.2366
      -0.0933        0.0645       -0.0319
      -0.0490       -0.2942       -0.1344
      -0.0391       -0.3889       -0.1472
      -0.0136       -0.0057        0.0441
      -0.0270       -0.0523       -0.0387
       0.0338        0.0305       -0.0120
      -0.0485       -0.0735       -0.0750
       0.0492        0.0599        0.0121
       0.0715        0.3547        0.1516
       0.0307        0.0040       -0.0024
       0.0354       -0.0036       -0.0102
      -0.0169        0.0186        0.0339
       0.0197        0.1363        0.0796
      -0.0508        0.0695        0.0027
      -0.0540       -0.2591       -0.1241
      -0.0428       -0.3397       -0.1417
       0.0054        0.0090        0.0012
       0.0102        0.0086       -0.0049
       0.0140        0.0089       -0.0016

664.8731625095455
       0.0324       -0.0342       -0.0353
      -0.0227       -0.0157        0.0661
      -0.0159       -0.1624       -0.0408
      -0.0630        0.0536       -0.0385
       0.0648        0.3917        0.1635
       0.0216       -0.1166       -0.0107
      -0.0218       -0.0176        0.0323
      -0.0350       -0.0328       -0.0153
       0.0268        0.0246       -0.0096
      -0.0462       -0.0604       -0.0530
      -0.0455       -0.5416       -0.2687
       0.0821        0.4916        0.2092
       0.0205        0.0033       -0.0033
       0.0242        0.0154       -0.0045
      -0.0098        0.0114        0.0382
      -0.0257       -0.1219       -0.0373
      -0.0383        0.0576       -0.0004
       0.0221        0.2007        0.0779
       0.0019       -0.0986       -0.0240
       0.0042        0.0062        0.0014
       0.0087        0.0075       -0.0030
       0.0114        0.0079       -0.0013

688.0414150436338
      -0.0297        0.0761       -0.1798
      -0.2346       -0.3118        0.2775
      -0.0098        0.0711       -0.1107
       0.1583        0.0915        0.0024
      -0.0340        0.0477       -0.1087
       0.0499        0.0229       -0.0936
      -0.1695       -0.2131        0.1885
       0.1418       -0.0746        0.2870
      -0.0293       -0.0352        0.0179
       0.3594        0.2441       -0.0258
      -0.0508        0.0489       -0.0891
       0.0141       -0.0370        0.0968
      -0.1936        0.0558       -0.2847
       0.0455        0.0757       -0.0455
       0.0092       -0.0865        0.1937
      -0.0214        0.0069       -0.0234
       0.0249       -0.0208        0.0827
       0.0027        0.0038       -0.0268
      -0.0115        0.0083       -0.0702
      -0.0595       -0.0982        0.0770
       0.0618        0.0334        0.0225
       0.0580        0.0238        0.0238

738.4196256395352
      -0.0039        0.0094        0.0128
       0.0083        0.0029       -0.0091
       0.0260        0.1703        0.0838
       0.0032       -0.0098        0.0004
       0.0050        0.0483        0.0314
       0.0414        0.3212        0.1486
       0.0063        0.0119        0.0009
       0.0048       -0.0064       -0.0097
      -0.0028       -0.0008       -0.0009
      -0.0123        0.0081        0.0066
      -0.0017       -0.0356       -0.0130
      -0.0117       -0.1422       -0.0670
      -0.0043        0.0050       -0.0050
       0.0022       -0.0082       -0.0015
       0.0063       -0.0075       -0.0095
      -0.0982       -0.6154       -0.2910
       0.0068       -0.0105       -0.0067
      -0.0276       -0.1309       -0.0588
      -0.0812       -0.5014       -0.2294
      -0.0012       -0.0035        0.0006
       0.0018        0.0014       -0.0012
      -0.0005       -0.0002       -0.0005

768.104573390406
      -0.1616        0.2383        0.0839
       0.0042       -0.0311       -0.0354
       0.0180       -0.0085       -0.0244
       0.0885       -0.1073       -0.0655
       0.0106       -0.0222       -0.0059
      -0.0429        0.0169       -0.0052
      -0.1641        0.2558        0.1481
       0.2933       -0.4961       -0.2489
       0.0112        0.0055       -0.0017
      -0.1250        0.2302        0.1379
      -0.0794       -0.0024        0.0270
       0.0020        0.1035        0.0590
       0.0379       -0.0260        0.0264
       0.1046       -0.1903       -0.1202
       0.1783       -0.2850       -0.1680
       0.0206        0.0406        0.0041
       0.1091       -0.1750       -0.0889
       0.0243        0.0116        0.0200
      -0.0291       -0.0257       -0.0351
       0.0167        0.0047       -0.0153
      -0.0121       -0.0068        0.0057
      -0.0065        0.0080       -0.0072

796.6755870919588
       0.0532       -0.0923       -0.0786
       0.1486       -0.2292       -0.1615
       0.0046       -0.0025       -0.0053
       0.1360       -0.1917       -0.1025
       0.0012       -0.0093       -0.0086
      -0.0039        0.0136        0.0034
      -0.2045        0.3245        0.1825
       0.0843       -0.1528       -0.0744
       0.0041       -0.0038       -0.0023
      -0.0927        0.1285        0.0906
      -0.0173        0.0096        0.0059
      -0.0005       -0.0015        0.0071
       0.0620       -0.0691       -0.0100
      -0.2944        0.4532        0.2520
      -0.1677        0.2621        0.1396
       0.0028        0.0063        0.0012
      -0.1320        0.2211        0.1290
       0.0060        0.0065        0.0047
      -0.0072       -0.0081       -0.0113
      -0.0065        0.0289        0.0019
      -0.0106       -0.0102       -0.0111
       0.0024       -0.0079        0.0017

823.6097061138115
       0.1121       -0.1905        0.4866
       0.1409       -0.0461        0.1964
       0.0154       -0.0705        0.0703
      -0.2767       -0.1416       -0.1149
       0.0444       -0.0408        0.0550
      -0.1057        0.0212        0.0593
       0.1131        0.1187        0.0033
       0.1171        0.1283       -0.2291
      -0.1443       -0.1254        0.0289
       0.1715        0.2653       -0.1996
       0.0436       -0.0243        0.0236
      -0.0268        0.0509       -0.0936
      -0.1876        0.0583       -0.2963
       0.1372        0.0216        0.1450
      -0.0246       -0.0098       -0.0182
       0.0432        0.0396        0.0203
      -0.0859       -0.0297       -0.0325
       0.0016        0.0252        0.0204
      -0.0213       -0.0533        0.0208
      -0.0849       -0.1081        0.0664
       0.0125       -0.0020        0.0221
       0.0115       -0.0078        0.0224

831.765251261838
       0.0043       -0.0075        0.0451
       0.0118       -0.0048        0.0129
       0.0301        0.1978        0.0893
      -0.0147       -0.0223       -0.0112
       0.0404        0.2181        0.1113
      -0.0568       -0.2865       -0.1371
      -0.0142        0.0274        0.0115
       0.0377       -0.0349       -0.0449
      -0.0100       -0.0113        0.0032
       0.0087        0.0374       -0.0091
      -0.0012       -0.0096       -0.0009
      -0.0100       -0.0091       -0.0079
      -0.0097       -0.0023       -0.0205
       0.0128       -0.0030        0.0098
       0.0059       -0.0134       -0.0095
      -0.0632       -0.4088       -0.1972
      -0.0081       -0.0005        0.0003
      -0.0717       -0.4198       -0.1846
       0.0803        0.5318        0.2432
      -0.0053       -0.0058        0.0040
      -0.0022       -0.0027        0.0038
       0.0003       -0.0005        0.0016

875.4438992543568
      -0.0016        0.0042       -0.0078
      -0.0016       -0.0013       -0.0082
      -0.0585       -0.2587       -0.1301
       0.0053        0.0016        0.0059
       0.0572        0.3538        0.1679
       0.0222        0.1346        0.0500
       0.0004       -0.0007        0.0042
      -0.0010       -0.0020        0.0053
       0.0016        0.0022       -0.0006
      -0.0031       -0.0030        0.0026
       0.0011       -0.0198       -0.0034
       0.0025       -0.0548       -0.0214
       0.0023       -0.0003        0.0036
      -0.0035       -0.0011       -0.0024
      -0.0030        0.0045        0.0008
       0.0515        0.3501        0.1627
       0.0034       -0.0025       -0.0000
      -0.1113       -0.6519       -0.2884
      -0.0330       -0.2170       -0.1017
       0.0007        0.0006       -0.0005
       0.0011        0.0010       -0.0011
       0.0001       -0.0002       -0.0002

913.4496310152692
      -0.0514        0.0771        0.0439
       0.1840       -0.2857       -0.1612
       0.0101       -0.0001        0.0034
      -0.1520        0.2424        0.1325
       0.0034        0.0021       -0.0055
      -0.0001       -0.0060        0.0039
      -0.0525        0.0888        0.0497
       0.0241       -0.0418       -0.0200
      -0.0039       -0.0038        0.0002
       0.0197       -0.0275       -0.0185
      -0.0189       -0.0000        0.0025
       0.0009        0.0116        0.0030
       0.0194       -0.0241       -0.0164
       0.1173       -0.1894       -0.1074
      -0.3068        0.4804        0.2751
       0.0004       -0.0062       -0.0002
       0.2433       -0.3955       -0.2260
       0.0057       -0.0001        0.0016
      -0.0003        0.0059        0.0020
      -0.0132        0.0176        0.0093
       0.0030        0.0005       -0.0058
      -0.0010       -0.0098        0.0032

935.2067742504574
      -0.0067        0.0038        0.0178
       0.0129       -0.0071       -0.0010
      -0.4202        0.2161       -0.3150
      -0.0130       -0.0083       -0.0174
      -0.3013       -0.1502        0.4169
       0.1397        0.0846       -0.2443
       0.0026        0.0157        0.0018
       0.0138       -0.0285       -0.0164
      -0.0047       -0.0056        0.0025
       0.0129        0.0211       -0.0043
       0.3289       -0.1467        0.1851
       0.1925        0.0021       -0.0250
       0.0010        0.0016       -0.0053
       0.0162       -0.0114       -0.0049
      -0.0089        0.0112        0.0019
      -0.0055        0.0944       -0.1978
      -0.0081        0.0009        0.0015
      -0.1219       -0.0066        0.1145
       0.1284       -0.0470        0.0589
      -0.0016       -0.0006        0.0008
      -0.0015       -0.0017        0.0005
      -0.0015       -0.0014        0.0005

953.976828223696
      -0.0141        0.0445       -0.0987
      -0.0971       -0.0977        0.0585
       0.0539       -0.0939        0.1679
       0.1544        0.0493        0.1027
       0.0355       -0.0512        0.0997
      -0.5335        0.0528        0.0760
      -0.0267       -0.0277        0.0402
      -0.0017        0.0369       -0.1068
       0.0202        0.0256       -0.0150
       0.0023       -0.0392        0.0696
       0.4992        0.0000       -0.1657
      -0.1103        0.0835       -0.1774
      -0.0026       -0.0209        0.0206
      -0.0267       -0.0007       -0.0269
       0.0055       -0.0295        0.0630
       0.2926        0.0468       -0.1862
       0.0510       -0.0014        0.0341
      -0.2294        0.0898       -0.1131
      -0.1467        0.0107        0.0488
       0.0022        0.0009        0.0004
       0.0072        0.0081       -0.0010
       0.0087        0.0054       -0.0016

965.4866286743351
       0.1695       -0.2720       -0.1493
      -0.0732        0.1167        0.0650
      -0.0089        0.0075       -0.0112
      -0.1625        0.2568        0.1452
      -0.0061       -0.0051        0.0122
       0.0004        0.0025       -0.0059
      -0.0041        0.0063        0.0013
       0.0422       -0.0696       -0.0389
       0.0020       -0.0003       -0.0003
      -0.0014        0.0088        0.0008
      -0.0080       -0.0015        0.0103
       0.0120        0.0076        0.0027
      -0.0067        0.0086        0.0059
      -0.2614        0.4280        0.2426
       0.1365       -0.2149       -0.1250
       0.0024        0.0013       -0.0092
       0.2738       -0.4458       -0.2531
       0.0026       -0.0056        0.0057
       0.0030       -0.0009        0.0026
       0.0047       -0.0056       -0.0035
      -0.0059       -0.0031        0.0046
       0.0022        0.0087       -0.0023

1045.8243678361118
      -0.0160        0.0998       -0.1895
      -0.1566       -0.1936        0.1667
      -0.0326        0.0183       -0.0213
       0.1300        0.0510        0.0393
       0.0749       -0.0212        0.0204
      -0.0217       -0.0422        0.0735
       0.2073        0.1091        0.0465
       0.0810        0.1707       -0.1918
      -0.2196       -0.2414        0.1183
      -0.1888       -0.2107        0.1631
      -0.2255       -0.0198        0.1244
       0.0956        0.0936       -0.2789
       0.1773        0.2414       -0.1606
       0.0835        0.0873       -0.0571
      -0.0258       -0.0613        0.0715
       0.0326        0.0155       -0.0445
       0.0413        0.0345       -0.0067
       0.1592       -0.0691        0.0870
       0.1491       -0.1355        0.2537
      -0.0593       -0.0661        0.0310
      -0.0264       -0.0446        0.0262
      -0.0342       -0.0413        0.0328

1055.2560054855276
      -0.0008        0.0225       -0.0408
       0.1044        0.0922       -0.0433
       0.3130       -0.0267       -0.0639
      -0.1684       -0.0599       -0.0883
      -0.3083        0.0485        0.0176
       0.1268       -0.0653        0.0873
       0.0328        0.0101        0.0075
       0.0266       -0.0477        0.1663
      -0.0616       -0.0713        0.0368
      -0.0238       -0.0283        0.0215
      -0.2554        0.0620       -0.0455
       0.0768       -0.0676        0.1221
       0.0568        0.0784       -0.0505
       0.0517        0.0425       -0.0157
       0.0359        0.0272       -0.0095
       0.5270        0.1005       -0.3900
      -0.0603       -0.0317        0.0014
      -0.2775        0.0868       -0.1018
       0.0618       -0.0383        0.0591
      -0.0122       -0.0120        0.0042
      -0.0095       -0.0145        0.0067
      -0.0111       -0.0102        0.0081

1058.1152485960472
      -0.0270        0.0724       -0.1600
       0.1113        0.0915       -0.0344
      -0.0414       -0.0169        0.0479
      -0.1933       -0.0568       -0.0958
      -0.0102        0.0055       -0.0098
      -0.0252        0.0599       -0.1165
       0.1838        0.0803        0.0707
       0.0540       -0.0801        0.1489
      -0.2413       -0.2809        0.1459
      -0.0910       -0.1120        0.0982
       0.2683       -0.0009       -0.0947
      -0.0957       -0.0978        0.2397
       0.2314        0.2910       -0.1805
       0.0719        0.0744       -0.0540
       0.0390        0.0242       -0.0125
      -0.1770       -0.0442        0.1584
      -0.0652       -0.0529        0.0101
      -0.0987        0.0473       -0.0601
      -0.1912        0.1795       -0.3081
      -0.0546       -0.0556        0.0237
      -0.0474       -0.0641        0.0309
      -0.0495       -0.0504        0.0347

1097.4418845662676
      -0.0127       -0.1594        0.2708
      -0.2605       -0.1374       -0.0415
       0.1022       -0.0299        0.0251
       0.3748        0.2274        0.0122
      -0.1233        0.0075        0.0284
       0.1443       -0.0048       -0.0368
       0.0556        0.0355       -0.0025
      -0.0840       -0.0499       -0.0141
      -0.0717       -0.1255        0.1100
      -0.0711        0.0661       -0.1976
       0.0026        0.0024       -0.0012
      -0.0483       -0.0121        0.0827
       0.1424        0.1440       -0.0594
      -0.2249       -0.1951        0.0939
      -0.2649       -0.0322       -0.2468
       0.0271       -0.0110        0.0138
       0.1670        0.2292       -0.2284
      -0.1500        0.0499       -0.0563
      -0.0284        0.0594       -0.1232
       0.0117        0.0187       -0.0105
      -0.0430       -0.0508        0.0016
      -0.0566       -0.0357        0.0120

1136.4283559432029
       0.1167        0.0849       -0.0191
      -0.1948       -0.1640        0.0693
       0.1579       -0.0845        0.1229
       0.0222        0.0015        0.0207
      -0.1862       -0.0323        0.1396
       0.1446        0.0451       -0.1403
       0.0312        0.0884       -0.1184
       0.1229        0.1684       -0.1774
       0.1126        0.1214       -0.0532
      -0.0606       -0.1245        0.1554
      -0.1113       -0.0261        0.0918
       0.0838        0.0004       -0.0731
      -0.1742       -0.1697        0.0648
       0.4107        0.2638       -0.0151
      -0.1456       -0.0428       -0.0820
      -0.0443       -0.0486        0.1255
       0.0067       -0.0042        0.0141
      -0.2185        0.0592       -0.0463
      -0.1355        0.1733       -0.3191
       0.0269        0.0292       -0.0111
      -0.0031        0.0101       -0.0172
      -0.0044        0.0054       -0.0179

1156.1456301885773
       0.1462        0.0312        0.1095
      -0.1672       -0.0192       -0.1512
      -0.1695        0.0812       -0.1129
      -0.0377        0.0245       -0.0808
       0.1543        0.0289       -0.1181
      -0.1897       -0.0235        0.1138
      -0.0116        0.0090       -0.0390
       0.0693       -0.0909        0.2504
       0.0509        0.0270        0.0722
      -0.0326       -0.0459        0.0443
       0.0991        0.0403       -0.1322
       0.0045       -0.0870        0.1860
      -0.0249       -0.0196       -0.0225
       0.4008        0.2319        0.0217
      -0.3160        0.0142       -0.3716
       0.0665        0.0557       -0.1442
       0.0005        0.0452       -0.0763
       0.2312       -0.0664        0.0670
       0.0201       -0.0794        0.1617
       0.0663        0.0613       -0.0432
      -0.0225       -0.0233       -0.0419
      -0.0773       -0.0523       -0.0006

1175.0846599837644
      -0.0039        0.0008       -0.0091
       0.0113        0.0071        0.0060
       0.0128       -0.0050        0.0063
      -0.0031       -0.0046        0.0105
      -0.0092       -0.0015        0.0064
       0.0123        0.0018       -0.0103
       0.0015       -0.0081        0.0081
      -0.0023        0.0066       -0.0108
      -0.2244        0.2929        0.1970
      -0.0002        0.0042       -0.0080
      -0.0044       -0.0040        0.0114
      -0.0038        0.0075       -0.0129
       0.1159       -0.1509       -0.1052
      -0.0260       -0.0129       -0.0012
       0.0288       -0.0143        0.0123
      -0.0079       -0.0050        0.0124
       0.0007       -0.0110        0.0064
      -0.0203        0.0072       -0.0079
       0.0023        0.0050       -0.0053
       0.1496       -0.1696       -0.1239
       0.3931        0.2916       -0.3238
      -0.2429       -0.5197        0.1813

1210.0631435557848
      -0.0015       -0.0205        0.0359
       0.0210       -0.0271        0.0708
       0.0210       -0.0054        0.0050
      -0.0117       -0.0082       -0.0009
       0.0061        0.0029       -0.0100
       0.0059        0.0028       -0.0085
      -0.1378       -0.0042       -0.1622
      -0.0748       -0.0397       -0.0072
       0.2135       -0.0750        0.3444
       0.0735        0.0358        0.0173
       0.0007       -0.0193        0.0485
      -0.0217        0.0272       -0.0625
      -0.0465        0.0976       -0.1920
       0.0362        0.0173        0.0107
       0.1295       -0.0199        0.1802
      -0.0275       -0.0098        0.0316
      -0.0131       -0.0358        0.0486
      -0.0541        0.0226       -0.0363
       0.0264       -0.0266        0.0318
       0.3373        0.4421       -0.2751
      -0.2640       -0.2364       -0.1056
      -0.3255       -0.1030       -0.0559

1219.5409097234099
      -0.0387       -0.0342        0.0176
       0.0054       -0.0342        0.0602
      -0.1263       -0.0357        0.1222
      -0.0275        0.0372       -0.1034
      -0.0652       -0.0498        0.1365
      -0.1243        0.0072        0.0307
       0.0125        0.0226       -0.0429
       0.0780        0.0927        0.0059
       0.0330        0.0184        0.0222
      -0.0489       -0.0438        0.0253
      -0.1137        0.1098       -0.2257
       0.3797       -0.0687        0.0514
      -0.0483       -0.0308       -0.0096
      -0.1565       -0.1011        0.0104
       0.0968       -0.0154        0.1417
       0.1880        0.0443       -0.1589
       0.0202        0.1152       -0.1728
       0.3886       -0.1901        0.2843
      -0.2577        0.1918       -0.3180
       0.0389        0.0446       -0.0330
      -0.0257       -0.0191       -0.0149
      -0.0366       -0.0215       -0.0050

1254.4036534163772
       0.1766        0.0747        0.0604
      -0.0704        0.0784       -0.2121
       0.0098       -0.0598        0.1220
       0.0404       -0.1396        0.2864
      -0.0572       -0.0443        0.1145
       0.0002        0.0186       -0.0334
      -0.3340       -0.2713        0.0804
      -0.1144       -0.0267       -0.0435
      -0.0994       -0.1198        0.0571
      -0.0200        0.1462       -0.2803
      -0.0843        0.0291       -0.0392
       0.1532        0.0948       -0.1902
       0.2901        0.1872        0.0373
       0.1402        0.0747        0.0159
      -0.0474        0.0293       -0.0919
       0.0456       -0.0108        0.0035
      -0.0388       -0.1996        0.3126
       0.0970       -0.0615        0.1072
      -0.0638        0.0572       -0.1124
      -0.0036        0.0095       -0.0112
       0.0427        0.0126        0.0176
       0.0383        0.0269        0.0200

1284.1957741019776
       0.0459       -0.0126        0.0727
      -0.0380        0.0388       -0.1122
      -0.0206        0.0051       -0.0030
      -0.1261       -0.0234       -0.1097
       0.1350        0.0359       -0.1281
      -0.3177        0.0891       -0.0919
      -0.1672       -0.1116       -0.0084
       0.1977       -0.0008        0.2787
      -0.0350       -0.0285       -0.0009
      -0.0143       -0.0139        0.0133
      -0.1369       -0.1299        0.3195
       0.4476        0.0329       -0.2079
       0.0877        0.0363        0.0466
      -0.0393       -0.0346        0.0238
       0.0402        0.0105        0.0347
      -0.1045       -0.0211        0.0788
       0.0092        0.1624       -0.2727
      -0.2290        0.1312       -0.1968
      -0.0675        0.0068        0.0230
      -0.0037        0.0017       -0.0060
       0.0315        0.0194        0.0101
       0.0343        0.0202        0.0083

1313.5583756223048
       0.0328       -0.0640        0.1495
      -0.2130       -0.0662       -0.1193
      -0.0083        0.0351       -0.0714
      -0.0267       -0.0416        0.0508
      -0.0056        0.0053       -0.0105
       0.1028       -0.0479        0.0711
      -0.2794        0.0321       -0.3557
       0.1350        0.0975       -0.0846
      -0.1341       -0.0766       -0.0302
       0.0313        0.0072        0.0213
       0.0952        0.0210       -0.0714
      -0.2371       -0.0626        0.1704
       0.2470        0.0618        0.1742
       0.1977        0.0956        0.0429
       0.2752       -0.0476        0.3906
       0.0068        0.0162       -0.0299
       0.0487        0.1681       -0.2434
       0.0229       -0.0087        0.0084
       0.0355       -0.0296        0.0273
      -0.0179       -0.0013       -0.0288
       0.1092        0.0755        0.0386
       0.1189        0.0492        0.0337

1341.8347445932598
      -0.2380       -0.1786        0.0579
       0.1330       -0.0212        0.1795
      -0.0287       -0.0193        0.0545
       0.1217        0.2041       -0.2354
      -0.0040        0.0222       -0.0494
      -0.0619        0.0100       -0.0005
      -0.0669        0.1504       -0.3390
      -0.4547       -0.2583        0.0300
      -0.0934       -0.0366       -0.0365
       0.2718        0.0383        0.2227
      -0.0316       -0.0215        0.0671
       0.1592        0.0301       -0.1105
       0.1703        0.0536        0.0954
       0.1705        0.1024        0.0145
      -0.0374       -0.0039       -0.0410
       0.0244        0.0003       -0.0137
      -0.0009       -0.0793        0.1426
       0.0259       -0.0106       -0.0007
      -0.0493        0.0283       -0.0459
      -0.0481       -0.0608        0.0235
       0.0666        0.0507        0.0206
       0.0730        0.0236        0.0209

1377.1245425578572
       0.0459        0.0179        0.0191
      -0.0581       -0.0641        0.0459
      -0.2820        0.0993       -0.1111
       0.1082        0.0047        0.1093
       0.1549        0.1352       -0.3541
       0.0176       -0.1074        0.2274
       0.0784        0.0857       -0.0654
      -0.0388        0.1005       -0.2107
      -0.0002        0.0075       -0.0092
      -0.1504        0.0111       -0.1870
       0.0222       -0.1395        0.2980
       0.1663       -0.1290        0.2625
      -0.0242       -0.0191        0.0045
      -0.0208       -0.0192        0.0097
       0.0383       -0.0234        0.0866
       0.0940        0.0810       -0.2076
      -0.0137       -0.1561        0.2575
      -0.0594        0.0950       -0.1838
      -0.1648        0.1079       -0.1770
      -0.0023       -0.0031       -0.0004
      -0.0054       -0.0006        0.0060
      -0.0002       -0.0100        0.0023

1439.8459104255758
      -0.0151        0.0117       -0.0368
       0.0415        0.0318       -0.0054
       0.1937        0.0550       -0.1851
      -0.0494       -0.0437        0.0172
      -0.4340        0.1854       -0.2443
       0.0310       -0.1645        0.3406
      -0.0346       -0.0581        0.0675
       0.0403       -0.0207        0.0615
       0.0109        0.0029        0.0086
       0.0619        0.0078        0.0567
       0.2712       -0.1693        0.2850
      -0.1320        0.1364       -0.2973
      -0.0050        0.0066       -0.0161
       0.0044        0.0124       -0.0130
      -0.0296        0.0119       -0.0585
      -0.0317       -0.0038        0.0203
       0.0104        0.0747       -0.1227
       0.2310       -0.1069        0.1394
      -0.1519        0.0835       -0.1315
       0.0003       -0.0056        0.0067
      -0.0051       -0.0062       -0.0164
      -0.0132        0.0074       -0.0078

1447.8844370791103
      -0.0540        0.0121       -0.0808
       0.0784        0.0594       -0.0152
      -0.4219       -0.0653        0.2943
      -0.0814       -0.0754        0.0478
       0.2749       -0.0179       -0.0649
       0.3536       -0.0516       -0.0111
      -0.0699       -0.1213        0.1350
      -0.0281       -0.0239       -0.0226
       0.0170       -0.0002        0.0182
       0.1670        0.0200        0.1472
      -0.0440       -0.0239        0.0757
      -0.2423        0.1324       -0.2325
       0.0119        0.0243       -0.0257
       0.0351        0.0393       -0.0307
      -0.0466        0.0242       -0.0970
       0.2153        0.0630       -0.2115
       0.0306        0.1614       -0.2519
      -0.0362        0.0508       -0.1006
       0.0031        0.0807       -0.1869
      -0.0023       -0.0075        0.0144
      -0.0106       -0.0127       -0.0230
      -0.0280        0.0057       -0.0125

1471.7885637551276
       0.1866        0.1254       -0.0165
       0.0578       -0.0654        0.1806
      -0.0150        0.0164       -0.0286
      -0.0957        0.0664       -0.2190
       0.0211       -0.0087        0.0119
       0.0359       -0.0228        0.0374
      -0.1779       -0.0712       -0.0743
       0.1378        0.1214       -0.0840
      -0.1572       -0.1838        0.0861
       0.0227       -0.0821        0.1701
       0.0110        0.0027       -0.0103
      -0.0741       -0.0199        0.0304
      -0.0018       -0.0266        0.0328
      -0.2362       -0.1472        0.0030
      -0.1868       -0.0094       -0.1917
      -0.0033        0.0072       -0.0107
      -0.0667       -0.0986        0.1008
      -0.0135        0.0065       -0.0090
      -0.0062        0.0045       -0.0152
       0.1467        0.2901       -0.2337
       0.3531        0.1656       -0.1090
       0.1933        0.3350       -0.0061

1501.197929490901
      -0.2745       -0.0971       -0.1296
       0.1124        0.0928       -0.0409
       0.0668        0.0190       -0.0677
       0.0696       -0.1352        0.3133
      -0.0250        0.0097       -0.0127
      -0.1053        0.0244       -0.0107
       0.1655       -0.0265        0.2265
      -0.2266       -0.0153       -0.1927
      -0.0884       -0.1190        0.0832
       0.0727        0.0947       -0.0877
      -0.0310        0.0051       -0.0034
       0.1660       -0.0733        0.1582
      -0.1097       -0.0444       -0.0562
       0.2086        0.1583       -0.0532
       0.0410        0.0338       -0.0130
      -0.0381       -0.0088        0.0281
       0.0951        0.1994       -0.2470
      -0.0134        0.0063       -0.0059
      -0.0112       -0.0094        0.0369
       0.1058        0.1694       -0.1534
       0.2357        0.0928       -0.1643
       0.0938        0.2898       -0.0370

1506.0593122582334
       0.0963        0.1109       -0.0909
       0.0848       -0.0102        0.1098
       0.0837        0.0631       -0.1672
      -0.1133       -0.0694        0.0028
       0.0066       -0.0114        0.0209
      -0.0905       -0.0161        0.0745
      -0.2943       -0.2080        0.0278
      -0.1430        0.1584       -0.4261
       0.0965        0.0696        0.0233
       0.2301        0.0096        0.2340
      -0.0351        0.0182       -0.0309
       0.1088       -0.1268        0.2498
       0.1571        0.1029        0.0146
      -0.0915       -0.0409       -0.0290
      -0.1311        0.0104       -0.1546
      -0.0711       -0.0004        0.0285
      -0.0022        0.0886       -0.1567
      -0.0501        0.0202       -0.0231
      -0.0263       -0.0174        0.0363
      -0.0880       -0.2137        0.1682
      -0.1820       -0.1143       -0.0917
      -0.1728       -0.0739       -0.0570

1513.0124860642031
       0.0058       -0.0065        0.0144
      -0.0112       -0.0067       -0.0098
      -0.0092       -0.0040        0.0124
       0.0065        0.0139       -0.0166
       0.0043       -0.0020        0.0029
       0.0113       -0.0006       -0.0036
       0.0073        0.0181       -0.0121
       0.0274       -0.0077        0.0378
      -0.0944        0.1207        0.1134
      -0.0237       -0.0064       -0.0144
       0.0021        0.0002       -0.0007
      -0.0158        0.0113       -0.0226
      -0.0206        0.0185        0.0300
      -0.0013       -0.0049        0.0050
      -0.0057        0.0188        0.0235
       0.0054        0.0005       -0.0031
      -0.0052       -0.0161        0.0264
       0.0015       -0.0009        0.0008
       0.0022        0.0022       -0.0038
       0.3575       -0.5215       -0.2772
      -0.3226       -0.2118       -0.3613
       0.3700        0.2090        0.1316

1520.7618368006904
       0.0010        0.0273       -0.0480
       0.0381        0.0084        0.0278
       0.0179        0.0114       -0.0316
      -0.0253       -0.0362        0.0372
      -0.0059        0.0036       -0.0062
      -0.0192       -0.0018        0.0137
      -0.0210       -0.0543        0.0677
      -0.0692        0.0240       -0.1144
      -0.0969        0.0551       -0.1236
       0.0706        0.0133        0.0545
      -0.0078       -0.0007        0.0028
       0.0336       -0.0262        0.0542
      -0.0338        0.0243       -0.0597
      -0.0095        0.0035       -0.0168
      -0.0545        0.0105       -0.0705
      -0.0117       -0.0003        0.0042
       0.0091        0.0463       -0.0707
      -0.0064        0.0034       -0.0044
      -0.0061       -0.0042        0.0060
       0.2052        0.1489       -0.2848
      -0.1325        0.0242        0.5520
       0.4051       -0.4075        0.3200

1567.7827008172644
      -0.1192       -0.0751        0.0018
       0.0701        0.0316        0.0215
       0.0193        0.1784       -0.3907
       0.0508        0.0322       -0.0076
       0.2752       -0.2008        0.3397
       0.0449       -0.2243        0.4650
      -0.0137       -0.0147        0.0098
       0.0490       -0.0082        0.1040
       0.0016        0.0029       -0.0033
      -0.0510       -0.0045       -0.0451
      -0.1369        0.1152       -0.2022
      -0.0216        0.0864       -0.1951
      -0.0082        0.0008       -0.0085
       0.0511        0.0344       -0.0013
       0.0050        0.0113       -0.0159
      -0.1639        0.0248        0.0084
       0.0117       -0.0021        0.0176
      -0.2118        0.0648       -0.0666
      -0.1865        0.0897       -0.1374
       0.0010        0.0053       -0.0017
      -0.0007        0.0020        0.0109
       0.0029       -0.0094        0.0039

1627.1037304133147
       0.3102        0.2822       -0.1584
      -0.0488       -0.1585        0.2238
       0.0016        0.0092       -0.0215
      -0.1768       -0.3025        0.3373
       0.0334       -0.0253        0.0421
      -0.0108       -0.0148        0.0339
       0.1350        0.2866       -0.3508
      -0.2130       -0.2199        0.1777
      -0.0195       -0.0031       -0.0147
       0.0597        0.1157       -0.1402
      -0.0197        0.0204       -0.0340
       0.0305        0.0314       -0.0598
       0.0049       -0.0261        0.0492
      -0.1582       -0.0700       -0.0466
      -0.1032       -0.0452       -0.0330
      -0.0149       -0.0009        0.0049
      -0.0102        0.0881       -0.1644
      -0.0187        0.0036       -0.0034
      -0.0182        0.0085       -0.0086
      -0.0146       -0.0187        0.0067
       0.0094        0.0065       -0.0072
       0.0074        0.0116       -0.0016

1636.6389393241636
      -0.3197       -0.1209       -0.1369
       0.3852        0.0132        0.4020
      -0.0096       -0.0271        0.0636
       0.1042       -0.0377        0.1771
      -0.0285        0.0202       -0.0326
      -0.0068        0.0384       -0.0846
      -0.2729       -0.0230       -0.2624
       0.3297        0.1292        0.1084
       0.0195        0.0223       -0.0104
      -0.2374       -0.0001       -0.2579
       0.0368       -0.0113        0.0120
      -0.0454       -0.0257        0.0494
       0.0595        0.0236        0.0304
       0.0574        0.0661       -0.0508
      -0.1319        0.0203       -0.1841
       0.0222       -0.0027        0.0018
       0.0460        0.0417       -0.0242
       0.0289       -0.0095        0.0112
       0.0371       -0.0249        0.0287
      -0.0130       -0.0299        0.0268
      -0.0452       -0.0171        0.0241
      -0.0162       -0.0498        0.0041

3031.318646614528
       0.0002        0.0005       -0.0006
       0.0030        0.0039       -0.0034
       0.0000       -0.0001        0.0002
      -0.0001       -0.0002        0.0003
       0.0000       -0.0002        0.0003
      -0.0004        0.0001       -0.0001
       0.0064        0.0022        0.0039
      -0.0012       -0.0006       -0.0005
      -0.0509       -0.1026        0.1155
      -0.0000       -0.0001       -0.0001
       0.0000        0.0001       -0.0001
       0.0003       -0.0000        0.0002
      -0.0087       -0.0082        0.0016
      -0.0003       -0.0002       -0.0000
      -0.0134       -0.0139        0.0091
      -0.0004        0.0002       -0.0003
      -0.0009       -0.0002       -0.0007
       0.0002        0.0001       -0.0003
       0.0002        0.0008       -0.0006
       0.2467        0.0421        0.2364
      -0.3199        0.5465       -0.0722
       0.2691       -0.2082       -0.5765

3112.218847331777
      -0.0001        0.0002        0.0002
       0.0007        0.0003       -0.0005
       0.0000       -0.0000       -0.0000
      -0.0001        0.0001        0.0001
       0.0000        0.0000       -0.0000
      -0.0002       -0.0000        0.0001
       0.0008       -0.0009       -0.0004
      -0.0001        0.0002        0.0002
      -0.1661        0.2245        0.1440
      -0.0000        0.0000       -0.0000
       0.0001       -0.0000       -0.0000
      -0.0000        0.0000       -0.0001
       0.0005       -0.0010       -0.0007
      -0.0001        0.0001       -0.0005
      -0.0012       -0.0024        0.0008
      -0.0000        0.0000        0.0000
       0.0003       -0.0002       -0.0001
      -0.0000       -0.0000        0.0001
       0.0004       -0.0000       -0.0001
      -0.0300        0.0087       -0.0114
       0.3459       -0.5794        0.0951
       0.2528       -0.1976       -0.5769

3176.5218516977234
       0.0005       -0.0012        0.0029
       0.0062        0.0066       -0.0048
      -0.0001        0.0001       -0.0002
       0.0007        0.0003        0.0003
      -0.0000        0.0000       -0.0000
       0.0008        0.0000       -0.0003
      -0.0025       -0.0018        0.0004
      -0.0002       -0.0001       -0.0000
       0.1968       -0.0078        0.2353
       0.0000        0.0001       -0.0001
      -0.0001       -0.0000        0.0001
       0.0000        0.0001       -0.0002
       0.0002        0.0006       -0.0012
      -0.0028        0.0042       -0.0106
      -0.0223       -0.0230        0.0149
       0.0005       -0.0002        0.0004
      -0.0020       -0.0006       -0.0010
       0.0000        0.0000       -0.0001
      -0.0019       -0.0000        0.0013
      -0.6442       -0.1066       -0.6151
      -0.1174        0.2059       -0.0174
       0.0917       -0.0696       -0.1728

3186.4283837503863
       0.0319       -0.0282        0.0846
       0.0077        0.0091       -0.0073
      -0.0000        0.0001       -0.0003
      -0.2343       -0.0862       -0.1029
       0.0000        0.0001       -0.0003
       0.0001       -0.0001        0.0004
      -0.0001        0.0004       -0.0010
       0.0037       -0.0001        0.0043
      -0.0008       -0.0001       -0.0009
       0.0002        0.0013       -0.0018
      -0.0002       -0.0002        0.0001
      -0.0002        0.0004       -0.0008
       0.0004       -0.0000        0.0005
      -0.0869        0.1137       -0.2961
      -0.0310       -0.0332        0.0236
       0.0002       -0.0001        0.0002
       0.7766        0.2764        0.3571
      -0.0005       -0.0002        0.0007
       0.0007        0.0002       -0.0005
       0.0024        0.0002        0.0025
       0.0004       -0.0005        0.0000
      -0.0004        0.0005        0.0010

3211.9057371139006
       0.0575       -0.0942        0.2294
       0.0525        0.0639       -0.0529
       0.0003       -0.0001        0.0001
       0.0919        0.0385        0.0322
      -0.0003       -0.0000        0.0002
       0.0000        0.0000        0.0001
       0.0006       -0.0008        0.0020
      -0.0016        0.0001       -0.0019
      -0.0038        0.0008       -0.0064
      -0.0017       -0.0003       -0.0012
      -0.0000       -0.0001        0.0001
       0.0000        0.0000        0.0000
       0.0004        0.0004       -0.0001
      -0.2075        0.2964       -0.7512
      -0.2050       -0.2208        0.1570
      -0.0005        0.0003       -0.0005
      -0.2785       -0.1011       -0.1246
       0.0007        0.0003       -0.0009
       0.0002        0.0001       -0.0002
       0.0135        0.0015        0.0139
       0.0055       -0.0084        0.0009
      -0.0041        0.0040        0.0099

3233.224246639466
      -0.0331        0.0340       -0.0964
       0.1658        0.1761       -0.1231
      -0.0003        0.0003       -0.0005
      -0.0224       -0.0112       -0.0046
       0.0003        0.0002       -0.0006
      -0.0001       -0.0001        0.0003
       0.0037       -0.0039        0.0108
      -0.0009       -0.0012        0.0011
      -0.0031        0.0024       -0.0088
       0.0003       -0.0000        0.0003
      -0.0001       -0.0000        0.0001
       0.0002        0.0002       -0.0003
      -0.0002        0.0006       -0.0012
       0.0856       -0.1169        0.3002
      -0.5449       -0.5797        0.4045
       0.0010       -0.0006        0.0009
       0.0615        0.0231        0.0262
      -0.0012       -0.0005        0.0015
       0.0007        0.0001       -0.0004
       0.0136        0.0006        0.0153
       0.0105       -0.0154        0.0023
      -0.0071        0.0075        0.0193

3249.07777568598
       0.0001       -0.0001        0.0003
      -0.0002       -0.0002        0.0001
       0.0560       -0.0420        0.0700
       0.0003        0.0001        0.0002
       0.1553        0.0709       -0.2172
      -0.0110       -0.0002        0.0044
       0.0000       -0.0000       -0.0001
      -0.0001        0.0000        0.0002
       0.0001       -0.0001        0.0001
      -0.0001       -0.0001       -0.0002
       0.0032       -0.0021        0.0037
      -0.0040       -0.0016        0.0048
      -0.0000       -0.0001        0.0001
      -0.0002        0.0003       -0.0009
       0.0006        0.0007       -0.0005
      -0.2164        0.1372       -0.2170
      -0.0009       -0.0003       -0.0005
      -0.5092       -0.2260        0.6991
       0.0376        0.0038       -0.0209
      -0.0002       -0.0001       -0.0002
      -0.0002        0.0002       -0.0000
       0.0001       -0.0001       -0.0002

3271.3824554273024
      -0.0001        0.0002       -0.0004
       0.0003        0.0003       -0.0001
       0.1795       -0.1090        0.1696
      -0.0003       -0.0001       -0.0001
      -0.0699       -0.0249        0.0821
      -0.0636       -0.0012        0.0253
      -0.0001        0.0000       -0.0001
      -0.0003       -0.0001        0.0002
       0.0004        0.0001        0.0002
       0.0000        0.0000       -0.0000
      -0.0007        0.0022       -0.0048
       0.0005        0.0016       -0.0031
      -0.0000       -0.0005        0.0003
       0.0004       -0.0006        0.0014
      -0.0009       -0.0009        0.0006
      -0.5640        0.3486       -0.5460
       0.0008        0.0003        0.0003
       0.1921        0.0821       -0.2569
       0.2155        0.0241       -0.1253
      -0.0010       -0.0002       -0.0009
      -0.0000       -0.0002        0.0001
      -0.0001        0.0000        0.0003

3305.8030342989937
      -0.0000       -0.0001       -0.0000
      -0.0001       -0.0002        0.0003
      -0.0450        0.0381       -0.0654
       0.0003        0.0000        0.0002
       0.0148        0.0031       -0.0124
      -0.2460       -0.0311        0.1545
      -0.0002        0.0002       -0.0005
      -0.0012        0.0000        0.0006
       0.0007       -0.0002        0.0005
      -0.0005        0.0001       -0.0006
       0.0045       -0.0000       -0.0020
       0.0079       -0.0033        0.0047
       0.0001       -0.0015        0.0009
       0.0000        0.0001       -0.0002
       0.0007        0.0008       -0.0006
       0.1564       -0.0994        0.1573
      -0.0009       -0.0003       -0.0005
      -0.0275       -0.0116        0.0363
       0.7835        0.0944       -0.4716
      -0.0014       -0.0003       -0.0015
      -0.0005        0.0003       -0.0000
      -0.0000       -0.0002        0.0002

