27
0 1 C12ClH9N4O
C                    -0.405630255617     2.356047887067    -2.303790085837
C                     3.101588262100     0.217643815713     1.632431152669
C                     1.705971249715     0.181058879573     1.609092385726
C                     3.847575751924    -0.962535063088     1.678733402264
C                     1.779387871377    -2.241768544334     1.708255837141
C                    -1.645274683931     1.994929963855    -1.721560852056
C                     1.029212484185    -1.053924325496     1.633670060830
C                     3.170843443600    -2.184551235090     1.721507106563
C                    -1.816582605076     1.157669993673    -0.639033643035
C                    -3.750541638614     1.876348185587    -1.338675879913
C                    -0.444508809089    -1.171489860684     1.628541691018
C                    -5.233233371829     1.957173555202    -1.299831512201
N                     0.656151452307     2.606366815332    -2.721687869480
N                    -2.909326968296     2.437468054284    -2.141062490333
N                    -1.327258876165    -0.479712561669     0.990593062857
N                    -0.908087067821     0.526133214326     0.165336411627
O                    -3.138643675012     1.067426381649    -0.375700555730
Cl                    4.090378885581    -3.675619092660     1.799546180030
H                     3.615967222633     1.174258167753     1.618323313885
H                     1.149269514701     1.112740420654     1.622824116881
H                     4.932423038511    -0.938116463091     1.690961655786
H                     1.276431399990    -3.203681220565     1.745619845390
H                    -0.874646170520    -1.976813364375     2.221773482655
H                    -5.681871495100     0.969874837962    -1.450372453123
H                    -5.579044493208     2.339458778925    -0.334122564640
H                    -5.567000414560     2.627359552978    -2.092515739545
H                     0.057791896399     0.552362320678    -0.163142251430

19.72333525800304
      -0.0090       -0.1833       -0.1527
      -0.1315        0.0463        0.2706
      -0.1261       -0.0490        0.1274
      -0.0535        0.0937        0.2278
       0.0331       -0.0541       -0.1038
       0.0001       -0.0472       -0.0477
      -0.0417       -0.0987       -0.0588
       0.0281        0.0420        0.0375
      -0.0044       -0.0143       -0.0238
       0.0159        0.1655        0.1037
      -0.0341       -0.1913       -0.1900
       0.0258        0.3034        0.2001
      -0.0217       -0.3191       -0.2672
       0.0156        0.0825        0.0425
      -0.0299       -0.1873       -0.1927
      -0.0166       -0.0674       -0.0500
       0.0044        0.1377        0.0808
       0.2184        0.1717       -0.0360
      -0.0568        0.0241        0.1207
      -0.0566       -0.0264        0.0454
      -0.0163        0.0487        0.0980
       0.0279       -0.0269       -0.0712
      -0.0089       -0.0805       -0.0883
      -0.0217        0.0993        0.0699
       0.0361        0.1004        0.0633
       0.0103        0.0941        0.0620
      -0.0041       -0.0136       -0.0123

22.671998915799897
      -0.1130        0.1855       -0.0256
       0.0621       -0.0732       -0.1759
       0.0638       -0.0727       -0.2588
       0.0593       -0.0676        0.0034
       0.0569       -0.0612        0.0096
      -0.0827        0.1120       -0.0063
       0.0586       -0.0694       -0.1690
       0.0552       -0.0621        0.0984
      -0.0254        0.0152       -0.0715
      -0.0643        0.0582        0.0794
       0.0635       -0.0897       -0.2214
      -0.0631        0.0434        0.1568
      -0.1461        0.2637       -0.0511
      -0.1147        0.1468        0.0969
       0.0527       -0.0950       -0.2165
       0.0158       -0.0456       -0.1739
      -0.0147       -0.0235       -0.0228
       0.0834       -0.0921        0.5893
       0.0183       -0.0217       -0.0712
       0.0208       -0.0194       -0.1093
       0.0169       -0.0193        0.0213
       0.0157       -0.0164        0.0255
       0.0206       -0.0354       -0.0753
      -0.0183        0.0155        0.0261
      -0.0057       -0.0131        0.0601
      -0.0306        0.0324        0.0673
      -0.0006       -0.0065       -0.0597

47.09358486447434
       0.1265       -0.1029        0.1923
      -0.1112        0.0568       -0.3300
      -0.1105       -0.0036       -0.1878
      -0.0610        0.0915       -0.2696
      -0.0103        0.0115        0.0710
       0.0553       -0.0526        0.0678
      -0.0643       -0.0272       -0.0010
      -0.0102        0.0713       -0.0556
      -0.0511       -0.1378       -0.0134
       0.0349        0.1011       -0.0020
      -0.0628       -0.0682        0.0922
       0.0429        0.2515       -0.0227
       0.2172       -0.1917        0.3621
       0.1170        0.1057        0.0795
      -0.1011       -0.1525        0.0512
      -0.1007       -0.2726       -0.0805
      -0.0731       -0.0591       -0.0660
       0.1096        0.2115        0.0925
      -0.0442        0.0221       -0.1420
      -0.0409       -0.0063       -0.0664
      -0.0176        0.0387       -0.1100
       0.0096       -0.0016        0.0640
      -0.0072       -0.0026        0.0575
      -0.0175        0.0909       -0.0357
       0.0189        0.0578        0.0018
       0.0376        0.1046        0.0097
      -0.0258       -0.0777       -0.0174

72.8727008784957
       0.0038       -0.1141        0.1109
       0.0473       -0.0303       -0.0617
       0.0478       -0.0348       -0.1306
       0.0535       -0.0232       -0.0147
       0.0598       -0.0333       -0.1358
      -0.0574        0.0333        0.0751
       0.0459       -0.0378       -0.1756
       0.0577       -0.0274       -0.0406
      -0.1103        0.1894        0.1812
      -0.0776        0.0287       -0.0677
       0.0527       -0.0990       -0.2368
      -0.0871       -0.0549       -0.2454
       0.0882       -0.3156        0.2183
      -0.0354       -0.0663       -0.0944
      -0.0133        0.0210       -0.0219
      -0.1040        0.3690        0.3295
      -0.1442        0.2291        0.1260
       0.1194       -0.0270        0.1437
       0.0120       -0.0077       -0.0095
       0.0171       -0.0087       -0.0341
       0.0153       -0.0045        0.0156
       0.0189       -0.0108       -0.0449
       0.0319       -0.0907       -0.1404
      -0.0013       -0.0324       -0.0342
      -0.0652        0.0287       -0.1031
      -0.0110       -0.0642       -0.1180
      -0.0349        0.1104        0.0657

111.30933876932795
       0.0613        0.0612       -0.0546
      -0.2068       -0.0248       -0.1965
      -0.2017       -0.1140       -0.0003
      -0.1386        0.0201       -0.2454
      -0.0628       -0.1088        0.0914
       0.1411        0.0356        0.1093
      -0.1330       -0.1518        0.0803
      -0.0620       -0.0147       -0.0445
       0.1188        0.0872        0.1497
       0.1255       -0.0098        0.0352
      -0.1228       -0.1675        0.0161
       0.1172       -0.1333       -0.0991
      -0.1152        0.2312       -0.4184
       0.1500       -0.0338        0.0401
      -0.0661       -0.0560        0.0550
       0.0473        0.0899        0.2613
       0.1270        0.1013        0.1280
       0.1377        0.1367        0.0813
      -0.0771        0.0016       -0.0891
      -0.0723       -0.0425        0.0217
      -0.0401        0.0227       -0.1160
      -0.0003       -0.0399        0.0547
      -0.0497       -0.0731       -0.0389
       0.0653       -0.0533       -0.0267
      -0.0031       -0.0342       -0.0439
       0.0375       -0.0599       -0.0481
       0.0137       -0.0007        0.0714

113.24667238638034
       0.0043        0.0139        0.0008
      -0.0235       -0.0078       -0.0072
      -0.0224       -0.0207       -0.0055
      -0.0141       -0.0013       -0.0076
      -0.0029       -0.0212       -0.0089
       0.0010       -0.1195       -0.0872
      -0.0119       -0.0261       -0.0082
      -0.0029       -0.0075       -0.0059
       0.0047       -0.0240       -0.0128
       0.0023       -0.0807       -0.0652
      -0.0114       -0.0219       -0.0072
       0.0216        0.1740        0.1303
       0.0025        0.2366        0.1289
      -0.0032       -0.1915       -0.1489
      -0.0085       -0.0011        0.0113
       0.0017        0.0134        0.0261
       0.0064        0.0051        0.0029
       0.0331        0.0110        0.0099
      -0.0093       -0.0009       -0.0021
      -0.0089       -0.0076       -0.0007
      -0.0042        0.0022       -0.0020
       0.0016       -0.0074       -0.0025
      -0.0047       -0.0083       -0.0057
      -0.0429       -0.0033        0.5513
       0.0860        0.5372       -0.1240
      -0.0186       -0.3108       -0.2571
      -0.0017       -0.0077       -0.0004

139.91391942229583
       0.0490        0.0632        0.0068
      -0.0842        0.0561       -0.0436
      -0.0813        0.0490       -0.0267
      -0.0803        0.0563       -0.0504
      -0.0714        0.0484       -0.0275
       0.0273        0.2405        0.0710
      -0.0639        0.0393       -0.0341
      -0.0775        0.0565       -0.0273
       0.1381        0.1112       -0.0186
       0.0497       -0.0518        0.1206
      -0.0448        0.0083       -0.1150
       0.0335       -0.3999        0.1959
       0.1907       -0.3753        0.0861
      -0.0470        0.1486        0.1587
       0.0379        0.0218       -0.2101
       0.1628        0.0103       -0.1550
       0.1972       -0.0603        0.0304
      -0.2204        0.0660        0.0151
      -0.0253        0.0166       -0.0154
      -0.0263        0.0121       -0.0071
      -0.0233        0.0169       -0.0189
      -0.0202        0.0139       -0.0081
      -0.0267        0.0003       -0.0464
       0.0896       -0.1773        0.2258
       0.0024        0.0068        0.0064
      -0.0675       -0.2657       -0.0372
       0.0449       -0.0050       -0.0376

146.8722969773109
      -0.0354        0.0572        0.0768
       0.0948       -0.0245        0.0373
       0.0911       -0.0006        0.0210
       0.0798       -0.0331        0.0582
       0.0565        0.0045        0.0796
      -0.0052        0.2394        0.2468
       0.0643        0.0147        0.0596
       0.0607       -0.0227        0.0546
      -0.0985       -0.0075        0.0496
      -0.0470        0.0987       -0.0336
       0.0497        0.0258        0.1146
      -0.0606        0.0108       -0.3364
      -0.1417       -0.1776       -0.3215
       0.0410        0.3268        0.2221
      -0.0104       -0.0735        0.0839
      -0.1160       -0.1876       -0.0777
      -0.1551       -0.1115       -0.1386
       0.0939       -0.0650       -0.0549
       0.0317       -0.0094        0.0073
       0.0316        0.0037       -0.0039
       0.0232       -0.0137        0.0164
       0.0126        0.0035        0.0273
       0.0248        0.0268        0.0668
       0.0172       -0.0400        0.0891
      -0.0856        0.2044       -0.2004
       0.0132       -0.1714       -0.2580
      -0.0247       -0.0093        0.0031

166.95997779501832
      -0.0151       -0.0191       -0.0067
       0.0715        0.0408       -0.0891
       0.0631        0.0827        0.0115
       0.0595        0.0297       -0.0340
       0.0302        0.1117        0.5319
      -0.0182       -0.0371       -0.0224
       0.0349        0.0956        0.2645
       0.0260        0.0569        0.2484
      -0.0178       -0.0079       -0.0028
      -0.0143        0.0075       -0.0048
       0.0661       -0.1444       -0.1664
      -0.0125        0.0541       -0.0057
      -0.0158        0.0239        0.0228
      -0.0106       -0.0148       -0.0182
       0.0688       -0.3132       -0.3479
      -0.0144        0.1087        0.1020
      -0.0261        0.0178        0.0037
      -0.1764       -0.0654       -0.2544
       0.0273        0.0074       -0.0901
       0.0305        0.0315       -0.0449
       0.0183        0.0016       -0.0795
       0.0040        0.0370        0.2060
       0.0259       -0.1231       -0.1532
      -0.0142        0.0213       -0.0070
       0.0001        0.0146        0.0001
       0.0042        0.0233        0.0015
       0.0058        0.0985        0.0605

180.8413304497921
      -0.0670        0.0716       -0.0832
      -0.0727       -0.1385       -0.0237
      -0.0626       -0.1762       -0.0093
      -0.0731       -0.1227        0.0506
      -0.0547       -0.1815        0.3285
      -0.0977        0.1094       -0.1275
      -0.0611       -0.1647        0.1528
      -0.0336       -0.1380        0.1858
      -0.0169        0.1251       -0.0959
      -0.0759        0.0560       -0.0394
      -0.0916        0.1159        0.0753
      -0.0846       -0.0530        0.0181
       0.0672       -0.1080        0.1519
      -0.1392        0.0579       -0.1097
       0.0369        0.2649        0.0184
       0.0520        0.0920       -0.1856
      -0.0041        0.1348       -0.0366
       0.4929        0.0338       -0.1538
      -0.0251       -0.0386       -0.0419
      -0.0244       -0.0545       -0.0397
      -0.0210       -0.0330       -0.0152
      -0.0125       -0.0536        0.1270
      -0.0854        0.0842        0.0488
      -0.0022       -0.0259        0.0069
      -0.0222       -0.0280        0.0109
      -0.0506       -0.0210        0.0115
       0.0057        0.0038       -0.0757

204.75199237392349
      -0.0449        0.0542       -0.0187
       0.0294       -0.0318        0.0567
       0.0178       -0.0014        0.4957
       0.0208       -0.0568       -0.4244
       0.0082       -0.0274       -0.0724
      -0.0552        0.0843       -0.0234
       0.0126        0.0024        0.2129
       0.0157       -0.0481       -0.2393
      -0.0246       -0.0058       -0.0865
      -0.0563       -0.0561       -0.0888
       0.0044        0.0167       -0.0011
      -0.0466        0.1120        0.0733
       0.0055       -0.1105        0.0168
      -0.0694        0.0878       -0.0042
       0.0791       -0.0008       -0.1312
       0.0015        0.1774        0.0520
      -0.0475       -0.1943       -0.2235
       0.0930       -0.0290        0.2291
       0.0140       -0.0119        0.0305
       0.0033       -0.0020        0.2539
       0.0072       -0.0216       -0.2117
      -0.0010       -0.0068       -0.0334
      -0.0235       -0.0199       -0.0511
      -0.0604        0.0535        0.0257
       0.0390        0.0348        0.0395
      -0.0152        0.0587        0.0441
       0.0223        0.1413        0.0834

220.9102683333796
       0.0445        0.0771        0.0751
      -0.0388       -0.0090       -0.0518
      -0.0310       -0.0260       -0.2429
      -0.0420        0.0043        0.1841
      -0.0333       -0.0189        0.0443
       0.0486        0.1206        0.1191
      -0.0326       -0.0250       -0.1040
      -0.0358       -0.0015        0.1191
       0.0213       -0.0300       -0.0079
       0.0176       -0.2207       -0.1471
      -0.0223       -0.0023       -0.0575
       0.0489        0.1409        0.2053
       0.0120       -0.1226       -0.1339
       0.0395        0.0373        0.0528
      -0.0327        0.1509        0.1241
      -0.0002        0.2850        0.2821
      -0.0030       -0.4587       -0.3432
       0.0218        0.0416       -0.0999
      -0.0138       -0.0014       -0.0246
      -0.0051       -0.0056       -0.1086
      -0.0127        0.0027        0.0926
      -0.0085       -0.0058        0.0208
      -0.0031       -0.0206       -0.0415
      -0.0876        0.0878        0.0602
       0.1330        0.0335        0.1058
       0.0055        0.1067        0.1190
      -0.0052        0.0448        0.0556

309.7123988747873
       0.0932       -0.1640       -0.1102
       0.1003       -0.0597       -0.0052
       0.0863        0.0540       -0.0240
       0.0073       -0.1030        0.0351
      -0.0750        0.0417       -0.0337
       0.0435       -0.1916       -0.1894
      -0.0240        0.1044       -0.0023
      -0.0642       -0.0588       -0.0064
      -0.0747       -0.1895       -0.1884
       0.0417        0.3101        0.0387
      -0.0514        0.0286        0.0305
       0.0156       -0.2490        0.1807
       0.0810        0.1325        0.0083
       0.0962        0.3094        0.0618
      -0.1919       -0.1018        0.0596
      -0.2469        0.0986        0.2346
      -0.0683        0.0525       -0.1911
       0.1452        0.0340        0.0019
       0.0505       -0.0289       -0.0011
       0.0537        0.0333       -0.0031
       0.0023       -0.0530        0.0241
      -0.0425        0.0225       -0.0147
       0.0221       -0.0254       -0.0101
       0.1618       -0.1534        0.1134
      -0.0107       -0.1013        0.0583
      -0.1467       -0.1587        0.0440
      -0.0451        0.0647        0.1289

321.13924062146526
      -0.1047       -0.1534       -0.1279
      -0.0891        0.0249       -0.0191
      -0.0744       -0.0445       -0.0309
      -0.0579        0.0446        0.0122
       0.0006       -0.0561       -0.0020
      -0.0684       -0.2460       -0.1415
       0.0043       -0.0748       -0.0162
      -0.0118        0.0157        0.0099
       0.0533       -0.2488       -0.1594
       0.0158        0.0994        0.3195
       0.0441        0.0199       -0.0496
       0.0034        0.0954       -0.2469
      -0.0623        0.0498        0.1330
      -0.0430        0.1511        0.3201
       0.1993        0.2043       -0.0181
       0.2344        0.2579        0.0678
       0.0739       -0.2387        0.0539
      -0.0802        0.0269       -0.0075
      -0.0361        0.0127       -0.0070
      -0.0397       -0.0246       -0.0062
      -0.0171        0.0231        0.0082
       0.0081       -0.0203       -0.0002
      -0.0232        0.0128       -0.0303
       0.0244        0.0215       -0.1016
      -0.1593        0.0804       -0.1503
       0.1345       -0.0147       -0.1645
       0.0486        0.0373       -0.0329

338.69042905690253
      -0.0032       -0.0172        0.0691
       0.1747       -0.1481       -0.0001
       0.1589        0.1398       -0.0346
      -0.1409       -0.3000        0.0463
      -0.3270        0.0480       -0.0760
       0.0140       -0.0163        0.0836
      -0.0585        0.2435        0.0041
      -0.3267       -0.1683       -0.0381
       0.0444        0.0003        0.0654
       0.0257       -0.1305        0.0907
      -0.0407        0.1327       -0.0253
       0.0409        0.0830       -0.0888
      -0.0410       -0.0086       -0.0100
       0.0017       -0.1313        0.0858
      -0.0472       -0.1092       -0.2420
       0.0552       -0.0153       -0.0331
       0.0619       -0.0868        0.1444
       0.2180        0.2929        0.0011
       0.1180       -0.0794        0.0021
       0.1004        0.0734       -0.0218
      -0.0400       -0.1652        0.0374
      -0.1627        0.0487       -0.0360
       0.0134        0.0097       -0.0295
      -0.0439        0.0538       -0.0538
      -0.0163        0.0481       -0.0454
       0.0987        0.0472       -0.0432
       0.0235        0.0178        0.0188

410.8991259564117
      -0.1026        0.1784       -0.2127
      -0.1227        0.1023       -0.2400
      -0.1331        0.2119        0.0103
      -0.0730        0.1006        0.1746
       0.0310        0.1560       -0.2025
      -0.0197        0.0682       -0.0734
      -0.0696        0.1798        0.1617
       0.0748       -0.0201        0.0584
       0.0971        0.0328       -0.0369
       0.0055       -0.0750        0.0803
      -0.1056        0.0404        0.1614
       0.0115        0.0457       -0.0546
       0.0689       -0.0616        0.0679
      -0.0826       -0.0287        0.0355
      -0.1269       -0.1671       -0.0669
      -0.0387       -0.0017        0.1143
       0.1202       -0.0182        0.0300
       0.2812       -0.4757        0.0141
      -0.0192        0.0201       -0.1535
      -0.0265        0.0689        0.0108
      -0.0223        0.0777        0.0981
      -0.0133        0.0530       -0.1472
      -0.0170       -0.0074        0.0303
      -0.0324        0.0328       -0.0373
      -0.0273        0.0342       -0.0351
       0.0712        0.0254       -0.0346
       0.0117        0.0303        0.1011

417.0269611085014
      -0.1307        0.2025       -0.2496
       0.1513       -0.1208       -0.2363
       0.1365       -0.2404        0.0555
       0.1537       -0.0525        0.1853
       0.0305       -0.1483       -0.1836
      -0.0369        0.0844       -0.0926
       0.0207       -0.1774        0.1794
      -0.0031        0.0597        0.0780
       0.0791        0.0364       -0.0362
      -0.0196       -0.0149        0.0062
      -0.0031       -0.1007        0.1919
      -0.0258        0.0285       -0.0290
       0.0684       -0.0703        0.0837
      -0.0845        0.0206       -0.0314
       0.0269       -0.1708        0.0524
      -0.0322       -0.0522        0.1146
       0.0737        0.0472       -0.0358
      -0.2665        0.4143       -0.0351
       0.0157       -0.0214       -0.1562
       0.0476       -0.0653        0.0443
       0.0446       -0.0502        0.1006
       0.0515       -0.0684       -0.1460
      -0.0143       -0.0310        0.0444
      -0.0232        0.0168       -0.0168
      -0.0167        0.0164       -0.0150
       0.0179        0.0144       -0.0143
       0.0260        0.0902        0.1440

425.5828630001569
       0.1423       -0.2744        0.3274
      -0.0797        0.0262       -0.3183
      -0.0696       -0.0082        0.1009
      -0.0945        0.0348        0.2016
      -0.0126       -0.0748       -0.2242
       0.0147       -0.0817        0.1148
       0.0314       -0.0310        0.2057
      -0.0284       -0.0130        0.1385
      -0.1246       -0.0200        0.0610
      -0.0144        0.0770       -0.1189
       0.0816        0.1001        0.0862
      -0.0224       -0.0455        0.0643
      -0.1178        0.0840       -0.0936
       0.1008        0.0261       -0.0562
       0.3028        0.0611       -0.2158
       0.0924        0.0789       -0.1529
      -0.1613        0.0402       -0.0141
      -0.0084       -0.0243       -0.0220
      -0.0208        0.0045       -0.2128
      -0.0377       -0.0133        0.0622
      -0.0282        0.0206        0.0978
      -0.0070       -0.0246       -0.1935
      -0.0347        0.0505        0.0117
       0.0293       -0.0338        0.0464
       0.0411       -0.0385        0.0459
      -0.0906       -0.0234        0.0460
       0.0388        0.1820        0.0097

477.54186894357787
       0.0934       -0.1005        0.0680
       0.1250       -0.0778       -0.1750
       0.0762       -0.0514        0.3255
       0.2183       -0.0114       -0.0319
       0.0518        0.0955       -0.0668
       0.0275       -0.0200        0.0085
      -0.1163        0.0101       -0.1245
       0.0873        0.0883        0.4239
      -0.0100        0.0180       -0.0152
       0.0159       -0.0581        0.0942
      -0.2489       -0.0089       -0.2950
       0.0267        0.0040       -0.0107
       0.0240        0.0473       -0.0395
      -0.0089       -0.0487        0.0834
      -0.3395        0.2484        0.0398
      -0.0753       -0.0191       -0.1032
       0.0317       -0.0908        0.0660
       0.0099        0.0037       -0.0584
       0.0178       -0.0142       -0.1790
       0.0526        0.0043        0.1138
       0.0651       -0.0115       -0.1283
       0.0487        0.0051       -0.1376
      -0.0698       -0.0014       -0.0836
      -0.0076        0.0104       -0.0178
      -0.0194        0.0133       -0.0177
       0.0509        0.0050       -0.0182
      -0.0313       -0.1330       -0.0695

500.05668398147276
      -0.1216        0.3082        0.0323
      -0.0518        0.0782       -0.0979
      -0.0318        0.1840        0.2099
      -0.2593       -0.0605       -0.0478
      -0.0917       -0.0506       -0.0464
      -0.0263       -0.0597       -0.0538
       0.1762        0.0713       -0.1368
      -0.1544       -0.1020        0.3062
       0.0092       -0.1191       -0.0410
       0.0112        0.1160       -0.0406
       0.3182       -0.1661       -0.1439
       0.0084       -0.0053        0.0050
      -0.0413       -0.1341        0.0021
       0.0294        0.0055       -0.0978
       0.1644       -0.0288        0.2994
       0.0682       -0.0578        0.0886
      -0.0155        0.0800       -0.0620
       0.0047        0.0274       -0.0399
       0.0410       -0.0087       -0.1079
      -0.0471        0.0298        0.0633
      -0.0741       -0.0385       -0.1056
      -0.0864        0.0143       -0.0858
       0.1462       -0.0821       -0.0484
       0.0406       -0.0206        0.0114
       0.0036       -0.0174        0.0079
      -0.0395       -0.0171        0.0062
      -0.0358       -0.2089       -0.1574

507.4522247777947
      -0.0561       -0.4741       -0.4995
      -0.0416        0.0473       -0.0163
      -0.0247        0.0702        0.0443
      -0.1298       -0.0134       -0.0438
      -0.0398       -0.0329        0.0141
       0.0322        0.2068        0.1442
       0.0803        0.0152       -0.1415
      -0.0686       -0.0436        0.1547
       0.0174        0.2184        0.1869
      -0.0149       -0.1235       -0.1011
       0.1584       -0.0449       -0.0621
      -0.0093       -0.0042       -0.0028
       0.0585        0.2156        0.1843
       0.0111        0.1046        0.0930
       0.0877        0.0194        0.1248
      -0.0650       -0.1525       -0.0679
      -0.0104       -0.0626       -0.0438
       0.0050       -0.0029       -0.0217
       0.0095        0.0020       -0.0069
      -0.0214        0.0117        0.0705
      -0.0373       -0.0096       -0.0527
      -0.0386        0.0047       -0.0031
       0.0683       -0.0143       -0.0049
      -0.0458        0.0177        0.0060
       0.0412        0.0057        0.0127
      -0.0011        0.0208        0.0170
       0.0262        0.1466        0.1342

526.5716338113475
      -0.2885       -0.2418       -0.0821
       0.0499       -0.0450       -0.0135
       0.0275        0.0063        0.0308
       0.0872       -0.0211        0.0510
       0.0119        0.0612       -0.0427
      -0.0835        0.0588        0.1284
      -0.0583        0.0379        0.1882
       0.0310        0.0172       -0.1291
       0.0494        0.0511        0.0889
       0.0950        0.0501       -0.1608
      -0.1191       -0.0616        0.0271
       0.1708       -0.0156       -0.0061
      -0.3030        0.0016        0.2043
       0.0960        0.1418       -0.0887
      -0.0758       -0.0681       -0.0387
       0.2376        0.1038        0.1042
       0.0242        0.0304       -0.1485
       0.0054        0.0131        0.0200
       0.0120       -0.0122       -0.0457
       0.0194        0.0085       -0.1135
       0.0254       -0.0086        0.0357
       0.0141        0.0109       -0.0375
      -0.0408       -0.0345       -0.0171
       0.0672       -0.0160        0.0221
       0.0953       -0.0216        0.0214
      -0.0095       -0.0081        0.0210
      -0.0516       -0.4308       -0.3655

543.8006579697858
       0.3668       -0.0948       -0.1048
       0.0093        0.0051       -0.0247
       0.0081        0.0321        0.0380
      -0.0268       -0.0175        0.0509
      -0.0015       -0.0162       -0.0273
       0.0837        0.0892       -0.0239
       0.0414        0.0167        0.1767
      -0.0124       -0.0251       -0.1159
      -0.0274        0.0437       -0.0053
      -0.2179       -0.0362        0.0438
       0.0457       -0.0638        0.0190
      -0.4078        0.0215        0.0064
       0.3738        0.1568       -0.1553
      -0.1397       -0.0231        0.0884
       0.0215       -0.0883        0.0383
       0.0936        0.0999        0.0861
      -0.0753       -0.0489        0.0194
      -0.0148        0.0280        0.0152
       0.0142       -0.0053       -0.0484
      -0.0120        0.0004       -0.0937
      -0.0079       -0.0100        0.0362
      -0.0077       -0.0019       -0.0320
       0.0179       -0.0425       -0.0211
      -0.1378        0.0169       -0.0098
      -0.1323        0.0179       -0.0077
      -0.0944        0.0124       -0.0048
      -0.0747       -0.3451       -0.3136

610.16358046933
       0.0162       -0.0381        0.0132
      -0.0100        0.0482        0.1451
       0.0077       -0.0904       -0.0439
      -0.0034        0.0451       -0.2015
       0.0030       -0.1000       -0.1073
      -0.0086        0.0246        0.0142
       0.0430       -0.0765       -0.3329
       0.0049        0.0362        0.4167
       0.0279       -0.0066       -0.0148
      -0.0211       -0.0305       -0.0285
      -0.0164        0.2833        0.3283
      -0.0471        0.0004       -0.0038
      -0.0021        0.0119       -0.0003
      -0.0197        0.0290       -0.0000
      -0.0272       -0.3154       -0.2838
       0.0707        0.1624        0.1758
       0.0205        0.0368       -0.0097
      -0.0100       -0.0150       -0.0347
      -0.0224        0.0249        0.0740
      -0.0341       -0.0497        0.0414
       0.0010        0.0081       -0.2049
       0.0155       -0.0372       -0.0412
       0.0141        0.1731        0.2325
      -0.0288        0.0067        0.0021
       0.0000        0.0051        0.0019
      -0.0119        0.0064        0.0031
      -0.0224       -0.1080       -0.0982

636.0507472504819
      -0.0993        0.2961       -0.3819
       0.0143        0.0637       -0.0117
       0.0248       -0.0605        0.0428
      -0.0150        0.0474        0.0196
      -0.0055       -0.1002        0.0113
       0.1445       -0.1149        0.1537
       0.0411       -0.0482        0.0650
      -0.0044        0.0109       -0.0492
      -0.2768       -0.0801        0.1398
       0.0650        0.0201       -0.0135
       0.0175        0.1935       -0.0636
       0.1806       -0.0254        0.0171
       0.1770       -0.0309        0.0295
       0.2841       -0.1596        0.1552
       0.0102        0.0684       -0.1778
      -0.1685        0.1015       -0.0692
      -0.3507       -0.1148        0.1595
      -0.0080       -0.0118        0.0058
      -0.0067        0.0240       -0.0330
      -0.0238       -0.0357       -0.0400
      -0.0041        0.0067        0.0061
       0.0084       -0.0353       -0.0141
      -0.0208        0.0754       -0.0115
       0.0884       -0.0281        0.0300
       0.0828       -0.0330        0.0264
      -0.0122       -0.0193        0.0241
      -0.0961       -0.0490       -0.1812

653.5758845525828
      -0.0744        0.1442       -0.1473
      -0.1222       -0.3285        0.0862
      -0.1449        0.0563       -0.1014
       0.1670       -0.1460       -0.0799
       0.0571        0.3233       -0.0770
       0.0918       -0.1376        0.0998
      -0.2035        0.1197       -0.0669
       0.0884        0.0056        0.1535
       0.0281       -0.0604        0.1559
      -0.0851        0.1570       -0.1068
      -0.1257       -0.1612        0.0805
      -0.2784        0.0292        0.0028
       0.0395       -0.0323        0.0260
       0.1962       -0.0590        0.0200
       0.1928        0.0694       -0.0123
       0.2695       -0.0690       -0.0014
      -0.1093       -0.0184       -0.0434
       0.0105        0.0531       -0.0124
      -0.0359       -0.0954        0.0626
       0.0524        0.0725        0.0119
       0.0475        0.0097       -0.0679
       0.0160        0.0945       -0.0341
      -0.0649       -0.0334        0.0198
      -0.0232       -0.0219        0.0259
      -0.0561       -0.0248        0.0229
      -0.1799       -0.0130        0.0235
       0.0929        0.1028        0.0645

664.1165847221596
      -0.0049        0.0459        0.0045
      -0.0184       -0.0449       -0.0043
      -0.0214        0.0101        0.0068
       0.0181       -0.0209        0.0071
       0.0118        0.0382        0.0028
       0.0005       -0.1284       -0.0778
      -0.0184        0.0150        0.0040
       0.0140       -0.0053       -0.0103
      -0.0222       -0.2238       -0.1612
      -0.0394       -0.4800       -0.3794
      -0.0059       -0.0228       -0.0251
      -0.0151       -0.0763       -0.0587
       0.0056       -0.0149       -0.0062
       0.0534        0.3574        0.3024
       0.0186        0.0379        0.0244
       0.0093        0.0265        0.0081
       0.0082        0.3381        0.2636
      -0.0020        0.0113        0.0002
      -0.0040       -0.0139       -0.0046
       0.0040        0.0091       -0.0034
       0.0050        0.0018        0.0049
       0.0027        0.0116        0.0013
      -0.0050       -0.0061       -0.0088
      -0.2011        0.0594        0.0495
       0.2031        0.0403        0.0349
       0.0005        0.0543        0.0455
      -0.0002       -0.0038       -0.0083

692.9401296377276
       0.0800       -0.0782        0.0090
      -0.2611       -0.3943        0.0443
      -0.2276        0.0856       -0.0159
       0.0318       -0.1927       -0.0134
       0.2093        0.1797       -0.0340
      -0.0678        0.2352        0.0226
       0.0485        0.0811        0.0515
       0.1855       -0.1439        0.0410
      -0.1355       -0.0720       -0.1797
       0.0754       -0.0659        0.1354
       0.1629        0.0523        0.0350
       0.3130       -0.0256        0.0102
       0.0569        0.0437       -0.0302
      -0.1772       -0.0419       -0.0833
       0.0786       -0.0594        0.0243
      -0.2044        0.1042       -0.0083
      -0.0652        0.0018        0.0764
      -0.0834        0.1600       -0.0076
      -0.0457       -0.1330       -0.0116
      -0.0242        0.0491       -0.0526
       0.0066        0.0457       -0.0372
       0.0388        0.0634       -0.0439
       0.0582        0.0217        0.0275
       0.0729        0.0042       -0.0191
       0.0568        0.0077       -0.0156
       0.1619        0.0015       -0.0177
      -0.0837       -0.0210       -0.0915

703.4061019741218
       0.0302        0.0146        0.0322
       0.0525        0.1034        0.3389
       0.0574        0.0005       -0.3088
      -0.0233        0.0309       -0.2122
      -0.0363       -0.0607       -0.2174
      -0.0372       -0.0806       -0.1216
      -0.0121        0.0013        0.4414
      -0.0463        0.0330        0.2485
      -0.0360        0.1327        0.0687
       0.0193       -0.0457        0.0149
      -0.0182       -0.1151       -0.0192
       0.1014       -0.0116        0.0001
       0.0202        0.0008       -0.0234
      -0.0555        0.0683        0.0284
       0.0413        0.0703        0.0724
      -0.0649       -0.0411       -0.0680
      -0.0298       -0.0421       -0.0009
       0.0131       -0.0287        0.0092
       0.0169        0.0281       -0.0042
       0.0250        0.0075       -0.3049
      -0.0035       -0.0220       -0.2853
      -0.0035       -0.0313       -0.3225
      -0.0381       -0.0766       -0.0871
       0.0182        0.0025       -0.0043
       0.0263        0.0031       -0.0037
       0.0507        0.0001       -0.0054
      -0.0098        0.0509        0.0155

706.3628477882608
       0.0316        0.0883        0.0908
      -0.0897       -0.1214       -0.0662
      -0.0738        0.0297        0.0785
      -0.0078       -0.0602        0.0509
       0.0791        0.0389        0.0448
      -0.0618       -0.4152       -0.3831
       0.0491        0.0156       -0.0840
       0.0699       -0.0634       -0.0542
       0.0072        0.5172        0.3782
       0.0121       -0.0716       -0.0228
       0.0705        0.0659        0.0314
       0.0813       -0.0119       -0.0031
       0.0142       -0.0265       -0.0412
      -0.0407        0.2144        0.1370
      -0.0240       -0.0870       -0.0276
      -0.0431       -0.0318       -0.0423
      -0.0212       -0.1596       -0.0951
      -0.0342        0.0579       -0.0038
      -0.0133       -0.0428       -0.0151
      -0.0203        0.0083        0.0385
      -0.0038        0.0199        0.0508
       0.0128        0.0187        0.0608
       0.0386        0.0360        0.0450
       0.0114        0.0028       -0.0049
       0.0230        0.0025       -0.0035
       0.0416       -0.0026       -0.0074
      -0.0319       -0.0495       -0.0711

772.265637259999
      -0.1156       -0.0136        0.0284
      -0.1312       -0.0873        0.1043
      -0.0718        0.0426        0.0157
      -0.1096       -0.0494        0.0661
       0.1870       -0.1102        0.0348
       0.1291       -0.0549        0.0759
       0.1841       -0.0038        0.1233
       0.1533       -0.1657       -0.0809
       0.1488       -0.0080       -0.0252
      -0.0155        0.0404       -0.0391
       0.1242        0.3050       -0.1739
      -0.3105        0.0214        0.0036
      -0.1492       -0.0419        0.0673
       0.2485       -0.1074        0.0972
      -0.2441        0.0212       -0.0636
      -0.1328       -0.0238        0.0055
       0.2979        0.0449       -0.0815
      -0.0803        0.0994        0.0091
      -0.0017       -0.0496       -0.1972
      -0.0354        0.0048       -0.1924
      -0.0318        0.0479       -0.1593
       0.0429       -0.0308       -0.1062
       0.0657        0.0934       -0.0263
      -0.0910        0.0063        0.0010
      -0.0926        0.0062        0.0006
      -0.1153        0.0037        0.0066
      -0.0115        0.0047        0.0880

801.6193082177182
       0.0306        0.0048       -0.0084
       0.0210        0.0100        0.1927
       0.0057       -0.0522        0.1810
       0.0482        0.0405        0.2824
      -0.0813        0.0671        0.0330
      -0.0381        0.0167       -0.0114
      -0.0831       -0.0069       -0.2404
      -0.0682        0.0718       -0.2245
      -0.0235       -0.0136        0.0128
      -0.0015       -0.0017        0.0072
      -0.0289       -0.0985        0.0473
       0.0685       -0.0025       -0.0018
       0.0410        0.0116       -0.0196
      -0.0768        0.0319       -0.0416
       0.1121       -0.0377        0.0070
       0.0607       -0.0037        0.0274
      -0.0770       -0.0062        0.0175
       0.0349       -0.0423        0.0228
      -0.0121        0.0039       -0.5570
       0.0349        0.0078       -0.3051
       0.0209       -0.0291       -0.4437
      -0.0207        0.0216        0.0959
      -0.0087        0.0569        0.1299
       0.0229       -0.0020        0.0001
       0.0212       -0.0020        0.0002
       0.0238       -0.0007       -0.0014
       0.0260        0.0893        0.0448

859.1227480793507
       0.0205        0.0118       -0.0157
       0.1013        0.1412       -0.0232
       0.0317        0.2601       -0.0151
      -0.1984       -0.0894       -0.0114
       0.1966       -0.0820        0.0972
      -0.0290       -0.0001        0.0124
       0.1122       -0.0415        0.0214
       0.1553       -0.2277       -0.0227
      -0.0057       -0.0269        0.0173
      -0.0067        0.0171       -0.0175
      -0.2333       -0.3196       -0.1643
       0.0434        0.0086       -0.0139
       0.0376        0.0079       -0.0143
      -0.0484        0.0294       -0.0423
      -0.0960        0.0163       -0.0414
       0.1368        0.0565        0.0283
      -0.1071       -0.0346        0.0596
      -0.0695        0.0896       -0.0011
       0.1524       -0.0224        0.0398
      -0.0029        0.0718       -0.0059
      -0.0582       -0.0186        0.0337
       0.0415       -0.0233       -0.1369
      -0.1503        0.3432        0.4883
       0.0282       -0.0066        0.0093
       0.0287       -0.0097        0.0066
      -0.0138       -0.0019        0.0042
       0.0529        0.0666        0.0575

874.3991959480592
       0.0160        0.0087       -0.0132
       0.0580        0.1112        0.0542
       0.0279        0.1833       -0.0410
      -0.1808       -0.0647        0.0562
       0.2102       -0.1352       -0.2668
      -0.0276        0.0045        0.0052
       0.0839       -0.0324       -0.0069
       0.1787       -0.2260        0.0904
      -0.0030       -0.0364        0.0119
      -0.0074        0.0283       -0.0388
      -0.1970        0.0526        0.2191
       0.0344        0.0151       -0.0232
       0.0316        0.0071       -0.0124
      -0.0430        0.0450       -0.0509
      -0.1158        0.0629       -0.0268
       0.1277       -0.0239       -0.0517
      -0.0914       -0.0631        0.0969
      -0.0720        0.0886       -0.0159
       0.1199       -0.0235       -0.0964
      -0.0154        0.0416        0.0599
      -0.0516        0.0032       -0.1096
       0.0576       -0.0173        0.4913
      -0.0750       -0.2756       -0.3403
       0.0316       -0.0087        0.0135
       0.0343       -0.0135        0.0092
      -0.0330       -0.0025        0.0064
       0.0534       -0.0035        0.0409

898.0819907171975
      -0.0348       -0.0147        0.0227
       0.0201        0.0049        0.0327
      -0.0020       -0.0027        0.0542
       0.0349       -0.0036       -0.0809
      -0.0449        0.0354       -0.3541
       0.0710       -0.0109       -0.0026
      -0.0220        0.0004        0.1393
      -0.0499        0.0558        0.1322
      -0.0389        0.0869       -0.0618
       0.0135       -0.0755        0.0985
       0.0140       -0.2035       -0.1031
      -0.0487       -0.0429        0.0607
      -0.0665       -0.0158        0.0264
       0.1378       -0.1427        0.1664
       0.1399        0.0099        0.0011
      -0.2186        0.0832       -0.0373
       0.1114        0.1625       -0.2282
       0.0169       -0.0188       -0.0158
      -0.0013        0.0049       -0.0407
       0.0051        0.0039       -0.1014
       0.0090       -0.0182        0.1215
      -0.0350        0.0484        0.5592
      -0.0559        0.1790        0.2539
      -0.0654        0.0184       -0.0300
      -0.0706        0.0303       -0.0198
       0.0887        0.0033       -0.0140
      -0.0881        0.0265       -0.0953

919.4756263543132
      -0.0094       -0.0055        0.0079
       0.0701        0.0762       -0.0478
       0.0096        0.1078       -0.0847
      -0.0598       -0.0401        0.1482
       0.0660       -0.0052        0.1663
       0.0526       -0.0430        0.0395
      -0.0209       -0.0326       -0.1243
       0.0573       -0.0854       -0.0805
      -0.0247        0.0632       -0.0457
      -0.0086       -0.1422        0.1827
      -0.1365       -0.0862        0.1974
       0.0286       -0.0871        0.1108
      -0.0265       -0.0070        0.0120
       0.0820       -0.1927        0.2397
       0.1181        0.0545       -0.0393
      -0.0627        0.0244       -0.0492
      -0.0945        0.3424       -0.4383
      -0.0201        0.0284        0.0084
       0.0771       -0.0055        0.0673
      -0.0165        0.0203        0.1936
      -0.0134       -0.0358       -0.2302
       0.0345       -0.0215       -0.2342
      -0.0835       -0.1404       -0.1282
      -0.0775        0.0275       -0.0522
      -0.0872        0.0500       -0.0329
       0.2039        0.0034       -0.0272
      -0.0385       -0.0130       -0.0890

934.8739073751946
      -0.0101       -0.0054        0.0069
      -0.0089       -0.0326       -0.0996
      -0.0183       -0.0234       -0.2741
       0.0686        0.0131        0.3314
      -0.0554        0.0187       -0.0904
       0.0046        0.0231       -0.0315
       0.0135        0.0241        0.1839
      -0.0439        0.0481       -0.0577
      -0.0188        0.0169       -0.0119
       0.0117        0.0398       -0.0538
       0.0812       -0.0423       -0.1356
      -0.0316        0.0264       -0.0324
      -0.0172       -0.0034        0.0071
       0.0287        0.0343       -0.0435
      -0.0250       -0.0194        0.0257
      -0.0666        0.0433       -0.0072
       0.0926       -0.1151        0.1374
       0.0148       -0.0154        0.0087
      -0.0282        0.0075        0.1793
      -0.0506       -0.0393        0.5108
       0.0284       -0.0343       -0.5414
      -0.0306        0.0201        0.1321
       0.0194        0.1107        0.1243
       0.0135       -0.0068        0.0151
       0.0172       -0.0138        0.0091
      -0.0693       -0.0008        0.0087
      -0.0325       -0.0657       -0.0559

952.1281394437992
       0.0494        0.0279       -0.0389
      -0.0803       -0.0763        0.0190
      -0.0005       -0.0906       -0.0622
       0.0295        0.0463        0.0067
      -0.0274       -0.0405       -0.0922
      -0.0574       -0.0940        0.1231
       0.0490        0.0476        0.1621
      -0.0099        0.0292        0.0153
       0.1535       -0.1189        0.1184
      -0.0471       -0.0716        0.0952
       0.1151        0.2339       -0.2752
       0.1151       -0.0466        0.0527
       0.0976        0.0195       -0.0349
      -0.2108        0.0118        0.0047
      -0.1895        0.0312       -0.0309
       0.3338       -0.2013        0.1612
      -0.3550        0.2452       -0.2780
       0.0039       -0.0094       -0.0012
      -0.0714        0.0015       -0.0236
       0.0046       -0.0265        0.0715
       0.0076        0.0514       -0.0181
      -0.0223        0.0021        0.1286
       0.0853        0.1316        0.0344
       0.0026        0.0077       -0.0244
      -0.0062        0.0197       -0.0134
       0.1420        0.0007       -0.0172
       0.1356       -0.0616        0.1756

994.380892828797
       0.0038        0.0038       -0.0047
      -0.0197       -0.0113       -0.3532
       0.0394       -0.0403        0.2744
      -0.0647        0.0193        0.1681
       0.0228        0.0109       -0.0683
      -0.0054       -0.0094        0.0144
      -0.0068       -0.0053       -0.0139
       0.0163       -0.0072        0.0126
       0.0149       -0.0196        0.0156
      -0.0022        0.0002        0.0013
      -0.0099        0.0287        0.0086
       0.0043       -0.0024        0.0030
       0.0099        0.0018       -0.0038
      -0.0246        0.0129       -0.0160
       0.0072        0.0079       -0.0095
       0.0191       -0.0327        0.0200
      -0.0137        0.0093       -0.0090
      -0.0031        0.0011        0.0023
      -0.0286        0.0181        0.6056
       0.0720        0.0285       -0.5245
      -0.0158        0.0111       -0.3060
       0.0079        0.0057        0.0583
      -0.0025       -0.0075       -0.0191
      -0.0007        0.0008       -0.0020
      -0.0010        0.0019       -0.0011
       0.0085        0.0004       -0.0012
       0.0147        0.0475        0.0468

1014.4084198852477
       0.0006        0.0011       -0.0009
      -0.0298       -0.0875       -0.0217
      -0.2667        0.5096        0.0145
       0.4904        0.0192        0.0102
      -0.2152       -0.5129        0.0180
      -0.0006       -0.0027        0.0036
       0.0284       -0.0120       -0.0257
      -0.0336        0.0914       -0.0030
       0.0045       -0.0046        0.0053
       0.0008       -0.0004        0.0003
      -0.0011        0.0003        0.0140
      -0.0002       -0.0015        0.0031
       0.0020        0.0002       -0.0009
      -0.0034        0.0040       -0.0052
      -0.0015        0.0003       -0.0008
       0.0085       -0.0037       -0.0014
      -0.0052        0.0017       -0.0017
      -0.0048        0.0018       -0.0002
       0.0304       -0.0404        0.0364
      -0.0448        0.1768       -0.0664
       0.1487        0.0081       -0.0087
      -0.0175       -0.1798        0.0177
      -0.0164       -0.0025       -0.0100
      -0.0014        0.0005       -0.0016
      -0.0031        0.0012       -0.0009
       0.0041       -0.0003       -0.0008
       0.0062        0.0166        0.0123

1032.846365564983
      -0.0189        0.0406       -0.0496
       0.0151        0.0189        0.0051
      -0.0028        0.0105       -0.0066
      -0.0102       -0.0083       -0.0006
       0.0138        0.0006        0.0027
       0.0335       -0.0749        0.0918
      -0.0266       -0.0079       -0.0036
       0.0182       -0.0207       -0.0006
      -0.1116       -0.1226        0.1598
       0.1058        0.0501       -0.0642
      -0.0351        0.0368       -0.0278
      -0.1189       -0.2342        0.2968
       0.0258       -0.0016       -0.0005
       0.0623        0.2950       -0.3812
       0.0900        0.0723       -0.0723
      -0.0839       -0.0752        0.0764
       0.0875       -0.0833        0.0977
      -0.0039        0.0056       -0.0004
       0.0166       -0.0007       -0.0095
      -0.0016        0.0033        0.0179
      -0.0028       -0.0043        0.0033
       0.0102       -0.0034        0.0004
      -0.0558        0.0278       -0.0201
      -0.2898        0.0907       -0.1734
      -0.2804        0.1787       -0.1025
       0.4400        0.0148       -0.0572
      -0.0384       -0.0175       -0.0297

1064.7114672147102
      -0.0006        0.0034        0.0002
       0.0025        0.0034        0.0001
      -0.0018        0.0010        0.0000
      -0.0007       -0.0019        0.0001
       0.0019        0.0016        0.0003
       0.0049        0.0035        0.0128
      -0.0047       -0.0017       -0.0012
       0.0017       -0.0027       -0.0001
       0.0008       -0.0223       -0.0090
      -0.0215       -0.3005       -0.2371
      -0.0032        0.0036       -0.0030
       0.0231        0.3461        0.2699
       0.0008       -0.0008       -0.0004
      -0.0056        0.0481        0.0223
       0.0170        0.0109       -0.0106
      -0.0159       -0.0098        0.0150
       0.0136        0.0411        0.0378
      -0.0004        0.0008       -0.0000
       0.0021        0.0003       -0.0003
      -0.0013       -0.0000        0.0005
      -0.0001       -0.0025        0.0002
       0.0014       -0.0000       -0.0002
      -0.0082        0.0042       -0.0022
       0.5039       -0.0989       -0.1674
      -0.5121       -0.1459       -0.0208
      -0.0271       -0.2132       -0.1723
      -0.0053       -0.0081        0.0000

1078.4255519378105
       0.0208        0.0183       -0.0262
       0.0448        0.0536        0.0045
      -0.0281        0.0417       -0.0064
      -0.0150       -0.0293        0.0007
       0.0331        0.0058        0.0062
      -0.0257       -0.0998        0.1174
      -0.0951       -0.0364       -0.0182
       0.0351       -0.0364       -0.0025
       0.0407       -0.1108        0.1498
      -0.0576        0.0149        0.0081
      -0.0731        0.0978       -0.0719
       0.0467        0.0887       -0.1455
       0.0641        0.0115       -0.0202
      -0.2855        0.0406       -0.0189
       0.3607        0.2385       -0.2325
      -0.3003       -0.3070        0.3250
       0.2587        0.0438       -0.0867
      -0.0067        0.0103       -0.0006
       0.0552       -0.0054       -0.0081
      -0.0043        0.0170        0.0210
      -0.0034       -0.0318        0.0052
       0.0371       -0.0132        0.0022
      -0.1888        0.0931       -0.0635
       0.0946       -0.0288        0.0731
       0.1370       -0.0621        0.0377
      -0.1628        0.0089        0.0228
      -0.1027       -0.1802        0.0055

1107.5145199990932
       0.0009        0.0016       -0.0018
       0.0667        0.3564       -0.0201
      -0.2105       -0.0881        0.0167
       0.3314       -0.1381        0.0025
      -0.0767        0.1350       -0.0085
       0.0004       -0.0083        0.0116
      -0.0008        0.0022        0.0080
       0.1346       -0.4344        0.0217
       0.0103       -0.0081        0.0076
      -0.0027        0.0018        0.0001
       0.0174        0.0253       -0.0065
       0.0029        0.0001       -0.0019
       0.0040        0.0007       -0.0014
      -0.0122        0.0021       -0.0021
      -0.0188       -0.0144        0.0145
       0.0192        0.0025       -0.0082
      -0.0038        0.0046       -0.0058
      -0.0325        0.0850       -0.0041
      -0.2071        0.2361        0.0092
      -0.3192       -0.1772       -0.0669
       0.1133       -0.2326        0.0116
      -0.3191        0.1921       -0.0200
       0.0119       -0.0039       -0.0120
       0.0008       -0.0002        0.0010
       0.0031       -0.0004        0.0005
      -0.0005        0.0003        0.0003
       0.0083        0.0311        0.0116

1127.9407738623354
       0.0001       -0.0012        0.0012
      -0.1102       -0.0779        0.0106
       0.2629       -0.0601       -0.0069
       0.0387        0.2272       -0.0078
      -0.2196       -0.1393        0.0154
      -0.0037        0.0079       -0.0106
       0.0243        0.0991       -0.0265
       0.2014       -0.3212        0.0128
      -0.0268        0.0045       -0.0013
      -0.0029        0.0017       -0.0033
      -0.0707       -0.0810        0.0215
       0.0014        0.0027       -0.0030
      -0.0010        0.0000        0.0002
       0.0049       -0.0058        0.0080
       0.0627        0.0247       -0.0119
      -0.0380       -0.0062        0.0106
       0.0312       -0.0026        0.0002
      -0.0405        0.0558       -0.0029
      -0.1920        0.0590       -0.0226
       0.2990        0.1115        0.0571
       0.0022        0.5592       -0.0200
      -0.3644        0.1078       -0.0183
      -0.0442       -0.0103        0.0105
       0.0025       -0.0005        0.0011
       0.0019       -0.0015        0.0006
      -0.0045       -0.0004        0.0002
      -0.0182       -0.0275       -0.0254

1160.7960734331812
      -0.0230       -0.0452        0.0615
       0.0062        0.0262       -0.0001
      -0.0141        0.0103        0.0025
       0.0039       -0.0100       -0.0004
       0.0078        0.0050        0.0013
       0.0474        0.2323       -0.3111
      -0.0460       -0.0182       -0.0084
       0.0123       -0.0231       -0.0007
       0.2103        0.1728       -0.2210
       0.2372       -0.1517        0.1730
       0.0058        0.0366       -0.0291
      -0.1304        0.0022        0.0050
      -0.1368       -0.0265        0.0465
       0.2820        0.0297       -0.0666
       0.1792        0.1046       -0.1039
      -0.0764       -0.1968        0.2238
      -0.4404       -0.0821        0.1478
      -0.0024        0.0044       -0.0002
      -0.0044        0.0119       -0.0003
       0.0185        0.0178       -0.0088
       0.0021       -0.0218        0.0023
       0.0026        0.0011        0.0013
      -0.0778        0.0478       -0.0217
      -0.0676        0.0090        0.0207
      -0.0635       -0.0138        0.0005
      -0.0800       -0.0038        0.0151
       0.0198       -0.2342        0.1610

1196.5790933226685
      -0.0009       -0.0006        0.0010
       0.2254       -0.0685       -0.0043
      -0.1723       -0.0969        0.0118
       0.0324        0.1340       -0.0031
      -0.0798        0.0601       -0.0058
       0.0066        0.0026       -0.0043
      -0.0266        0.0050        0.0061
      -0.0235       -0.0287        0.0020
       0.0159        0.0041       -0.0052
       0.0153       -0.0108        0.0125
       0.0087        0.0136       -0.0106
      -0.0069        0.0025       -0.0027
      -0.0047       -0.0011        0.0021
       0.0024        0.0070       -0.0092
       0.0069       -0.0067        0.0117
       0.0063       -0.0083        0.0041
      -0.0196       -0.0006        0.0028
       0.0020       -0.0005        0.0000
       0.5855       -0.2972        0.0343
      -0.4070       -0.2416       -0.0548
       0.0006        0.4292       -0.0183
      -0.1436        0.0804       -0.0073
       0.0181       -0.0047       -0.0040
      -0.0022        0.0001        0.0028
      -0.0021       -0.0024        0.0006
      -0.0079       -0.0001        0.0011
       0.0043        0.0190        0.0102

1225.4780320656437
       0.0133       -0.0107        0.0118
       0.1722        0.1606       -0.0031
      -0.0949       -0.0479       -0.0017
      -0.0016        0.0227       -0.0008
      -0.0006       -0.0690       -0.0076
      -0.1030        0.0709       -0.0796
      -0.6218        0.1124        0.0169
       0.0923       -0.3094        0.0160
      -0.0509        0.0042        0.0018
      -0.0876        0.0666       -0.0770
       0.1683        0.1111       -0.1012
       0.0365       -0.0245        0.0285
       0.0124        0.0065       -0.0093
       0.0761       -0.0691        0.0800
       0.0749       -0.0758        0.0695
       0.0440       -0.0079        0.0147
       0.0369       -0.0111        0.0103
      -0.0238        0.0401       -0.0021
       0.0591        0.0482        0.0004
       0.1285        0.0854        0.0212
       0.0016        0.1094       -0.0044
       0.3556       -0.2146        0.0240
       0.2518        0.0055        0.0703
       0.0051        0.0010       -0.0234
       0.0049        0.0212       -0.0059
       0.0534       -0.0010       -0.0057
       0.0103       -0.0038       -0.0064

1234.778758986429
       0.0457       -0.0318        0.0345
      -0.0387       -0.0363       -0.0003
       0.0056        0.0113        0.0009
       0.0022       -0.0050       -0.0001
       0.0099        0.0158        0.0021
      -0.3330        0.2044       -0.2274
       0.1539       -0.0350       -0.0026
      -0.0199        0.0790       -0.0049
      -0.1171        0.0141       -0.0164
      -0.3566        0.2666       -0.3088
      -0.0523        0.0227       -0.0161
       0.1390       -0.0972        0.1136
       0.0437        0.0205       -0.0300
       0.2236       -0.2315        0.2722
       0.0380        0.0592       -0.0638
       0.0722       -0.1439        0.1622
       0.1001       -0.0530        0.0602
       0.0053       -0.0094        0.0005
       0.0064       -0.0213        0.0027
      -0.0477       -0.0274       -0.0158
       0.0004       -0.0385        0.0020
      -0.1016        0.0617       -0.0050
      -0.0975        0.0311       -0.0327
       0.0298        0.0004       -0.0963
       0.0292        0.0876       -0.0215
       0.2243       -0.0011       -0.0254
       0.0572       -0.1351        0.1488

1299.6451932088473
      -0.0508       -0.0077        0.0162
       0.0067        0.0161        0.0009
      -0.0133        0.0020        0.0005
       0.0013       -0.0001       -0.0003
      -0.0085        0.0107       -0.0001
       0.6188       -0.1135        0.0765
      -0.0415       -0.0311       -0.0044
       0.0111       -0.0074        0.0006
       0.2368        0.1566       -0.2168
      -0.3071        0.1909       -0.2081
       0.0322       -0.0233        0.0223
       0.0516       -0.0634        0.0722
      -0.1584       -0.0442        0.0709
      -0.2824       -0.0295        0.0686
       0.0496       -0.0015       -0.0067
      -0.0805        0.0478       -0.0305
      -0.1425       -0.0777        0.1154
      -0.0004        0.0010        0.0000
       0.0220       -0.0055        0.0002
       0.0309        0.0224       -0.0028
       0.0007        0.0008       -0.0003
      -0.0082        0.0059       -0.0014
      -0.0003       -0.0006        0.0094
       0.0894       -0.0315       -0.0734
       0.0981        0.0696        0.0094
       0.2278        0.0157       -0.0403
       0.0123       -0.1194        0.0884

1313.89847402416
       0.0022        0.0001       -0.0006
      -0.1322        0.1433       -0.0011
      -0.0037        0.0543       -0.0067
      -0.0564       -0.0612        0.0032
      -0.1319        0.0512       -0.0085
      -0.0344        0.0042       -0.0001
      -0.2480       -0.4267        0.0299
       0.3681        0.1802       -0.0040
       0.0051       -0.0148        0.0168
       0.0159       -0.0081        0.0085
       0.1571        0.1266       -0.0521
      -0.0007        0.0025       -0.0026
       0.0103        0.0030       -0.0046
       0.0130        0.0001       -0.0021
      -0.0306       -0.1020        0.0711
       0.0251        0.0301       -0.0260
      -0.0006        0.0058       -0.0076
      -0.0065       -0.0018        0.0002
       0.3236       -0.1510        0.0014
       0.2756        0.1858        0.0244
      -0.0120       -0.2238        0.0089
      -0.3552        0.1783       -0.0134
      -0.0274        0.0537       -0.0492
      -0.0062        0.0024        0.0032
      -0.0070       -0.0032       -0.0013
      -0.0118       -0.0012        0.0024
      -0.0020        0.0245       -0.0298

1353.29594925225
       0.0003       -0.0026        0.0032
      -0.1803        0.1376       -0.0066
       0.3141        0.1992        0.0036
       0.0422       -0.4200        0.0157
      -0.3489        0.2232       -0.0175
      -0.0023        0.0125       -0.0142
       0.0159       -0.2495        0.0088
       0.1303        0.0663       -0.0024
       0.0374       -0.0087        0.0037
      -0.0094        0.0088       -0.0098
       0.0558        0.0474       -0.0297
       0.0015       -0.0031        0.0043
      -0.0023        0.0001        0.0002
       0.0027       -0.0064        0.0070
      -0.0116       -0.0727        0.0572
       0.0106       -0.0042        0.0042
      -0.0177       -0.0021        0.0046
       0.0087        0.0064        0.0001
      -0.0897        0.0617       -0.0089
      -0.2278       -0.1333       -0.0199
       0.0016        0.3372       -0.0104
       0.3104       -0.1499        0.0092
      -0.1721        0.0714       -0.0703
       0.0025       -0.0008       -0.0044
       0.0023        0.0041       -0.0002
       0.0072        0.0001       -0.0009
      -0.0092        0.0527       -0.0272

1389.710202758422
      -0.0005       -0.0047        0.0058
       0.1612       -0.0216        0.0041
      -0.1588       -0.0338       -0.0047
       0.0280        0.1075       -0.0044
       0.1440        0.0420        0.0033
      -0.0104        0.0201       -0.0220
      -0.0200        0.0001       -0.0353
      -0.2273       -0.1221        0.0027
       0.0883       -0.0267        0.0249
      -0.0065        0.0136       -0.0164
       0.1884        0.0949       -0.0614
       0.0074       -0.0054        0.0066
       0.0004        0.0013       -0.0017
       0.0014       -0.0111        0.0129
      -0.0258       -0.2474        0.2131
       0.0316        0.0406       -0.0442
      -0.0348       -0.0003        0.0038
       0.0063       -0.0015       -0.0000
      -0.0355        0.0411        0.0009
       0.1241        0.0942        0.0136
       0.0090        0.0683       -0.0022
       0.0338        0.0233       -0.0036
      -0.6966        0.2559       -0.2570
      -0.0039        0.0026       -0.0079
      -0.0045        0.0073       -0.0040
       0.0004       -0.0017        0.0020
      -0.0225        0.1058       -0.0944

1423.997910977862
      -0.0024       -0.0023        0.0033
       0.0041        0.0076        0.0001
      -0.0098        0.0024        0.0001
       0.0065       -0.0092        0.0002
       0.0019        0.0134       -0.0006
       0.1014       -0.0145        0.0068
       0.0048       -0.0210        0.0005
      -0.0172       -0.0044       -0.0000
      -0.0280        0.0265       -0.0309
      -0.0375        0.0751       -0.0911
       0.0056       -0.0021        0.0037
       0.4565       -0.0518        0.0242
      -0.0211       -0.0056        0.0091
      -0.1084       -0.0487        0.0739
       0.0089        0.0023       -0.0072
       0.0090        0.0094       -0.0045
       0.0025       -0.0040        0.0054
       0.0011       -0.0002        0.0001
       0.0005        0.0032        0.0002
       0.0092        0.0085       -0.0030
       0.0017        0.0158       -0.0007
       0.0057        0.0018       -0.0001
       0.0031       -0.0001        0.0033
      -0.4236        0.2379       -0.0346
      -0.4359        0.0198       -0.2044
      -0.4646       -0.1138        0.1724
       0.0267       -0.0658        0.0683

1442.9887128774953
       0.0050        0.0136       -0.0177
       0.1010        0.1417       -0.0005
      -0.2109        0.0402       -0.0067
       0.1259       -0.1498        0.0061
       0.1414        0.2199       -0.0114
      -0.1294       -0.0998        0.1390
       0.1167       -0.4123        0.0324
      -0.3975       -0.0871       -0.0016
      -0.0305        0.0480       -0.0468
       0.0216       -0.0172        0.0193
       0.0723       -0.0343        0.0779
      -0.0305        0.0079       -0.0072
       0.0541        0.0105       -0.0186
       0.0341        0.0208       -0.0292
      -0.0675        0.0938       -0.1111
      -0.0449        0.0888       -0.0815
       0.0278        0.0021       -0.0064
       0.0202       -0.0034        0.0004
       0.0051        0.0662       -0.0004
       0.2476        0.2057        0.0067
       0.0330        0.3025       -0.0114
       0.0238        0.0882       -0.0013
       0.1624       -0.0619        0.0594
       0.0175       -0.0123        0.0149
       0.0184       -0.0139        0.0141
       0.0234        0.0070       -0.0115
       0.0702       -0.2310        0.2174

1475.8355816914038
      -0.0181       -0.0098        0.0148
       0.0152        0.0291       -0.0013
      -0.0422        0.0085       -0.0036
       0.0223       -0.0416        0.0017
       0.0447        0.0312       -0.0019
       0.4485        0.1849       -0.2830
       0.0353       -0.0785        0.0132
      -0.0770       -0.0047       -0.0014
      -0.6209       -0.0229        0.0732
       0.0255       -0.0677        0.0821
      -0.0318        0.0806       -0.0563
      -0.0255        0.0487       -0.0594
      -0.1427       -0.0340        0.0567
      -0.0796        0.0033        0.0052
      -0.0333       -0.0175        0.0104
       0.2605       -0.1456        0.1478
       0.1487        0.0354       -0.0582
       0.0036       -0.0008        0.0001
      -0.0011        0.0140        0.0002
       0.0416        0.0360        0.0025
       0.0055        0.0584       -0.0015
      -0.0063        0.0226        0.0006
       0.0025        0.0189       -0.0191
      -0.0116       -0.0145        0.1600
      -0.0236       -0.1501        0.0458
       0.0672        0.0261       -0.0337
       0.0673        0.0301        0.0224

1484.9056250151643
       0.0008       -0.0236        0.0297
       0.0438        0.0509       -0.0021
      -0.0831        0.0166       -0.0073
       0.0385       -0.0821        0.0044
       0.1070        0.0499       -0.0042
       0.0786        0.1627       -0.2130
       0.0785       -0.1573        0.0308
      -0.1619        0.0035       -0.0023
       0.2700       -0.1511        0.1406
      -0.0228        0.0431       -0.0519
      -0.1226        0.0587       -0.0294
       0.0183       -0.0393        0.0480
      -0.0534       -0.0077        0.0150
      -0.0406       -0.0396        0.0534
      -0.0487        0.0756       -0.0487
      -0.0154       -0.1669        0.1661
      -0.0960       -0.0067        0.0201
       0.0072       -0.0027        0.0002
      -0.0111        0.0326       -0.0022
       0.1010        0.0826        0.0251
       0.0086        0.1219       -0.0044
      -0.0393        0.0574       -0.0001
       0.2102       -0.0723        0.0480
       0.0311        0.0075       -0.1645
       0.0421        0.1553       -0.0425
      -0.0818       -0.0248        0.0357
      -0.1783        0.4336       -0.4742

1490.4113302918674
       0.0000       -0.0006       -0.0005
      -0.0004        0.0001       -0.0000
      -0.0001       -0.0004       -0.0000
       0.0000       -0.0002        0.0000
       0.0002       -0.0002        0.0000
       0.0004        0.0021        0.0011
       0.0005        0.0005        0.0000
      -0.0002        0.0003       -0.0000
       0.0023       -0.0002        0.0009
       0.0029        0.0554        0.0456
      -0.0004        0.0001       -0.0001
       0.0073        0.1354        0.1056
      -0.0001        0.0001        0.0002
       0.0010       -0.0036       -0.0048
      -0.0001       -0.0001       -0.0000
      -0.0005       -0.0012        0.0001
      -0.0012       -0.0065       -0.0051
      -0.0000       -0.0000        0.0000
       0.0002       -0.0001       -0.0000
       0.0002        0.0000        0.0001
       0.0000       -0.0001       -0.0000
       0.0000       -0.0000        0.0000
       0.0002       -0.0000        0.0001
      -0.3058        0.2151       -0.2955
       0.2985       -0.2958        0.2558
      -0.0315       -0.5430       -0.4474
      -0.0010        0.0027       -0.0023

1500.6211345697584
       0.0040       -0.0041        0.0047
       0.0121        0.0019       -0.0001
      -0.0090        0.0047       -0.0009
       0.0003       -0.0119        0.0007
       0.0183        0.0012       -0.0004
      -0.0601       -0.0012        0.0082
       0.0063       -0.0182        0.0041
      -0.0183        0.0064       -0.0003
       0.2349       -0.0281        0.0095
      -0.1665        0.0610       -0.0602
      -0.0233       -0.0015        0.0034
       0.0969        0.0800       -0.1113
       0.0108        0.0039       -0.0059
       0.0732        0.0096       -0.0205
      -0.0025        0.0206       -0.0122
      -0.0642       -0.0135        0.0140
      -0.0548       -0.0214        0.0330
       0.0008       -0.0007        0.0000
      -0.0073        0.0069       -0.0007
       0.0100        0.0094        0.0054
      -0.0005        0.0168       -0.0008
      -0.0120        0.0100       -0.0003
       0.0461       -0.0197        0.0141
      -0.2013        0.0252        0.5657
      -0.2556       -0.5290        0.0965
       0.3036        0.0725       -0.0958
      -0.0635        0.1091       -0.1319

1509.4422109368973
      -0.0004       -0.0017        0.0021
      -0.4131        0.2070       -0.0090
      -0.0081       -0.2293        0.0013
       0.2278        0.1773       -0.0046
      -0.2303        0.1536       -0.0078
       0.0087        0.0137       -0.0181
       0.3060        0.1110       -0.0049
      -0.0674       -0.2860        0.0108
       0.0105       -0.0134        0.0131
      -0.0031        0.0028       -0.0033
      -0.0595       -0.0483        0.0197
       0.0015        0.0005       -0.0010
      -0.0044       -0.0006        0.0013
      -0.0017       -0.0023        0.0032
      -0.0177        0.0283       -0.0200
      -0.0022       -0.0142        0.0139
      -0.0040        0.0000        0.0004
      -0.0006        0.0187       -0.0009
       0.3557       -0.1955        0.0083
       0.2309        0.0586        0.0148
       0.0870       -0.1855        0.0077
       0.2898       -0.1410        0.0106
      -0.0472       -0.0057       -0.0027
      -0.0023        0.0001        0.0069
      -0.0036       -0.0062        0.0009
       0.0044        0.0012       -0.0010
      -0.0133        0.0203       -0.0300

1614.5649764821217
       0.0001       -0.0025        0.0032
       0.1063       -0.3169        0.0084
       0.1856        0.2949        0.0005
      -0.0347        0.5421       -0.0202
      -0.1357        0.2357       -0.0165
       0.0182        0.0278       -0.0371
      -0.0522       -0.4156        0.0255
      -0.0557       -0.2947        0.0116
       0.0088       -0.0402        0.0471
       0.0090        0.0053       -0.0077
       0.0886       -0.0062        0.0341
      -0.0027        0.0002        0.0002
      -0.0079       -0.0014        0.0026
      -0.0125       -0.0060        0.0090
      -0.0663        0.0544       -0.0606
      -0.0054       -0.0042        0.0066
      -0.0034        0.0040       -0.0045
       0.0017        0.0022        0.0000
      -0.1128       -0.0272       -0.0003
      -0.1634       -0.0377       -0.0121
      -0.0005       -0.2184        0.0083
       0.1044       -0.0036        0.0015
       0.0523       -0.0124        0.0153
      -0.0010       -0.0001        0.0013
      -0.0008       -0.0015        0.0007
       0.0018        0.0002       -0.0011
      -0.0020        0.0090       -0.0077

1640.7521517358111
      -0.0028       -0.0081        0.0102
       0.3928       -0.0949        0.0097
      -0.4131       -0.1233       -0.0079
      -0.1805       -0.0032       -0.0019
      -0.4075        0.1202       -0.0078
       0.0179        0.0715       -0.0917
       0.2994       -0.0004        0.0058
       0.3407        0.0802        0.0001
       0.0487       -0.1161        0.1458
       0.1693        0.0574       -0.0900
      -0.0751        0.0015       -0.0055
      -0.0488       -0.0006        0.0057
      -0.0077       -0.0004        0.0012
      -0.0994       -0.0558        0.0813
       0.0290       -0.0091        0.0066
      -0.0503        0.0704       -0.0722
      -0.0272        0.0133       -0.0143
      -0.0043       -0.0043        0.0002
      -0.1007        0.0938       -0.0005
       0.1247        0.1152        0.0028
      -0.0602        0.0023       -0.0011
       0.1339       -0.1018        0.0065
       0.0145       -0.0194        0.0019
      -0.0129       -0.0030        0.0174
      -0.0144       -0.0153        0.0075
       0.0276        0.0072       -0.0115
       0.0128       -0.0711        0.0646

1648.3888557772652
       0.0048        0.0189       -0.0237
       0.1583       -0.0560        0.0031
      -0.1543       -0.0235       -0.0063
      -0.0680        0.0393       -0.0018
      -0.1556        0.0672       -0.0045
      -0.0379       -0.1613        0.2068
       0.1345       -0.0478        0.0129
       0.1123        0.0016        0.0003
      -0.1096        0.2693       -0.3336
      -0.4515       -0.1573        0.2457
      -0.0987        0.0761       -0.0620
       0.1261        0.0034       -0.0167
       0.0168        0.0006       -0.0025
       0.2663        0.1477       -0.2159
       0.0286       -0.0397        0.0534
       0.1095       -0.1630        0.1604
       0.0653       -0.0295        0.0310
      -0.0017       -0.0004        0.0000
      -0.0461        0.0355       -0.0008
       0.0506        0.0518        0.0093
      -0.0219       -0.0103        0.0005
       0.0593       -0.0361        0.0037
       0.0234       -0.0020       -0.0172
       0.0386        0.0056       -0.0449
       0.0424        0.0394       -0.0176
      -0.0712       -0.0182        0.0291
      -0.0326        0.1544       -0.1387

1671.4273742552682
      -0.0037        0.0024       -0.0028
      -0.0405       -0.0209       -0.0021
       0.0535        0.0615       -0.0089
       0.0300        0.0557       -0.0012
       0.0721        0.0253       -0.0003
      -0.0708       -0.0644        0.0900
       0.0688       -0.1091        0.0273
      -0.0903       -0.0483        0.0002
      -0.0192        0.1148       -0.1303
       0.2310        0.0706       -0.1128
      -0.5184        0.3237       -0.2809
      -0.0611       -0.0038        0.0107
       0.0295        0.0062       -0.0107
      -0.0942       -0.0612        0.0864
       0.3601       -0.3241        0.3065
       0.0056        0.0210       -0.0283
      -0.0151       -0.0110        0.0150
       0.0021        0.0003        0.0000
      -0.0042       -0.0114        0.0008
      -0.0144        0.0016        0.0078
       0.0112       -0.0124        0.0008
      -0.0065        0.0236        0.0003
       0.1445       -0.0138       -0.0127
      -0.0209       -0.0016        0.0193
      -0.0225       -0.0167        0.0070
       0.0339        0.0081       -0.0133
       0.0078       -0.0081        0.0299

1693.7087022662326
       0.0027       -0.0075        0.0087
      -0.0311        0.0034       -0.0006
       0.0322        0.0151       -0.0006
       0.0158        0.0011        0.0001
       0.0372       -0.0035        0.0010
       0.1193        0.1541       -0.2065
       0.0116       -0.0171        0.0037
      -0.0336       -0.0047        0.0001
       0.1515       -0.2953        0.3755
      -0.4379       -0.1485        0.2333
      -0.1858        0.0886       -0.0818
       0.1079        0.0113       -0.0237
      -0.0509       -0.0099        0.0176
       0.1895        0.1220       -0.1751
       0.1529       -0.1310        0.1082
      -0.1300        0.2178       -0.2280
       0.0016        0.0356       -0.0480
       0.0012       -0.0007       -0.0000
       0.0046       -0.0073        0.0010
      -0.0139       -0.0083       -0.0039
       0.0053       -0.0002       -0.0004
      -0.0099        0.0102       -0.0009
       0.0504       -0.0106        0.0090
       0.0466       -0.0018       -0.0334
       0.0494        0.0288       -0.0085
      -0.0617       -0.0138        0.0227
       0.0394       -0.1752        0.1721

2308.6471855063087
      -0.7112       -0.1738        0.2883
      -0.0001       -0.0000        0.0000
       0.0004        0.0002        0.0000
       0.0003       -0.0002        0.0000
       0.0005       -0.0000        0.0000
       0.1178        0.0320       -0.0533
      -0.0006       -0.0001       -0.0002
      -0.0003        0.0004        0.0001
      -0.0014        0.0105       -0.0149
      -0.0130       -0.0074        0.0110
      -0.0001       -0.0009        0.0006
       0.0016       -0.0000       -0.0002
       0.5464        0.1295       -0.2159
       0.0149        0.0025       -0.0045
       0.0013        0.0024       -0.0031
       0.0049       -0.0061        0.0101
      -0.0068        0.0019       -0.0014
       0.0002       -0.0001       -0.0001
       0.0002       -0.0004        0.0002
      -0.0008       -0.0006       -0.0001
       0.0001       -0.0000        0.0000
      -0.0004        0.0004       -0.0001
       0.0006       -0.0002        0.0012
      -0.0005        0.0007       -0.0002
      -0.0003        0.0002       -0.0006
      -0.0011       -0.0006        0.0009
       0.0048       -0.0034        0.0009

3054.344694076883
       0.0003        0.0002       -0.0002
       0.0000        0.0001       -0.0000
      -0.0001        0.0001       -0.0000
       0.0000        0.0000       -0.0000
      -0.0000       -0.0001       -0.0000
      -0.0011        0.0009       -0.0010
      -0.0000       -0.0000        0.0000
       0.0001       -0.0001        0.0000
      -0.0008       -0.0008        0.0012
       0.0025       -0.0016        0.0018
      -0.0001       -0.0000        0.0001
      -0.1681       -0.0310        0.0481
      -0.0002       -0.0001        0.0001
       0.0027        0.0009       -0.0015
      -0.0000       -0.0003        0.0003
      -0.0000        0.0005       -0.0008
       0.0005       -0.0003        0.0003
      -0.0000        0.0000        0.0000
      -0.0001       -0.0001        0.0000
       0.0003       -0.0004        0.0001
      -0.0001       -0.0000        0.0000
       0.0001        0.0001       -0.0000
       0.0003        0.0007       -0.0006
       0.2564        0.5816        0.0952
       0.1907       -0.2259       -0.5537
       0.1198       -0.2475        0.2927
      -0.0010        0.0000        0.0003

3127.0265009802833
      -0.0000        0.0001        0.0001
       0.0001        0.0001       -0.0000
      -0.0001        0.0001       -0.0000
       0.0000       -0.0000        0.0000
      -0.0000       -0.0000       -0.0000
       0.0000        0.0001        0.0001
      -0.0000       -0.0000        0.0000
       0.0000       -0.0000       -0.0000
      -0.0000       -0.0000       -0.0000
       0.0003        0.0009        0.0007
       0.0000        0.0000       -0.0000
       0.0155        0.2384        0.1917
       0.0000       -0.0000       -0.0000
       0.0000        0.0006        0.0005
      -0.0000        0.0000       -0.0000
       0.0000        0.0000        0.0000
      -0.0000       -0.0003       -0.0003
       0.0000       -0.0000        0.0000
      -0.0001       -0.0002        0.0000
       0.0002       -0.0003        0.0000
      -0.0000        0.0000        0.0000
       0.0000        0.0001        0.0000
      -0.0000       -0.0001        0.0000
      -0.2755       -0.6033       -0.0824
       0.2161       -0.2276       -0.6006
       0.0046        0.0031        0.0177
      -0.0000        0.0000        0.0000

3173.917841716465
      -0.0002       -0.0001        0.0001
      -0.0001       -0.0005        0.0001
       0.0015       -0.0010        0.0002
       0.0002        0.0005       -0.0001
       0.0069        0.0121       -0.0008
       0.0001        0.0001       -0.0002
       0.0060       -0.0008        0.0001
      -0.0015        0.0001       -0.0001
       0.0008       -0.0004        0.0004
      -0.0001        0.0002       -0.0003
      -0.1139       -0.2112        0.1553
       0.0003       -0.0006        0.0008
       0.0002        0.0000       -0.0000
      -0.0002       -0.0000        0.0001
      -0.0001       -0.0006        0.0007
      -0.0032        0.0062       -0.0044
       0.0001       -0.0001        0.0002
      -0.0001        0.0001        0.0000
       0.0002        0.0008        0.0001
      -0.0034        0.0060       -0.0004
      -0.0004        0.0001        0.0002
      -0.0235       -0.0403        0.0025
       0.3798        0.7070       -0.5211
       0.0000        0.0002        0.0000
       0.0000       -0.0001       -0.0003
      -0.0009        0.0019       -0.0023
       0.0060       -0.0008       -0.0028

3182.097333455181
       0.0002        0.0001       -0.0001
       0.0001        0.0003       -0.0000
       0.0001       -0.0001       -0.0000
       0.0000       -0.0000       -0.0000
       0.0001        0.0003       -0.0000
      -0.0005       -0.0004        0.0005
       0.0000       -0.0000        0.0000
      -0.0000       -0.0000       -0.0000
       0.0006        0.0001       -0.0002
       0.0035        0.0031       -0.0042
      -0.0003       -0.0007        0.0005
      -0.0268        0.1914       -0.2370
      -0.0001       -0.0000        0.0000
      -0.0008       -0.0006        0.0008
       0.0000        0.0000       -0.0001
       0.0001       -0.0001        0.0002
       0.0011       -0.0008        0.0009
      -0.0000       -0.0000        0.0000
      -0.0004       -0.0008        0.0000
      -0.0003        0.0005       -0.0000
       0.0000        0.0000        0.0000
      -0.0005       -0.0009        0.0000
       0.0012        0.0022       -0.0016
      -0.1070       -0.2328       -0.0466
      -0.0857        0.1051        0.2363
       0.2708       -0.5369        0.6346
      -0.0001        0.0000       -0.0001

3202.966210794441
      -0.0001       -0.0000        0.0000
      -0.1007       -0.1938        0.0031
      -0.0806        0.1492        0.0014
       0.0654        0.0084        0.0005
      -0.0072       -0.0158        0.0006
       0.0001        0.0001       -0.0001
      -0.0033       -0.0035        0.0001
       0.0006       -0.0019        0.0001
       0.0001       -0.0005        0.0004
       0.0000       -0.0000       -0.0000
      -0.0010       -0.0005        0.0007
       0.0000        0.0002       -0.0003
       0.0001        0.0000       -0.0000
      -0.0000        0.0000       -0.0000
       0.0004        0.0001        0.0002
      -0.0025       -0.0001       -0.0006
      -0.0001        0.0000       -0.0000
      -0.0001        0.0001       -0.0000
       0.3458        0.6455       -0.0095
       0.2927       -0.4916       -0.0041
      -0.2276       -0.0080       -0.0025
       0.0258        0.0501       -0.0018
       0.0031        0.0044       -0.0031
      -0.0002       -0.0004       -0.0001
      -0.0002        0.0002        0.0004
       0.0003       -0.0005        0.0006
       0.0058        0.0001       -0.0006

3209.760168226264
      -0.0000        0.0000       -0.0000
      -0.0020       -0.0047        0.0001
      -0.0118        0.0166       -0.0001
       0.0024       -0.0019        0.0001
       0.1365        0.2547       -0.0101
       0.0000        0.0000       -0.0000
       0.0052       -0.0088        0.0009
      -0.0128        0.0020       -0.0000
      -0.0000       -0.0001        0.0001
      -0.0000        0.0000        0.0000
       0.0064        0.0106       -0.0073
      -0.0000       -0.0001        0.0002
       0.0000        0.0000       -0.0000
       0.0000        0.0000       -0.0000
      -0.0011        0.0001       -0.0004
       0.0002       -0.0005        0.0002
      -0.0001       -0.0000       -0.0000
       0.0006       -0.0008        0.0000
       0.0079        0.0148       -0.0002
       0.0366       -0.0597       -0.0003
      -0.0092        0.0002       -0.0003
      -0.4428       -0.8432        0.0327
      -0.0201       -0.0332        0.0245
       0.0001        0.0002        0.0001
       0.0001       -0.0001       -0.0003
      -0.0002        0.0004       -0.0005
      -0.0004        0.0002        0.0006

3217.1046932442973
       0.0002        0.0001       -0.0001
       0.0782        0.1204       -0.0013
      -0.1202        0.1929        0.0014
      -0.1136       -0.0094       -0.0009
      -0.0042       -0.0128        0.0005
      -0.0000        0.0000        0.0000
      -0.0048       -0.0077        0.0003
       0.0017        0.0037       -0.0001
      -0.0001       -0.0003        0.0001
      -0.0000       -0.0000        0.0000
      -0.0011       -0.0006        0.0010
       0.0001       -0.0001       -0.0001
      -0.0001       -0.0000        0.0000
       0.0000        0.0000       -0.0001
       0.0006        0.0005       -0.0000
      -0.0031       -0.0005       -0.0003
      -0.0001        0.0001       -0.0000
       0.0002       -0.0003        0.0000
      -0.2227       -0.4065        0.0057
       0.3832       -0.6352       -0.0049
       0.3837        0.0120        0.0041
       0.0188        0.0376       -0.0013
       0.0044        0.0058       -0.0040
      -0.0000       -0.0000       -0.0001
      -0.0002        0.0002        0.0005
      -0.0001        0.0001       -0.0002
       0.0076        0.0003       -0.0012

3228.845515539143
      -0.0000       -0.0000        0.0000
      -0.0541       -0.1168        0.0018
       0.0346       -0.0468       -0.0002
      -0.2605       -0.0033       -0.0030
       0.0033        0.0038       -0.0001
       0.0000        0.0000       -0.0000
       0.0016        0.0025       -0.0001
       0.0038        0.0118       -0.0005
       0.0001       -0.0000        0.0001
      -0.0000        0.0000        0.0000
       0.0005       -0.0000       -0.0002
      -0.0001        0.0001       -0.0000
       0.0001        0.0000       -0.0000
       0.0000        0.0000        0.0000
      -0.0003        0.0001       -0.0001
       0.0008        0.0001       -0.0001
       0.0000       -0.0000       -0.0000
       0.0004       -0.0009        0.0000
       0.1896        0.3572       -0.0052
      -0.0951        0.1547        0.0011
       0.8454        0.0204        0.0096
      -0.0067       -0.0123        0.0005
      -0.0011       -0.0015        0.0009
       0.0000       -0.0001        0.0000
       0.0001       -0.0001       -0.0002
       0.0001       -0.0002        0.0003
      -0.0020       -0.0000        0.0006

3480.7365480211706
       0.0025        0.0009       -0.0012
      -0.0016        0.0005       -0.0001
       0.0010       -0.0036        0.0007
      -0.0002       -0.0010        0.0000
      -0.0007        0.0006        0.0001
      -0.0013       -0.0013        0.0014
       0.0028        0.0004        0.0005
       0.0007        0.0006       -0.0002
       0.0022        0.0010        0.0020
       0.0001       -0.0003        0.0002
      -0.0009        0.0034       -0.0037
      -0.0003       -0.0001        0.0000
      -0.0016       -0.0002        0.0005
       0.0002        0.0001       -0.0002
       0.0010       -0.0040        0.0054
      -0.2514       -0.0023        0.0727
       0.0028       -0.0005        0.0008
       0.0001       -0.0001       -0.0000
       0.0001        0.0001        0.0003
      -0.0048        0.0083       -0.0041
       0.0001       -0.0001       -0.0000
      -0.0003       -0.0009        0.0003
      -0.0030       -0.0043        0.0030
       0.0004        0.0005        0.0001
       0.0004       -0.0002       -0.0005
       0.0002       -0.0003        0.0003
       0.9188        0.0195       -0.2943

