JOB 0
COORDS  5.8985562576e-01 -4.5967451181e-01  2.4726536490e+00  1.5881450041e-01  2.5558475972e-01  3.5477727067e+00 -6.8445256043e-02  1.6976979783e-01  1.3667544079e+00  6.9453908151e-01 -1.3891089082e+00 -4.8737558894e-01 -1.1256493438e+00  3.6878885420e-01 -9.8995429022e-01  1.7330594376e-01  1.0901282001e+00 -1.0375700547e+00  2.5890016476e-02 -1.2040964897e-01 -9.0724761349e-02 -8.2556325380e-01  1.1748996091e+00  1.7701759917e+00  1.0754361722e+00 -2.2670290085e+00  2.6575521887e-01 -6.8324030059e-01  1.2355648308e+00  3.1585736649e+00  8.0579850872e-01 -1.5192363266e+00 -1.8427603539e+00  1.2498332472e+00 -1.3114081718e+00  2.4477915218e+00  3.4853618147e-01  1.9070428337e-01  4.6111888085e+00 -1.9470548434e+00  8.2570750745e-01 -4.4965118504e-01 -1.3884633652e+00 -2.7360764991e-01 -1.8222839557e+00  8.1139062900e-01  9.5394028693e-01 -1.9031269874e+00  2.4593667237e-01  2.0445778993e+00 -5.2792697280e-01  1.0220574903e+00 -2.4566467592e+00 -2.0033518677e+00
ENERGY -5.514151423407e+02
GRADIENT  3.0988281507e-05  5.1597458612e-05 -2.5582412991e-05 -3.0506533381e-05 -9.0272206158e-06  2.0276412177e-05 -5.4903469580e-05 -3.9244357620e-05 -4.9318778643e-06  3.1582733464e-03  1.8874081616e-03 -4.9811879965e-05 -4.8155818515e-05  2.0843198983e-05 -4.8873389646e-05  5.0787640754e-05 -6.7936659683e-05  6.0183251608e-05 -2.8549472982e-03 -1.4440248687e-03 -7.0943102970e-05 -3.7391512187e-06 -9.9558217112e-06  2.6586653452e-05  4.4868972925e-05  2.5007121053e-05  4.8776046364e-05 -5.9508955592e-07  1.7965818315e-05  8.4510231073e-06  4.3151325899e-03  5.9727194006e-04  3.7220058478e-04 -4.1489844385e-06  2.4417102377e-06 -7.0396722707e-06 -8.9635523820e-06  5.9898767764e-06  2.9725400832e-06  1.6177869164e-05  1.5634035990e-05 -5.1710715948e-06  1.5833464235e-05 -7.5346055304e-06  5.4449464241e-06 -1.0296373399e-05  2.9827626624e-05 -1.1953460560e-05 -9.8187257446e-06  1.7351873089e-05 -6.2269069961e-06 -4.6216553396e-03 -1.0106231073e-03 -2.8600597956e-04

JOB 1
COORDS  6.0808359849e-01 -4.7015833899e-01  2.4644153686e+00  1.7553411231e-01  2.4113350207e-01  3.5415178504e+00 -5.2494686490e-02  1.6009172731e-01  1.3604664517e+00  7.1609849334e-01 -1.3942210967e+00 -4.9413049102e-01 -1.1155801798e+00  3.4342989859e-01 -9.9583272701e-01  1.7156980398e-01  1.0854032739e+00 -1.0429800111e+00  4.5212448955e-02 -1.2711678223e-01 -9.7262563263e-02 -8.1308652487e-01  1.1612715233e+00  1.7665567492e+00  1.0206988072e+00 -2.3049755291e+00  2.5263289929e-01 -6.7048951089e-01  1.2188764774e+00  3.1552302770e+00  8.8762124820e-01 -1.4951352829e+00 -1.8507333420e+00  1.2690667621e+00 -1.3212593044e+00  2.4386675578e+00  3.6588650886e-01  1.7413961979e-01  4.6046828843e+00 -1.9444443550e+00  7.8389145406e-01 -4.5311001821e-01 -1.3683658630e+00 -3.0086110151e-01 -1.8299095656e+00  8.1004650884e-01  9.6039450534e-01 -1.9097109389e+00  2.2823844285e-01  2.0405377864e+00 -5.3278039903e-01  8.5879690821e-01 -2.4459100013e+00 -2.0616697661e+00
ENERGY -5.514119819802e+02
GRADIENT -8.9362975860e-06  6.0413846621e-05  2.0143658232e-05 -2.5845743245e-06  1.7397089960e-06  1.1527604607e-05  3.6757346291e-05 -1.6420399694e-05 -4.7482039265e-05  5.6160074192e-03  3.8988134447e-03  5.1073312255e-04  2.5894452055e-05 -1.7068305012e-06  3.6811296314e-05 -5.9101810634e-06  4.3468956962e-05 -2.7081950438e-05 -5.2820293746e-03 -2.6092409563e-03 -5.2524030892e-04 -4.3884317532e-05 -9.0714437229e-05 -2.2173747069e-06  5.1183028535e-05 -6.1698795291e-05 -5.2750791069e-05  2.0129513652e-05  3.8942821408e-05  2.4278835760e-05  8.2519597573e-03 -1.7366443622e-03  1.1863878255e-03 -1.1404197725e-05  2.1789704768e-06  1.4212624961e-05 -1.0336985901e-05  1.0193989148e-05  3.8884200538e-06 -1.2705913098e-05 -7.6507966857e-06 -3.2628463380e-06  2.9847494867e-06  2.3218155953e-06  2.6495423224e-06  5.5343776600e-06 -8.4779898001e-06  1.2753935001e-05 -1.7233225883e-06 -5.1029462956e-06  9.4380464989e-06 -8.6494099587e-03  5.1472051802e-04 -1.1096086103e-03

JOB 2
COORDS  6.0930497605e-01 -4.1986215010e-01  2.4914912707e+00  1.3861810036e-01  2.8172220349e-01  3.5589146501e+00 -6.3736078169e-02  1.7666248701e-01  1.3764191432e+00  7.5916481205e-01 -1.3727333831e+00 -4.6026679846e-01 -1.0874920414e+00  3.3819604701e-01 -9.9878752967e-01  1.8959030758e-01  1.0974059820e+00 -1.0254178224e+00  6.2508525115e-02 -1.1520946363e-01 -7.8290631170e-02 -8.6640401280e-01  1.1504468426e+00  1.7678584399e+00  1.0593675645e+00 -2.2738243344e+00  2.9688617789e-01 -7.4034167395e-01  1.2236435155e+00  3.1574435545e+00  9.5239728088e-01 -1.4813347542e+00 -1.8209925468e+00  1.3024858772e+00 -1.2453119272e+00  2.4793943533e+00  3.2033547658e-01  2.2930614741e-01  4.6243963732e+00 -1.9317317031e+00  7.6743961101e-01 -4.7100804379e-01 -1.3174999675e+00 -3.0866019680e-01 -1.8373939276e+00  8.4433464897e-01  9.7827095108e-01 -1.8806640429e+00  2.2450131550e-01  2.0542705698e+00 -5.1657071796e-01  7.0811365692e-01 -2.3879677551e+00 -2.0758611925e+00
ENERGY -5.514073357811e+02
GRADIENT  3.0030273107e-05  3.4076099105e-05  1.0649997666e-04 -9.2292737703e-05  2.1067439337e-05 -1.7860822900e-04  1.5135879055e-04 -1.4909400626e-04 -1.6004486236e-04  7.0403421659e-03  5.5054122527e-03  5.1016078668e-04  1.2513990698e-05 -1.0848792864e-05  2.0063008016e-05  3.4941031763e-05 -4.1396447897e-05  1.1013067641e-05 -6.6454549469e-03 -3.3145231980e-03 -6.3767690021e-04  7.4881157808e-05 -2.0558546685e-04  1.2413643829e-04  3.4718740228e-05  5.4382038034e-06 -9.0061288041e-07 -8.5375756329e-05  2.3197005140e-04  2.2108586794e-04  9.8722970942e-03 -5.4180364135e-03  1.7920121337e-03 -2.4102693301e-05  2.8106353666e-05  4.9539698096e-06 -3.0941508001e-05  3.0611423696e-05 -6.8274105479e-06 -1.8220721874e-05 -1.6198028598e-05  6.6579125074e-06 -2.0584741389e-06  1.0595911872e-05  4.7826173858e-06  6.4975337705e-06  1.2980074796e-05 -5.4486300530e-07 -3.3560731082e-06  6.7198051150e-06 -3.2359153929e-06 -1.0374286236e-02  3.2957151588e-03 -1.7402537484e-03

JOB 3
COORDS  6.1674397169e-01 -4.1265621989e-01  2.4959167938e+00  1.2749659373e-01  2.8284710150e-01  3.5589648372e+00 -6.5703717008e-02  1.6444336145e-01  1.3763088257e+00  7.8745308515e-01 -1.3796274164e+00 -4.5416205384e-01 -1.0700631418e+00  3.2312965285e-01 -1.0058504233e+00  2.0582283851e-01  1.0826730275e+00 -1.0244979064e+00  7.2307856552e-02 -1.3163693279e-01 -7.6750360968e-02 -8.9086923079e-01  1.1222245844e+00  1.7607013951e+00  1.1402438920e+00 -2.2493014520e+00  3.1360420226e-01 -7.7057445027e-01  1.2034095280e+00  3.1501508446e+00  9.5710002396e-01 -1.5133713362e+00 -1.8243887096e+00  1.3294861334e+00 -1.2212651612e+00  2.4891185310e+00  3.0700592071e-01  2.3899703990e-01  4.6252229213e+00 -1.9176664959e+00  7.5204240714e-01 -4.8336070717e-01 -1.2962645866e+00 -3.1987387019e-01 -1.8483877173e+00  8.6697810634e-01  9.6155471003e-01 -1.8744440912e+00  2.3815326188e-01  2.0388304285e+00 -5.1424152952e-01  5.1280624274e-01 -2.3300608103e+00 -2.1071353997e+00
ENERGY -5.514022659017e+02
GRADIENT -2.2706478728e-05 -3.9226475732e-05  2.4592683160e-05  1.1529188151e-05 -2.2689323626e-05  5.1450359519e-05 -4.0895614215e-05  5.7022904597e-05  7.3641311892e-05  6.9619872605e-03  6.0555175363e-03  2.2576295541e-04 -3.0024672315e-05  4.0177508402e-05 -2.6414117253e-05 -2.6716964651e-05 -1.3120157905e-05 -7.2512133929e-06 -6.1953608481e-03 -3.4808874588e-03 -3.8386616070e-04 -7.7716997665e-05  6.4818244740e-05 -5.9482052377e-05 -3.8221312899e-06  6.1755937716e-05  7.7006376676e-05  6.5045347254e-05 -5.4286007756e-05 -1.0968316592e-04  8.3005393197e-03 -8.0350324139e-03  1.7594748224e-03  9.4342497890e-06  1.0299959063e-05  8.3109095216e-06  1.6607548374e-06 -5.4316824429e-06  6.2228697318e-06  2.5431805056e-07 -8.6470188964e-06  1.3260821420e-05  5.1587689281e-06 -6.4189200687e-06  1.1714300688e-05  6.9024800567e-06  2.3011229922e-06  4.8776583999e-06 -3.2003947127e-06 -2.5364367537e-06  9.6847610192e-06 -8.9633986305e-03  5.4395098458e-03 -1.6282003392e-03

JOB 4
COORDS  6.9182955240e-01 -3.4176400177e-01  2.4998619883e+00  1.5137650491e-01  3.2208788855e-01  3.5581062581e+00 -7.6941356823e-02  1.2433844423e-01  1.3846608104e+00  7.9364965257e-01 -1.4381194722e+00 -4.2020809427e-01 -1.0331673550e+00  2.9949387748e-01 -1.0134476641e+00  2.6374912473e-01  1.0235980304e+00 -1.0139410264e+00  7.4738514682e-02 -1.8520737262e-01 -6.4067083674e-02 -9.9626393218e-01  9.9291553825e-01  1.7664392666e+00  1.2241407461e+00 -2.2466201915e+00  3.7098823023e-01 -8.5366427232e-01  1.1254569192e+00  3.1500637050e+00  9.3018515568e-01 -1.6293499004e+00 -1.7939189413e+00  1.4897838694e+00 -1.0666724349e+00  2.4949477226e+00  3.5784584426e-01  3.2633425880e-01  4.6203794065e+00 -1.8786121750e+00  7.5614286213e-01 -5.1191820965e-01 -1.2647759515e+00 -3.3397685529e-01 -1.8616577673e+00  9.3762979235e-01  8.7848961642e-01 -1.8501789391e+00  3.1619923335e-01  1.9804405462e+00 -5.0640784722e-01  3.0626404631e-01 -2.3144176714e+00 -2.0843475882e+00
ENERGY -5.513981211949e+02
GRADIENT -8.4821239013e-06  3.7176924563e-05 -1.7387946085e-05  1.8290651766e-07 -3.8002272595e-06  2.1956003145e-05 -3.4731666137e-05 -1.7997989001e-05 -2.6071270435e-05  4.8589342159e-03  4.3950000695e-03 -2.7542779815e-04  2.9636367289e-05  1.2686818898e-06  2.3496452076e-05 -9.6457199366e-06  2.6044311899e-05 -1.4414063007e-05 -4.0683209247e-03 -2.3561742606e-03 -5.1659771217e-05  1.1998399281e-05 -3.4526487311e-05  3.2237962034e-05 -5.1661246740e-05  1.1746743298e-04  1.1526534119e-04 -3.3974192330e-06  3.0038178559e-06  2.7166382476e-05  4.3078972777e-03 -7.1293941788e-03  1.3806616151e-03 -3.6893128762e-07 -9.3375671521e-06 -3.5202856067e-06  2.9786071675e-06  7.3802895833e-07  3.7733964195e-06 -1.3991569792e-05 -1.3101922594e-06 -1.8223682351e-05 -2.6357362896e-05  1.0078690536e-05  1.1154544678e-06 -8.0375524899e-06 -8.3825649432e-06  2.9650757451e-06 -1.7663298083e-05 -1.0110243485e-05  3.3600047295e-05 -4.9620507594e-03  5.0284865792e-03 -1.1867511378e-03

JOB 5
COORDS  6.9680785911e-01 -2.6641027649e-01  2.5980467377e+00  1.0924856519e-01  3.3702498890e-01  3.6672602382e+00 -1.0186701701e-01  1.6548558084e-01  1.4899734788e+00  8.3630462084e-01 -1.3262499145e+00 -3.4484356320e-01 -1.0206514141e+00  4.0691533737e-01 -9.1234551949e-01  2.7683215821e-01  1.1319666112e+00 -8.7641816893e-01  7.3226174442e-02 -1.0361868284e-01  3.5241113826e-02 -1.0806565404e+00  9.5972566265e-01  1.8858150889e+00  1.3962236295e+00 -2.0657308503e+00  4.3063841107e-01 -9.4968794756e-01  1.0750698495e+00  3.2718280894e+00  9.2724253468e-01 -1.5369011703e+00 -1.7206830406e+00  1.5452761054e+00 -9.3112310604e-01  2.5798303646e+00  3.1339276959e-01  3.3566341118e-01  4.7299982686e+00 -1.8728033409e+00  8.5189742969e-01 -4.1221896093e-01 -1.2454893867e+00 -1.9355197002e-01 -1.7861255929e+00  9.6252102428e-01  1.0103115865e+00 -1.7070832341e+00  3.2323697524e-01  2.0755512747e+00 -3.4382442121e-01  1.7836380165e-01 -2.0752718904e+00 -2.0238946247e+00
ENERGY -5.513960258897e+02
GRADIENT  3.3997734622e-05 -4.2757144234e-06  6.1612497594e-05  7.7192588447e-05  5.9827143925e-05 -4.6745169740e-05 -1.5995256128e-04 -9.8325574869e-05  5.3763523003e-05  1.2738025988e-03  1.1678495079e-03 -3.8270196899e-04 -1.7049072277e-04 -1.6578069937e-04  3.5527913707e-05  7.3746399397e-05 -3.7666336644e-04  3.0708485504e-04 -7.9240761996e-04 -9.4570958578e-05 -9.3239230079e-05  7.5738003486e-05  7.6448712268e-05  7.9606352812e-06  1.1443165917e-05  1.0761790437e-05 -5.5210085874e-06 -1.2789481500e-04 -9.6653407739e-05  3.6855461584e-06  7.2685858255e-04 -2.2426317272e-03  5.5399367474e-04 -2.1295431903e-05 -1.1411225028e-05 -4.3837868563e-07  2.0977238779e-06  6.4896845021e-06  3.5834813961e-07 -6.4843212029e-06  6.7435140612e-06 -1.0524138320e-05 -2.3133973298e-05  4.3952657064e-05 -1.0202334057e-05  1.2862099502e-05  6.7470820777e-05 -1.5198005323e-05  6.0345603108e-06  6.0228126995e-05 -8.0266544184e-05 -1.0001952884e-03  1.5828511731e-03 -3.2397593682e-04

JOB 6
COORDS  7.2099841836e-01 -2.2956930184e-01  2.6041965894e+00  1.1133840158e-01  3.4276515174e-01  3.6780455005e+00 -1.1563151933e-01  1.4779375437e-01  1.5043890593e+00  8.3395366734e-01 -1.3400428706e+00 -3.2750363943e-01 -1.0082455843e+00  4.2959945141e-01 -8.9927900163e-01  3.0916553967e-01  1.1208848088e+00 -8.4948919808e-01  6.1793072519e-02 -1.1750255691e-01  4.9016268483e-02 -1.1356894402e+00  8.8372322458e-01  1.9082489604e+00  1.4873524439e+00 -2.0058162767e+00  4.4109671604e-01 -9.9395014279e-01  1.0152353616e+00  3.2917902916e+00  8.7378920701e-01 -1.6080177436e+00 -1.6914503559e+00  1.6081539908e+00 -8.4143035626e-01  2.5770361036e+00  3.2797327343e-01  3.5942420992e-01  4.7381947335e+00 -1.8529271511e+00  8.9506161440e-01 -4.0555308231e-01 -1.2486902408e+00 -1.4804179021e-01 -1.7847891088e+00  9.9846328175e-01  9.8696510164e-01 -1.6755777553e+00  3.7789479972e-01  2.0592383036e+00 -3.0998706580e-01  2.1552908242e-02 -1.9657001515e+00 -1.9893146381e+00
ENERGY -5.513962829614e+02
GRADIENT -3.9199564486e-05  8.3586725163e-05 -5.4478228077e-05  2.4293901978e-05 -3.2422892051e-05  1.4606673985e-04 -2.6430641424e-05  3.5127227863e-05  2.1420914180e-05 -2.0456151302e-03 -2.0317290562e-03  3.4460809301e-04  1.0161552472e-04  5.5925323977e-05  4.8278301267e-05  1.5509987657e-05  1.1739875554e-04 -6.2737922715e-05  1.4814189767e-03  9.0210421813e-04 -2.6649018798e-04 -9.6941098324e-05 -5.7448822357e-05 -2.7376721054e-05  3.1753346013e-05 -5.7033049611e-05 -2.9664921317e-05  1.3913412785e-04 -8.0818085390e-06 -8.5987739294e-05 -3.9999768992e-04  3.6028512599e-03 -5.7731563296e-04  8.5692670437e-06 -2.7811260370e-06  7.1219680839e-06  1.5360766781e-05 -8.9972749914e-06  1.0888809504e-05 -2.6910989797e-05 -2.3282123910e-05 -2.1140720155e-05 -3.3292228708e-05  5.9555466248e-06  1.4271537968e-05  1.8645880017e-06 -1.5917824611e-05  6.4144544132e-06 -2.4565881393e-05 -2.0669011188e-05  2.0237342122e-05  9.1665742662e-04 -2.5142024085e-03  5.4518561667e-04

JOB 7
COORDS  7.2774782757e-01 -2.2341924379e-01  2.6081275596e+00  1.0637400164e-01  3.3766595983e-01  3.6812519110e+00 -1.1245848937e-01  1.4270379131e-01  1.5072111814e+00  8.6215274766e-01 -1.3364687668e+00 -3.2114506977e-01 -9.9800671842e-01  4.3485951841e-01 -8.9300292008e-01  3.2687322029e-01  1.1164699538e+00 -8.4229620625e-01  6.7694533800e-02 -1.2118476627e-01  5.1277394178e-02 -1.1445271459e+00  8.6256772826e-01  1.9098226005e+00  1.6102731542e+00 -1.9185437867e+00  4.2954654429e-01 -1.0085207351e+00  9.9338149448e-01  3.2937053355e+00  8.2976560711e-01 -1.6802591673e+00 -1.6600935812e+00  1.6261422940e+00 -8.1845396189e-01  2.5798070755e+00  3.2046143658e-01  3.5653751234e-01  4.7418786574e+00 -1.8386014248e+00  9.0781698677e-01 -3.9958634175e-01 -1.2499135392e+00 -1.2812279533e-01 -1.7855671365e+00  1.0146226381e+00  9.7993869473e-01 -1.6697476271e+00  4.0359988471e-01  2.0551161417e+00 -3.0423854196e-01 -8.2826360698e-02 -1.8623401569e+00 -1.9386692506e+00
ENERGY -5.513981467517e+02
GRADIENT  3.4135063876e-05 -8.0482270386e-07  2.9654948562e-06  4.1684339246e-05  5.0913908699e-05 -1.6150748620e-05 -1.0186376895e-05  6.9171416215e-06  4.1820849917e-05 -3.9445679446e-03 -4.0844076335e-03  1.1298969930e-03  7.8831091678e-05  4.1785574360e-05  3.1939279289e-05  1.6157410805e-06  9.1237541565e-05 -4.6370592392e-05  2.7082586007e-03  1.8501365068e-03 -5.7324005548e-04  7.4772017253e-06  1.0115566562e-04 -2.8595379960e-05  1.8687433940e-05 -2.1985561083e-05  8.2034165313e-06 -4.3753169665e-05 -1.1222426920e-04 -2.1016090622e-05  5.4743614338e-04  7.0764445882e-03 -1.7813432113e-03 -1.4212088497e-06 -1.2024144784e-05  5.8128092408e-06  9.4104861104e-06 -2.5219413965e-07  1.9015161926e-07 -1.6680027542e-05 -6.5949692366e-06 -6.4647839104e-06 -2.4530617638e-05 -6.5560755595e-06  4.4583365296e-06 -6.4714600139e-06 -1.5084719211e-05  6.5362164667e-06 -1.1764981558e-05 -1.2843286509e-05  2.4427222360e-05  5.9944463489e-04 -4.9234831373e-03  1.2493173362e-03

JOB 8
COORDS  7.2099703191e-01 -2.2347855924e-01  2.5974074443e+00  8.9384419509e-02  3.3643520526e-01  3.6652034648e+00 -1.1434325380e-01  1.3525363533e-01  1.4904525797e+00  8.8725702096e-01 -1.3471836380e+00 -3.2048394248e-01 -9.8925952845e-01  4.1798506403e-01 -9.1134739113e-01  3.3903399350e-01  1.0974794371e+00 -8.5973070453e-01  7.3340185627e-02 -1.3457389160e-01  3.5932203113e-02 -1.1530606384e+00  8.5012878257e-01  1.8846514445e+00  1.6987948141e+00 -1.8580270574e+00  4.1701664895e-01 -1.0264745254e+00  9.8529641606e-01  3.2688233219e+00  7.8938833836e-01 -1.7781810269e+00 -1.6218514252e+00  1.6247201414e+00 -8.1056992310e-01  2.5744098564e+00  2.9672410156e-01  3.5949645316e-01  4.7270893138e+00 -1.8297501087e+00  8.9583236070e-01 -4.2247532667e-01 -1.2467441341e+00 -1.3830301779e-01 -1.8075507314e+00  1.0282500624e+00  9.5742688601e-01 -1.6859381625e+00  4.1625019957e-01  2.0408694163e+00 -3.3001567969e-01 -1.4030192570e-01 -1.7829749366e+00 -1.9035650719e+00
ENERGY -5.514005277211e+02
GRADIENT -4.2447945518e-05 -1.0794194455e-05  4.8060943020e-06  5.0289699543e-05  2.7424763011e-05  5.3507596252e-05 -2.1622061451e-05 -2.5759781520e-05  2.7309876201e-06 -3.9417799720e-03 -4.1249269948e-03  1.7710326987e-03 -4.3031255875e-05 -3.3176214943e-05 -5.9900819540e-05 -1.3478569832e-05 -1.7232224372e-05  3.5468361900e-05  2.6165236776e-03  2.0609814165e-03 -8.2310948428e-04  1.7126295185e-05  7.7969397658e-05 -4.2143953567e-05 -3.6027147092e-05  2.6082149953e-05 -2.0326751066e-05  1.3214376023e-06 -1.0143414836e-04 -3.3105542039e-05  1.8344889810e-03  6.8531445477e-03 -2.4895167897e-03  3.1560334082e-06 -8.0182272648e-06  3.0716763294e-06  7.9137479898e-06 -8.5042056573e-07  5.8905230739e-06  2.1867397603e-05  1.6798068863e-05  2.3514500029e-05  5.0491276813e-06  3.3361441948e-06  5.9021393034e-06  7.4520580287e-06 -2.0387536210e-06  9.6355848604e-06  9.4325238859e-06  1.0600470343e-05 -1.1186250438e-05 -4.7686935341e-04 -4.7588748651e-03  1.6205769947e-03

JOB 9
COORDS  7.2511143071e-01 -2.3180076716e-01  2.6144850709e+00  9.9338969143e-02  3.2948086696e-01  3.6849869428e+00 -1.1230458353e-01  1.3097954679e-01  1.5106143187e+00  8.8431427825e-01 -1.3520725191e+00 -3.0106356992e-01 -9.9791310172e-01  4.2126421514e-01 -8.8321341546e-01  3.3230099407e-01  1.0994104939e+00 -8.3676655531e-01  6.9897031975e-02 -1.3601970900e-01  5.4232937683e-02 -1.1469762829e+00  8.4954973064e-01  1.9085211479e+00  1.6952740037e+00 -1.8618929071e+00  4.3886537243e-01 -1.0148307793e+00  9.8353961192e-01  3.2919901882e+00  7.6830088891e-01 -1.8115783769e+00 -1.5840107347e+00  1.6259845939e+00 -8.2296377762e-01  2.5878104701e+00  3.0990249273e-01  3.5046530151e-01  4.7462871516e+00 -1.8352179941e+00  8.9754719052e-01 -3.8729910582e-01 -1.2709874947e+00 -1.2791047894e-01 -1.7805592171e+00  1.0177524343e+00  9.6468909949e-01 -1.6674084054e+00  4.1150728137e-01  2.0421443360e+00 -3.0631718097e-01 -1.1557783962e-01 -1.6137524189e+00 -1.9344742423e+00
ENERGY -5.514024369841e+02
GRADIENT -2.0935967253e-04  8.9667676790e-05 -7.3930881005e-05  1.1505671592e-04 -4.8610144157e-05  4.1601259491e-04 -4.9021752337e-05  2.4153058853e-05  4.2598969337e-05 -2.8843256700e-03 -2.4974162043e-03  1.5768545208e-03 -7.7791050763e-05  8.0684796329e-05 -7.8936970416e-06 -1.6819625932e-05  7.8176999492e-05 -9.4173402817e-05  1.5904297639e-03  1.2582188464e-03 -8.1580220887e-04 -1.8917776429e-04  2.6651811186e-05 -1.8172257253e-04  7.1504687947e-05 -1.8707398244e-04 -2.0104311006e-04  3.3198795259e-04 -1.6281165806e-04 -2.6558809702e-04  2.3056032983e-03  4.2388716138e-03 -1.5636876198e-03  9.4030928564e-06 -3.7747967817e-06  1.5507432490e-05  3.5071515341e-05 -2.5303082135e-05  2.8722383624e-05  1.7775493603e-05  1.7056434922e-06 -1.5894213735e-05  3.3982655627e-05 -1.8561746943e-05  2.4449080977e-06  6.1798028255e-06 -4.8006212375e-06  3.9771053415e-06 -2.4719147484e-07 -1.6929943091e-05  1.7217391537e-05 -1.0943302512e-03 -2.8518759557e-03  1.1758593736e-03

JOB 10
COORDS  7.5710151918e-01 -2.4385816036e-01  2.6567972859e+00  1.6882733360e-01  3.5763028930e-01  3.7267030505e+00 -8.0062014135e-02  1.3657628149e-01  1.5589790856e+00  8.5175444078e-01 -1.3805161268e+00 -2.6026036661e-01 -1.0313329788e+00  3.7875894576e-01 -8.1575014788e-01  2.8264517814e-01  1.0888457979e+00 -8.0669398204e-01  7.4294164755e-02 -1.4295021846e-01  1.0146163038e-01 -1.0791694842e+00  9.0190602676e-01  1.9605557520e+00  1.4843863698e+00 -2.0395870458e+00  5.3402172127e-01 -9.2446800675e-01  1.0495522783e+00  3.3396712955e+00  8.8915516298e-01 -1.7253642197e+00 -1.5820812177e+00  1.6279672085e+00 -8.7826321863e-01  2.6309782744e+00  3.9331333472e-01  3.8342489516e-01  4.7849866594e+00 -1.8651347194e+00  8.4404248506e-01 -3.0354906666e-01 -1.3236344466e+00 -2.1226168962e-01 -1.6804471891e+00  9.6181508099e-01  9.7669016709e-01 -1.6463117695e+00  3.4124299526e-01  2.0376411350e+00 -2.8504855190e-01  2.1172661759e-01 -1.2502798991e+00 -2.0900654621e+00
ENERGY -5.514034892117e+02
GRADIENT -2.3975537193e-06 -8.5614639788e-07 -7.2055005062e-06  1.3195020539e-05  3.3992761134e-05 -1.6203010315e-05 -7.0781923523e-06  6.3066357663e-06  4.1196030118e-06 -1.5488187153e-03 -1.1537754075e-03  4.3072561619e-04 -5.2487237198e-05 -4.0491546335e-05  5.0220812702e-05  6.1365312741e-05  8.1657327113e-05 -2.5046091452e-05  9.1651592870e-04  5.7780616533e-04 -2.2503958648e-04  1.5377687115e-05 -2.9273441907e-05  2.7140885692e-05 -1.5632083408e-05  2.6874636648e-05 -2.3010183904e-05 -2.3687117591e-05 -2.6187635237e-06  2.9710710874e-05  1.6856096335e-03  1.7000823157e-03 -4.8688437334e-04 -1.0478412478e-06 -1.0832033006e-05  3.0259697672e-06  2.8412299765e-06  5.5313480744e-06  1.4987795681e-06 -3.9693374502e-06 -1.6668641416e-05  1.0361675362e-05  1.2384594838e-05  2.4711983475e-05 -1.0800941386e-05 -2.4811110285e-06 -3.6395837751e-05  1.0212545986e-05 -2.2653342416e-05 -1.9121506284e-05  2.3046510828e-05 -1.0032601375e-03 -1.1304184907e-03  2.6974334861e-04

JOB 11
COORDS  7.4009406145e-01 -2.9650805976e-01  2.7019102972e+00  1.9774772979e-01  3.5796925363e-01  3.7651853099e+00 -4.9869995029e-02  1.5366882559e-01  1.5957414881e+00  8.4555226408e-01 -1.3892160824e+00 -2.2216535889e-01 -1.0622240672e+00  3.1753268002e-01 -7.6641789723e-01  2.2013583809e-01  1.0823148488e+00 -7.8818422785e-01  8.3958905314e-02 -1.4281557466e-01  1.3937236280e-01 -9.8061327898e-01  1.0058650180e+00  1.9869350985e+00  1.3591240989e+00 -2.1306108980e+00  5.8548626419e-01 -8.2630773175e-01  1.1427229593e+00  3.3669259536e+00  9.5940834166e-01 -1.6870918742e+00 -1.5510123206e+00  1.5501431897e+00 -1.0071234644e+00  2.6869919033e+00  4.1428620147e-01  3.6659548433e-01  4.8253794436e+00 -1.9036937572e+00  7.5962637611e-01 -2.4615194686e-01 -1.3348560100e+00 -3.1746814159e-01 -1.6047748623e+00  8.9273011875e-01  1.0079055140e+00 -1.6384890623e+00  2.4382350456e-01  2.0371559379e+00 -2.7518015228e-01  5.1505095337e-01 -1.0269822919e+00 -2.1070836356e+00
ENERGY -5.514037813161e+02
GRADIENT  1.3144140233e-05  1.9612734026e-05 -3.0039431510e-05 -3.3539973554e-05 -3.0823983434e-05  1.9733705686e-05  3.3203990086e-05  2.6450676619e-05  1.1388424411e-05  2.8942951806e-04  2.6263873772e-04  2.1408740891e-06  1.5779752081e-05  3.4535061186e-05  4.2628001373e-05 -2.2284532293e-05  5.0615746370e-05 -6.9297145192e-05 -1.5028440680e-04 -2.5528859990e-04  5.8443565828e-05 -2.3805900573e-05  1.6170688805e-05  9.7845734130e-06 -1.3955426560e-05 -1.7718500911e-05  1.4607407340e-05  1.9943806260e-05 -1.3449733939e-05 -2.1448096785e-05 -3.7368643620e-04 -2.4377273857e-04 -7.4236894930e-06 -8.6178540721e-06 -1.4323883637e-05  1.1273535339e-05  9.7531394481e-06  7.8813401583e-06  6.9587209389e-07 -1.2436776257e-05 -5.8896370829e-06 -1.1059986391e-05  1.0869630829e-05 -7.1968728320e-06  4.0447733025e-07 -1.1144009431e-06  8.6150898191e-06  3.0366682638e-06  3.6372279603e-06 -1.0555738827e-05  1.9407076228e-05  2.3781210547e-04  1.4881433302e-04 -1.2529129982e-05

JOB 12
COORDS  3.1740892139e-01 -4.7336236814e-01  2.5311946802e+00  9.5156840978e-02  4.8490137426e-01  3.4717607646e+00  2.0789825483e-01  2.4126742619e-01  1.2950883584e+00  1.0939308502e+00 -1.5115033255e+00 -3.2196505069e-01 -1.0254586008e+00 -1.5113809480e-01 -9.3264129898e-01  1.1734936546e-01  7.6699466312e-01 -1.2193645532e+00  2.7397161785e-01 -2.6712906290e-01 -1.0569861833e-01 -5.8798750924e-02  1.5184755076e+00  1.5010682408e+00  1.5361191367e+00 -2.1948583993e+00  5.7407673181e-01 -1.3559035595e-01  1.6795248125e+00  2.8853537853e+00  1.2796037080e+00 -1.9156197134e+00 -1.6140732218e+00  5.4926837429e-01 -1.5167914336e+00  2.6697504699e+00  7.4341907104e-02  4.7837228259e-01  4.5536858269e+00 -1.8766728260e+00  2.5288008316e-01 -3.9591052485e-01 -1.2507848980e+00 -9.6268393142e-01 -1.6177873670e+00  6.9312296153e-01  6.5066594779e-01 -2.1344377367e+00  4.2751225561e-02  1.7931272978e+00 -8.7943318135e-01  1.0481724705e+00 -1.2109753779e+00 -2.2406384223e+00
ENERGY -5.514034867366e+02
GRADIENT -6.8210949777e-05  5.2811938398e-05 -3.2234357387e-05  4.4958734528e-06 -3.9208703095e-05  1.3994739508e-04  3.4263538141e-05 -1.7029712879e-05  6.1367518993e-06  1.7951606429e-03  1.0917589472e-03  3.1543195531e-05 -9.0019278339e-05  3.4728048906e-05 -5.3816807933e-05  3.0487757709e-05 -1.5907532840e-04 -1.2481970149e-04 -8.7404498056e-04 -4.3084827116e-04  1.8426846918e-04  4.9504803649e-05  6.5921253210e-05 -7.6791910757e-05 -7.8684871907e-05  3.2702030361e-06 -3.1775384270e-05  1.1076457254e-05 -1.2818047088e-04 -7.2883879724e-05 -2.2527231621e-03 -9.8119210214e-04 -9.7496555121e-05  2.2686709868e-06 -5.2191770254e-06  1.5630403749e-05 -4.4482340311e-06 -1.1380579617e-05  1.3323205357e-05 -7.9299016038e-07  8.8022726287e-06 -9.2415167161e-06  1.7996185743e-05 -3.4293343773e-05  4.3363513169e-05  1.7414342509e-05  5.3564658356e-05  1.8168326475e-05 -3.2027195498e-05 -1.7352278638e-05  4.7305531963e-05  1.4109074687e-03  5.1485617244e-04  5.9673428714e-05

JOB 13
COORDS  3.4675388687e-01 -4.6641434821e-01  2.5483132915e+00  1.6228062563e-01  4.9538113735e-01  3.4936122662e+00  2.1654766877e-01  2.5021785717e-01  1.3150136293e+00  1.0360960904e+00 -1.5279479453e+00 -3.1214017588e-01 -1.0628471731e+00 -1.6325130030e-01 -8.8419267337e-01  5.9616366431e-02  7.7216208710e-01 -1.1950762603e+00  2.5772826525e-01 -2.5831223853e-01 -8.6940145654e-02 -2.5920422986e-02  1.5314905895e+00  1.5271250009e+00  1.2604155119e+00 -2.3438779128e+00  5.5340722636e-01 -6.6239720391e-02  1.6930685633e+00  2.9132912829e+00  1.3914204645e+00 -1.8063066309e+00 -1.6030136554e+00  5.5544095411e-01 -1.5158223094e+00  2.6784635439e+00  1.6596376105e-01  4.8847815039e-01  4.5757584346e+00 -1.9117411529e+00  2.1776820494e-01 -3.2685587916e-01 -1.2753211950e+00 -9.7334317548e-01 -1.5745426839e+00  5.8418005426e-01  6.5950623059e-01 -2.1403486703e+00 -1.7065862998e-02  1.7977769221e+00 -8.5424635644e-01  1.5153765942e+00 -9.8336049080e-01 -2.1036461812e+00
ENERGY -5.514024375195e+02
GRADIENT  5.5610499019e-05 -8.1014643044e-05  1.9983854816e-06 -9.6843193303e-06 -1.4319045362e-05 -3.4639619607e-05 -3.5733477543e-05  6.7688826377e-05  1.0232082470e-04  3.6204746590e-03  1.7441475905e-03  5.8584650259e-04  1.2936592959e-05  1.9816106612e-05 -1.3263875054e-06  5.6867725391e-06 -6.3889737282e-05 -4.2811409262e-06 -1.8455067670e-03 -1.0815341932e-03 -3.1740153455e-04 -4.7364946074e-05  7.0223425724e-05 -8.7036390427e-06  2.3988186790e-05 -9.8898430507e-05 -9.2543246000e-06  1.4888289608e-05 -1.3580715242e-05 -4.8715871725e-05 -4.9183670099e-03 -5.7892124555e-04 -1.0801492888e-03  2.5891559106e-06 -7.4789460385e-06  6.2960174902e-06  2.7071753035e-06 -6.2654222258e-06  2.1335422093e-06 -6.7653709217e-06 -2.2369195244e-05  1.0466867366e-05 -2.4742704220e-05  6.6231216893e-06  6.4108146006e-06  2.8747902039e-05  1.9625897929e-06  1.8642591970e-06 -4.9407488938e-06 -2.2820885203e-06 -1.9455140625e-06  3.1536604568e-03  6.0464383271e-05  8.5407783330e-04

JOB 14
COORDS  3.2868274104e-01 -4.6165739095e-01  2.5212060198e+00  1.5083169603e-01  5.0508076126e-01  3.4626999420e+00  2.1037399884e-01  2.5167897308e-01  1.2846837067e+00  1.0294117647e+00 -1.5315046338e+00 -3.3696148766e-01 -1.0664592454e+00 -1.7505386831e-01 -9.1585110545e-01  5.5997033881e-02  7.5702638663e-01 -1.2322107641e+00  2.5250439395e-01 -2.6399941487e-01 -1.1387212223e-01 -1.9357882046e-02  1.5361427274e+00  1.4914428287e+00  1.2628491599e+00 -2.3433107409e+00  5.2903122761e-01 -6.2686878931e-02  1.7029793077e+00  2.8772683418e+00  1.3418753471e+00 -1.8256083726e+00 -1.6426261152e+00  5.2627294013e-01 -1.5126795960e+00  2.6562299605e+00  1.5030207452e-01  5.0184436235e-01  4.5448793691e+00 -1.9153968346e+00  2.0881536091e-01 -3.6043529253e-01 -1.2744626530e+00 -9.9101926952e-01 -1.6000922438e+00  5.8213386968e-01  6.2626410934e-01 -2.1729643042e+00 -2.1490973366e-02  1.7854160406e+00 -9.0029175645e-01  1.6707252445e+00 -1.0312591269e+00 -2.0949262280e+00
ENERGY -5.514005277882e+02
GRADIENT  2.2768209017e-05  3.3334013938e-05 -2.2179906860e-06 -3.3326847711e-05 -2.4728827587e-05  6.0811644274e-05  3.3655207653e-05  1.0451859998e-05 -3.5925703013e-06  5.4478402501e-03  2.2652601473e-03  8.9966348872e-04  1.3033083816e-05 -3.4793362618e-06  4.0903011330e-05  3.3350972711e-05  2.1330058080e-05 -6.5706562116e-05 -2.9606526070e-03 -1.7091412654e-03 -2.6987342631e-04 -7.8365173378e-05  8.5836651038e-06 -3.6387089585e-05 -8.6665034559e-06  3.7100637271e-05 -2.5122639484e-05  8.2809991848e-05 -4.6168998476e-05 -3.4102917632e-05 -7.2377703326e-03  5.8343430322e-04 -1.9431173547e-03  5.8941634907e-06 -5.5581850938e-06  3.2751105133e-06 -1.2445198333e-06 -6.3391643735e-06  7.1726606771e-06 -9.4482162872e-06  3.3888973273e-06 -1.1387831791e-05  8.7872423130e-06 -5.1412869353e-06  5.7121362654e-06 -5.1139829208e-06 -2.0107546185e-07  7.4693435674e-06 -1.8034363464e-05 -7.6947289820e-06  2.6726504178e-05  4.7161674057e-03 -1.1469541421e-03  1.3952091595e-03

JOB 15
COORDS  3.2640556011e-01 -4.6599869556e-01  2.5328432464e+00  1.4452175244e-01  4.9287476987e-01  3.4815215719e+00  2.0438720248e-01  2.5574281960e-01  1.3015001633e+00  1.0291195955e+00 -1.5045765732e+00 -3.4219566732e-01 -1.0777924175e+00 -1.5399219507e-01 -9.0067698672e-01  4.5260148970e-02  7.7441389928e-01 -1.2156777188e+00  2.4373566118e-01 -2.5111106032e-01 -9.9702058650e-02 -3.0940931564e-02  1.5376411555e+00  1.5178489409e+00  1.3532069529e+00 -2.2843647253e+00  5.2321007952e-01 -7.4003630707e-02  1.6941729240e+00  2.9050745082e+00  1.2333025462e+00 -1.8303273403e+00 -1.6704339167e+00  5.3218522837e-01 -1.5162819049e+00  2.6614724906e+00  1.4497909366e-01  4.8165811192e-01  4.5636459170e+00 -1.9214370250e+00  2.2966701967e-01 -3.3717324842e-01 -1.2887511834e+00 -9.6766731294e-01 -1.5860641266e+00  5.7571964118e-01  6.3655487687e-01 -2.1519901039e+00 -2.7487506587e-02  1.8017822681e+00 -8.7956752880e-01  1.7193604421e+00 -1.1196678128e+00 -2.1202037062e+00
ENERGY -5.513981467514e+02
GRADIENT -1.8703475905e-05 -3.5233106971e-05  8.7215040452e-06 -5.6829830965e-05 -2.1021572931e-05 -3.7740045697e-06  4.0015337868e-06  3.0337145624e-05  4.5892141648e-05  5.3592020177e-03  2.1770281533e-03  2.7081836964e-04 -6.0017566593e-05  4.3407215748e-05 -6.3413707817e-05 -6.6306636830e-05 -5.6551869899e-05  6.0953357363e-05 -2.7823979396e-03 -1.8333635134e-03 -5.7541767409e-06 -9.8222104391e-05  3.3665130825e-05 -3.0180407234e-05  1.3410111546e-05 -2.2703032891e-05  1.0256324203e-05  1.1326637330e-04 -1.3833308617e-05 -3.7141862218e-05 -6.8918720593e-03  1.9533120309e-03 -1.4913092945e-03  1.1014211318e-05 -2.5732097756e-06  6.0962984495e-06 -2.4826576438e-06 -9.3614384304e-06  2.2842269377e-06  1.2526177704e-05  3.9216622794e-06  2.1560353162e-05  2.0888470713e-06 -4.9416436999e-06  1.3316161112e-05  1.2847509298e-05  1.8359934651e-05 -7.0291096955e-07  7.9925155572e-06  1.1908793084e-05 -9.1799133376e-06  4.4271245856e-03 -2.2470925132e-03  1.2311247156e-03

JOB 16
COORDS  3.5236633285e-01 -4.3095525051e-01  2.4823461767e+00  1.3968599013e-01  5.3427665229e-01  3.4180601684e+00  2.1158770863e-01  2.7030653795e-01  1.2411933796e+00  1.0727121331e+00 -1.4908068638e+00 -3.8112984393e-01 -1.0488263798e+00 -1.6656801239e-01 -9.7001447752e-01  7.7247401049e-02  7.5308915629e-01 -1.2889760836e+00  2.6482778855e-01 -2.5494610659e-01 -1.5209404776e-01 -6.1880656605e-02  1.5473948931e+00  1.4403777297e+00  1.5087923517e+00 -2.2006960206e+00  4.9459775960e-01 -1.1298166550e-01  1.7208773385e+00  2.8255578956e+00  1.1886179196e+00 -1.8736816900e+00 -1.7130337977e+00  5.9207643875e-01 -1.4719870965e+00  2.6269050403e+00  1.3846273399e-01  5.3719224822e-01  4.5002350498e+00 -1.8947111205e+00  2.2742690759e-01 -4.1722650996e-01 -1.2537613545e+00 -9.9131564568e-01 -1.6432699543e+00  6.2424393910e-01  5.9005776079e-01 -2.2108503875e+00  4.8720056365e-03  1.7855785985e+00 -9.6859638900e-01  1.8122545222e+00 -1.2920392723e+00 -2.1775760023e+00
ENERGY -5.513962844403e+02
GRADIENT -4.1562175267e-05 -2.7622140338e-05  5.1343230178e-06 -1.7205199920e-05  1.7223212927e-06 -2.2310806172e-05  1.5688852165e-06  3.0768364691e-06 -6.4598540672e-07  2.6458959373e-03  1.1167652498e-03 -1.5267087293e-04 -6.0000610073e-05  6.3610932898e-05 -9.0452480449e-05 -4.4633440779e-05 -1.0351632621e-04  8.5608850707e-05 -1.4029244536e-03 -1.0193786990e-03  1.5816672845e-04  2.2385500989e-06  3.8032262725e-06  2.1263732307e-05  3.0900848081e-05 -5.5417613835e-05  1.5700425935e-05  1.3425005419e-05  2.2360842757e-05  1.7307440136e-05 -3.2408282990e-03  1.6480548175e-03 -6.6669065114e-04  4.8027537211e-06 -1.8820914709e-06  2.7848826965e-07 -4.4447668224e-06 -4.6331419385e-06  1.9110821061e-06  5.6871502837e-06 -1.3791875416e-05  3.1068697028e-05 -1.7422369533e-06 -4.8386608758e-06  1.6843150906e-05  1.5614126744e-05  2.3534689918e-05 -7.0781059515e-06  9.8151020936e-06  8.7563796036e-06 -2.3903637907e-05  2.0445260661e-03 -1.6812249312e-03  6.6034624063e-04

JOB 17
COORDS  3.8665368451e-01 -4.5328118051e-01  2.5133207321e+00  1.4401794947e-01  4.8996968868e-01  3.4642141820e+00  1.7416645965e-01  2.4936709931e-01  1.2831377055e+00  1.0210141120e+00 -1.4883599863e+00 -3.7127173151e-01 -1.0746194193e+00 -1.0662301646e-01 -9.5094268973e-01  8.3500632740e-02  7.7792907922e-01 -1.2441506694e+00  2.2340047388e-01 -2.5535079470e-01 -1.1770427389e-01 -1.6581961853e-01  1.5070683724e+00  1.5031825887e+00  1.5570758847e+00 -2.1581415484e+00  4.8063261982e-01 -1.9093504159e-01  1.6652358481e+00  2.8909145624e+00  1.0552980028e+00 -1.8799183479e+00 -1.7098840515e+00  6.8908641525e-01 -1.4798717491e+00  2.6421966310e+00  1.7107297028e-01  4.8300500497e-01  4.5460229365e+00 -1.9114381726e+00  3.0838954923e-01 -3.9997720776e-01 -1.2994099618e+00 -9.1210611452e-01 -1.6405751416e+00  6.4223762400e-01  6.0144636422e-01 -2.1558842169e+00  4.4613589927e-02  1.8060765607e+00 -9.0396962656e-01  1.8095324781e+00 -1.4635179414e+00 -2.1575211413e+00
ENERGY -5.513960262318e+02
GRADIENT -5.7966670838e-05  7.4276121811e-05  1.4903750959e-05  9.0267386784e-05  3.8810112670e-05  1.8069054848e-05  1.1240020772e-04 -5.6537811108e-05 -1.0095716696e-04 -1.6853959145e-03 -6.9760395977e-04  9.5208186626e-05  2.0109099560e-04 -1.2036625750e-04  2.7279539606e-04  1.2562428980e-04  1.3957333930e-04 -1.0024903998e-04  6.6700992672e-04  6.9485395596e-04 -2.6871753102e-04  9.2860918543e-05 -9.3105118099e-05  8.7236698833e-05 -1.8483766510e-05 -1.8592282156e-05 -2.7836891589e-05 -1.3007576908e-04  3.9780299709e-05  7.6039436031e-05  1.8285944558e-03 -1.5135999676e-03  5.3747316170e-04 -1.3093394461e-05  1.0694538947e-05 -1.4217676155e-05  8.5834634184e-06  1.3495543513e-05  2.9543118759e-06 -4.8040429716e-05 -5.3708491889e-06 -5.5193233611e-05 -3.5335449456e-05  3.8980212134e-05 -4.2255256460e-05 -1.3343729444e-05 -1.1341464976e-05  1.3310773448e-05 -1.5938229730e-05 -9.8128125806e-06  9.4123978929e-06 -1.0902929246e-03  1.4869358285e-03 -4.6365279935e-04

JOB 18
COORDS  4.3574635027e-01 -4.9983843756e-01  2.4115278581e+00  1.2539355437e-01  4.2285693737e-01  3.3628191697e+00  1.9405105273e-01  1.9355206528e-01  1.1815956614e+00  1.1380634870e+00 -1.5010644043e+00 -4.5957189381e-01 -9.8507282290e-01 -1.6364068461e-01 -1.0901588554e+00  1.7177252640e-01  7.3110503758e-01 -1.3493850355e+00  2.8793892197e-01 -3.0410704677e-01 -2.1874831483e-01 -2.2309035499e-01  1.4276256065e+00  1.4015552941e+00  1.7936627138e+00 -2.0740137986e+00  3.8120065311e-01 -2.7237904909e-01  1.5784500687e+00  2.7897717083e+00  1.1356869690e+00 -1.9266460687e+00 -1.7867061318e+00  8.0175889321e-01 -1.5054983360e+00  2.5417140680e+00  1.4092166076e-01  4.1298490760e-01  4.4448248256e+00 -1.8395241931e+00  2.4401518834e-01 -5.6135098806e-01 -1.1831921249e+00 -9.6975902791e-01 -1.7868609955e+00  7.6428378460e-01  5.5482666428e-01 -2.2394759369e+00  1.1658749346e-01  1.7580003487e+00 -1.0068927380e+00  1.9755956926e+00 -1.6748825596e+00 -2.2040005511e+00
ENERGY -5.513981209351e+02
GRADIENT  1.8770492453e-05  4.3753762241e-05 -1.5966320870e-05 -1.1502683338e-05 -1.0526727777e-05  4.3990032244e-05 -3.0332734987e-05  1.1653941626e-05 -2.1019659349e-05 -5.8965390347e-03 -2.7374831678e-03  7.6213813950e-04 -2.5331616506e-06  7.2756664809e-05 -1.2113006861e-04 -2.5442508693e-05 -6.6454471497e-05  1.1056680939e-04  3.6740233853e-03  2.7566070757e-03 -8.2409292919e-04  1.2085703313e-04  4.7967549973e-05 -8.6751383478e-06 -8.0538551709e-05  1.1390423669e-04  1.0932291989e-04 -3.6520682037e-05 -5.9144572109e-05 -8.9300023129e-06  5.0529673199e-03 -6.4491189599e-03  1.9951907534e-03  2.2962122115e-05 -3.7494121990e-06  2.0713190473e-06 -2.5769620605e-06 -8.1892793340e-06  6.1817987585e-06  1.5586989203e-05  3.3085731598e-06  4.0611558353e-05 -4.6729170454e-06 -1.7485309090e-05  2.7168702972e-05 -1.1725133460e-05  4.1846067928e-05 -1.5273887248e-05  1.4097720313e-05  2.3498290199e-05 -3.9625513189e-05 -2.8597704349e-03  6.2574152715e-03 -1.9917821663e-03

JOB 19
COORDS  5.2608787105e-01 -4.5447398780e-01  2.3958755539e+00  1.6907924302e-01  4.3747440952e-01  3.3603036104e+00  1.5181600229e-01  2.0180777153e-01  1.1787023809e+00  1.0838487318e+00 -1.4772079145e+00 -4.8692679393e-01 -1.0181007809e+00 -9.0224445662e-02 -1.1074590697e+00  1.6502899105e-01  7.7452845023e-01 -1.3471959678e+00  2.3863732125e-01 -2.8158315165e-01 -2.2729938652e-01 -3.8107707969e-01  1.3869510937e+00  1.4183811171e+00  1.8222793518e+00 -2.0060075583e+00  3.1635994441e-01 -3.7440535895e-01  1.5417130191e+00  2.8067832142e+00  1.0173812219e+00 -1.9121408615e+00 -1.8025254655e+00  9.9902407708e-01 -1.4165307757e+00  2.5085206205e+00  2.3882091921e-01  4.3585514377e-01  4.4402038404e+00 -1.8643635498e+00  3.3681454050e-01 -5.8101961872e-01 -1.2343267577e+00 -8.7881399663e-01 -1.8185055314e+00  7.6508742983e-01  5.8881020484e-01 -2.2303300808e+00  1.3788413186e-01  1.7967119587e+00 -9.8694205069e-01  1.9117592190e+00 -1.8737293106e+00 -2.1805894166e+00
ENERGY -5.514022662441e+02
GRADIENT  4.7326333434e-05 -2.6809068429e-06  2.2037295132e-05  1.6496183138e-05 -7.2822321612e-06  2.9223434157e-05 -1.9279280882e-05  7.3534070545e-05  5.5520522713e-05 -8.1641244983e-03 -3.9216778269e-03  1.7293849923e-03  3.1599270661e-05  4.4990799713e-05 -9.0346032887e-06 -3.7233360641e-05  3.6823662483e-05 -2.2391161551e-05  5.5088702269e-03  4.1625764498e-03 -1.6216297410e-03 -3.6763295593e-05  7.5119505237e-05 -5.7253141774e-05 -6.9172403439e-05  5.5038386114e-05  4.9127035560e-05  1.2775945376e-05 -7.6945464142e-05 -8.3133140742e-05  4.4352858941e-03 -1.0352160335e-02  3.1040542293e-03 -1.1871740096e-05 -3.8856343083e-06  9.3876598474e-06  3.8226205802e-06 -8.9235200122e-07  4.6695625955e-06 -6.4446055412e-07  2.2594260497e-06  1.0922454164e-05  2.0992643898e-06 -2.5590159787e-06  4.7407689876e-06  9.8242433033e-07 -6.6380521103e-06  7.9290805438e-06  4.9632140801e-06 -9.0249954937e-07  5.7226848215e-06 -1.7777416566e-03  9.9586208291e-03 -3.1871138934e-03

JOB 20
COORDS  5.8655745073e-01 -5.2793709066e-01  2.4726669314e+00  1.9973637166e-01  2.1977609827e-01  3.5426490456e+00 -6.6993998704e-02  1.0874059231e-01  1.3677132026e+00  6.0692642598e-01 -1.5017181337e+00 -4.8610756973e-01 -1.1400035240e+00  3.5498673268e-01 -9.7167023531e-01  2.0865211510e-01  9.7321955444e-01 -1.0563479165e+00 -1.8836753829e-02 -2.1224554443e-01 -8.6366073277e-02 -7.7914716000e-01  1.1479812059e+00  1.7678932862e+00  1.2658545360e+00 -2.2243271128e+00  2.3489137252e-01 -6.1018103916e-01  1.2256835193e+00  3.1520674919e+00  4.6509425269e-01 -1.7663296476e+00 -1.8313243838e+00  1.2247038486e+00 -1.3959334764e+00  2.4475467828e+00  4.0604174552e-01  1.6530452293e-01  4.6035599124e+00 -1.9116585695e+00  8.8684751205e-01 -4.2713030094e-01 -1.4682109529e+00 -2.7218915392e-01 -1.7916601387e+00  8.1509029591e-01  7.7647004827e-01 -1.9332249242e+00  3.7279198295e-01  1.9222145341e+00 -5.5765952339e-01  1.3284498885e+00 -2.0741694507e+00 -2.1576382270e+00
ENERGY -5.514073418449e+02
GRADIENT  1.9747936473e-04 -2.8211668549e-04  7.8762501276e-05 -1.2124053897e-04  9.2487047028e-05 -4.9260192392e-04 -7.0025970342e-06  3.1601803524e-05  7.5744162077e-05 -8.5532769672e-03 -2.9138055154e-03  1.1053516166e-03  5.9770600957e-05 -6.6146507532e-05  4.6461662830e-05  3.9365302549e-05 -3.5611350760e-05  3.6049598669e-05  6.5031837404e-03  3.5467290461e-03 -1.1621422663e-03  1.1718755945e-04 -8.8967711150e-06  1.9190027161e-04 -2.8171055347e-05  1.1017758732e-04  1.2912882650e-04 -2.4618177774e-04  2.9171228751e-04  2.3620834487e-04 -7.6776950036e-04 -1.1270302973e-02  2.1774546607e-03 -3.6119412071e-06  1.6201372160e-05 -8.1563005008e-07 -2.9460412023e-05  3.2305494465e-05 -2.8128258274e-05 -9.4831758836e-06  8.5677251887e-06  7.4518929413e-06 -1.5003796209e-05  7.4443919457e-06  2.9953644881e-07 -7.2660796013e-06 -4.8377764044e-06  1.7536435198e-06  2.1617416335e-06  7.7377974997e-06  1.1030163903e-05  2.8249637308e-03  1.0515636726e-02 -2.3880860929e-03

JOB 21
COORDS  5.8605867495e-01 -5.1995900654e-01  2.4675550181e+00  1.9101684706e-01  2.1543535989e-01  3.5430089653e+00 -6.9160110668e-02  1.2060026382e-01  1.3658762863e+00  6.2800868420e-01 -1.4691006053e+00 -4.9335980292e-01 -1.1409416913e+00  3.6836960314e-01 -9.7483342258e-01  2.0043994953e-01  1.0043765013e+00 -1.0522779262e+00 -1.5042840494e-02 -1.8922997509e-01 -9.0122176915e-02 -7.9056392094e-01  1.1508607966e+00  1.7722147202e+00  1.2911365281e+00 -2.1951404030e+00  2.2323180400e-01 -6.2573465187e-01  1.2179017016e+00  3.1575903958e+00  4.8753881888e-01 -1.7263602684e+00 -1.8327882356e+00  1.2315267340e+00 -1.3823550380e+00  2.4363866250e+00  3.9516220507e-01  1.5397627214e-01  4.6039769092e+00 -1.9208049177e+00  8.8728206691e-01 -4.2940117937e-01 -1.4599039800e+00 -2.5845405267e-01 -1.7988810394e+00  8.1332999921e-01  8.1779466556e-01 -1.9269046828e+00  3.5030346860e-01  1.9533509754e+00 -5.4906904389e-01  1.2714240710e+00 -2.2410352521e+00 -2.0973850119e+00
ENERGY -5.514120265979e+02
GRADIENT -4.6885177297e-05 -2.3435298412e-05  4.6955845538e-06  3.0442840583e-05 -2.6856398333e-06  5.8565371245e-05 -4.7894769639e-05  6.0140136599e-05  5.0857536523e-05 -6.2978121638e-03 -2.4813639081e-03  1.5178567752e-03 -6.7014399687e-05  5.6039484412e-05 -6.4631404472e-05 -4.3569634571e-05 -2.9843378003e-05  4.1810400405e-05  5.1224088554e-03  2.8454955404e-03 -1.1838282059e-03  1.1340054460e-05  1.0487370936e-04 -5.6077993043e-05  1.1600095827e-05 -4.3885598487e-05 -1.4296526179e-04 -2.1549071344e-06 -9.1422131753e-05 -7.5584844877e-05 -3.0250625034e-03 -7.7647042901e-03  1.7046695086e-03  6.5635133136e-06  8.1890876891e-06  8.2063288778e-06  2.9018070638e-06 -4.7144962416e-07  4.9141629497e-06  2.0923796394e-05  6.4043346580e-06  1.7612313309e-05  2.3577812797e-05 -1.8783495734e-05  5.6389422645e-06 -6.6813130317e-06  7.4238526559e-06 -8.5479126183e-06  1.0819858559e-05  5.0914265629e-06  1.5197677260e-06  4.2609485380e-03  7.4389066809e-03 -1.8598249137e-03

JOB 22
COORDS  5.8415326732e-01 -5.0273009352e-01  2.4678820547e+00  1.8315244074e-01  2.2835157560e-01  3.5440742569e+00 -6.3962190209e-02  1.4301178820e-01  1.3650399750e+00  6.5412428353e-01 -1.4304291439e+00 -4.9882721206e-01 -1.1417203647e+00  3.7665062522e-01 -9.7563918452e-01  1.8476193259e-01  1.0436847267e+00 -1.0483687369e+00 -2.3220286760e-03 -1.5841124107e-01 -9.2326008616e-02 -7.8714640591e-01  1.1718984876e+00  1.7717993004e+00  1.2588421523e+00 -2.1952907845e+00  2.3101260565e-01 -6.3112539385e-01  1.2327207902e+00  3.1584681946e+00  5.6832657281e-01 -1.6546325486e+00 -1.8437287742e+00  1.2274378574e+00 -1.3667236892e+00  2.4371451315e+00  3.8089414320e-01  1.6203054187e-01  4.6059529302e+00 -1.9339316030e+00  8.7384038372e-01 -4.2759226188e-01 -1.4459359033e+00 -2.5517319231e-01 -1.8016796872e+00  8.0368134034e-01  8.7446038866e-01 -1.9221958595e+00  3.0978975686e-01  1.9945321170e+00 -5.4200423990e-01  1.2171449467e+00 -2.3565522946e+00 -2.0379908310e+00
ENERGY -5.514151855709e+02
GRADIENT -3.9704962138e-05 -2.7591166326e-05  2.5644878855e-05 -1.4322491979e-05  1.2421199597e-05 -2.2207982718e-05  1.8620835355e-05 -9.3682359154e-06 -1.6471396268e-05 -3.3066066314e-03 -1.5122344195e-03  5.6179650293e-04 -4.8674267959e-05  8.0714822914e-06 -5.9492961518e-05 -2.8684894619e-05 -3.2543997479e-05  5.1581518899e-05  2.7687929452e-03  1.5649644586e-03 -4.8729536573e-04  6.9908059734e-05  3.0818183938e-05  7.9694968735e-06  6.9095496801e-05 -4.5139682358e-05 -5.4514369621e-05 -3.8648605597e-05  1.0472970643e-05  2.6754582298e-05 -2.7672557864e-03 -3.2089295439e-03  7.2393860822e-04  8.4177565011e-06  1.9520605689e-05 -1.7976435358e-08 -6.3997966467e-06  9.8033082799e-06  4.0016103220e-08  1.7454969154e-05  5.7997743629e-06  1.4092663669e-05  1.3580710571e-05 -1.6108800455e-05  4.3514104588e-06 -1.0564881117e-05  7.8123059986e-06 -1.0805163347e-05  5.3731443424e-06  9.9504380872e-06 -3.9107251474e-06  3.2918572369e-03  3.2377183392e-03 -7.3968896405e-04

JOB 23
COORDS  6.1711794636e-01 -4.9798696365e-01  2.4569024628e+00  2.0607908718e-01  2.1844030206e-01  3.5390717191e+00 -5.2862173457e-02  1.3750389702e-01  1.3612842153e+00  6.7217548469e-01 -1.4197617346e+00 -5.1134300484e-01 -1.1348520441e+00  3.7143583459e-01 -9.7875451831e-01  1.8022462611e-01  1.0614686512e+00 -1.0437490429e+00  1.3875878207e-02 -1.5083586065e-01 -9.8287171646e-02 -7.9811527673e-01  1.1465527402e+00  1.7774123443e+00  1.1785835118e+00 -2.2442808640e+00  2.2883697379e-01 -6.3423106487e-01  1.2050697997e+00  3.1633666644e+00  6.6624136790e-01 -1.5937792310e+00 -1.8647448536e+00  1.2748117087e+00 -1.3508620108e+00  2.4196291770e+00  4.1107672179e-01  1.5102363382e-01  4.5994980768e+00 -1.9368230844e+00  8.4875523488e-01 -4.2711188558e-01 -1.4264558396e+00 -2.6009138981e-01 -1.8096921149e+00  8.0378212739e-01  9.1062811258e-01 -1.9175864156e+00  2.8626400268e-01  2.0108420242e+00 -5.3044267497e-01  1.1166696441e+00 -2.4449039617e+00 -2.0221460545e+00
ENERGY -5.514162595333e+02
GRADIENT -1.8556509672e-05 -7.2312694788e-07  1.1839304909e-05 -4.8271851611e-05 -2.6096656650e-05 -2.6133846702e-06  4.2046160123e-05  3.8667167268e-05 -2.1523844792e-05  3.3360206296e-05 -3.7396275374e-06 -4.0896019093e-05  6.5230546508e-05 -5.9883927675e-06  4.2486875578e-05  9.2054249309e-06  4.7716765630e-05 -5.0743703740e-05 -7.0443277248e-05 -4.8495746006e-05  3.1004381241e-05 -9.9244883445e-05 -9.4375250772e-05  1.4931188671e-05 -4.5088665279e-06  2.8069282296e-05  3.7936433982e-05  8.2722433764e-05  8.3735395008e-05 -9.3819837375e-08  7.0624411941e-05  5.9267877043e-05 -4.6642190940e-05 -1.2974552171e-05 -8.3705058837e-07  5.7416641219e-06 -1.4277449225e-05 -3.3037417031e-07  4.4253269192e-07 -1.9990293254e-05 -9.3978945846e-06 -6.5875066568e-06 -1.2388778683e-05  1.6510641139e-05 -4.2355963265e-06  1.5535699967e-05 -1.3772805210e-05  6.7110165127e-06 -8.3546207365e-07 -1.1943093922e-05  9.7955125197e-06 -8.3027834890e-05 -4.7999930379e-05  1.0953517221e-05

