JOB 0
COORDS -3.8946784144e+00 -6.7524424561e-01 -1.3512566657e+00 -3.7801182721e+00 -1.8975231141e+00 -7.4749856533e-01 -1.7244346886e+00 -7.5602570234e-01 -7.2358856514e-01  7.7016757666e-01  2.5710021682e-01  1.1067917193e+00  3.6877286776e-02  1.0188325057e+00 -1.5841691385e-02 -2.6649706681e-01 -3.9756914549e-01 -6.2513057516e-01  4.4821079171e-01 -6.9846507743e-01 -1.9439138709e+00 -2.5717539329e+00 -1.4821077760e-01 -1.5320747427e+00  3.7931563996e-01 -9.6066532225e-01  5.7814201769e-01  1.4461693391e+00  5.5296528418e-01  2.0684399031e+00 -2.6044129752e+00 -1.6227062736e+00  5.5932512917e-01 -4.6870662815e+00 -3.1088669316e-01 -1.9977454861e+00 -4.6501182966e+00 -2.4981689076e+00 -4.7764775990e-01 -8.4237519650e-01  1.5775138858e+00  3.0705326618e-01  6.8309811602e-01  1.6524417664e+00 -6.2613502190e-01  1.4991304158e+00 -4.0133043506e-01 -1.8766174688e+00 -3.1010857013e-02 -1.5050724702e-01 -2.7590440668e+00  4.0037783708e-01 -1.7673601774e+00 -2.1760822256e+00  7.1849065384e-01 -1.8997741643e+00  7.6754287990e-01
ENERGY -8.544539100361e+02
GRADIENT -4.7668641293e-02  1.9565069397e-02  4.8506047115e-02  6.2966745912e-02 -2.2251850022e-02 -5.7472882842e-02  2.2114676059e-02 -4.8440768502e-02 -1.9135806987e-02 -4.0339957712e-05 -2.5201816733e-05  5.4339806934e-05  1.0193360213e-04 -3.5447220280e-05 -5.5208478072e-05 -1.1187850807e-04 -2.5123443923e-04  4.9966139250e-04  2.9863014280e-05 -1.3561385927e-05 -6.3087222145e-06  9.8199934523e-06  4.2288750323e-03 -6.0881834936e-04  8.9464183685e-05  5.3753121999e-05 -7.6455275199e-05  2.7038119143e-05 -2.7947640906e-06 -8.6333865802e-06 -3.6414532376e-02  4.6272645584e-02  2.4991572169e-02 -7.3606837691e-04  2.9905527505e-04  8.9445812173e-04 -2.8348459960e-04  5.7475519564e-04  2.3485234051e-03 -1.3542750584e-05 -3.8939962470e-05  3.7493893890e-05 -4.0595781815e-05  2.0274566132e-05  6.3873059284e-07 -2.2635228509e-06  2.3380949962e-06 -8.9075640957e-06 -7.5608364132e-06  3.5797448113e-06 -3.3739505216e-06  8.1257335392e-07  3.3177078957e-06 -9.3982262975e-07 -6.9596145558e-05 -1.7679338888e-05  3.4821834681e-05

JOB 1
COORDS -3.8514474211e+00 -7.4547576508e-01 -1.4549039929e+00 -3.8991795622e+00 -1.8192027697e+00 -6.0326252614e-01 -1.7399918997e+00 -7.7837782661e-01 -7.5233204159e-01  7.3441130902e-01  2.1683783240e-01  1.1206313012e+00 -1.4597125291e-02  9.9945240353e-01  2.3288921017e-02 -2.8693680361e-01 -4.0258843696e-01 -6.3379031334e-01  4.4858299893e-01 -6.4717982497e-01 -1.9515355914e+00 -2.5507214914e+00 -2.7348275885e-01 -1.6509135350e+00  3.5961324782e-01 -9.9201843507e-01  5.5868026349e-01  1.4109113075e+00  4.9465004229e-01  2.0870650391e+00 -2.5927917402e+00 -1.6201977048e+00  5.4710099230e-01 -4.6238987881e+00 -4.5617225967e-01 -2.1606462648e+00 -4.8022564248e+00 -2.3289104218e+00 -2.8045222102e-01 -9.0459756915e-01  1.5291727148e+00  3.6583591953e-01  6.1819977995e-01  1.6668722486e+00 -5.6457563924e-01  1.4920446775e+00 -3.2989145010e-01 -1.8630848730e+00 -3.3696927714e-02 -8.6814905333e-02 -2.7559153448e+00  4.2580028864e-01 -1.7094061570e+00 -2.2157385489e+00  7.4130935876e-01 -1.9228723646e+00  7.0400182463e-01
ENERGY -8.544943498164e+02
GRADIENT -2.1242821610e-02  2.4636377521e-02  3.0255408686e-02  3.1507104880e-02 -3.1026495143e-02 -3.5653409246e-02  1.0245296232e-02 -2.9839172167e-02 -1.3580969337e-02 -4.7197847441e-05 -2.4454471817e-05  2.3883313704e-05  6.4679948104e-05 -1.1562398309e-05 -4.2870471110e-05 -4.8171208306e-05 -2.0547974313e-04  3.4379764206e-04  6.6731282115e-06 -4.5701491510e-07  8.9719985536e-06 -1.6753246507e-04  2.3452603620e-03 -1.5879019349e-03  8.7125871872e-05  3.4635280263e-05 -3.8815940946e-05  1.3073876641e-05  3.9605986645e-07  3.0856625359e-06 -1.9926138028e-02  3.3871121550e-02  1.8757702197e-02 -3.9754500347e-04  7.3128242671e-05  3.0988968351e-04 -5.2353891398e-05  1.5398803033e-04  1.1455049429e-03 -1.3786458622e-05 -2.7401013895e-05  2.8523401226e-05 -3.1898546824e-05  1.8812544893e-05  7.6473250347e-06 -2.0648400841e-06  4.0297233845e-06  2.1418661073e-06 -3.6893155900e-06  3.4184753776e-06  8.5296808029e-07  2.4218424148e-06  3.4438806312e-06 -1.0702440854e-07 -5.9222453280e-05 -1.6427214296e-05  3.1985048326e-05

JOB 2
COORDS -3.8279612705e+00 -8.4575227711e-01 -1.5393357232e+00 -3.9934497407e+00 -1.6960360186e+00 -4.7812718368e-01 -1.7587460067e+00 -7.8074440669e-01 -7.5663636731e-01  7.0377251636e-01  1.9704616809e-01  1.1425798328e+00 -6.1439741036e-02  9.9789613630e-01  6.9877796391e-02 -3.1000206267e-01 -3.8968860985e-01 -6.2819986526e-01  4.3671595600e-01 -5.8473248330e-01 -1.9467873708e+00 -2.5336311487e+00 -4.0332492963e-01 -1.7378961365e+00  3.4301508732e-01 -1.0021271816e+00  5.5066882005e-01  1.3813714250e+00  4.5850744898e-01  2.1125462081e+00 -2.6002134318e+00 -1.5940311827e+00  5.5697065136e-01 -4.5795621800e+00 -6.3730300615e-01 -2.2938102278e+00 -4.9102403364e+00 -2.1560012391e+00 -1.3022799374e-01 -9.5897193997e-01  1.5017189645e+00  4.3186542965e-01  5.5761025172e-01  1.6934626838e+00 -4.9970489974e-01  1.4745702582e+00 -2.5440234547e-01 -1.8418616155e+00 -4.8905257732e-02 -1.0862035272e-02 -2.7390930408e+00  4.3102923474e-01 -1.6391940372e+00 -2.2409154570e+00  7.5124606984e-01 -1.9265505999e+00  6.6215364491e-01
ENERGY -8.545166040598e+02
GRADIENT -5.9016983838e-03  1.6768572671e-02  1.2687798139e-02  9.9569593824e-03 -2.1021233474e-02 -1.4443363575e-02  3.4323475982e-03 -1.4101407339e-02 -7.0286696334e-03 -8.0860384994e-05 -1.6381807511e-06 -6.2828260836e-05  2.4652608748e-05  8.2090679158e-05 -3.6612901552e-05  2.0732319936e-05 -8.9546620270e-05  2.2723437930e-04 -1.0374047630e-05 -3.9275205807e-06  1.5910323770e-05 -3.9958382243e-05  7.1793056104e-04 -1.1372509646e-03  1.1294897231e-04 -3.8847039442e-05 -2.4207579442e-06 -1.0746180625e-05 -5.5978830848e-06 -1.6450200406e-05 -7.3844399983e-03  1.7979487346e-02  9.3732863768e-03 -1.6966622102e-04 -7.8123877460e-05  6.7544137654e-05  5.9625162355e-05 -1.7894764722e-04  3.3693852690e-04 -1.5503233847e-05 -6.2955917998e-06  1.1525213312e-05 -2.3390263335e-05  2.3196206812e-05  1.8957885252e-06 -6.5407270935e-06  3.1665812585e-06  6.0366436027e-06 -2.6617700886e-06 -1.0873056672e-06  1.2534686516e-06 -4.4140771356e-06  1.4912277978e-06  1.1041599273e-07 -5.1326325929e-05 -2.4837679360e-05  3.5770535843e-05

JOB 3
COORDS -3.8108075853e+00 -9.8471454361e-01 -1.6282962931e+00 -4.0678402633e+00 -1.5678317406e+00 -4.1719963306e-01 -1.7754133253e+00 -8.1274716366e-01 -7.7458278083e-01  6.8200434950e-01  1.0516794376e-01  1.1573406696e+00 -8.9879882642e-02  9.4184235877e-01  1.1707330969e-01 -3.2828179950e-01 -4.1926057110e-01 -6.3652158635e-01  4.2360331507e-01 -5.5579272452e-01 -1.9585548491e+00 -2.5120340330e+00 -5.6337229603e-01 -1.8219029747e+00  3.2871713225e-01 -1.0721305517e+00  5.1924295068e-01  1.3581527575e+00  3.3332633801e-01  2.1364586213e+00 -2.6261993034e+00 -1.5984582405e+00  5.4557561314e-01 -4.5387957386e+00 -8.4490226539e-01 -2.4202138329e+00 -5.0000300102e+00 -1.9791964722e+00 -5.2478663010e-02 -9.9014613805e-01  1.4238463037e+00  5.0155885549e-01  5.2286414064e-01  1.6641185755e+00 -4.2544178180e-01  1.4600389149e+00 -2.2796509118e-01 -1.8339311467e+00 -5.9078828434e-02  4.8917402344e-02 -2.7290948129e+00  4.2072090912e-01 -1.5964266294e+00 -2.2978033181e+00  7.4321610520e-01 -1.9975493519e+00  5.9408424741e-01
ENERGY -8.545236621160e+02
GRADIENT -7.0207127724e-05  1.0389550238e-04  6.0182191261e-05  1.8908064414e-05 -1.3862862868e-04 -8.5391376579e-05  3.3016056887e-06 -8.3398282342e-05 -5.5265828047e-05 -7.1223312580e-05  7.6751379407e-07 -3.1891844461e-05  1.1918005077e-05  6.9650852044e-05 -3.8541952124e-05 -3.3970047823e-06 -3.6707725692e-05  5.1372036016e-05  1.3774813871e-05 -4.8157012774e-06  1.3884473589e-05  4.3770281039e-05  3.3287582786e-05  4.0544123107e-05  1.3998482142e-04  3.3895034522e-05 -4.3178761460e-05 -3.4904468949e-07  1.6234481673e-05 -1.4181655033e-05 -1.3556046911e-05  1.1231364298e-04  5.7115747589e-05  3.1530365332e-06 -2.5796134269e-05 -5.3274251532e-06  4.8452163594e-06 -3.2888183429e-06  2.4049638206e-06 -1.1083368289e-05 -2.6329455044e-06  2.6368230387e-07 -1.9001275349e-05  1.8413120592e-05 -1.1821699447e-05  8.3976871196e-08 -1.0874220898e-05  2.5478580811e-06  4.7067576163e-06  5.0659867462e-06 -2.1189395350e-06 -8.3028127206e-06 -2.0752615249e-06 -1.6246702558e-06 -6.8117313849e-05 -2.0308901200e-05  5.0283118119e-05

JOB 4
COORDS -3.7749474720e+00 -1.1398586194e+00 -1.6521311448e+00 -4.0955791607e+00 -1.3743715775e+00 -3.4175873646e-01 -1.7728902993e+00 -7.9711812205e-01 -7.7325745704e-01  6.8867547756e-01  1.1242074318e-01  1.1550930590e+00 -1.0350736517e-01  9.5988017175e-01  1.3915596645e-01 -3.2991061689e-01 -3.8830148877e-01 -6.4221431905e-01  4.1751922422e-01 -4.8612780016e-01 -1.9692848706e+00 -2.4721480998e+00 -7.3222738496e-01 -1.8737062227e+00  3.4179886924e-01 -1.0565141257e+00  4.9765756156e-01  1.3719373051e+00  3.2959982065e-01  2.1314294448e+00 -2.6316419100e+00 -1.5121440054e+00  5.8797453911e-01 -4.4848507896e+00 -1.1092009510e+00 -2.4721815226e+00 -5.0394691275e+00 -1.7252404929e+00  5.7421969956e-02 -1.0058335743e+00  1.4213772327e+00  5.4351045227e-01  4.9483881560e-01  1.7013735889e+00 -3.9339688118e-01  1.4499874147e+00 -1.4763871609e-01 -1.8403871326e+00 -7.4280125690e-02  1.2837423908e-01 -2.7261006766e+00  4.2517515597e-01 -1.5183629728e+00 -2.3323034306e+00  7.7596014389e-01 -1.9749163035e+00  5.4367424313e-01
ENERGY -8.545168009984e+02
GRADIENT  4.0698711109e-03 -2.0854062950e-02 -2.5527446266e-03 -2.6416408141e-03  2.6271122737e-02  4.6554046304e-03 -4.2271283572e-03  1.4708792166e-02  4.4713249121e-03  9.1747650158e-05  2.4645951440e-05  8.0283695282e-05  6.4770569407e-06 -8.1656888899e-05  1.0993337245e-05  1.2433777829e-05 -7.3250048384e-05  1.0800091093e-04 -2.2209724455e-05  3.3333739659e-06  1.9926227306e-06  1.3109540455e-04  1.8019080249e-04 -1.2482059438e-03 -1.6018278880e-04  3.6709369095e-05  3.2379636629e-05  1.1521785906e-05  3.1516870978e-05  1.8881590281e-05  2.7644117699e-03 -2.0077306226e-02 -5.9251645516e-03 -1.5549809027e-04 -5.1536158562e-05  6.7525188440e-05  5.4635093993e-05 -8.6548407266e-05  3.8724900830e-04  4.4537007537e-06  4.5948955672e-06 -8.6661989113e-06  6.9948152066e-06 -7.6675920396e-06 -3.6547857222e-06 -3.7239628900e-06  1.1754376677e-05 -3.0638071978e-06 -9.5896561275e-06 -1.3878276030e-05 -5.0936998511e-06  1.4194838881e-05 -5.5317152743e-06  1.0487048975e-05  6.8269684988e-05  5.6640475939e-05 -3.3750806275e-05

JOB 5
COORDS -3.7656197643e+00 -1.2942527509e+00 -1.6876366196e+00 -4.1189339960e+00 -1.1876034978e+00 -3.6816630921e-01 -1.7844534253e+00 -8.1087622662e-01 -7.9710051104e-01  6.7184228839e-01  4.5891912223e-02  1.1520418139e+00 -1.2556528819e-01  9.2389470168e-01  1.6650133609e-01 -3.4472557260e-01 -3.9703802641e-01 -6.6232808811e-01  3.9944533196e-01 -4.4239536932e-01 -1.9934794569e+00 -2.4422164940e+00 -9.0774579659e-01 -1.9258666915e+00  3.3378220812e-01 -1.1006166946e+00  4.5240071465e-01  1.3514955997e+00  2.3290454572e-01  2.1368431055e+00 -2.6724486165e+00 -1.4892087016e+00  5.7678322345e-01 -4.4488971760e+00 -1.3610621515e+00 -2.5283491155e+00 -5.0810015579e+00 -1.4698353041e+00  4.9504418390e-02 -1.0296220173e+00  1.3644597165e+00  5.8981747739e-01  4.6767480020e-01  1.6872017472e+00 -3.4027660164e-01  1.4302216219e+00 -1.0322407555e-01 -1.8534341662e+00 -9.5576092040e-02  1.9743056755e-01 -2.7270967358e+00  4.1004167804e-01 -1.4595669313e+00 -2.3955837392e+00  7.6464503786e-01 -2.0216075375e+00  4.6955563814e-01
ENERGY -8.544949163918e+02
GRADIENT -2.9003739541e-03 -4.3440158528e-02  3.0198219173e-03  8.2295526927e-03  5.5069671316e-02 -1.0857640900e-03 -6.0382667465e-03  3.1712402717e-02  1.0575820320e-02  4.0558024975e-05  1.9041860388e-05 -4.0802664413e-06  1.7267309085e-05 -1.8133230177e-05 -1.1883550998e-07  1.2362307688e-05 -8.5861027472e-05  4.0828615564e-04  1.1034870266e-06  2.3150129370e-06  1.1656234667e-06  6.6520981230e-04 -6.9111144115e-04 -2.5382195890e-03 -1.1909230583e-04 -8.1965447691e-05  7.3935127405e-05  5.1935955213e-06 -7.2338204652e-07  8.1675571874e-07  1.1511474971e-04 -4.1270991097e-02 -1.1200922085e-02 -2.5148229012e-04 -4.4621429119e-04  1.3118529629e-04  2.2513536195e-04 -7.7031545633e-04  7.0039874533e-04  9.0814202247e-06  4.1179802896e-06  8.0131333755e-07  1.0068245594e-05  1.6140278899e-06  6.1011858424e-06  5.5367874310e-06  1.0851609160e-05 -1.4028229973e-06 -2.6464349412e-06 -9.2941996426e-06  2.2056744036e-06  1.9004274465e-05 -1.0646756527e-06  9.5653345182e-06  7.1795122869e-05  2.5798680790e-05 -3.3000817650e-05

JOB 6
COORDS -3.9503720235e+00 -1.5103652192e+00 -1.5603146966e+00 -4.2569504062e+00 -9.8515693558e-01 -3.3680654463e-01 -1.9637532564e+00 -7.4168607458e-01 -8.0433527081e-01  4.8641634451e-01  3.2834327399e-01  1.0140792421e+00 -3.8278298230e-01  1.1237960813e+00  1.8346910555e-02 -5.5029028387e-01 -2.3630795818e-01 -7.5745953388e-01  1.3259327734e-01 -2.8588288411e-01 -2.1205212918e+00 -2.6090247527e+00 -1.1120711753e+00 -1.8914819978e+00  2.1822509636e-01 -8.5378118340e-01  3.4778871896e-01  1.1612866260e+00  5.8700044067e-01  1.9858403424e+00 -2.8143092912e+00 -1.3263831930e+00  6.5294938888e-01 -4.6219370390e+00 -1.7771777443e+00 -2.3703738263e+00 -5.2173610568e+00 -1.1603563540e+00  1.4994251462e-01 -1.2974241087e+00  1.5309793198e+00  4.5186951619e-01  1.5538191971e-01  1.8967964853e+00 -5.3328361461e-01  1.1445324853e+00  1.2221934435e-01 -2.0410073569e+00 -4.3436757960e-01  2.9499169248e-01 -2.8516207995e+00  1.8846359979e-01 -1.3140688896e+00 -2.4880552451e+00  6.5662964029e-01 -1.7687053718e+00  4.1424211573e-01
ENERGY -8.544552123912e+02
GRADIENT -2.0803376724e-02 -6.2486639211e-02  2.1492024357e-02  3.0661897954e-02  7.6421959261e-02 -2.5444965340e-02 -6.5939590050e-03  5.2895652718e-02  1.5447536348e-02 -1.1820468371e-05 -2.2978736256e-06  1.7885609055e-05 -9.7243233646e-05 -6.5208919244e-05  1.2007152245e-04 -2.1114411008e-05 -1.1512683056e-04  6.6081752153e-04 -7.4418019876e-06  1.3140216781e-05  1.0243740523e-06  1.5544918753e-03 -2.6257499257e-03 -2.6857475009e-03  2.5272320361e-04  5.9310390755e-05 -1.6162903774e-04 -2.0731291092e-05 -2.1756177320e-05  2.2009363413e-05 -4.9899047521e-03 -6.1300075899e-02 -1.1351575178e-02 -3.2686338223e-04 -1.0763998297e-03  4.6666848108e-04  5.2509426733e-04 -1.7196455935e-03  1.4025140719e-03  1.5357996416e-05  4.9655504527e-05 -3.2828400603e-05  5.9135980385e-05 -3.9839445934e-05  7.4957743157e-06  1.3303167364e-06  7.5408678891e-06  9.8342839944e-07  1.8491957551e-07 -5.2501053922e-06 -2.7115614744e-07  1.1579778721e-05 -1.1903027652e-06  4.4781154136e-06 -1.1779317838e-04 -6.0013075197e-05  6.9646714162e-05

