19
0 1 C7H9NO2
C                     0.940547277797     1.655510391534    -0.928729100323
C                    -0.427634681290     1.667636489954    -0.948894592468
C                     1.656559039320     0.569399698667    -0.355670532998
C                    -1.202540298016     0.579433674807    -0.394917012964
C                     0.941817247149    -0.473261589490     0.173097771673
C                    -1.199984103367    -1.625888487453     0.669761211736
C                     1.846436720414    -1.434270558503     2.129376179059
N                    -0.431060504938    -0.489971946861     0.149298418437
O                    -2.435656208518     0.510171543043    -0.363644738209
O                     1.563795621679    -1.559506713646     0.722218405184
H                     1.495258678699     2.488385485031    -1.354276902043
H                    -0.995048701863     2.486323231473    -1.377456367649
H                     2.738882285522     0.532855373759    -0.328021781971
H                    -1.690915776346    -1.350157901766     1.607494154140
H                    -0.534457968962    -2.472078168289     0.823028005689
H                    -1.978514800740    -1.876506097774    -0.051395642529
H                     2.357542618749    -2.353633529862     2.418467372071
H                     0.921738267435    -1.327710220780     2.708162080487
H                     2.495315985197    -0.571451481639     2.313041909339

45.9910482736961
       0.0273        0.0136        0.1924
       0.0286        0.0241        0.0545
      -0.0390       -0.0376        0.1729
      -0.0300       -0.0078       -0.0938
      -0.0984       -0.0536        0.0684
      -0.1857        0.0672        0.0286
       0.5621        0.1354       -0.1395
      -0.1008       -0.0125       -0.0109
      -0.0380       -0.0299       -0.2860
      -0.2212       -0.1435        0.0438
       0.0222        0.0090        0.0842
       0.0224        0.0150        0.0126
      -0.0117       -0.0219        0.0580
      -0.1779        0.1025       -0.0821
      -0.0442        0.0583        0.1751
       0.0428       -0.0828       -0.0617
       0.1126        0.0091       -0.0469
       0.2534        0.1734        0.0808
       0.2745       -0.0128       -0.1926

108.61347478768857
       0.0347       -0.0860       -0.0451
       0.0328        0.0154        0.1087
       0.0179       -0.1287       -0.1053
       0.0205        0.0364        0.1328
      -0.0001       -0.1067       -0.0884
      -0.0457       -0.2135       -0.4417
      -0.0323        0.3983        0.0874
       0.0020       -0.1036       -0.1263
       0.0231        0.1514        0.3813
      -0.0356       -0.0265        0.1344
       0.0141       -0.0309       -0.0195
       0.0129        0.0235        0.0633
       0.0050       -0.0368       -0.0201
      -0.1813       -0.0652       -0.2168
       0.0154       -0.0160       -0.0023
       0.1160       -0.1334       -0.2453
      -0.0675        0.1136        0.1224
      -0.0089        0.2312        0.0050
       0.0405        0.0953       -0.0572

124.39207685116492
       0.0254       -0.0166        0.0625
       0.0276       -0.0338       -0.0395
      -0.0083       -0.0161        0.1020
      -0.0210       -0.0056       -0.0437
      -0.0494       -0.0335        0.0070
       0.0463       -0.1244       -0.0884
       0.1460        0.1830        0.0088
      -0.0483       -0.0825       -0.1373
      -0.0292        0.1356        0.0188
      -0.1384       -0.0410        0.0949
       0.0135       -0.0002        0.0351
       0.0154       -0.0055       -0.0131
      -0.0029        0.0002        0.0577
       0.4167       -0.2203        0.2434
      -0.0521       -0.1737       -0.4901
      -0.2985        0.2888        0.2034
       0.0083        0.0425        0.0292
       0.0751        0.1325        0.0400
       0.0968        0.0289       -0.0769

148.9535203593081
      -0.0316        0.0494        0.0042
      -0.0325        0.0078        0.0192
       0.0161        0.0582       -0.0282
       0.0070       -0.0293        0.0033
       0.0505        0.0375       -0.0269
       0.0810        0.0215        0.0863
      -0.1463       -0.0512       -0.0126
       0.0509        0.0146        0.0172
       0.0111       -0.1058       -0.0200
       0.0245        0.0101       -0.0594
      -0.0186        0.0221        0.0042
      -0.0178       -0.0010        0.0103
       0.0051        0.0260       -0.0159
       0.0308        0.0163        0.0260
       0.0266        0.0104        0.0304
       0.0175       -0.0051        0.0357
      -0.5435       -0.2535        0.1242
      -0.0301        0.5210       -0.0850
       0.3910       -0.3333       -0.0348

166.0789936368495
      -0.0391       -0.0479       -0.1901
      -0.0368       -0.1791       -0.4360
      -0.0355        0.2014        0.2826
      -0.0247        0.0299       -0.0124
      -0.0162        0.1518        0.2181
      -0.0144       -0.0601       -0.2298
       0.1925       -0.3042        0.0491
      -0.0161        0.0567        0.0210
      -0.0287        0.1665        0.2915
      -0.0207        0.0869        0.0766
      -0.0115       -0.0440       -0.1143
      -0.0114       -0.1075       -0.2318
      -0.0104        0.0867        0.1243
      -0.0739       -0.0557       -0.0926
       0.0117       -0.0011       -0.0457
       0.0493       -0.0245       -0.1229
       0.0011       -0.1450       -0.0692
       0.0858       -0.0619        0.0576
       0.1272       -0.1492        0.0496

215.653722061332
      -0.0177       -0.0976       -0.2135
      -0.0203        0.1249        0.2048
      -0.0174       -0.1297       -0.2704
      -0.0312        0.1118        0.1655
      -0.0199        0.0873        0.1512
       0.0162       -0.1132       -0.2336
       0.1351       -0.1206        0.0827
      -0.0388        0.2551        0.4739
      -0.0368       -0.0875       -0.3220
      -0.0080        0.0792        0.1107
      -0.0034       -0.0701       -0.1415
      -0.0048        0.0341        0.0539
      -0.0045       -0.0797       -0.1575
      -0.0154       -0.2129       -0.0256
       0.0227       -0.0433       -0.2007
       0.0230        0.0791       -0.1266
       0.0148       -0.0635       -0.0237
       0.0592       -0.0232        0.0538
       0.0770       -0.0652        0.0343

326.28647267472047
       0.0905       -0.0218        0.0964
       0.0948       -0.1815       -0.1724
       0.0328        0.0560        0.2748
       0.0301       -0.0024        0.1183
      -0.0407       -0.0039        0.0125
       0.0443       -0.1225        0.0348
      -0.1916        0.2672       -0.3137
      -0.0351        0.1555        0.4904
       0.0328        0.0038       -0.0550
      -0.0297       -0.1508       -0.3389
       0.0273       -0.0235       -0.0037
       0.0308       -0.1115       -0.1665
       0.0085       -0.0181        0.0711
      -0.0410       -0.1372        0.0106
       0.0430       -0.0187       -0.0311
       0.0583       -0.0097       -0.0492
      -0.0292        0.1283        0.0229
      -0.0830        0.1011       -0.1386
      -0.1040        0.1260       -0.1492

372.0241743669695
       0.0296       -0.0118       -0.0138
       0.0418        0.0077        0.0407
      -0.0395       -0.0445       -0.0156
      -0.1023        0.0337       -0.0404
      -0.1075        0.0338       -0.0029
       0.4366       -0.3672        0.2081
      -0.0058       -0.0442        0.0097
      -0.1352       -0.0921       -0.0703
      -0.1399        0.4832       -0.1962
      -0.0937        0.0707        0.0280
       0.0131       -0.0043        0.0003
       0.0158        0.0152        0.0312
      -0.0128       -0.0349        0.0106
       0.0786       -0.1191        0.0385
       0.2674        0.0201        0.1310
       0.1823       -0.3183        0.0708
      -0.0048       -0.0249       -0.0294
       0.0114       -0.0181        0.0253
       0.0106       -0.0241        0.0123

376.62943183141493
       0.0183        0.0120       -0.0304
      -0.0133        0.0675       -0.0191
       0.1371        0.0517       -0.0335
      -0.0013        0.0436       -0.0115
       0.0436        0.1024       -0.0221
       0.3687        0.1022       -0.0401
      -0.0846       -0.0247       -0.0319
       0.1348        0.2160       -0.0848
       0.0225       -0.3482        0.1680
      -0.6674       -0.1949        0.1101
      -0.0036        0.0028       -0.0226
       0.0157        0.0300       -0.0122
       0.0408        0.0290       -0.0295
       0.0920        0.0180       -0.0165
       0.1482        0.0704       -0.0008
       0.1188       -0.0244       -0.0044
       0.0471        0.0211       -0.0466
       0.0313       -0.0342        0.0872
      -0.0403        0.0214       -0.0954

469.78595828742937
      -0.1088        0.1587        0.4208
      -0.1024       -0.1115       -0.3576
      -0.0065       -0.1834       -0.3093
      -0.0822       -0.0206       -0.2279
       0.0795       -0.1478       -0.1195
       0.0996        0.0758       -0.0671
       0.0537       -0.0456        0.1435
       0.0429        0.2076        0.2213
      -0.0980        0.1274        0.0844
       0.0919       -0.1190        0.1079
      -0.0280        0.1661        0.3613
      -0.0103        0.0125       -0.0442
      -0.0000       -0.0149       -0.1091
      -0.0146       -0.0574       -0.0196
       0.0473        0.0313       -0.0481
       0.0615        0.0378       -0.0621
       0.0118       -0.0133        0.0479
       0.0114       -0.0089        0.0328
       0.0168       -0.0131        0.0348

497.3940737932406
      -0.1023       -0.3595        0.0140
      -0.1354        0.0524        0.0902
       0.0992       -0.0733        0.2583
      -0.2974        0.2143        0.0217
       0.1248       -0.1476        0.0321
       0.2075        0.2609       -0.1065
       0.0244        0.0286        0.0392
       0.0796        0.1920       -0.1569
      -0.3616        0.0244       -0.0861
       0.3032       -0.2374       -0.0422
      -0.0233       -0.1588       -0.0938
       0.0588        0.0410       -0.0553
       0.0307        0.0325        0.0562
       0.0722        0.0808       -0.0248
       0.0687        0.0839       -0.0244
       0.0480        0.0396       -0.0053
      -0.0000        0.0321        0.0988
      -0.0291        0.0355       -0.0537
      -0.0174        0.0301       -0.0064

526.0543462701407
       0.3157       -0.1545        0.1683
       0.2411       -0.1768        0.0350
       0.2305       -0.1831       -0.0477
      -0.2192       -0.0204       -0.0952
      -0.1690        0.1939        0.0165
      -0.0291        0.0271       -0.0235
       0.0009        0.0116       -0.1018
      -0.1670        0.0933       -0.0738
      -0.2755       -0.2385        0.1708
       0.0313        0.4705       -0.0793
       0.0726       -0.0030        0.1065
       0.1646        0.0269        0.0337
       0.0615       -0.1596        0.0277
      -0.0018       -0.0084        0.0010
       0.0201        0.0272       -0.0202
      -0.0109       -0.0120        0.0035
      -0.0307       -0.0408       -0.1153
       0.0074       -0.0231       -0.0128
       0.0325       -0.0362        0.0535

586.1294429269251
       0.0884        0.0523       -0.0396
       0.0645        0.4598       -0.2250
      -0.3565       -0.1533        0.0970
       0.0654        0.2799       -0.1399
      -0.2643       -0.1667        0.0659
       0.0679       -0.0809        0.0471
       0.0246        0.0016        0.0308
      -0.1545        0.0467       -0.0180
       0.1574       -0.3168        0.1583
       0.1868       -0.0362       -0.0246
       0.1610       -0.0572        0.0211
       0.0628        0.1590       -0.0786
      -0.1071       -0.0997        0.0534
       0.0440       -0.0747        0.0412
       0.1110        0.0414       -0.0158
       0.0179       -0.1065        0.0460
      -0.0091        0.0003        0.0374
      -0.0103        0.0132       -0.0228
       0.0049        0.0006        0.0179

683.8563223871307
      -0.1995       -0.2520        0.0781
      -0.1249       -0.0809        0.0690
      -0.1840       -0.1705        0.0488
       0.1816       -0.1932       -0.2648
      -0.1041        0.1722        0.4948
       0.1530        0.1862       -0.0944
      -0.0589        0.0472       -0.1850
       0.0701        0.0083       -0.0537
       0.2517        0.1412        0.0517
       0.0020        0.0876       -0.0938
      -0.0364       -0.0585        0.0848
      -0.0611        0.0557        0.2101
      -0.0542       -0.1538       -0.1992
       0.0323        0.0470       -0.0308
       0.0362        0.0474       -0.0310
       0.0475        0.0581       -0.0310
      -0.0211        0.0221       -0.0217
      -0.0260        0.0229       -0.0681
      -0.0270        0.0213       -0.0509

712.4199063799576
       0.1378        0.1552       -0.1867
       0.0595        0.1795       -0.0310
       0.2051        0.1750       -0.0035
      -0.1819       -0.0861       -0.3734
       0.1665        0.1783        0.3166
      -0.1618       -0.2143        0.0969
      -0.0048        0.0014        0.0139
       0.0135       -0.0441        0.0574
      -0.2521       -0.0060        0.1350
       0.0672       -0.3305       -0.0398
       0.0260        0.0775       -0.0150
       0.0487        0.1762        0.1794
       0.0654       -0.0450       -0.2441
      -0.0621       -0.0658        0.0210
      -0.0656       -0.0799        0.0204
      -0.0346       -0.0299        0.0039
       0.0167        0.0471        0.1213
      -0.0269        0.0389       -0.0439
      -0.0422        0.0428       -0.0593

727.6541201444554
       0.0107        0.1939        0.2991
       0.0049       -0.0109       -0.0757
       0.0169       -0.0292       -0.0952
      -0.0212        0.1617        0.2973
       0.0095        0.1203        0.2415
      -0.0124       -0.0345       -0.0080
      -0.0052        0.0080        0.0096
       0.0099       -0.1281       -0.2377
      -0.0268       -0.0449       -0.0760
       0.0209       -0.0623       -0.0179
       0.0056       -0.0863       -0.1898
       0.0053       -0.2069       -0.4173
       0.0088       -0.2586       -0.4952
       0.0230        0.0489       -0.0050
      -0.0157       -0.0146        0.0239
      -0.0251       -0.0289        0.0282
      -0.0014        0.0121        0.0338
      -0.0111        0.0114       -0.0139
      -0.0139        0.0140       -0.0126

795.9250457427514
       0.0387        0.0581       -0.0145
       0.0438       -0.0067        0.2371
      -0.0800        0.1736        0.3169
       0.0224       -0.2449       -0.3366
      -0.0705       -0.1910       -0.3995
       0.0542        0.0991       -0.0354
       0.0366       -0.0097        0.1426
      -0.0663        0.1077        0.1349
       0.0107        0.0545        0.1098
      -0.0080        0.0739        0.0183
       0.0010       -0.0864       -0.2190
      -0.0153       -0.1080       -0.0945
      -0.0215       -0.2647       -0.4106
      -0.0016       -0.0262       -0.0033
       0.0416        0.0449       -0.0385
       0.0297        0.0258       -0.0246
      -0.0021       -0.0316       -0.0275
       0.0185       -0.0245        0.0556
       0.0299       -0.0225        0.0578

817.5107198406835
      -0.2342       -0.3555        0.2151
      -0.2153        0.3153       -0.0700
       0.2921       -0.0329        0.0743
       0.0362        0.1550       -0.1901
       0.1725       -0.0204       -0.1265
      -0.1738       -0.2861        0.1391
      -0.0413        0.0198       -0.1271
       0.1495       -0.0249        0.0654
       0.1354        0.0223        0.0255
      -0.1129        0.2492        0.0644
      -0.0425       -0.1600       -0.0132
       0.0526        0.0903       -0.1762
       0.0905        0.0758       -0.0993
      -0.0629       -0.0649        0.0268
      -0.0904       -0.1161        0.0472
      -0.0373       -0.0318        0.0087
      -0.0180       -0.0247       -0.1239
       0.0109       -0.0273        0.0083
       0.0156       -0.0238        0.0137

846.6035663542174
      -0.0280       -0.1048       -0.0876
      -0.0211       -0.1506       -0.3389
       0.0304        0.1349        0.2684
       0.0102        0.1975        0.3385
       0.0079       -0.0630       -0.1540
      -0.0195       -0.0318        0.0085
       0.0070        0.0042        0.0420
       0.0077       -0.0229       -0.0506
       0.0287       -0.0559       -0.1127
      -0.0270        0.0652        0.0086
      -0.0115        0.0895        0.2053
      -0.0001        0.2636        0.4808
       0.0124       -0.1974       -0.3853
       0.0018       -0.0007        0.0036
      -0.0033       -0.0061        0.0093
      -0.0083       -0.0136        0.0065
      -0.0036       -0.0153       -0.0307
       0.0087       -0.0139        0.0253
       0.0132       -0.0103        0.0226

945.5495467099466
      -0.1469       -0.0997        0.0478
      -0.0576       -0.1145        0.0611
       0.2788        0.0249       -0.0353
       0.1381        0.0257       -0.0150
      -0.0772        0.1724       -0.0351
      -0.2220       -0.0358        0.0161
       0.0789       -0.0189        0.2695
      -0.3775        0.2914       -0.1620
       0.2710       -0.0453        0.0225
       0.0667       -0.1631       -0.2146
      -0.1744        0.0396       -0.0200
      -0.0318       -0.0451        0.0222
       0.0841        0.0516        0.0114
       0.0380       -0.1477        0.0969
       0.2178        0.1964       -0.0770
      -0.0561       -0.2612        0.0863
       0.0261        0.0168        0.1426
      -0.0069        0.0266        0.0179
      -0.0075        0.0253        0.0224

984.7026692466675
       0.0035       -0.1854       -0.3575
      -0.0051        0.1102        0.2074
       0.0027        0.0438        0.0855
      -0.0003        0.0204        0.0403
      -0.0012        0.0141        0.0222
       0.0009       -0.0063       -0.0060
       0.0006       -0.0007        0.0050
       0.0020       -0.0115       -0.0237
       0.0001       -0.0021       -0.0050
      -0.0014       -0.0025       -0.0069
      -0.0065        0.3414        0.6595
       0.0015       -0.2022       -0.3910
       0.0018       -0.0763       -0.1344
       0.0077        0.0151       -0.0028
      -0.0039       -0.0033        0.0074
      -0.0068       -0.0053        0.0072
       0.0014        0.0016        0.0051
      -0.0000        0.0020        0.0007
      -0.0016        0.0021       -0.0052

1033.6952187672516
       0.0069       -0.1839        0.0929
       0.0562       -0.0401        0.0220
      -0.1534        0.0993       -0.0839
      -0.0186        0.0967       -0.0520
      -0.1385        0.1577       -0.0406
       0.1278       -0.1043        0.0408
       0.0988        0.0283        0.5160
       0.1719       -0.0921        0.0502
       0.0021        0.0023        0.0000
      -0.1422       -0.0164       -0.5387
       0.0354       -0.0745        0.0384
       0.1426        0.0556       -0.0240
      -0.0494        0.0695        0.0078
      -0.0473        0.1156       -0.0745
      -0.1734       -0.1821        0.0763
       0.0178        0.1912       -0.0461
       0.0324       -0.0015        0.1013
       0.0098        0.0179        0.1040
       0.0211        0.0222        0.0669

1072.8162705526724
       0.0203        0.1810       -0.0943
      -0.2927        0.2561       -0.1364
       0.3656       -0.2672        0.1349
       0.0122       -0.1494        0.0747
      -0.0900        0.0324       -0.0096
       0.1034        0.0481       -0.0179
       0.0294        0.0223        0.1489
      -0.0068       -0.1080        0.0504
      -0.0241        0.0403       -0.0204
      -0.0293        0.0384       -0.1839
      -0.0066        0.0657       -0.0391
      -0.3421       -0.0540        0.0296
       0.0967       -0.4554        0.2639
      -0.0132        0.0569       -0.0393
      -0.0558       -0.0483        0.0140
       0.0244        0.0983       -0.0297
       0.0042       -0.0057        0.0087
       0.0067        0.0019        0.0373
       0.0119        0.0040        0.0340

1127.1825235355664
      -0.0689        0.0522       -0.0269
       0.0091       -0.2224        0.1138
       0.0690        0.0442       -0.0156
      -0.0302        0.3770       -0.1880
      -0.2827        0.0156       -0.0468
       0.1189       -0.1452        0.0488
       0.0103       -0.0428       -0.1427
       0.0511        0.0458       -0.0023
       0.1427       -0.0427        0.0224
       0.0996       -0.0959        0.2035
      -0.4766        0.2505       -0.1368
       0.1310       -0.0001        0.0009
       0.0098       -0.2499        0.1293
      -0.0362        0.1053       -0.0672
      -0.1464       -0.1719        0.0784
       0.0052        0.1565       -0.0243
      -0.0062        0.0141        0.0698
      -0.0116        0.0045       -0.0614
      -0.0223        0.0015        0.0079

1152.254380114682
      -0.0239       -0.0079       -0.0037
       0.0176        0.0180        0.0013
       0.0296        0.0193       -0.0047
      -0.0128        0.0201        0.0258
      -0.0176       -0.0024       -0.0057
       0.0276        0.2448        0.3492
       0.0032       -0.0090        0.0080
      -0.0366       -0.2139       -0.1662
       0.0132       -0.0090       -0.0095
      -0.0069        0.0005       -0.0068
      -0.0705        0.0336       -0.0130
       0.0826        0.0380       -0.0377
       0.0092        0.0151        0.0057
      -0.3668       -0.4856        0.0683
       0.0452        0.0241       -0.3112
       0.3294        0.2173       -0.3015
       0.0049        0.0034        0.0143
      -0.0013        0.0053       -0.0034
      -0.0027        0.0035       -0.0151

1173.2808521460042
      -0.0463        0.0097       -0.0016
       0.0280        0.0306       -0.0161
       0.0203       -0.0016        0.0024
      -0.0101       -0.0280        0.0098
       0.0132       -0.0171        0.0130
       0.0004        0.0572       -0.0579
      -0.3440       -0.1608        0.0815
      -0.0196       -0.1037        0.0634
       0.0026        0.0046       -0.0011
       0.1681        0.0973       -0.0421
      -0.1224        0.0574       -0.0346
       0.1452        0.0838       -0.0408
       0.0053       -0.0319        0.0153
       0.0403        0.0181        0.0053
       0.0282        0.0421        0.0067
      -0.0185       -0.0370        0.0215
       0.2166        0.1008       -0.0688
       0.2173        0.1636        0.5010
       0.0492       -0.0367       -0.5778

1183.279746774411
      -0.1455        0.0149       -0.0107
       0.0885        0.1521       -0.0772
       0.0654       -0.0024       -0.0030
      -0.0184       -0.1930        0.0917
       0.0484       -0.0262        0.0357
       0.0292        0.2128       -0.1790
       0.0883        0.1004        0.0231
      -0.1000       -0.3466        0.2115
      -0.0049        0.0267       -0.0113
      -0.0948       -0.0138       -0.0621
      -0.3137        0.1464       -0.0770
       0.4790        0.2920       -0.1445
       0.0191       -0.0404        0.0225
       0.1218        0.0488        0.0157
       0.0930        0.1387        0.0023
      -0.0436       -0.1176        0.0653
      -0.0777       -0.0483       -0.0605
      -0.0557       -0.0717       -0.1085
       0.0093        0.0001        0.2009

1199.9891451008853
       0.0036        0.0925       -0.0528
       0.0251       -0.1090        0.0587
      -0.1333       -0.0934        0.0316
      -0.0087        0.1043       -0.0575
       0.1877       -0.1177        0.1530
      -0.1489       -0.0651        0.0601
      -0.1357        0.3289        0.0948
       0.2268        0.1695       -0.1014
      -0.0426       -0.0070        0.0036
       0.0055       -0.1108       -0.1605
      -0.1241        0.0951       -0.0450
      -0.0040       -0.0403        0.0192
      -0.0445       -0.1391        0.0895
      -0.0080       -0.1101        0.0611
       0.0411        0.0354       -0.0302
      -0.0006       -0.1123        0.0065
      -0.0780       -0.0969       -0.5311
       0.0633       -0.1683        0.2373
       0.1825       -0.1105        0.2012

1220.5023191677055
       0.0829       -0.0548        0.0261
      -0.0390        0.0188       -0.0104
       0.2514        0.1020       -0.0515
      -0.0228        0.1592       -0.0819
      -0.2869       -0.0077        0.0385
       0.1840        0.1216       -0.0809
      -0.1026        0.1842       -0.0300
      -0.2975       -0.2993        0.1530
       0.0786       -0.0285        0.0155
       0.1269       -0.1885        0.0449
       0.0665       -0.0343        0.0216
      -0.2135       -0.1028        0.0523
       0.0916        0.3669       -0.1889
       0.0110        0.0917       -0.0583
      -0.0261       -0.0168        0.0213
       0.0087        0.1022       -0.0021
      -0.0476       -0.0451       -0.2893
       0.0546       -0.1080        0.1619
       0.1139       -0.0802        0.1268

1251.224120070257
      -0.1328       -0.0223        0.0087
       0.0519        0.1216       -0.0632
      -0.0259       -0.0328        0.0216
       0.0697       -0.3991        0.2043
      -0.0277        0.2424       -0.1185
       0.1366       -0.1692        0.0985
      -0.0754        0.0917       -0.0839
      -0.2466        0.3319       -0.1751
       0.0249        0.0302       -0.0154
       0.1653       -0.2195        0.1391
       0.0800       -0.0696        0.0378
       0.2346        0.1566       -0.0752
      -0.0106       -0.0354        0.0154
      -0.1093        0.1206       -0.1022
      -0.1396       -0.1827        0.0367
       0.0149        0.2399       -0.0461
      -0.0160       -0.0070       -0.1309
       0.0475       -0.0655        0.1122
       0.0720       -0.0609        0.0794

1293.6835563433692
      -0.0071        0.1355       -0.0708
       0.1546        0.0632       -0.0323
       0.0406       -0.2988        0.1548
       0.0377       -0.0557        0.0293
       0.1525       -0.3646        0.1978
       0.1434       -0.0752        0.0395
       0.0469       -0.0311        0.0923
      -0.2241        0.1912       -0.1010
      -0.0284       -0.0195        0.0099
      -0.0971        0.2333       -0.1549
      -0.2839        0.1910       -0.1008
      -0.0703       -0.0419        0.0224
       0.0355        0.3732       -0.1948
      -0.0826        0.0560       -0.0743
      -0.1321       -0.1541        0.0399
      -0.0074        0.1124        0.0148
      -0.0012       -0.0208        0.0005
      -0.0462        0.0358       -0.0888
      -0.0386        0.0471       -0.0830

1420.2807602734397
       0.1291       -0.1367        0.0721
       0.1397        0.2069       -0.1049
      -0.0446       -0.0970        0.0524
       0.1030       -0.1676        0.0836
      -0.3021        0.1126       -0.0750
      -0.2179       -0.1501        0.0696
      -0.0140       -0.0030       -0.0693
       0.3250        0.0286       -0.0140
      -0.1898        0.0262       -0.0128
       0.0391       -0.0468        0.0168
      -0.3057        0.1380       -0.0747
      -0.1750       -0.0521        0.0244
      -0.0105        0.1940       -0.1066
       0.1656        0.1735        0.0637
       0.2666        0.2033       -0.0673
       0.0997        0.1388       -0.2072
      -0.0038        0.0375        0.1136
       0.0591       -0.0163        0.0943
       0.0070       -0.0300        0.0982

1442.2686829619142
      -0.0248       -0.2603        0.1353
       0.3750        0.2130       -0.1072
      -0.1824        0.0560       -0.0300
       0.0125       -0.0019        0.0012
       0.2329        0.2265       -0.1147
       0.1122        0.1697       -0.0796
      -0.0307        0.0031       -0.0591
      -0.1160       -0.0610        0.0335
      -0.0840       -0.0314        0.0151
      -0.0027       -0.0641        0.0263
      -0.2765        0.0518       -0.0294
      -0.3317       -0.1773        0.0895
      -0.0695       -0.1159        0.0558
      -0.0793       -0.2121        0.0031
      -0.2331       -0.1442        0.0776
      -0.0600       -0.1879        0.1531
       0.0416        0.0581        0.0859
       0.0377       -0.0120        0.0627
       0.0411       -0.0547        0.0887

1467.1766253010564
      -0.0343       -0.1454        0.0747
       0.1433        0.0616       -0.0302
      -0.0757        0.1789       -0.0968
       0.0563        0.0710       -0.0356
       0.2482        0.0099        0.0074
       0.0016       -0.1629        0.0613
       0.0477       -0.0057        0.1692
      -0.2181       -0.0982        0.0378
      -0.0522       -0.0245        0.0122
      -0.0071       -0.0140        0.0608
      -0.0677       -0.0202        0.0099
      -0.1272       -0.0757        0.0384
      -0.0339       -0.1891        0.1051
      -0.0860        0.2709       -0.1182
       0.3162        0.1844       -0.1169
      -0.0615        0.3027       -0.0429
      -0.0229       -0.1284       -0.3127
      -0.1541        0.0454       -0.2432
      -0.0496        0.1036       -0.2688

1491.485366982098
      -0.1047        0.0666       -0.0356
       0.0373       -0.0734        0.0391
      -0.0234       -0.0353        0.0204
      -0.0105        0.1386       -0.0703
       0.2894       -0.0708        0.0441
       0.0190       -0.1203        0.0128
      -0.1084        0.0013       -0.2013
      -0.1874       -0.0915        0.0264
       0.0217       -0.0246        0.0127
      -0.0859        0.0709       -0.1139
       0.0711       -0.0352        0.0186
       0.0157       -0.0228        0.0111
      -0.0076       -0.0700        0.0313
      -0.0824        0.1087       -0.0768
       0.2511        0.1684        0.0224
      -0.0952        0.2939       -0.0071
       0.1766        0.2363        0.3460
       0.1473        0.0082        0.2290
       0.1367       -0.2084        0.3890

1502.9908164543435
       0.0031        0.0026       -0.0023
      -0.0043        0.0043        0.0015
       0.0013       -0.0116        0.0064
       0.0126       -0.0137        0.0086
      -0.0259        0.0146       -0.0044
       0.0074       -0.0257       -0.1613
       0.0599       -0.0430       -0.0027
       0.0201        0.0016       -0.0598
      -0.0110        0.0029       -0.0003
       0.0209       -0.0215        0.0045
      -0.0026        0.0024       -0.0024
       0.0053        0.0031       -0.0046
       0.0008        0.0135       -0.0047
       0.0423       -0.4531        0.1260
       0.0888        0.1842        0.6150
      -0.1716        0.3872        0.0140
      -0.1177       -0.1135       -0.1049
       0.0684        0.1373        0.0715
      -0.2153        0.1573        0.0285

1505.1890949885487
       0.0496       -0.0051        0.0035
      -0.0436        0.0120       -0.0063
       0.0118       -0.0072        0.0047
       0.0087       -0.0434        0.0227
      -0.1021        0.0130       -0.0097
      -0.0034        0.0158       -0.0290
      -0.1387       -0.0968        0.1039
       0.0684        0.0246       -0.0180
      -0.0063        0.0104       -0.0054
      -0.0077       -0.0349        0.0354
      -0.0173        0.0168       -0.0087
       0.0132        0.0188       -0.0103
       0.0047        0.0380       -0.0249
       0.0083       -0.1002        0.0299
      -0.0189        0.0092        0.0947
      -0.0246        0.0107        0.0179
       0.5850        0.2263       -0.2785
      -0.2040        0.3924       -0.3502
       0.2060       -0.2206        0.1672

1517.5434654391622
       0.0687       -0.0148        0.0088
      -0.0603        0.0126       -0.0058
       0.0071        0.0084       -0.0033
       0.0260       -0.0399        0.0219
      -0.0906       -0.0067       -0.0042
       0.0379       -0.0119       -0.0545
      -0.0527        0.1518        0.0683
       0.0949        0.0158       -0.0238
      -0.0228        0.0128       -0.0070
      -0.0030        0.0312        0.0248
      -0.0238        0.0197       -0.0116
       0.0128        0.0212       -0.0123
       0.0031        0.0272       -0.0129
      -0.1524       -0.1759       -0.0392
       0.0848        0.0897        0.1515
      -0.1834        0.1140        0.1507
      -0.0051        0.0942        0.2133
      -0.1919       -0.5373       -0.1864
       0.4255       -0.2303       -0.3435

1525.9187781296064
      -0.1244        0.0217       -0.0124
       0.1029       -0.0179        0.0106
      -0.0027        0.0008       -0.0005
      -0.0397        0.0621       -0.0334
       0.1547        0.0024        0.0034
      -0.1210        0.0031       -0.0147
      -0.0242        0.0493        0.0395
      -0.2111       -0.0235        0.0004
       0.0453       -0.0231        0.0146
      -0.0182        0.0202       -0.0030
       0.0467       -0.0401        0.0209
      -0.0188       -0.0353        0.0177
      -0.0022       -0.0613        0.0332
       0.5239        0.0297        0.2699
      -0.1593       -0.0679        0.2345
       0.3711        0.0632       -0.4434
       0.0314        0.0424        0.0486
      -0.0824       -0.1621       -0.0894
       0.1570       -0.0888       -0.1141

1589.9042987718933
       0.4480       -0.2447        0.1311
      -0.3190        0.0745       -0.0417
      -0.0336        0.4452       -0.2329
       0.0845       -0.1502        0.0777
       0.0198       -0.3633        0.1974
       0.0207       -0.0030        0.0051
      -0.0191        0.0052       -0.0632
      -0.1463        0.1340       -0.0708
       0.0070        0.0274       -0.0139
      -0.0280        0.0549       -0.0428
      -0.1446        0.0747       -0.0399
      -0.0071        0.0796       -0.0405
      -0.0164       -0.1242        0.0689
       0.0577       -0.0106        0.0272
      -0.0636       -0.0514        0.0424
       0.0559        0.0047       -0.0486
       0.0010        0.0345        0.0680
       0.0533        0.0045        0.0727
      -0.0023       -0.0238        0.0859

1650.1737866573699
      -0.4369        0.0328       -0.0220
       0.3342        0.0342       -0.0147
       0.2287        0.2613       -0.1336
       0.3828       -0.0070        0.0057
      -0.2736       -0.3223        0.1648
       0.0151        0.0101       -0.0005
      -0.0078        0.0030       -0.0178
       0.0904        0.0680       -0.0320
      -0.3366       -0.0206        0.0092
      -0.0016        0.0480       -0.0312
       0.1171       -0.1280        0.0683
       0.0023       -0.0576        0.0299
       0.0732       -0.1197        0.0679
      -0.0135       -0.0431       -0.0005
      -0.0328       -0.0261        0.0088
      -0.0045       -0.0372        0.0290
       0.0104        0.0173        0.0210
       0.0115        0.0046        0.0129
       0.0092       -0.0156        0.0317

1741.2419890518659
       0.1566        0.0163       -0.0063
      -0.2908       -0.1105        0.0538
      -0.0814       -0.1631        0.0843
       0.6850        0.1835       -0.0881
       0.1390        0.2051       -0.1056
       0.0259        0.0246       -0.0056
       0.0028       -0.0027        0.0034
      -0.1459       -0.0823        0.0403
      -0.4327       -0.0402        0.0183
       0.0069       -0.0352        0.0242
      -0.0194        0.0430       -0.0228
       0.0987        0.0643       -0.0328
      -0.0259        0.0551       -0.0315
       0.0246       -0.0123        0.0106
      -0.0512       -0.0396        0.0092
       0.0277       -0.0322       -0.0069
      -0.0050       -0.0067       -0.0077
      -0.0027       -0.0007       -0.0035
      -0.0059        0.0077       -0.0129

3038.6010808120363
      -0.0010       -0.0002        0.0002
       0.0005        0.0001       -0.0001
       0.0003       -0.0023        0.0009
      -0.0006       -0.0000        0.0002
      -0.0035        0.0061       -0.0034
       0.0025        0.0010       -0.0044
      -0.0132        0.0576        0.1459
       0.0013       -0.0008        0.0005
       0.0006       -0.0000       -0.0001
       0.0036       -0.0024        0.0093
       0.0013        0.0013       -0.0007
       0.0003       -0.0003        0.0002
       0.0001        0.0006       -0.0000
      -0.0096        0.0059        0.0193
       0.0055       -0.0081        0.0018
      -0.0059       -0.0022       -0.0065
      -0.1847        0.3294       -0.0994
       0.5834       -0.0601       -0.3472
      -0.3607       -0.4687       -0.0873

3075.2547526019735
       0.0009       -0.0001        0.0000
      -0.0007        0.0005       -0.0003
       0.0009        0.0014       -0.0006
       0.0044       -0.0029        0.0013
      -0.0059       -0.0002       -0.0003
       0.1226        0.0583       -0.1145
      -0.0040       -0.0025       -0.0040
       0.0037        0.0063       -0.0016
      -0.0024       -0.0007        0.0005
      -0.0009       -0.0012        0.0006
      -0.0013       -0.0020        0.0010
       0.0006       -0.0000        0.0000
       0.0013        0.0003       -0.0003
      -0.3384        0.2036        0.6643
       0.2392       -0.3034        0.0499
      -0.3242       -0.1110       -0.3178
       0.0062       -0.0120        0.0039
      -0.0065        0.0010        0.0047
       0.0141        0.0195        0.0043

3123.7430798209084
      -0.0001        0.0003       -0.0002
       0.0001        0.0001       -0.0001
       0.0011        0.0005        0.0002
      -0.0002       -0.0001        0.0001
       0.0009        0.0006        0.0003
      -0.0032       -0.0039       -0.0043
      -0.2836       -0.1211        0.0586
       0.0005       -0.0007        0.0001
       0.0002        0.0001       -0.0000
       0.0005       -0.0003       -0.0007
      -0.0000        0.0001        0.0000
       0.0002       -0.0001        0.0000
      -0.0044        0.0002       -0.0008
      -0.0002        0.0002        0.0003
      -0.0047        0.0075       -0.0006
       0.0166        0.0056        0.0150
       0.0194       -0.0684        0.0223
       0.5488       -0.0708       -0.3275
       0.4030        0.5552        0.1054

3159.7122612103094
       0.0000       -0.0001        0.0002
      -0.0001       -0.0004       -0.0005
       0.0000       -0.0001       -0.0004
      -0.0004        0.0008       -0.0001
       0.0006       -0.0005       -0.0009
      -0.0377       -0.1458       -0.2632
       0.0048        0.0056       -0.0025
      -0.0000        0.0005        0.0019
       0.0000        0.0010        0.0002
       0.0009        0.0007        0.0003
       0.0003        0.0006        0.0002
       0.0001       -0.0004        0.0002
      -0.0004        0.0001        0.0001
      -0.2514        0.1450        0.4663
      -0.1546        0.1895       -0.0449
       0.5315        0.1614        0.4852
       0.0049       -0.0086        0.0027
      -0.0115        0.0016        0.0072
      -0.0094       -0.0124       -0.0022

3175.5766871961773
      -0.0008       -0.0008        0.0004
       0.0001        0.0002       -0.0001
       0.0011        0.0004        0.0002
      -0.0003       -0.0002        0.0001
      -0.0007        0.0011       -0.0015
       0.0027       -0.0036       -0.0025
       0.1218       -0.2846        0.0212
      -0.0002        0.0002       -0.0002
       0.0002        0.0001       -0.0000
      -0.0002        0.0003       -0.0000
       0.0022        0.0033       -0.0017
       0.0003       -0.0005        0.0002
      -0.0040       -0.0001       -0.0004
      -0.0048        0.0028        0.0091
      -0.0066        0.0084       -0.0016
       0.0021        0.0005        0.0018
      -0.4105        0.7412       -0.2221
      -0.1906        0.0080        0.1131
       0.1850        0.2261        0.0415

3195.566935296433
       0.1444        0.2137       -0.1092
       0.0185       -0.0444        0.0232
      -0.0358       -0.0059        0.0028
      -0.0004        0.0001       -0.0001
      -0.0011       -0.0002        0.0000
       0.0004       -0.0009        0.0004
       0.0005       -0.0014        0.0008
       0.0008       -0.0002        0.0001
       0.0006        0.0001       -0.0001
      -0.0000        0.0003       -0.0003
      -0.4722       -0.7118        0.3639
      -0.0986        0.1487       -0.0778
       0.1316       -0.0009        0.0014
       0.0005       -0.0003       -0.0007
      -0.0025        0.0030       -0.0006
       0.0003       -0.0001        0.0002
      -0.0023        0.0043       -0.0014
       0.0006       -0.0001       -0.0005
       0.0005        0.0005        0.0002

3211.9674979492315
      -0.0000       -0.0009        0.0004
      -0.0023        0.0028       -0.0014
      -0.0034        0.0005       -0.0004
       0.0026        0.0011       -0.0012
      -0.0000       -0.0025        0.0019
       0.2461       -0.1745        0.0714
      -0.0020        0.0030       -0.0001
       0.0008        0.0021       -0.0010
      -0.0012       -0.0008        0.0004
       0.0025        0.0020       -0.0004
       0.0011        0.0018       -0.0009
       0.0062       -0.0089        0.0048
       0.0107       -0.0004        0.0003
      -0.0616        0.0396        0.1491
      -0.5228        0.6520       -0.1187
      -0.2806       -0.0979       -0.2740
       0.0044       -0.0078        0.0022
       0.0035       -0.0006       -0.0027
      -0.0012       -0.0016       -0.0006

3235.9982095023024
       0.0390        0.0316       -0.0160
      -0.1479        0.2072       -0.1086
      -0.0795       -0.0024        0.0006
      -0.0073       -0.0059        0.0030
       0.0024        0.0035       -0.0018
      -0.0039        0.0024       -0.0008
      -0.0001       -0.0006        0.0002
       0.0011       -0.0008        0.0004
       0.0023        0.0007       -0.0003
       0.0001       -0.0004        0.0002
      -0.0800       -0.1127        0.0575
       0.4689       -0.6869        0.3597
       0.2653       -0.0064        0.0053
       0.0014       -0.0006       -0.0031
       0.0075       -0.0090        0.0016
       0.0044        0.0015        0.0042
      -0.0005        0.0010       -0.0002
       0.0003        0.0000       -0.0001
       0.0006        0.0009        0.0003

3242.2393924739404
      -0.0255       -0.0473        0.0242
       0.0421       -0.0541        0.0284
      -0.2782        0.0054       -0.0051
       0.0022        0.0026       -0.0013
       0.0040        0.0125       -0.0066
      -0.0020        0.0014       -0.0007
      -0.0008       -0.0019        0.0004
       0.0027       -0.0002        0.0002
      -0.0005       -0.0004        0.0002
       0.0002       -0.0013        0.0008
       0.0871        0.1356       -0.0693
      -0.1231        0.1786       -0.0934
       0.9086       -0.0260        0.0203
       0.0004       -0.0005       -0.0012
       0.0039       -0.0050        0.0009
       0.0026        0.0007        0.0027
      -0.0011        0.0021       -0.0003
       0.0016       -0.0001       -0.0008
       0.0023        0.0033        0.0009

