22
0 1 C7H11N3O
C                    -1.721969139638    -1.993023878216     4.301536500021
C                    -1.133643795964    -3.220645169925     4.516827220394
C                     0.401236181391    -1.632902040621     4.408442330478
C                     3.037142577682    -1.649293932438     2.363600443229
C                     3.326876276922    -1.397223808103     0.894675736080
C                     1.248195325275    -3.992370272825     4.853872213505
C                     1.726752717341    -0.933779686105     4.343444281308
N                    -0.758678327480    -1.011515306422     4.235030395486
N                     0.227450047858    -2.985052784059     4.575061443588
N                     2.205757272014    -0.750713870192     2.970774849996
O                     3.545119553673    -2.598320737177     2.967863680625
H                    -2.774804619539    -1.765524342234     4.193806099577
H                    -1.543183863350    -4.214143908421     4.635739224607
H                     4.407129890380    -1.290687551209     0.765783759752
H                     3.012231496205    -2.273346099547     0.321094313719
H                     2.830145635577    -0.509099733191     0.494805900307
H                     0.916222795559    -4.952640681545     4.453501146895
H                     2.184405214634    -3.718153500341     4.365724851744
H                     1.405782705309    -4.094830990872     5.932909040025
H                     1.607877898695     0.052502351861     4.797185773610
H                     2.502612670037    -1.472972036238     4.886881945785
H                     1.680894526950    -0.107778253447     2.391637138444

25.285045283728216
      -0.1061        0.0516        0.3108
      -0.0808        0.0253        0.0876
      -0.0853        0.0255        0.0035
       0.1397       -0.0220        0.0108
       0.1715       -0.1541       -0.0060
      -0.0438       -0.0350       -0.3592
      -0.0908        0.0208       -0.1356
      -0.1174        0.0553        0.2731
      -0.0749        0.0087       -0.1170
      -0.1435       -0.1657       -0.1867
       0.4015        0.2230        0.2026
      -0.0353        0.0207        0.1465
      -0.0201        0.0047        0.0153
       0.0407        0.0778        0.0226
       0.1703       -0.1105        0.0332
      -0.0441       -0.1230       -0.0594
       0.0086        0.0204       -0.1959
      -0.0061        0.0438       -0.0608
      -0.0298       -0.1034       -0.1104
      -0.0280        0.0208       -0.0718
      -0.0179        0.0287       -0.0286
      -0.0557       -0.0861       -0.0804

56.91696809806275
      -0.0384        0.0027        0.0816
      -0.0583        0.0111        0.1876
      -0.0264       -0.0368       -0.0469
       0.0052       -0.0081       -0.1016
       0.3549        0.2874        0.0171
      -0.0489       -0.0001        0.1452
      -0.0100       -0.0714       -0.0835
      -0.0202       -0.0285       -0.0642
      -0.0549       -0.0147        0.1131
      -0.0104       -0.0465       -0.0826
      -0.1713       -0.1606       -0.2049
      -0.0109        0.0045        0.0292
      -0.0221        0.0094        0.0881
       0.0841        0.4666        0.1485
       0.4923       -0.0324       -0.0280
      -0.1478       -0.0896       -0.0679
      -0.0474       -0.0199        0.1177
      -0.0343       -0.0408       -0.0202
       0.0377        0.0634        0.0406
       0.0089       -0.0222       -0.0172
      -0.0059       -0.0310       -0.0299
       0.0325        0.0286       -0.0075

75.07071356383939
      -0.0940       -0.0410        0.2027
      -0.0699       -0.0203        0.2572
      -0.0779       -0.0366       -0.1197
       0.1241        0.0481       -0.0539
       0.3576        0.1829        0.0145
      -0.0244        0.0104        0.0140
      -0.0807       -0.0288       -0.1490
      -0.1077       -0.0548       -0.0289
      -0.0671       -0.0198        0.0535
       0.0211       -0.0187       -0.1176
      -0.0404       -0.0607       -0.0888
      -0.0311       -0.0142        0.0916
      -0.0164       -0.0023        0.1181
       0.1409       -0.3547       -0.0049
      -0.2498        0.2344       -0.0828
       0.4314        0.2818        0.1052
      -0.0251       -0.0101        0.0504
      -0.0271       -0.0125       -0.0434
       0.0390        0.0385        0.0008
      -0.0300       -0.0072       -0.0470
      -0.0297       -0.0043       -0.0295
       0.0660        0.0448       -0.0304

103.80042059210065
       0.0276       -0.0921        0.1224
       0.1620       -0.0598       -0.0706
       0.0067        0.0920       -0.0253
      -0.1321       -0.0843        0.0538
       0.1598       -0.1360        0.1066
       0.1876        0.0804       -0.2156
      -0.0736        0.2476       -0.0394
      -0.0742        0.0039        0.1585
       0.1539        0.0574       -0.1688
       0.0641        0.1453       -0.0150
      -0.5388       -0.2743        0.1108
      -0.0008       -0.0513        0.0693
       0.0771       -0.0324       -0.0418
       0.0539       -0.0314        0.0972
       0.0903       -0.0488        0.0222
       0.0662       -0.0466       -0.0099
       0.1361        0.0573       -0.2137
       0.0883        0.1179        0.0601
      -0.0560       -0.0983       -0.0578
      -0.0743        0.0866       -0.0591
      -0.0170        0.1262        0.0377
       0.0800        0.0788       -0.0164

141.9014668220071
       0.0329        0.0215       -0.0542
      -0.0384        0.0363        0.2041
       0.0501       -0.0585       -0.0433
       0.0076        0.0547       -0.0361
      -0.0146        0.0632       -0.0403
      -0.1303       -0.1616        0.0699
       0.0291       -0.0093       -0.0317
       0.0907       -0.0456       -0.2232
      -0.0270       -0.0264        0.2195
       0.0190        0.0601       -0.0229
       0.0159        0.0727       -0.0351
       0.0138        0.0166       -0.0363
      -0.0259        0.0220        0.1057
      -0.0052        0.0223       -0.0167
      -0.0043        0.0189       -0.0125
      -0.0089        0.0179       -0.0069
       0.1623        0.0750       -0.4427
       0.0900        0.1806        0.3953
      -0.3705       -0.4268        0.0322
      -0.0105       -0.0069       -0.0048
       0.0173        0.0133       -0.0077
      -0.0103        0.0067       -0.0028

173.50569072883465
       0.0315        0.0159       -0.0930
       0.0498       -0.0229       -0.3601
      -0.0029        0.0672        0.3033
      -0.0422       -0.0844       -0.0945
       0.1449        0.1396       -0.0266
      -0.0056        0.0935        0.3093
       0.0013        0.0028       -0.0062
       0.0008        0.0821        0.3457
       0.0320        0.0224       -0.0706
      -0.3159       -0.3109       -0.1623
       0.0643       -0.0502       -0.1286
       0.0112        0.0004       -0.0561
       0.0198       -0.0193       -0.1909
       0.0533       -0.0238        0.0371
       0.0026        0.0990       -0.0763
       0.1145        0.0992        0.0326
       0.0963        0.0330       -0.0064
       0.0616        0.0763        0.2381
      -0.1674       -0.0144        0.1098
       0.0353        0.0278       -0.0510
       0.0302        0.0251       -0.0202
      -0.0687       -0.0646       -0.0362

212.61099803487951
       0.0036        0.0426        0.2565
      -0.0391       -0.0346       -0.0993
       0.0701       -0.1283       -0.2264
       0.0294        0.1353       -0.0257
       0.0095       -0.0902       -0.0664
      -0.1950       -0.1383        0.3631
       0.0339       -0.0181       -0.1103
       0.0731       -0.0329        0.1698
       0.0010       -0.1724       -0.4467
       0.1549        0.2809       -0.0418
      -0.0793        0.1769        0.0911
      -0.0009        0.0423        0.1563
      -0.0257       -0.0050       -0.0348
       0.0005       -0.0167       -0.0316
       0.0130       -0.0621        0.0302
      -0.0139       -0.0551       -0.0632
      -0.0215       -0.0753        0.1599
       0.0107       -0.1020        0.1984
      -0.2045        0.0690        0.1376
      -0.0300       -0.0316        0.0136
       0.0161       -0.0082       -0.0446
       0.0207        0.0579       -0.0125

219.320003926518
      -0.1554       -0.0795        0.1281
      -0.0351       -0.0467        0.0046
      -0.1650        0.0782       -0.1517
       0.1780       -0.1127        0.0321
      -0.1700        0.0852       -0.0165
       0.0934        0.3047        0.0877
      -0.0791       -0.0237        0.0738
      -0.2533        0.0085        0.0191
      -0.0551        0.0744       -0.1982
       0.3338       -0.0854        0.2164
       0.2940       -0.2625       -0.2547
      -0.0542       -0.0454        0.0788
       0.0175       -0.0242        0.0081
      -0.0646        0.0890       -0.0810
      -0.0430        0.0228       -0.0049
      -0.1261        0.0064        0.0503
       0.1591        0.0755       -0.0545
       0.0626        0.1737        0.1428
      -0.0966        0.0604        0.0411
      -0.0236        0.0007        0.0053
      -0.0812       -0.0189        0.0942
       0.1344        0.0061        0.0499

327.41665964371566
      -0.0203       -0.1094       -0.0704
       0.0604       -0.0524       -0.0620
      -0.0067        0.0823        0.1742
       0.1426       -0.0049       -0.0303
      -0.0045       -0.0043       -0.0913
      -0.2725       -0.3193        0.0359
      -0.1220        0.4269       -0.0292
      -0.0920       -0.0483        0.1399
       0.0241        0.0325        0.1980
       0.2217        0.0857       -0.0079
       0.1487       -0.0957       -0.1786
      -0.0069       -0.0547       -0.0587
       0.0404       -0.0287       -0.0508
      -0.0077        0.0138       -0.0681
      -0.0090       -0.0137       -0.0033
      -0.0294       -0.0160       -0.0247
      -0.2254       -0.0579        0.0493
      -0.0737       -0.2031       -0.0461
      -0.0257       -0.0958        0.0021
      -0.1728        0.1775       -0.1621
      -0.0190        0.2806        0.1304
       0.1331        0.0536       -0.0343

348.86084996053825
       0.1131        0.1080        0.0954
       0.0620        0.0878        0.0921
       0.1169       -0.0517       -0.2091
      -0.0518       -0.2079        0.1306
      -0.2299        0.2894        0.2000
      -0.0050       -0.1106        0.0009
      -0.0889        0.1926       -0.0859
       0.1836        0.0209       -0.1853
       0.1156       -0.0442       -0.2341
      -0.1577       -0.2475       -0.0662
       0.0619       -0.1555        0.2003
       0.0322        0.0514        0.0778
      -0.0001        0.0387        0.0744
      -0.0766        0.1402        0.0219
      -0.0733        0.1653       -0.0626
      -0.1034        0.1315        0.2113
      -0.0315       -0.0415        0.0474
       0.0142       -0.0818        0.0018
      -0.0219        0.0206        0.0084
      -0.1509        0.0960       -0.1459
      -0.0022        0.1832        0.0707
      -0.0721       -0.1364       -0.0663

419.4598125539957
       0.0090        0.2063       -0.0593
      -0.3239        0.0204       -0.0370
       0.0616       -0.3268        0.0726
       0.0109        0.0515       -0.0167
       0.0466       -0.0583       -0.0415
       0.2424        0.1315       -0.0050
      -0.1496        0.1114        0.0317
       0.2591       -0.0601        0.0814
      -0.2201       -0.2999        0.0734
       0.0383        0.0496        0.0506
       0.0132        0.0051       -0.1153
       0.0229        0.1451       -0.0407
      -0.1807        0.0389       -0.0293
       0.0163       -0.0338       -0.0027
       0.0153       -0.0403        0.0226
       0.0247       -0.0304       -0.0563
       0.2238       -0.0213        0.0140
       0.0091        0.1953       -0.0322
       0.1290        0.0775       -0.0062
      -0.2800        0.0679       -0.1327
       0.0223        0.2591        0.1416
       0.0121        0.0089        0.0061

471.86791539028695
       0.0279        0.0033        0.0620
       0.0758        0.0399        0.0917
       0.0083        0.0425       -0.0540
      -0.2661       -0.0094       -0.0159
       0.1436       -0.1683        0.0706
      -0.0453       -0.0470       -0.0035
      -0.0746        0.1096        0.2908
       0.0085        0.0148       -0.1563
       0.0853        0.0339       -0.1880
      -0.1202        0.0852        0.2465
       0.1731        0.0275       -0.4060
       0.0031       -0.0082        0.0504
       0.0315        0.0128        0.0672
       0.0740       -0.1313        0.2173
       0.1059       -0.0691        0.0169
       0.1783       -0.0304       -0.1087
      -0.0424       -0.0098        0.0140
       0.0117       -0.0611        0.0179
      -0.0502        0.0066        0.0063
      -0.0611        0.0351        0.0677
      -0.0248        0.0489        0.1065
      -0.3671       -0.3005        0.0013

503.2815442463768
      -0.0587       -0.0383       -0.0369
      -0.0725       -0.0533       -0.0733
      -0.0019       -0.0125        0.0367
      -0.0302       -0.1983       -0.0521
      -0.0354        0.0920       -0.0290
      -0.0033        0.0562       -0.0061
       0.0939       -0.0142       -0.1520
      -0.0521       -0.0324        0.1499
      -0.0931       -0.0079        0.1568
       0.3570        0.3222       -0.0882
      -0.0139       -0.0584        0.1649
      -0.0137       -0.0069       -0.0363
      -0.0191       -0.0208       -0.0558
      -0.0100        0.0750        0.0262
       0.0155        0.1052       -0.1414
       0.0021        0.0884        0.1163
       0.0198        0.0136       -0.0123
      -0.0207        0.0514       -0.0174
       0.0339        0.0003       -0.0085
       0.0440       -0.0233        0.0031
       0.0323       -0.0232       -0.0739
      -0.4453       -0.4959       -0.1922

607.4844299009318
       0.0153        0.0776        0.0361
       0.0282        0.0416       -0.1375
      -0.0326       -0.0146       -0.1126
       0.1908        0.2335        0.2475
      -0.0782       -0.0444        0.4405
       0.1128       -0.1044        0.0540
      -0.1388       -0.0438       -0.2761
       0.0044        0.0748        0.0517
       0.0482       -0.0085        0.1830
      -0.1461        0.1680       -0.1321
       0.0516       -0.2157       -0.3209
       0.0020        0.0212        0.0298
      -0.0116        0.0140       -0.0931
      -0.0364       -0.0483       -0.0007
      -0.0843       -0.1015        0.2960
      -0.0716       -0.0766        0.0500
       0.0165       -0.0157       -0.0060
       0.0260       -0.0240        0.0048
       0.0472       -0.0591        0.0100
       0.0311       -0.0584        0.0377
      -0.0306       -0.0992       -0.1790
      -0.0820       -0.0692       -0.1233

631.8857167685978
       0.0376       -0.1006       -0.3203
      -0.0243        0.0040        0.3826
       0.0338        0.0171        0.2048
       0.3201        0.2131        0.0905
       0.0367        0.0273       -0.0198
      -0.1083        0.0960       -0.0688
       0.0678        0.0285        0.0389
       0.0119       -0.0327        0.1819
      -0.0174       -0.0296       -0.3703
      -0.0763       -0.0385       -0.0479
      -0.1567       -0.1196       -0.0287
       0.0215       -0.0413       -0.2184
      -0.0011        0.0198        0.2871
      -0.0131        0.0034       -0.1983
      -0.0786       -0.0579        0.1410
      -0.0748       -0.0478       -0.0234
       0.0029        0.0031        0.0107
      -0.0129        0.0168        0.0109
      -0.0790        0.0840       -0.0070
       0.0179        0.0160       -0.0043
       0.0499        0.0325       -0.0083
      -0.1575       -0.1613       -0.0581

643.7653920471747
       0.0053       -0.0614       -0.2676
      -0.0702       -0.0056        0.2297
       0.0325       -0.0082        0.0091
      -0.3607       -0.2184       -0.0156
      -0.1121       -0.0580        0.3001
      -0.0325        0.0307       -0.0238
       0.0899        0.0531       -0.1903
       0.0002       -0.0209        0.2564
      -0.0422       -0.0503       -0.1337
       0.0533        0.1862       -0.1015
       0.2640        0.0484       -0.1043
       0.0128       -0.0189       -0.1904
      -0.0276        0.0104        0.1451
      -0.0064       -0.0181        0.2996
       0.0665        0.0462       -0.0593
       0.0610        0.0389        0.0968
       0.0261       -0.0091        0.0062
      -0.0061        0.0193        0.0048
      -0.0188        0.0368       -0.0026
       0.0698       -0.0161        0.0227
       0.0476       -0.0307       -0.1284
       0.2271        0.2438       -0.0010

661.4477879693861
       0.0371       -0.1394        0.2433
      -0.0510       -0.2105       -0.1169
       0.1845       -0.0496        0.1390
       0.0141        0.0492        0.0505
      -0.0364       -0.0144        0.1779
      -0.3629        0.3722       -0.0992
       0.3119        0.1398        0.0000
       0.1582       -0.2811       -0.2152
      -0.1914        0.0779        0.0303
      -0.0778        0.0108       -0.0939
       0.0202       -0.0365       -0.0907
       0.0172        0.0129        0.1326
       0.0507       -0.0941       -0.0818
      -0.0112       -0.0170        0.0406
      -0.0184       -0.0214        0.0826
      -0.0130       -0.0149        0.0325
      -0.0725        0.0950       -0.0239
      -0.1161        0.1225       -0.0391
      -0.0718        0.0984       -0.0327
       0.0696        0.0478       -0.0206
       0.1513        0.0897       -0.0358
       0.0116        0.0357       -0.0159

708.0179776913162
      -0.1935        0.0606        0.0779
      -0.1451        0.0139       -0.2099
      -0.0705        0.1404        0.4389
       0.0183       -0.0334        0.0066
      -0.0064       -0.0027        0.0243
       0.2381       -0.2263        0.0416
       0.1586        0.1837        0.0258
      -0.1220       -0.0331       -0.2988
      -0.0065       -0.1461       -0.1514
       0.0102        0.0837       -0.0937
       0.0354       -0.0487        0.0010
      -0.0709        0.0536        0.2226
      -0.1207        0.0897        0.3990
      -0.0043        0.0132       -0.0023
      -0.0043        0.0130       -0.0123
      -0.0112        0.0058        0.0338
       0.1089       -0.0844        0.0247
       0.0640       -0.0344        0.0172
       0.0555       -0.0273        0.0170
       0.1910        0.0475        0.0602
       0.0608       -0.0294       -0.0925
       0.0334        0.0320       -0.0423

720.6957396797461
      -0.1358        0.0387        0.1362
      -0.1362        0.0757        0.3573
      -0.0254        0.0788        0.1312
       0.0273       -0.0061        0.0084
       0.0021        0.0008        0.0057
       0.1419       -0.1406        0.0228
       0.1364        0.1494        0.0504
      -0.0719       -0.0295       -0.1894
       0.0007       -0.0989       -0.1594
      -0.0216        0.0234       -0.0572
       0.0088       -0.0336        0.0003
      -0.0171       -0.0221       -0.2622
      -0.0117       -0.0873       -0.7070
      -0.0020        0.0070       -0.0140
      -0.0059        0.0043       -0.0011
      -0.0084        0.0011        0.0150
       0.0760       -0.0624        0.0261
       0.0401       -0.0200        0.0154
       0.0188       -0.0072        0.0121
       0.1351        0.0415        0.0436
       0.0443       -0.0161       -0.0491
       0.0055        0.0072       -0.0243

796.8686775457395
       0.2113        0.0634        0.1569
       0.1676        0.0039        0.0489
      -0.1051       -0.0425        0.5412
      -0.0317       -0.0637       -0.0037
      -0.0036       -0.0118       -0.0182
      -0.1042        0.1198       -0.0515
      -0.4523       -0.2760       -0.1903
       0.1290        0.0384       -0.2454
       0.0533        0.0000       -0.1504
       0.1142        0.1777        0.0002
       0.0546       -0.0158        0.0171
       0.0680       -0.0214       -0.0838
       0.0548       -0.0073       -0.0504
      -0.0016        0.0149        0.0038
       0.0075        0.0174       -0.0415
      -0.0042        0.0072        0.0219
      -0.0590        0.0406       -0.0032
      -0.0081       -0.0089        0.0042
      -0.0681        0.0437       -0.0087
      -0.1445       -0.0978       -0.0239
      -0.1222       -0.0505       -0.0422
       0.0520        0.0332       -0.0380

840.9346101351722
      -0.0676        0.0599        0.4422
       0.0017       -0.0249       -0.2248
       0.0118        0.0017       -0.0909
      -0.0034        0.0202       -0.0111
      -0.0088        0.0036        0.0248
       0.0178       -0.0190        0.0073
       0.0667        0.0017       -0.0001
      -0.0202       -0.0061       -0.0211
       0.0030        0.0090        0.0129
       0.0108       -0.0511        0.0127
      -0.0229        0.0287       -0.0089
       0.0472       -0.1075       -0.7932
      -0.0176        0.0406        0.2751
      -0.0008       -0.0085        0.0150
      -0.0001       -0.0077        0.0194
       0.0036       -0.0023       -0.0072
       0.0008       -0.0005       -0.0068
       0.0007       -0.0013       -0.0050
       0.0155       -0.0140       -0.0001
      -0.0031        0.0105       -0.0275
       0.0159        0.0220        0.0261
      -0.0100       -0.0149        0.0147

858.778508226544
      -0.1180       -0.0084       -0.0343
       0.0298        0.0641        0.0276
      -0.0274        0.0379        0.1466
      -0.0466        0.1314       -0.1550
      -0.0999        0.0136        0.2942
       0.0599       -0.0588        0.0116
       0.2303       -0.2884       -0.2144
      -0.1282        0.0617       -0.0585
       0.0325        0.0432       -0.0451
       0.2898       -0.2792        0.0416
      -0.1801        0.2870       -0.0821
      -0.0510       -0.0350        0.0694
       0.0314        0.0033       -0.0425
      -0.0149       -0.0652        0.1585
      -0.0049       -0.0578        0.1690
       0.0147       -0.0184       -0.0096
      -0.0104       -0.0096        0.0090
       0.0256       -0.0298        0.0091
      -0.0056       -0.0101        0.0067
      -0.1246        0.0273       -0.3515
       0.0672        0.1840        0.1987
      -0.0309       -0.1080        0.0780

937.7844330501953
       0.4547       -0.1368        0.0562
      -0.0840       -0.4002        0.0431
      -0.1453        0.1546       -0.0524
       0.0064        0.0137       -0.0270
      -0.0146        0.0037        0.0338
      -0.0382       -0.0601        0.0073
       0.0589        0.0763        0.0188
      -0.0205        0.5794       -0.0808
      -0.2171       -0.1883        0.0140
       0.0336       -0.0509       -0.0129
      -0.0280        0.0370       -0.0096
       0.1058       -0.1779        0.0302
      -0.1868       -0.0539       -0.0007
      -0.0021       -0.0079        0.0215
       0.0005       -0.0069        0.0199
       0.0031       -0.0007       -0.0017
       0.0801       -0.0552        0.0136
      -0.0423        0.0602       -0.0133
       0.0309        0.0117       -0.0005
       0.0648        0.0402       -0.0186
      -0.0047        0.0020        0.0161
       0.0009       -0.0238       -0.0066

991.9902042392378
       0.0452        0.0063       -0.0054
      -0.0568       -0.0339        0.0026
       0.0256        0.0686        0.0210
      -0.0658        0.0470        0.1769
      -0.1940        0.2942       -0.1761
      -0.0121        0.0091       -0.0014
      -0.0914        0.1704       -0.2530
       0.0839       -0.1289        0.0260
      -0.0094       -0.0133       -0.0036
       0.1280       -0.2161        0.1858
      -0.0052       -0.0451        0.0982
       0.0333        0.0867       -0.0083
      -0.0323       -0.0042       -0.0011
       0.0052       -0.1748        0.2172
       0.1035       -0.1154        0.1633
       0.1846        0.0101       -0.5209
       0.0172       -0.0039       -0.0024
      -0.0059        0.0071       -0.0023
       0.0062        0.0023       -0.0015
       0.1888        0.0369        0.0082
      -0.1102       -0.1303       -0.1319
       0.0815       -0.1380       -0.0750

1024.9782883085895
      -0.1016       -0.0357        0.0038
       0.0634        0.0425       -0.0023
      -0.0046       -0.0901        0.0247
      -0.1000       -0.0339        0.2763
      -0.0222        0.1653       -0.2135
       0.0212       -0.0180       -0.0032
       0.2785       -0.2532       -0.0711
      -0.1246        0.2287       -0.0500
      -0.0067        0.0132        0.0009
      -0.2079        0.2675        0.0036
       0.1831       -0.2859        0.1059
      -0.0694       -0.1751        0.0205
       0.0466        0.0006       -0.0068
       0.0123       -0.0635       -0.0193
       0.0359       -0.0343        0.0335
       0.0715       -0.0018       -0.2801
      -0.0117       -0.0014        0.0057
       0.0087       -0.0053        0.0050
      -0.0067        0.0050        0.0010
      -0.2421       -0.0664       -0.1174
       0.2693        0.2416        0.0240
      -0.0446        0.1107        0.0309

1055.1939807184024
      -0.0161        0.0068        0.0004
       0.0731        0.0624       -0.0049
      -0.0116       -0.0439        0.0076
       0.3717        0.2769        0.1079
      -0.3469       -0.2357       -0.0932
      -0.0342       -0.0057       -0.0016
       0.0042       -0.0287        0.0764
      -0.0294        0.0282       -0.0094
      -0.0053       -0.0395        0.0072
      -0.0389       -0.0320       -0.0963
      -0.0732       -0.0573       -0.0202
      -0.0207       -0.0669        0.0089
       0.0183        0.0209       -0.0026
      -0.0444        0.0673        0.4759
       0.2335        0.0685       -0.3998
       0.2155        0.1528        0.0715
       0.0312       -0.0164        0.0016
      -0.0256        0.0400       -0.0065
       0.0070        0.0183       -0.0011
      -0.0431       -0.0162        0.0273
       0.0252        0.0169        0.0123
       0.0308       -0.0067       -0.0594

1071.3131246414848
      -0.0124        0.0062        0.0066
       0.3819        0.3752       -0.0360
      -0.0062       -0.0678       -0.0102
      -0.0425       -0.0538       -0.0765
       0.0154        0.0802        0.0576
      -0.2759       -0.0760       -0.0217
      -0.0349        0.0663        0.1099
      -0.0696       -0.0272       -0.0043
      -0.0626       -0.2707        0.0531
       0.0688       -0.0393       -0.0914
      -0.0052        0.0322        0.0125
      -0.0805       -0.3416        0.0424
       0.0001        0.1646       -0.0228
       0.0034       -0.0401       -0.0307
      -0.0308       -0.0310        0.1158
      -0.0218       -0.0252       -0.0546
       0.3057       -0.1656        0.0203
      -0.1964        0.3197       -0.0345
       0.0996        0.1498       -0.0161
       0.0634        0.0136        0.0612
      -0.0102       -0.0307       -0.0164
       0.0368       -0.0253       -0.0581

1093.3980474529628
      -0.0121        0.0489       -0.0043
      -0.0308       -0.0803        0.0114
      -0.0395       -0.0843       -0.0225
       0.0489       -0.0827       -0.1803
      -0.1310        0.2039        0.1322
       0.0684        0.0369        0.0031
      -0.0814       -0.0836        0.5072
      -0.0200        0.0505       -0.0086
       0.0178        0.0435       -0.0046
       0.1389        0.0493       -0.5207
       0.0080       -0.0244        0.0734
       0.0147        0.0985       -0.0120
       0.0890       -0.0643        0.0203
      -0.0107       -0.1219        0.1221
       0.0148       -0.0834        0.2238
       0.0394       -0.0121       -0.2035
      -0.0985        0.0548       -0.0066
       0.0501       -0.0839        0.0046
      -0.0441       -0.0376        0.0052
      -0.0987       -0.0264        0.1257
       0.0126       -0.0081        0.1091
       0.1029       -0.0106       -0.2328

1099.149018206419
      -0.1432        0.1474       -0.0312
       0.1061       -0.1994        0.0326
      -0.0012        0.0569       -0.0038
      -0.0102        0.0077        0.0196
       0.0121       -0.0148       -0.0126
      -0.0705       -0.1942       -0.0030
      -0.0106       -0.0084       -0.0355
       0.0402        0.1386       -0.0199
      -0.1654        0.0019        0.0043
      -0.0146        0.0035        0.0353
       0.0053       -0.0039       -0.0047
       0.0288        0.3633       -0.0454
       0.6506       -0.3119        0.0871
       0.0010        0.0101       -0.0129
      -0.0021        0.0071       -0.0179
      -0.0037        0.0004        0.0145
       0.2488       -0.1650        0.0353
      -0.0854        0.1691        0.0023
       0.0697        0.1016       -0.0006
       0.0107        0.0022       -0.0158
      -0.0049        0.0053       -0.0009
      -0.0084        0.0032        0.0164

1155.7012893584752
       0.1022        0.0378        0.0074
       0.0139       -0.0068       -0.0077
       0.0016        0.0124       -0.0105
      -0.0002        0.0049        0.0063
      -0.0018        0.0003       -0.0024
       0.0621       -0.0897       -0.4004
       0.0113       -0.0162        0.0105
      -0.0934       -0.0883        0.0010
      -0.0367        0.0800        0.2275
      -0.0061        0.0091       -0.0119
       0.0023       -0.0078        0.0002
       0.0404        0.0455       -0.0126
      -0.0931        0.0390       -0.0070
      -0.0002        0.0005        0.0014
       0.0012        0.0004       -0.0020
       0.0018        0.0009       -0.0020
       0.1212       -0.2318        0.2973
       0.2431       -0.0920        0.2805
      -0.4713        0.4456       -0.0012
       0.0039        0.0027       -0.0116
       0.0047        0.0091        0.0144
      -0.0053        0.0059        0.0038

1179.1734450297529
      -0.3396       -0.0621       -0.0163
      -0.0810        0.0160       -0.0086
       0.0418       -0.2902        0.0449
      -0.0069       -0.0056       -0.0298
       0.0217       -0.0174        0.0127
       0.0862        0.1136       -0.0887
      -0.0657        0.1817       -0.0394
       0.2981        0.3505       -0.0294
       0.0090       -0.0741        0.0579
       0.0674       -0.1223        0.0976
      -0.0505        0.0860       -0.0296
      -0.1968       -0.4116        0.0400
       0.2532       -0.1103        0.0368
       0.0018        0.0103       -0.0139
      -0.0149        0.0048        0.0010
      -0.0145       -0.0059        0.0281
      -0.1421        0.0587        0.0504
       0.1192       -0.1446        0.0553
      -0.1686        0.0242        0.0021
       0.0315       -0.0100        0.1347
       0.0443       -0.0355       -0.1837
       0.0777       -0.0758       -0.0705

1218.823477571728
      -0.1670       -0.2886        0.0300
      -0.2508        0.0151       -0.0235
       0.2044        0.3366        0.0003
       0.0569       -0.0264       -0.0573
      -0.0385        0.0297        0.0116
      -0.0045       -0.1834        0.0088
      -0.1022       -0.1302        0.0024
       0.4242       -0.0212        0.0285
      -0.0701        0.3124       -0.0434
      -0.0477        0.0970       -0.0981
       0.0300       -0.0607        0.0356
      -0.0861       -0.2498        0.0281
      -0.0532       -0.0055       -0.0029
      -0.0022       -0.0291        0.0417
       0.0204       -0.0196        0.0289
       0.0113        0.0070       -0.0224
       0.2062       -0.1345        0.0233
      -0.0223        0.0687        0.0281
       0.0933        0.0522        0.0002
      -0.0850       -0.0256       -0.0428
      -0.2187       -0.0924        0.2048
      -0.0837        0.0768        0.0878

1272.1038649433924
       0.0511       -0.0793        0.0175
      -0.0840        0.0034       -0.0072
       0.0772        0.0892       -0.0064
      -0.2333        0.1012        0.3479
       0.0984       -0.0910       -0.0343
       0.0065       -0.1236        0.0337
      -0.0326       -0.1099        0.1083
      -0.0037       -0.0513        0.0003
      -0.0482        0.2392       -0.0450
       0.1217       -0.1482       -0.0159
      -0.0613        0.1502       -0.1298
       0.0181       -0.0192        0.0064
      -0.0577        0.0152       -0.0091
      -0.0040        0.1222       -0.1473
      -0.0658        0.0900       -0.1354
       0.0023       -0.0250       -0.0046
       0.0946       -0.0566       -0.0154
      -0.0275        0.0533        0.0006
       0.0745        0.0226        0.0032
      -0.1793       -0.0779        0.0794
       0.1993        0.0718       -0.1612
       0.3323       -0.2180       -0.4598

1298.7540074108938
       0.0978       -0.0170        0.0127
      -0.0703       -0.0108       -0.0033
       0.0748       -0.0275        0.0341
       0.2087       -0.1317       -0.3486
      -0.0524        0.0603        0.0331
      -0.0071       -0.1161        0.0280
      -0.0195        0.1121       -0.1042
      -0.1324       -0.0140       -0.0179
       0.0021        0.2356       -0.0402
      -0.0379       -0.0729        0.1961
      -0.0351        0.0155        0.0584
       0.0347        0.0146        0.0035
      -0.0435        0.0061       -0.0119
       0.0082       -0.0911        0.1195
       0.0296       -0.0739        0.1258
      -0.0263        0.0143        0.0437
       0.0770       -0.0477       -0.0204
      -0.0306        0.0640        0.0119
       0.0814        0.0346        0.0005
      -0.3825       -0.2024        0.3974
       0.2614        0.1061       -0.3329
      -0.0434        0.0107        0.1175

1311.5211945620138
      -0.3892       -0.2378        0.0066
       0.0851       -0.1537        0.0244
      -0.0239        0.0553        0.0026
       0.0032       -0.0091       -0.0008
       0.0013       -0.0011        0.0027
      -0.2410        0.0878       -0.0673
      -0.0047       -0.0158       -0.0017
       0.1346        0.2667       -0.0321
       0.4782       -0.1765        0.0862
       0.0053       -0.0131        0.0086
      -0.0099        0.0162       -0.0072
      -0.0132        0.4123       -0.0553
      -0.3172        0.0836       -0.0343
      -0.0003        0.0019       -0.0017
      -0.0020        0.0016       -0.0007
      -0.0002       -0.0012       -0.0009
       0.0846       -0.0368        0.0052
      -0.0584        0.0804        0.0357
       0.0262        0.0979       -0.0222
      -0.0810       -0.0388        0.0527
       0.0315        0.0125       -0.0298
       0.0298       -0.0179       -0.0382

1381.8820210454273
      -0.0238        0.0647       -0.0123
       0.1132       -0.0035        0.0090
       0.0768        0.1285        0.0595
      -0.0384       -0.0112        0.0949
       0.0075       -0.0118        0.0521
       0.0380        0.0904       -0.0150
       0.2954        0.1373       -0.2128
      -0.0619       -0.0098       -0.0075
      -0.1153       -0.2037        0.0214
      -0.0275       -0.0645       -0.0693
      -0.0203        0.0452       -0.0381
      -0.0099        0.0129       -0.0035
       0.0230        0.0025       -0.0046
      -0.0129        0.0186       -0.0993
       0.0139        0.0484       -0.0729
       0.0312       -0.0242       -0.0776
      -0.0420        0.0202        0.0469
       0.0292       -0.0677       -0.0219
      -0.0654       -0.0819       -0.0014
      -0.4142       -0.2248        0.3946
      -0.3565       -0.1799        0.3434
       0.0294       -0.0297       -0.0608

1395.3859271620315
       0.1267        0.2580       -0.0279
      -0.3765       -0.1317       -0.0069
       0.1730       -0.2971        0.0694
      -0.0215        0.0060        0.0536
      -0.0082       -0.0083        0.0484
      -0.2082       -0.0263       -0.0073
       0.0387        0.0430       -0.0425
      -0.2894        0.0433       -0.0266
       0.4958        0.1512        0.0160
       0.0048       -0.0001       -0.0494
      -0.0007        0.0075       -0.0144
      -0.0336       -0.2065        0.0267
       0.0554       -0.1173        0.0204
      -0.0127        0.0040       -0.0769
       0.0293        0.0347       -0.0622
       0.0294       -0.0151       -0.0601
       0.1404       -0.0400       -0.0794
      -0.0488        0.0656        0.0589
       0.1470        0.1362       -0.0183
       0.0524        0.0054        0.0097
      -0.1749       -0.0914        0.1496
      -0.0164        0.0091        0.0125

1411.9825532747936
       0.0064        0.0524       -0.0072
      -0.0326       -0.0244        0.0013
       0.0495        0.0020        0.0139
      -0.0752        0.0439        0.1077
       0.1386        0.0014       -0.4227
      -0.0238        0.0191       -0.0047
       0.0522        0.0016       -0.0214
      -0.0466        0.0003       -0.0035
       0.0494       -0.0278        0.0081
       0.0053       -0.0095       -0.0343
       0.0180       -0.0227        0.0006
      -0.0102       -0.0313        0.0033
       0.0097       -0.0171        0.0024
       0.0918        0.1390        0.5077
      -0.3513       -0.1727        0.3749
      -0.1746        0.0865        0.3441
       0.0136       -0.0032        0.0020
      -0.0015       -0.0058        0.0010
       0.0046       -0.0027       -0.0032
      -0.0447       -0.0186        0.0180
      -0.0822       -0.0500        0.0809
       0.0459       -0.0265       -0.0729

1459.5542395131397
      -0.0311       -0.1525        0.0177
       0.1014        0.0124        0.0058
      -0.0549       -0.3024        0.0439
      -0.0271        0.0166        0.0379
       0.0134       -0.0061       -0.0121
       0.1994       -0.3018        0.0945
       0.0337        0.0644       -0.0962
       0.0264        0.0995       -0.0104
      -0.0857        0.2427       -0.0490
       0.0111       -0.0154       -0.0473
       0.0071       -0.0025       -0.0039
       0.0279        0.1141       -0.0134
      -0.0962        0.0581       -0.0161
       0.0026        0.0243        0.0133
      -0.0333        0.0094        0.0005
      -0.0028       -0.0065       -0.0091
      -0.2996        0.1528       -0.2231
      -0.1484        0.3575       -0.1180
      -0.1562        0.3540        0.0859
       0.1697       -0.0467        0.1585
      -0.1083        0.0800        0.2051
      -0.0146        0.0059        0.0144

1480.6968743701732
      -0.0608        0.0775       -0.0138
       0.0816       -0.0993        0.0206
       0.1563        0.0053        0.0320
      -0.0592        0.0834        0.0255
       0.0179       -0.0124        0.0118
       0.0741       -0.0729        0.0662
       0.0636        0.0994        0.1684
      -0.0578        0.0212       -0.0110
      -0.0419       -0.0023        0.0059
       0.0781       -0.0428       -0.0556
       0.0318       -0.0498        0.0195
      -0.0315       -0.0119       -0.0014
      -0.0729        0.0049       -0.0082
       0.0029        0.0185        0.0100
      -0.0438        0.0430       -0.0416
      -0.0196       -0.0348       -0.0408
      -0.0336        0.0758       -0.1625
      -0.0849        0.0375       -0.1553
      -0.1504        0.1716        0.0521
      -0.4030        0.1562       -0.3566
      -0.0667       -0.4940       -0.3603
      -0.0870        0.0408        0.1407

1487.5172335595887
       0.1551       -0.3640        0.0621
      -0.0875        0.3094       -0.0497
      -0.4112       -0.3328        0.0460
      -0.0073        0.0317        0.0382
       0.0491        0.0022        0.0133
      -0.0782        0.0288       -0.0135
       0.1996        0.1435        0.0059
       0.0853        0.0661       -0.0051
      -0.0191        0.1904       -0.0262
       0.0309       -0.0155       -0.0524
       0.0023       -0.0123       -0.0005
       0.1279        0.1755       -0.0147
       0.1201        0.0525        0.0019
       0.0224       -0.0104        0.0929
      -0.1214        0.1020       -0.0794
      -0.1091       -0.1069       -0.0905
       0.1913       -0.0728        0.0094
       0.0912       -0.1862        0.1005
       0.1630       -0.0574       -0.0346
      -0.1058        0.0493       -0.0611
      -0.0853       -0.1826       -0.0160
      -0.0430        0.0137        0.0530

1488.6676496325347
       0.0364       -0.0894        0.0151
      -0.0175        0.0741       -0.0116
      -0.0988       -0.0876        0.0143
      -0.0762       -0.0405        0.0002
      -0.1328       -0.0872       -0.0528
      -0.0120       -0.0026        0.0023
       0.0647        0.0454        0.0115
       0.0189        0.0187       -0.0023
      -0.0067        0.0486       -0.0062
       0.0107       -0.0036       -0.0101
       0.0135        0.0112       -0.0004
       0.0311        0.0447       -0.0037
       0.0269        0.0138        0.0001
      -0.0969        0.3342       -0.2949
       0.1930       -0.3124        0.3155
       0.5256        0.3800        0.1847
       0.0396       -0.0096       -0.0140
       0.0153       -0.0380        0.0140
       0.0290        0.0056       -0.0037
      -0.0601        0.0230       -0.0412
      -0.0318       -0.0875       -0.0249
       0.0044        0.0124        0.0110

1503.9520601352374
       0.0189       -0.0348        0.0061
      -0.0140        0.0354       -0.0061
      -0.0533       -0.0361        0.0066
      -0.0173       -0.0118        0.0901
      -0.0484        0.1547       -0.1317
       0.0022       -0.0144        0.0141
       0.0836        0.0039        0.0080
       0.0093        0.0047       -0.0005
       0.0064        0.0091        0.0029
      -0.0502        0.0327        0.0467
      -0.0227        0.0504       -0.0448
       0.0133        0.0155       -0.0012
       0.0180        0.0035        0.0009
       0.0454       -0.5708       -0.1036
       0.5042       -0.1793        0.0045
      -0.2576        0.0837        0.4000
       0.0134        0.0161       -0.0539
      -0.0054       -0.0210       -0.0191
      -0.0098        0.0539        0.0090
      -0.0440        0.0284       -0.0796
      -0.0588       -0.0905        0.0307
       0.0983       -0.0474       -0.1483

1522.1339453575167
       0.0205        0.1406       -0.0171
      -0.0294       -0.0227        0.0012
      -0.3211        0.2306       -0.0548
       0.0468       -0.0399       -0.0542
       0.0006       -0.0080        0.0188
      -0.0814       -0.0584        0.0597
       0.0826       -0.0303       -0.0113
       0.1832       -0.1501        0.0329
       0.0503       -0.1775        0.0602
      -0.0520        0.0330        0.0551
      -0.0119        0.0097        0.0040
      -0.0280       -0.1090        0.0136
       0.0623       -0.0404        0.0050
      -0.0031        0.0424        0.0210
      -0.0460        0.0139        0.0072
       0.0175       -0.0105       -0.0367
       0.0112        0.1908       -0.4891
       0.1067       -0.2665        0.1093
       0.1691        0.4936        0.0275
      -0.0533       -0.0283        0.0274
       0.0626        0.0651        0.0172
       0.0429       -0.0227       -0.0718

1527.91994382896
      -0.1631        0.0930       -0.0243
       0.3516       -0.2052        0.0569
       0.2794       -0.2403        0.0442
      -0.0216        0.0091        0.0537
       0.0004        0.0051       -0.0156
      -0.0716        0.0302        0.0391
      -0.0882        0.0307       -0.0195
      -0.0904        0.0977       -0.0192
      -0.3206        0.2295       -0.0522
       0.0369       -0.0264       -0.0504
      -0.0046        0.0100       -0.0119
      -0.0562        0.0465       -0.0128
      -0.2390        0.0753       -0.0310
       0.0021       -0.0198       -0.0093
       0.0227       -0.0106        0.0007
      -0.0071        0.0085        0.0208
       0.2468       -0.0046       -0.1729
       0.1596       -0.4000        0.1168
       0.2473        0.0409       -0.0305
       0.1328        0.0056        0.0402
      -0.0495        0.0338        0.0543
      -0.0372        0.0212        0.0606

1533.5799023311727
      -0.0424        0.1125       -0.0188
       0.0962       -0.0976        0.0234
      -0.0816        0.0058       -0.0001
      -0.0237        0.0171        0.0444
       0.0017        0.0054       -0.0130
      -0.0409       -0.0900       -0.1377
       0.0450        0.0350        0.0333
       0.0630       -0.0410        0.0099
      -0.0579        0.0166       -0.0533
       0.0322       -0.0223       -0.0390
      -0.0004       -0.0015       -0.0104
      -0.0346       -0.0442        0.0038
      -0.0514       -0.0016       -0.0049
       0.0027       -0.0217       -0.0072
       0.0198       -0.0051       -0.0047
      -0.0117        0.0035        0.0161
      -0.4043        0.0364        0.1790
       0.1897        0.3420        0.5609
       0.4450       -0.0228       -0.0859
      -0.0892        0.0256       -0.0538
      -0.0179       -0.1053       -0.0644
      -0.0283        0.0137        0.0460

1552.9149733129848
       0.0404       -0.0498        0.0106
      -0.0977        0.0695       -0.0177
      -0.0126        0.1152       -0.0106
      -0.2040        0.1531        0.3319
       0.0176        0.0115       -0.0784
      -0.0179        0.0177        0.0027
      -0.1488        0.0254        0.0128
       0.0087       -0.0192        0.0027
       0.0491       -0.1016        0.0262
       0.3187       -0.2316       -0.3607
       0.0142       -0.0029       -0.0456
       0.0194       -0.0017        0.0026
       0.0700       -0.0179        0.0055
       0.0112       -0.0777       -0.0550
       0.0883       -0.0251       -0.0280
      -0.0410        0.0260        0.0824
       0.0001        0.0256       -0.0536
       0.0104       -0.0418       -0.0017
      -0.0017        0.0528        0.0041
      -0.0062       -0.0909        0.2356
       0.1303        0.1629       -0.0951
      -0.2813        0.1296        0.4550

1563.3308671967216
      -0.0866        0.3596       -0.0572
       0.1745       -0.3145        0.0571
      -0.5193       -0.0752       -0.0156
      -0.0349        0.0272        0.0481
       0.0044        0.0022       -0.0126
      -0.0056       -0.0167        0.0189
       0.1259        0.0590       -0.0124
       0.2768       -0.1605        0.0430
       0.0982        0.2714       -0.0357
       0.0446       -0.0324       -0.0562
       0.0052       -0.0043       -0.0039
      -0.1015       -0.1659        0.0167
      -0.1775       -0.0163       -0.0076
       0.0022       -0.0115       -0.0079
       0.0113       -0.0044       -0.0020
      -0.0076        0.0040        0.0139
       0.1539       -0.1225        0.1428
      -0.1136        0.0501       -0.1710
      -0.1329       -0.1702        0.0067
      -0.0346       -0.0157        0.0539
       0.0346        0.0205        0.0041
      -0.0402        0.0130        0.0579

1736.737163506214
       0.0013       -0.0040        0.0003
      -0.0098       -0.0003       -0.0008
      -0.0008        0.0064        0.0063
      -0.3400        0.6144       -0.3927
       0.0205       -0.0455        0.0506
      -0.0177        0.0070       -0.0021
       0.0013        0.0137       -0.0329
       0.0029       -0.0016        0.0009
       0.0037       -0.0028        0.0003
       0.0467       -0.0741        0.0493
       0.2213       -0.4132        0.2711
       0.0006       -0.0019        0.0000
       0.0002       -0.0015       -0.0006
      -0.0052       -0.0188       -0.0544
       0.0379        0.0092       -0.0305
      -0.0275        0.0033        0.0848
       0.0081       -0.0015       -0.0025
       0.0198       -0.0181        0.0200
       0.0244       -0.0007       -0.0041
       0.0060       -0.0294        0.0636
      -0.0177        0.0309        0.0352
       0.0645       -0.0751       -0.0977

3050.3777504992117
      -0.0000       -0.0019        0.0005
      -0.0025        0.0032       -0.0005
      -0.0002        0.0043       -0.0008
      -0.0013        0.0024       -0.0011
       0.0000       -0.0013        0.0031
       0.0949       -0.0993        0.1073
      -0.0021       -0.0006       -0.0026
       0.0018       -0.0002        0.0003
       0.0018       -0.0043       -0.0006
       0.0002       -0.0005       -0.0004
       0.0010       -0.0010        0.0003
       0.0013       -0.0005       -0.0000
      -0.0014       -0.0067        0.0011
       0.0085        0.0007       -0.0009
      -0.0024       -0.0070       -0.0043
      -0.0056        0.0099       -0.0038
       0.1408        0.3997        0.1783
      -0.3700       -0.1110        0.1999
      -0.1029        0.0580       -0.7446
      -0.0016        0.0082        0.0035
       0.0081       -0.0059        0.0071
       0.0007       -0.0004        0.0000

3059.054876036738
       0.0001        0.0000        0.0000
       0.0000        0.0000        0.0000
      -0.0002        0.0001       -0.0001
      -0.0027        0.0001        0.0079
       0.0247        0.0321       -0.1671
       0.0013       -0.0019        0.0023
       0.0010       -0.0001        0.0006
       0.0000       -0.0000        0.0000
       0.0001       -0.0001       -0.0000
       0.0003       -0.0005        0.0003
       0.0006       -0.0006       -0.0003
      -0.0001        0.0000       -0.0000
       0.0000       -0.0000        0.0000
      -0.5262       -0.0512        0.0538
       0.1620        0.4473        0.2830
       0.2848       -0.5036        0.2156
       0.0025        0.0069        0.0030
      -0.0051       -0.0017        0.0028
      -0.0019        0.0011       -0.0138
       0.0004       -0.0023       -0.0016
      -0.0020        0.0013       -0.0011
      -0.0013        0.0021       -0.0020

3104.5974611330575
      -0.0004       -0.0005        0.0001
      -0.0001        0.0005       -0.0001
       0.0037       -0.0010        0.0005
      -0.0031        0.0030        0.0011
       0.0009       -0.0024       -0.0011
       0.0028        0.0030       -0.0069
      -0.0805       -0.1465       -0.1692
       0.0013        0.0005        0.0002
      -0.0001        0.0010       -0.0003
       0.0023        0.0004       -0.0026
       0.0002       -0.0006        0.0012
      -0.0011        0.0000       -0.0005
      -0.0007       -0.0012       -0.0003
      -0.0041       -0.0005        0.0004
       0.0022        0.0054        0.0032
      -0.0014        0.0025       -0.0012
      -0.0013       -0.0047       -0.0023
      -0.0102       -0.0020        0.0054
       0.0030       -0.0020        0.0211
      -0.0918        0.7509        0.3367
       0.3567       -0.2579        0.2514
      -0.0004        0.0008       -0.0026

3138.5906831708157
       0.0002       -0.0004        0.0000
      -0.0009       -0.0029       -0.0002
       0.0004       -0.0004        0.0001
       0.0009       -0.0015        0.0006
      -0.0024        0.0020       -0.0001
      -0.0070        0.1292        0.2769
       0.0024       -0.0068       -0.0012
       0.0003       -0.0001        0.0002
       0.0026       -0.0012       -0.0008
      -0.0003        0.0004        0.0002
      -0.0009        0.0005       -0.0001
      -0.0024        0.0006        0.0002
       0.0020        0.0074       -0.0002
       0.0061        0.0007       -0.0007
      -0.0009       -0.0021       -0.0016
       0.0028       -0.0049        0.0019
      -0.2124       -0.5850       -0.2363
       0.3022        0.0980       -0.1417
      -0.0732        0.0533       -0.5774
      -0.0023        0.0190        0.0086
      -0.0058        0.0028       -0.0040
      -0.0002        0.0003       -0.0002

3151.381720827307
      -0.0000        0.0001       -0.0000
       0.0001       -0.0001        0.0000
       0.0001       -0.0001       -0.0000
       0.0028       -0.0055       -0.0031
      -0.0158       -0.3041       -0.0469
       0.0032        0.0035        0.0003
      -0.0020        0.0040        0.0008
      -0.0001        0.0000       -0.0000
      -0.0001        0.0000        0.0000
      -0.0016        0.0020       -0.0005
      -0.0008        0.0018       -0.0000
      -0.0000        0.0000        0.0000
       0.0001        0.0003       -0.0000
       0.1055       -0.0063       -0.0161
       0.2197        0.5972        0.3948
      -0.2702        0.4647       -0.2086
      -0.0037       -0.0102       -0.0044
      -0.0070       -0.0020        0.0036
      -0.0000        0.0002       -0.0003
       0.0011       -0.0103       -0.0047
       0.0042       -0.0028        0.0025
       0.0004       -0.0024        0.0040

3153.820230253499
       0.0000       -0.0000        0.0000
      -0.0000        0.0001        0.0000
      -0.0001        0.0000       -0.0000
      -0.0050        0.0025        0.0016
      -0.3003        0.0289       -0.0575
      -0.0032       -0.0037       -0.0010
       0.0021       -0.0036       -0.0000
       0.0000       -0.0000        0.0000
       0.0000       -0.0000       -0.0000
       0.0009       -0.0018        0.0001
       0.0014       -0.0009        0.0002
       0.0001       -0.0000       -0.0000
      -0.0001       -0.0002       -0.0000
       0.7859        0.0802       -0.0952
       0.0554        0.2017        0.1280
       0.2033       -0.3798        0.1625
       0.0041        0.0114        0.0048
       0.0065        0.0018       -0.0035
       0.0002       -0.0004        0.0021
      -0.0008        0.0077        0.0035
      -0.0058        0.0039       -0.0036
      -0.0003        0.0011       -0.0034

3171.2287575185665
      -0.0000       -0.0006        0.0003
       0.0015        0.0025        0.0004
      -0.0008       -0.0009       -0.0009
       0.0028       -0.0052        0.0015
       0.0048       -0.0056        0.0004
      -0.2052       -0.1657        0.0682
       0.0882       -0.1203        0.0272
       0.0001        0.0004        0.0003
       0.0011       -0.0005       -0.0006
      -0.0020        0.0023        0.0007
      -0.0018        0.0017       -0.0010
       0.0010       -0.0003        0.0000
      -0.0028       -0.0085        0.0006
      -0.0113       -0.0014        0.0015
       0.0025        0.0063        0.0043
      -0.0089        0.0159       -0.0074
       0.1427        0.4018        0.1758
       0.5807        0.1732       -0.3066
      -0.0201        0.0004       -0.1069
      -0.0255        0.2264        0.1029
      -0.2773        0.1947       -0.1975
       0.0041       -0.0029        0.0014

3175.7240741496253
       0.0001       -0.0001        0.0002
      -0.0005       -0.0008       -0.0002
      -0.0002       -0.0046        0.0004
      -0.0006       -0.0004        0.0005
       0.0012       -0.0012        0.0003
       0.1156        0.0893       -0.0434
       0.1592       -0.2092        0.0548
      -0.0008        0.0004        0.0000
       0.0002        0.0010       -0.0001
      -0.0019        0.0020       -0.0005
       0.0013       -0.0002       -0.0016
      -0.0033        0.0009       -0.0003
       0.0017        0.0054       -0.0006
      -0.0023       -0.0004        0.0002
       0.0004        0.0011        0.0008
      -0.0019        0.0030       -0.0008
      -0.0753       -0.2105       -0.0924
      -0.3350       -0.1007        0.1757
       0.0121       -0.0007        0.0669
      -0.0426        0.3792        0.1711
      -0.5076        0.3561       -0.3586
       0.0094       -0.0068        0.0029

3251.575925162557
      -0.2543        0.0583       -0.0265
       0.0563        0.1103       -0.0124
       0.0048       -0.0043        0.0009
       0.0002       -0.0003       -0.0000
       0.0000        0.0000       -0.0000
       0.0014        0.0029        0.0006
       0.0004       -0.0004        0.0001
       0.0002        0.0011       -0.0002
       0.0002        0.0007       -0.0001
      -0.0002        0.0001        0.0001
      -0.0001        0.0001       -0.0000
       0.8314       -0.1828        0.0854
      -0.1676       -0.3918        0.0463
      -0.0001       -0.0000        0.0000
       0.0000        0.0001        0.0001
       0.0000       -0.0001        0.0000
      -0.0024       -0.0083       -0.0036
      -0.0012       -0.0012        0.0009
       0.0005       -0.0004        0.0007
       0.0001        0.0012        0.0006
      -0.0017        0.0007       -0.0009
       0.0002        0.0000       -0.0002

3278.721332962072
       0.1360       -0.0470        0.0164
       0.0955        0.2545       -0.0309
      -0.0046       -0.0038        0.0001
      -0.0001        0.0000        0.0001
      -0.0000       -0.0000       -0.0000
       0.0020        0.0035        0.0004
       0.0003        0.0006        0.0004
      -0.0042       -0.0027        0.0000
      -0.0113       -0.0012       -0.0005
       0.0000       -0.0001       -0.0001
       0.0000        0.0000       -0.0000
      -0.4092        0.0949       -0.0428
      -0.3218       -0.7831        0.0935
       0.0000        0.0000       -0.0000
       0.0000        0.0000        0.0000
      -0.0000        0.0000       -0.0000
      -0.0024       -0.0102       -0.0041
      -0.0009       -0.0022        0.0013
       0.0012       -0.0005        0.0017
       0.0003       -0.0016       -0.0007
      -0.0003        0.0000       -0.0002
      -0.0002        0.0001        0.0000

3619.43000038201
      -0.0001       -0.0000       -0.0000
       0.0001        0.0000       -0.0000
       0.0001       -0.0001        0.0001
       0.0019       -0.0021       -0.0060
      -0.0005        0.0016       -0.0001
      -0.0002       -0.0001        0.0001
      -0.0039        0.0007        0.0030
       0.0001        0.0002        0.0000
      -0.0001        0.0001       -0.0000
      -0.1354        0.1728       -0.1488
       0.0021       -0.0035        0.0017
      -0.0001       -0.0000        0.0000
      -0.0001       -0.0000        0.0000
       0.0005       -0.0003       -0.0002
      -0.0003       -0.0007       -0.0002
       0.0038       -0.0052        0.0011
      -0.0000        0.0000       -0.0001
       0.0010        0.0003       -0.0007
      -0.0001        0.0000        0.0001
       0.0015       -0.0030       -0.0032
       0.0062       -0.0060        0.0081
       0.4933       -0.6163        0.5534

