JOB 0
COORDS -4.1013344262e-01 -2.1179934821e+00 -2.0487210959e+00 -3.9651544824e-02  7.0910795934e-01 -1.2625604039e+00 -8.2551064831e-01  2.7087402207e-01 -3.1532149276e-02  4.7393493236e-01 -4.0458701148e-01 -3.6650246030e-01 -2.6197562189e+00 -2.5948135986e+00 -2.7506476524e+00  4.8383083331e-01 -1.8558752120e+00 -8.5855466157e-01  1.6024024718e+00 -1.7934101165e-01  5.2412194675e-01 -5.5948010923e-02 -2.0917255221e+00 -3.2122828179e+00 -1.6894478761e+00 -2.3720842111e+00 -1.6706111328e+00 -4.3806361106e-01  4.6777878348e-01 -2.2435544416e+00  4.8253699025e-01  1.6609459530e+00 -1.2137247382e+00 -8.4164686374e-01  9.3717184257e-01  8.2783256057e-01 -1.7444337532e+00 -2.8563435613e-01 -1.8457298994e-01 -3.5814460278e+00 -2.7817811197e+00 -2.2729690362e+00 -2.3109513451e+00 -3.4561614151e+00 -3.3473429385e+00 -2.6736315070e+00 -1.7140357097e+00 -3.3951420258e+00  2.1050256240e-01 -2.5091634383e+00 -2.5822504074e-02  1.5003496555e+00 -2.1034600961e+00 -1.1755655889e+00  1.4620585083e+00  6.7026648925e-01  1.0666047267e+00  2.4509271125e+00 -4.2986084897e-02 -2.5101521579e-02
ENERGY -4.405162981168e+02
GRADIENT  9.0360960124e-04  2.3967856587e-04 -7.1120262631e-04 -6.7353948924e-05  1.5211168491e-06 -8.9352506060e-05  5.8099882155e-05 -2.5772534442e-05 -2.2665627810e-05 -4.6513122848e-04 -2.4936400773e-04  9.7873940801e-04  3.6816954736e-06 -8.4977941834e-06  3.8498500428e-06 -1.0667664391e-03 -2.4712488400e-04  7.2300236245e-04  6.6790783914e-04  2.9271464953e-04 -9.4950835946e-04 -3.4085985930e-06 -2.2095945385e-06  8.9238003880e-06 -1.1260171428e-05  9.7642919182e-06  5.9743216163e-08  3.0366629587e-05 -4.2204473760e-06 -3.9162532433e-06  1.0681080389e-05 -9.1397832326e-06  5.4200137620e-05 -2.3884289103e-05  1.6195548139e-05 -6.0227677010e-06 -1.2274854611e-05  1.2901734163e-05  2.9276309664e-05 -1.3698668276e-06 -8.9353545914e-08  1.8971517596e-06  9.1262474520e-07  3.2633889885e-06  2.9227797522e-06 -2.9019553720e-06  2.7651332080e-06  4.4923276788e-06  4.5056947981e-06  4.1533247131e-06  5.4976149996e-06  2.6016843996e-06 -3.0631406497e-06 -9.7866917483e-07 -5.8684131805e-06 -1.2268243643e-05  1.1235226601e-05 -1.3859593815e-06  5.0972543362e-06  5.0137275322e-06

JOB 1
COORDS -3.7296329342e-01 -2.1624314064e+00 -1.9883220926e+00 -2.2007895685e-01  6.4892974981e-01 -1.1965182200e+00 -7.9988730000e-01  2.6085630458e-01  1.5691246364e-01  4.5484427412e-01 -4.0504283926e-01 -3.3134290853e-01 -2.5487017286e+00 -2.4732405698e+00 -2.8697088631e+00  4.2535508673e-01 -1.8865233235e+00 -7.3577569666e-01  1.6987582321e+00 -9.5972138690e-02  3.5758900820e-01  8.7488531779e-02 -2.2602002545e+00 -3.1093988867e+00 -1.7014275755e+00 -2.2640630666e+00 -1.7210884960e+00 -7.6308873359e-01  3.5370938936e-01 -2.0894437479e+00  2.8088317219e-01  1.6099798525e+00 -1.2764480033e+00 -7.1532439735e-01  9.7004404264e-01  9.7715603335e-01 -1.7129066788e+00 -3.2666895796e-01  1.6058479327e-01 -3.5646675661e+00 -2.5219459574e+00 -2.4779669724e+00 -2.2839298688e+00 -3.4057714296e+00 -3.3733507974e+00 -2.4466051546e+00 -1.6447478768e+00 -3.5749593020e+00  4.8608378851e-02 -2.4846229607e+00  9.8450962511e-02  1.4491065625e+00 -2.2010959514e+00 -9.4812703945e-01  1.6210714977e+00  7.9265734515e-01  8.4807354907e-01  2.4495832411e+00  7.5774600914e-03 -3.2497455967e-01
ENERGY -4.405151197490e+02
GRADIENT  1.8861775713e-03  2.9650354174e-04 -1.2093173472e-03 -8.3557409405e-05 -2.3920452420e-05 -2.8328662044e-05  5.0811326710e-05 -1.1839091446e-05 -3.0743336524e-05 -4.8567535764e-04 -5.4341519468e-04  2.1636427488e-03 -5.9612370140e-06  1.1708745430e-06 -9.1348529621e-06 -2.2899742199e-03 -2.4765082177e-04  1.0491935418e-03  9.2265638947e-04  5.3174730933e-04 -2.0050911372e-03 -7.2023910670e-05 -2.6101481738e-05 -5.6208711434e-05  2.8610508878e-05  1.4501444287e-05  3.2985419260e-06  2.5622187235e-05 -1.2853969790e-05 -1.5467728149e-05  1.7731702375e-05 -6.6942363779e-06  4.4915661121e-05 -3.5468352349e-05  5.8172540024e-06  8.3228021932e-06 -1.0354841564e-05  9.4964455823e-06  2.7780930549e-05 -4.5742719373e-06  3.4123745803e-06  4.1704877822e-07 -6.8329543541e-06  2.1473788974e-06 -1.9385010888e-07 -5.6261494269e-06  2.2852209040e-06 -3.0043880197e-08 -1.7827439907e-05 -6.0306394915e-06  1.5116005500e-05 -2.8759057507e-05  1.7112485828e-05  7.5098190903e-06  7.6009349916e-06 -2.7439401466e-06  1.7138629311e-05  3.4968315891e-06  6.0255708625e-06  6.6157847339e-06

JOB 2
COORDS -3.8333836414e-01 -2.1834240326e+00 -1.9355022586e+00 -3.5031219473e-01  6.2159211144e-01 -1.1105121458e+00 -7.2930777786e-01  3.1358890376e-01  3.3031664911e-01  4.2831032332e-01 -4.0686315522e-01 -3.0180593117e-01 -2.4705131334e+00 -2.5072301007e+00 -3.0046321862e+00  3.0151986337e-01 -1.9086920456e+00 -6.1729294520e-01  1.7629938480e+00 -9.0118477968e-02  1.8619170005e-01  1.7389946868e-01 -2.2642552531e+00 -3.0132121139e+00 -1.7287679233e+00 -2.2989508649e+00 -1.7848764441e+00 -1.0296783958e+00  2.9716912354e-01 -1.8928546035e+00  1.4992028390e-01  1.5645398575e+00 -1.3144058061e+00 -5.1396321946e-01  1.0575824705e+00  1.0939102440e+00 -1.6422007574e+00 -2.5092672681e-01  4.9772821727e-01 -3.5160099368e+00 -2.5709782864e+00 -2.7032489933e+00 -2.1515558242e+00 -3.4320590326e+00 -3.4907775444e+00 -2.3169723421e+00 -1.6715134960e+00 -3.6918493948e+00 -2.1724013921e-01 -2.4224739267e+00  1.9574048205e-01  1.3086807724e+00 -2.3214434856e+00 -6.9382555512e-01  1.7762496790e+00  8.4361985785e-01  5.9240474545e-01  2.4146108804e+00 -7.6668883585e-02 -5.9901806622e-01
ENERGY -4.405137305798e+02
GRADIENT  1.2346052646e-03  1.3740270103e-05 -6.3637034208e-04  6.0466547989e-05  5.5440545870e-05 -1.5537800413e-05 -4.1462150998e-05 -6.5912640139e-05 -3.4349492812e-05 -1.2741225215e-04 -3.2503807643e-04  1.6021230037e-03  5.4061323201e-06 -1.5153011440e-06 -5.1933289951e-06 -1.5545105113e-03  7.0809557344e-05  4.0486525489e-04  4.3622579690e-04  2.3143019642e-04 -1.3313591190e-03  8.4103458331e-06  2.4672414375e-05 -3.4016417084e-05  3.9044166860e-05 -3.6159062783e-06  1.2076293914e-05 -1.2110319151e-05 -1.0563407255e-05  2.2023685628e-05 -2.3895193346e-05  1.3668960914e-05 -2.8400271793e-06  2.9569788906e-05  1.5181313159e-06 -3.1778838146e-06  1.7296078651e-06  1.0740957152e-05  3.4513049281e-05  1.0241358129e-05 -4.0879615135e-06  7.0688070247e-06  1.1866767142e-05  3.5035591046e-06  1.7601249350e-07  3.0986493652e-06  2.6795385534e-06  4.3970076637e-06  5.0598304994e-06  8.0919093222e-06  2.0927789603e-05 -1.1633873968e-05 -1.1816378955e-05 -5.3301583208e-06  4.4875187335e-06  1.1264191438e-05 -6.4416847085e-06  1.6290840987e-05  1.4005159364e-05 -3.0239348937e-06

JOB 3
COORDS -3.9905249212e-01 -2.1530547233e+00 -1.9290464685e+00 -4.8163326706e-01  6.3663205734e-01 -9.9298283899e-01 -6.1510149095e-01  3.7721806171e-01  4.9996323866e-01  4.0215545375e-01 -3.9001143428e-01 -3.0050335140e-01 -2.3797096675e+00 -2.5491912385e+00 -3.1611505241e+00  1.7657294497e-01 -1.8918294871e+00 -5.5609621282e-01  1.8041681738e+00 -1.0138258192e-01 -3.1884279527e-02  2.3824633882e-01 -2.1573093435e+00 -2.9654116613e+00 -1.7420363645e+00 -2.3473757040e+00 -1.8824201750e+00 -1.2896298977e+00  3.0130875879e-01 -1.6368682990e+00 -8.8675830339e-03  1.5624139735e+00 -1.3098089195e+00 -2.5221752710e-01  1.1346922220e+00  1.1909389746e+00 -1.4988818613e+00 -1.5360474755e-01  8.4249388561e-01 -3.4393025820e+00 -2.6795066047e+00 -2.9414044513e+00 -1.9750753794e+00 -3.4372225777e+00 -3.6520932475e+00 -2.2224047927e+00 -1.6815143645e+00 -3.8064548505e+00 -4.7400450855e-01 -2.3215460242e+00  2.0843106199e-01  1.1452903250e+00 -2.3911020016e+00 -5.0209558384e-01  1.9078786529e+00  8.6398318678e-01  2.7665815952e-01  2.3336939437e+00 -1.8456273449e-01 -9.0104057895e-01
ENERGY -4.405136193486e+02
GRADIENT -1.1111804017e-03  1.1847569346e-04  4.8366525821e-04  5.0351390492e-05  1.3938507077e-06  3.3210725196e-05 -6.3861746249e-05 -1.2892999800e-05  4.6527810379e-06 -1.3122698563e-04  2.8068455322e-04 -1.4306861342e-03 -1.2223017185e-05 -2.6422985141e-06  4.1863089161e-07  1.3966763585e-03 -1.9357503891e-04 -2.1962277036e-04 -2.1066287374e-04 -1.8194427888e-04  1.2357171266e-03 -1.1730068404e-05 -2.1393261947e-05 -2.1454399447e-05  2.5083474890e-05  7.0003818177e-06 -7.2711453482e-06  3.5814925130e-06 -5.7572457332e-06 -2.8990665561e-06 -2.6737477079e-05  7.6761427297e-06 -1.9720480725e-05  2.3206088469e-05 -1.4866583562e-06 -1.1847841692e-05 -2.9926004284e-06  7.4028729403e-06  4.4634137152e-06 -7.9688807290e-06  2.1699971064e-06 -4.5300167179e-06 -7.7962207971e-06  2.8689608787e-06  2.8768755904e-08 -4.8840566009e-06  9.0438265841e-07  1.5852019002e-06  3.0219514301e-06 -9.5620310435e-06  9.4307796102e-06  1.3271200551e-06  4.8530100218e-06 -9.0022206422e-07  2.8780883603e-06  8.6710620512e-06 -1.8561776923e-05 -2.7266702491e-06 -1.7782897818e-05  1.8088812189e-06

JOB 4
COORDS -3.9312726550e-01 -2.1142549524e+00 -1.8813579580e+00 -5.5067716517e-01  6.8280422699e-01 -8.4200240718e-01 -4.6234150039e-01  4.6156864797e-01  6.6169366838e-01  3.8854395238e-01 -3.6382309956e-01 -2.6552890045e-01 -2.2110320063e+00 -2.6777763546e+00 -3.2839837190e+00  5.0717069820e-02 -1.8475386423e+00 -4.6008822239e-01  1.8265173876e+00 -1.4366496725e-01 -2.0470687831e-01  3.2241305194e-01 -2.0135078591e+00 -2.8615598125e+00 -1.7057960004e+00 -2.4465941319e+00 -1.9515915042e+00 -1.4566454139e+00  3.5967914094e-01 -1.3485102900e+00 -1.0170414162e-01  1.5831198811e+00 -1.2525937361e+00  3.5216406552e-02  1.2177673700e+00  1.2644807396e+00 -1.3026346923e+00 -1.8147431993e-02  1.1556711108e+00 -3.2648975799e+00 -2.9250832197e+00 -3.1569617336e+00 -1.6744369714e+00 -3.5040104038e+00 -3.7559549126e+00 -2.0948108780e+00 -1.7800304528e+00 -3.8956598631e+00 -7.3162838835e-01 -2.1669675434e+00  2.3099478297e-01  9.5006422416e-01 -2.4337443014e+00 -2.5925123136e-01  2.0187467326e+00  8.3727858698e-01 -6.5992816987e-03  2.2247675151e+00 -3.3257755255e-01 -1.1265176598e+00
ENERGY -4.405153358913e+02
GRADIENT -3.4280955975e-03  6.7557302224e-04  1.0390449696e-03 -1.9643828132e-04  9.9827882868e-05 -2.9231355912e-04  3.1636142552e-04 -2.1283865741e-05 -2.5761277924e-04 -1.2951601484e-03  6.6092031437e-04 -4.0093912262e-03 -6.0927847218e-06 -3.3370014942e-06 -3.1825733446e-05  4.7231199971e-03 -1.0007567436e-03 -2.1534048436e-04 -7.4249318387e-05 -3.5042633200e-04  3.6127597501e-03 -5.0530160315e-05 -5.4592188297e-05 -1.5424047905e-04  1.4765943343e-04  4.1128158237e-05  4.4120456071e-05 -1.8716998597e-05  2.7387303882e-05  3.7450839232e-05  7.0711593465e-05 -2.6181892467e-05  4.8654262896e-05 -5.9135418822e-05 -1.8566708797e-05  8.8009223452e-05 -7.0840978864e-06 -1.8954973313e-05  4.9677537167e-06  8.6886835098e-06 -5.8898767797e-06  8.4772439994e-06  6.7325602956e-06 -6.2336054901e-06  7.8492514028e-06  5.4078041670e-06 -7.1212361943e-06  5.8708058730e-06 -5.8145566862e-05 -1.5828947656e-05  2.6942066956e-05 -4.4821123274e-05  4.6869252825e-07  6.2912915163e-05  1.0534846709e-05  1.6532262083e-05 -5.5717654754e-05 -1.2729595468e-05 -4.2167095740e-05  1.1024901447e-05

JOB 5
COORDS -4.5391189070e-01 -2.0866172865e+00 -1.9500040791e+00 -5.2077188062e-01  7.4912322868e-01 -6.9208146711e-01 -2.5714084173e-01  4.4707094445e-01  7.7756569337e-01  3.7996483431e-01 -4.0327926166e-01 -2.8997025255e-01 -1.9844129880e+00 -3.0540920267e+00 -3.4702417567e+00 -1.3709725625e-01 -1.8225264828e+00 -4.9248446479e-01  1.8275192202e+00 -3.3210216110e-01 -4.1449707321e-01  2.5547206090e-01 -1.7561986121e+00 -2.8839113229e+00 -1.6285836415e+00 -2.7424512404e+00 -2.1060890210e+00 -1.5101152942e+00  5.2930625148e-01 -1.0866041671e+00 -4.9837016718e-02  1.6262092402e+00 -1.1270802808e+00  3.8870262610e-01  1.1246437012e+00  1.3309317180e+00 -1.0659189503e+00  2.5426949558e-02  1.3678710772e+00 -2.9434723533e+00 -3.5683902681e+00 -3.4103789049e+00 -1.2277218562e+00 -3.6993154208e+00 -3.9226753914e+00 -2.0725518042e+00 -2.1381229412e+00 -4.0589007333e+00 -1.0320191362e+00 -2.0126454382e+00  1.0374126140e-01  6.3665114475e-01 -2.5279705105e+00 -1.7286698085e-01  2.1486774188e+00  6.1025441484e-01 -1.9846052592e-01  2.0730885643e+00 -5.0566621623e-01 -1.3910234283e+00
ENERGY -4.405180580639e+02
GRADIENT -3.7182325205e-03  1.2579066591e-03  5.4485440100e-04  4.7315472953e-05  1.4097477492e-04  1.4919459022e-05  8.0272649704e-05 -4.4441366759e-06 -3.6804443865e-05 -1.9720388936e-03  1.3453794596e-03 -5.4030663203e-03 -3.2821664881e-05  2.7794109132e-05 -2.8643799944e-05  5.2436259520e-03 -2.0205393050e-03  6.7530214895e-04  3.3669963249e-04 -6.4667729109e-04  4.0683491861e-03  1.3141662774e-06  5.2746169834e-06  8.2861656963e-06  2.1294777861e-05 -4.0877087528e-05  4.3890608255e-05 -5.0923539816e-06 -6.0223177587e-05  5.1939224850e-05 -1.5314196090e-05 -2.5859984902e-05 -4.0645418837e-05 -2.1742730420e-05 -2.8164180353e-05  5.6883153290e-05 -2.9529547803e-05  1.9598643659e-05 -1.5248467304e-05 -3.5932568734e-06  1.5671395785e-06  2.9516728386e-06 -3.4857862541e-06 -1.8220431939e-05  6.4995366580e-06  1.1948704301e-05 -1.1028249264e-05 -2.1032797815e-07  8.9076903140e-07 -1.3294882361e-05 -8.8775338382e-06  1.5264943032e-05  1.4983201945e-05 -1.5176192636e-05 -8.3469417210e-06 -3.0119449159e-05  4.0352214721e-06  2.1022303722e-05 -1.6306537435e-05  1.4976549256e-05

JOB 6
COORDS -6.3485526089e-01 -1.8548064174e+00 -1.9443569773e+00 -4.8054369162e-01  1.0367895345e+00 -4.6142420381e-01 -9.4554981517e-02  5.8576392336e-01  9.4186474825e-01  3.0405043012e-01 -2.4434998276e-01 -2.4914046339e-01 -1.8674907583e+00 -3.1490852197e+00 -3.4932383445e+00 -4.1600196793e-01 -1.5600893836e+00 -4.7323409034e-01  1.7207996554e+00 -3.3816924420e-01 -5.5951502962e-01 -4.4636450374e-03 -1.3664069186e+00 -2.8650967204e+00 -1.6234258908e+00 -2.7632126163e+00 -2.1239006955e+00 -1.5270797087e+00  9.7231804850e-01 -7.4934029179e-01  5.0688044461e-02  1.8826175792e+00 -8.8849876654e-01  6.9039396399e-01  1.1347765464e+00  1.4563174247e+00 -8.7756116479e-01  2.1640279069e-01  1.5984886734e+00 -2.6761771076e+00 -3.8784885669e+00 -3.4500343286e+00 -9.6979169929e-01 -3.5934843441e+00 -3.9294950489e+00 -2.1623231632e+00 -2.2806407427e+00 -4.0868266101e+00 -1.3874715287e+00 -1.5791544086e+00  2.8348535775e-02  1.8006979950e-01 -2.3780714731e+00 -5.2019644297e-02  2.2005219955e+00  5.0988377280e-01 -2.6429970694e-01  1.8221535559e+00 -4.0244985079e-01 -1.5731099689e+00
ENERGY -4.405202821599e+02
GRADIENT -1.6205820858e-03  9.5388096888e-04  4.4043176617e-05  4.5166736856e-05  7.1843990461e-05  5.7527724704e-06  6.2102119422e-05  1.0533377986e-05 -2.5904475014e-05 -1.2342998103e-03  1.0131728767e-03 -2.6647191560e-03  6.9320937102e-06  1.5169051180e-06  1.3538017117e-06  2.4882741158e-03 -1.4654243869e-03  5.9921087714e-04  3.6255973459e-04 -4.6577336971e-04  1.9132477111e-03 -2.0095968679e-05 -1.3358377594e-05  3.3303681362e-05 -5.3142517925e-05 -2.3389832540e-05 -4.2063530945e-06  3.7361145476e-06 -2.5964980989e-05  2.0663310827e-05  1.6404373467e-05 -1.9708025616e-05 -2.4126979586e-05 -6.8112283289e-06 -1.2646138948e-05  3.2939599919e-05 -1.3282577421e-05  1.9391019920e-05 -1.1680723542e-05  6.8647877095e-07  2.0549616083e-06 -7.0173635425e-06  1.8592468747e-06  1.4977673620e-06 -3.1390062532e-06  1.4847568176e-06 -2.2583214970e-07 -7.5817583387e-06  9.5712515153e-07 -1.4330888445e-05  7.3775213330e-06  8.1301499480e-06  9.9770975879e-06 -5.5494667990e-06  1.0728415295e-05 -3.4836181898e-05  1.5748972081e-05  1.2880738045e-05 -1.8683900944e-05  1.5942015382e-05

JOB 7
COORDS -7.9093334999e-01 -1.7671467021e+00 -1.9998473189e+00 -3.8619217337e-01  1.1689334401e+00 -3.1688300941e-01  7.1210698002e-02  5.4411562438e-01  9.9521020848e-01  2.4690072702e-01 -2.1198237413e-01 -2.9304614149e-01 -1.7703150277e+00 -3.2950331888e+00 -3.5167146841e+00 -6.5355992156e-01 -1.4064036773e+00 -5.3305378245e-01  1.5974814538e+00 -4.3458398653e-01 -7.7885962639e-01 -2.7587645396e-01 -1.1812428379e+00 -2.9350692501e+00 -1.5828208326e+00 -2.8549565672e+00 -2.1551744053e+00 -1.4542453263e+00  1.2591950922e+00 -4.9778625740e-01  2.0841189520e-01  1.9818143902e+00 -7.2396329654e-01  9.6370708985e-01  9.4694712291e-01  1.4677505266e+00 -6.8503933305e-01  2.0578690210e-01  1.6985587535e+00 -2.4220342230e+00 -4.1663188118e+00 -3.4532960222e+00 -8.1093845784e-01 -3.5630941694e+00 -3.9654050213e+00 -2.2370149939e+00 -2.5066807091e+00 -4.1119961680e+00 -1.6591908211e+00 -1.2355782560e+00 -1.3501684979e-01 -2.5560012702e-01 -2.2855651474e+00 -1.3331831333e-02  2.2228818140e+00  2.8463115296e-01 -4.2260990696e-01  1.5920730797e+00 -3.6233741397e-01 -1.7957160317e+00
ENERGY -4.405205633404e+02
GRADIENT  8.4717520417e-04 -6.7271989497e-04  7.9595981416e-05 -3.6151680462e-05  1.7890511427e-05 -3.8687684546e-05 -1.7159718414e-06 -1.7379019598e-06 -4.3920544952e-05  7.5167807083e-04 -8.7685909782e-04  1.5306243200e-03  6.4530035212e-06 -6.9949050052e-06 -7.2459038313e-06 -1.2838692852e-03  1.1319199181e-03 -5.5613086388e-04 -2.6976699356e-04  3.8748899957e-04 -9.8845892510e-04  1.1086868970e-05  3.8246520324e-06  1.1037461882e-05 -1.0753535633e-05 -4.3115512748e-06  2.2619462553e-06  1.3652496039e-06  1.4992050859e-05 -2.8115771524e-06  2.3707690327e-06  2.4565755070e-06  7.8243551844e-06 -2.5389416583e-06 -7.3730459057e-06  2.9519948217e-06 -4.5457169358e-06 -9.8939772119e-06 -7.4428866435e-07  4.6578271423e-06 -3.5182004653e-06 -3.6810366069e-06  6.0710556766e-06 -3.0498743417e-06  9.9854936674e-07  6.4817471755e-06 -4.0302764610e-06 -4.3234174068e-06  6.2631721890e-06 -1.6202577226e-05 -1.6771098130e-06 -1.0062051746e-05 -1.7835336623e-05  1.2556634656e-05 -4.9344394504e-06  2.1140795083e-05 -1.0748053432e-05 -3.4132754943e-06 -1.0823479658e-05 -4.4337100039e-07

JOB 8
COORDS -8.8420562233e-01 -1.7217421090e+00 -2.0560779474e+00 -3.0330921190e-01  1.2476012104e+00 -1.8770625225e-01  1.5539424424e-01  4.5169524763e-01  1.0273399256e+00  1.7742412618e-01 -1.8865729444e-01 -3.3206899758e-01 -1.5663783401e+00 -3.4552708366e+00 -3.5109675679e+00 -8.6079197959e-01 -1.2633233236e+00 -6.1107662360e-01  1.4640985015e+00 -4.8423440486e-01 -9.3669055080e-01 -4.7136402645e-01 -1.0924774550e+00 -3.0139537713e+00 -1.4644913784e+00 -2.9398304990e+00 -2.1669902504e+00 -1.3631966769e+00  1.4663408679e+00 -2.8791471741e-01  3.5394061325e-01  2.0312801681e+00 -5.5406991471e-01  1.1097715202e+00  7.1199522313e-01  1.4785737732e+00 -5.9444212982e-01  1.2170472501e-01  1.7416531239e+00 -2.0529422033e+00 -4.4256728252e+00 -3.4136367037e+00 -5.7280066381e-01 -3.5644600811e+00 -3.9516681050e+00 -2.1635186429e+00 -2.7845130542e+00 -4.1333354634e+00 -1.8678097409e+00 -9.1292498418e-01 -3.5951636080e-01 -6.6938225565e-01 -2.1450807774e+00  9.3824722549e-03  2.1851817840e+00  1.1586184362e-01 -5.4338865160e-01  1.4101963259e+00 -2.9520317278e-01 -1.9363008660e+00
ENERGY -4.405188435580e+02
GRADIENT  2.4177249269e-03 -2.5460993747e-03  7.3780267468e-04 -2.6637018151e-05  2.7455858243e-06 -4.3455038512e-05  1.6235767562e-05 -2.8566809418e-06 -2.9509913093e-05  2.3853266347e-03 -3.5120615054e-03  4.6669544586e-03  8.5740637702e-06 -5.6230478993e-06 -8.9341354061e-06 -3.7560310702e-03  4.2435624005e-03 -2.2667073933e-03 -1.0110328841e-03  1.7722871224e-03 -3.1055002116e-03  1.7178154134e-05  5.0996488851e-06  2.3345734395e-05 -4.8866879046e-06 -1.0186380388e-05  2.1266485042e-05  6.7543941924e-06  1.8277539196e-05  1.0421977052e-05 -6.9258776510e-07  9.3273223451e-06  7.1573692685e-06  7.3174962056e-06 -4.0174802594e-06 -6.2321233152e-06  2.1424339944e-06 -1.4360856211e-05 -5.2149782313e-06  5.2683100284e-06 -1.8772457997e-06  3.4397775364e-06  3.1403525732e-06  1.5563992105e-07  2.5412810472e-07  2.3534848864e-06 -2.4469022455e-06  1.9738912403e-06  1.9810017155e-05 -2.4712651575e-06  8.7564895991e-06 -7.7142538265e-06 -2.3173293231e-05  2.4797424330e-06  3.5982627907e-06  2.2645020009e-05 -1.0806235877e-05 -9.6935677368e-07 -6.8711538055e-06 -6.7543509512e-06

JOB 9
COORDS -9.9439422284e-01 -1.6738702810e+00 -2.1210895115e+00 -1.8433320397e-01  1.2743602202e+00 -6.5582609560e-02  2.5917338413e-01  3.0038227570e-01  1.0179363709e+00  1.2638965070e-01 -1.7793511007e-01 -4.0004739780e-01 -1.3823740514e+00 -3.5835857391e+00 -3.4542798786e+00 -1.0455950557e+00 -1.1094097643e+00 -7.1578545869e-01  1.3366134809e+00 -5.2126117884e-01 -1.1255575263e+00 -6.9452776242e-01 -1.0468689170e+00 -3.1222253382e+00 -1.3671858777e+00 -2.9736351512e+00 -2.1465405598e+00 -1.2184744828e+00  1.6088223572e+00 -6.0532673449e-02  5.3032598614e-01  2.0252346649e+00 -3.9147036469e-01  1.2614555934e+00  4.0799638777e-01  1.4258427827e+00 -4.7889583973e-01 -3.2520255029e-02  1.7431195792e+00 -1.7064091843e+00 -4.6113932243e+00 -3.2914546769e+00 -3.8301881532e-01 -3.5588391048e+00 -3.8945697056e+00 -2.0783761432e+00 -3.0583334650e+00 -4.1126909986e+00 -1.9991591348e+00 -5.8128501156e-01 -6.1173326347e-01 -1.0615261039e+00 -1.9517263915e+00 -1.8624183428e-02  2.1366338160e+00 -3.6214069242e-02 -7.2629780850e-01  1.2426159714e+00 -2.2599150968e-01 -2.0960170205e+00
ENERGY -4.405160025199e+02
GRADIENT  2.2671352473e-03 -3.3064920032e-03  1.4439182055e-03 -8.3732683725e-06  4.1427026360e-05  1.4673775541e-05  4.2154088621e-06 -2.2012908594e-06 -3.0876964677e-05  2.5988248741e-03 -5.0123937327e-03  5.0958947666e-03 -1.1399597644e-05  4.9152795577e-06  3.4298834784e-07 -3.5876928376e-03  5.6148389356e-03 -3.1771169391e-03 -1.2673137094e-03  2.7506060978e-03 -3.3543368529e-03 -1.7023573446e-05 -2.0030558572e-05 -1.8366271621e-05 -1.7325528476e-06 -1.2688915398e-06 -9.6980304441e-06 -3.9601954615e-06 -2.1949281750e-05  9.1651769125e-06  1.2291881951e-05 -2.2064844631e-05 -8.1165302836e-06 -7.9800545391e-06  1.2467143159e-06  2.1366594927e-05  5.8127069082e-06  3.7310470107e-06  1.1204287616e-05 -1.1748470195e-05  4.0363155111e-06 -2.6695154237e-06 -9.5754075155e-06  5.0829053038e-07 -2.1310580098e-06 -7.6340477621e-06  5.8852168873e-06 -6.7846804714e-07 -2.5458063433e-05  5.4339822962e-06 -1.8586951053e-05 -1.5389893363e-05  1.7147763083e-05 -4.0279060283e-06 -3.9297578618e-06 -3.5185899873e-05  1.0951224893e-05  3.8639469514e-06 -1.0185935660e-06  7.8017447992e-06

JOB 10
COORDS -8.0491802169e-01 -2.5485659683e+00  1.0654198412e+00 -3.9599517200e-01  6.3491901613e-01 -8.0400777904e-01  1.3645025270e-01  1.1931597558e+00  5.1095898638e-01  2.9666636306e-02 -3.0452375778e-01  2.9102107107e-01 -1.0671407248e+00 -4.5428709889e+00 -1.6427453811e-01 -1.0585630090e+00 -1.0551812558e+00  1.0797883991e+00  1.2011129633e+00 -1.1235194223e+00  2.3124796770e-02 -1.6454316423e-01 -3.1463760980e+00  1.9106329346e+00 -1.3711477359e+00 -3.1425042316e+00 -7.9904456975e-03 -1.4567741309e+00  7.3723870173e-01 -1.0136759087e+00  2.3848156858e-01  7.1041052852e-01 -1.6840080318e+00  1.1298263178e+00  1.6344077953e+00  5.0864088949e-01 -5.6975552534e-01  1.6749558982e+00  1.1830657680e+00 -1.5784806710e+00 -4.8526214967e+00 -1.0758448186e+00 -1.4302283371e+00 -5.1127242374e+00  6.9445743479e-01  1.2129038471e-02 -4.6819700265e+00 -2.6068893648e-01 -2.0467666018e+00 -8.3651642922e-01  6.6980228989e-01 -1.0388026350e+00 -7.4953365307e-01  2.1290804599e+00  1.7100436354e+00 -1.3065817124e+00  8.8819682344e-01  1.8370002675e+00 -6.3416693391e-01 -6.0297094961e-01
ENERGY -4.405135593684e+02
GRADIENT  1.3203392760e-03  2.5645339099e-04  2.0691224610e-03  5.2770653742e-05 -3.7101774485e-05  6.7272595239e-05  4.2810127509e-05  7.7895926665e-05  7.7161148954e-05  1.7978202074e-03  1.1239970616e-03  3.5651646082e-03 -5.9378227186e-06  4.7704347245e-06  3.7255973231e-06 -2.2369948604e-03 -5.7907797017e-04 -3.5713503387e-03 -1.0444912885e-03 -7.9902367460e-04 -2.1537569905e-03 -1.6342428614e-05 -4.6215693351e-05 -1.2578102853e-05  2.5371201856e-05 -1.1028874427e-05  1.0234541984e-05 -1.8872262344e-06  1.2271051147e-05 -5.5938062120e-06 -1.9112893618e-05 -6.2808256000e-06 -1.6621199695e-05 -4.1872238129e-06 -1.2633542957e-05 -2.0712986205e-06 -2.3908760587e-05 -1.0206957183e-05 -1.8908786008e-05  1.9518605679e-06 -4.0083814344e-06 -5.2417346218e-06 -2.3704423760e-06 -1.5113285764e-06 -4.3951252344e-06  7.6856362265e-07 -1.0783830078e-06 -4.1298928389e-06  9.4077202057e-06  1.7379282134e-05  7.8167968790e-07  3.8873600380e-05 -2.0834079608e-05  2.6984477687e-06  3.6464005546e-06  1.7208601169e-05  6.8969904485e-06  1.0138708545e-06  7.1969965601e-06 -6.5652941152e-07

JOB 11
COORDS -8.0224353468e-01 -2.5240771119e+00  9.8474467495e-01 -3.5687444463e-01  8.5516653174e-01 -7.2353234009e-01  1.9764448736e-01  1.1839794080e+00  6.5708356303e-01  3.4819158670e-03 -2.5818183873e-01  2.2127647382e-01 -1.0602331869e+00 -4.6542087131e+00  8.4459718427e-03 -1.1450064057e+00 -1.0526297072e+00  8.8051794657e-01  1.1388736993e+00 -1.0890961145e+00 -1.4572189941e-01 -6.2840207967e-02 -2.9989851267e+00  1.8286014930e+00 -1.4143632773e+00 -3.2564275993e+00  2.9209824260e-02 -1.4090015554e+00  1.0492591513e+00 -9.1229039512e-01  2.8569492573e-01  1.0198605696e+00 -1.5854364010e+00  1.2157125810e+00  1.5600442237e+00  7.1724151037e-01 -4.8382830913e-01  1.6064600264e+00  1.3914851881e+00 -1.6250617780e+00 -5.0854791097e+00 -8.1806937721e-01 -1.3312645915e+00 -5.1322499585e+00  9.5282492998e-01  1.3687025519e-02 -4.7656705188e+00 -1.5776520592e-01 -2.0696941955e+00 -9.3378579770e-01  3.1231244946e-01 -1.3119763068e+00 -6.9671858166e-01  1.9001018572e+00  1.6417061568e+00 -1.3850142530e+00  6.9065230291e-01  1.7893783169e+00 -5.6070670977e-01 -7.2285516815e-01
ENERGY -4.405125771322e+02
GRADIENT  7.1600338077e-05  2.1809124145e-05  1.2309186530e-04 -6.1275652243e-07  2.1732673765e-05  1.1078956973e-05  5.4263604799e-06 -1.7102959153e-05 -2.7885900047e-06  8.1266779032e-05  3.5341234108e-05  1.6399438276e-04  4.3336821500e-06  6.8848502041e-07 -1.2920697593e-06 -9.6680790643e-05 -3.1523756544e-05 -1.9318420899e-04 -5.6457895549e-05 -5.1642567880e-05 -7.0571657277e-05 -1.9289546959e-05 -2.7219852256e-07  1.2359267899e-05  4.2945393588e-06 -6.1514697265e-06 -2.0363672575e-05  1.8216355130e-06 -3.9708062038e-06  4.8215029837e-06  8.1711058679e-06 -2.5374305847e-06  7.5042919097e-06  2.1426304106e-06  3.5171819352e-06  1.0988436513e-05  8.1703550305e-06  2.4302603754e-06  7.2433800948e-06  1.8150442754e-07 -2.8328083262e-07  3.9255421334e-06  1.7027837045e-06 -1.4196686223e-06  4.1777433631e-06  1.1712298665e-06 -1.4160928369e-06  4.3351812794e-06 -2.8454803193e-06 -8.9101676166e-06  1.1693806168e-05  2.1368295577e-05  3.9996220990e-06  1.9335904330e-06  2.5975952286e-05  2.7560561640e-05  2.0752226225e-06 -1.3722518873e-05 -1.0986820558e-05 -2.9421197328e-05

JOB 12
COORDS -7.8976370477e-01 -2.5244106734e+00  8.4969392079e-01 -3.2047299910e-01  1.0334655780e+00 -6.2263387045e-01  2.1332945239e-01  1.1213659471e+00  8.0112995577e-01 -6.2663552809e-03 -2.2720886550e-01  1.3317979067e-01 -1.1167614351e+00 -4.7689116274e+00  2.0289882867e-01 -1.1931784940e+00 -1.0836557145e+00  6.1381489761e-01  1.1260567149e+00 -1.0181172754e+00 -3.1877195434e-01  3.8576167200e-02 -2.8855918673e+00  1.6677934875e+00 -1.4722753445e+00 -3.3784475657e+00  5.6121755608e-02 -1.3645277793e+00  1.2812536131e+00 -7.9440582005e-01  3.4187811879e-01  1.3171265008e+00 -1.4372872302e+00  1.2392825638e+00  1.4535679480e+00  9.3643121173e-01 -4.7093687478e-01  1.4411460630e+00  1.5829721401e+00 -1.7494956646e+00 -5.3066106843e+00 -5.0315394313e-01 -1.3045323845e+00 -5.1058729245e+00  1.2251175274e+00 -6.0850624158e-02 -4.9142598538e+00 -3.6211497442e-02 -2.0012501142e+00 -1.0647006314e+00 -1.2082971496e-01 -1.5816623265e+00 -6.9915109720e-01  1.5608770742e+00  1.6043127796e+00 -1.4243532606e+00  4.8436770454e-01  1.7930006658e+00 -4.2859241699e-01 -8.1139527518e-01
ENERGY -4.405134801062e+02
GRADIENT -5.5701770771e-04 -5.5725457006e-04 -2.5357376333e-03 -5.5613839952e-05  7.7017728749e-05 -4.2431548061e-05 -2.9667372700e-05 -4.9584505143e-05 -1.3801413640e-04 -1.5482240262e-03 -3.0882698431e-04 -4.3561029254e-03  6.6996709527e-06  2.4056791177e-05  8.5091182729e-07  1.1169152200e-03  8.5278833874e-04  4.4707054054e-03  1.0667366609e-03  8.9601438733e-05  2.6185207539e-03 -1.0836264679e-06 -6.5003987687e-05 -1.0410885800e-05 -2.6563734158e-05 -1.3606893804e-05  2.0694533653e-06  1.7860244048e-06 -5.8699858794e-06  7.8915581807e-06  1.8943201589e-05 -5.1842311650e-06  2.0820598450e-05 -4.1428125294e-06  5.3830362569e-06  2.8544903601e-05  2.4328310694e-06 -1.1925617766e-05  2.2418710009e-05 -3.2888327023e-06  8.0415859404e-06 -3.3092784758e-06 -1.9827877433e-06 -1.4933658941e-06 -5.5047095010e-07  1.7519988232e-06  2.4195200784e-06 -4.0439780268e-06  9.3293722455e-06 -7.1726057484e-06 -2.1005622404e-05 -3.3810187946e-06 -7.0257861728e-06 -1.0643384232e-05 -9.4841118975e-06 -1.0799866865e-05 -1.4144779069e-05 -1.4610692479e-05 -1.4796991814e-05 -1.8734069284e-05

JOB 13
COORDS -7.4498666265e-01 -2.5439141055e+00  6.9740229951e-01 -3.2874386098e-01  1.1768914102e+00 -4.4493841406e-01  1.7840127797e-01  1.0113657124e+00  9.8150821784e-01 -3.0422914907e-03 -1.9570834513e-01  7.1767344580e-02 -1.2322702912e+00 -4.8391132483e+00  4.3367229394e-01 -1.1789164965e+00 -1.1344782599e+00  3.4910237440e-01  1.1533412768e+00 -8.8049648844e-01 -4.7843425451e-01  1.8619544662e-01 -2.8346865693e+00  1.4279330530e+00 -1.5517522794e+00 -3.4661260985e+00  1.2498187054e-01 -1.3742693246e+00  1.4352231277e+00 -5.9191652675e-01  3.4177924736e-01  1.6149609956e+00 -1.1804872843e+00  1.1961190988e+00  1.3271169974e+00  1.1943577702e+00 -5.2313255509e-01  1.1731491498e+00  1.7957657585e+00 -1.9741759160e+00 -5.4360590363e+00 -9.6545697765e-02 -1.2939926869e+00 -5.0128194669e+00  1.5106267808e+00 -2.2436125823e-01 -5.0796076898e+00  8.8041627580e-02 -1.8336972293e+00 -1.1936464822e+00 -5.2470930676e-01 -1.7819358499e+00 -7.6378130987e-01  1.1845538032e+00  1.6217851987e+00 -1.3990412060e+00  2.6283715697e-01  1.8151980217e+00 -2.0684710822e-01 -8.5639456105e-01
ENERGY -4.405160025225e+02
GRADIENT -1.2666076591e-04 -1.0273544587e-03 -4.1334474902e-03  1.6227239136e-05 -2.3945090487e-05  1.2185519939e-05  3.2475166279e-06  3.8219496337e-05  2.3103307558e-05 -2.1441482140e-03  5.2036431310e-04 -7.2788848940e-03 -7.3742702925e-06  2.8869668405e-06  9.5444709344e-06  7.4496009050e-04  1.2298586577e-03  7.2406229362e-03  1.5496517090e-03 -6.8438555943e-04  4.1897168165e-03 -1.3506330686e-05 -2.8131209277e-05  7.1503112815e-06  2.2672323648e-06 -8.2465329899e-06  5.1866523332e-06  1.1692228136e-06  1.1108579051e-05 -6.8971479975e-06 -1.5328162171e-05  1.6040696397e-05 -5.6367377138e-06  4.7329436411e-06 -2.0064263598e-05 -1.6730217630e-05 -1.5987561399e-05 -8.3509243344e-06 -1.5967330491e-05 -6.7214345095e-06 -1.0173702242e-08  1.0773104911e-05 -3.5222241498e-06  3.0066788157e-06  8.5662776087e-06 -6.5149757250e-06 -1.8425195481e-06  7.0410207611e-06 -3.8374699749e-06  7.6141510309e-06  2.1709450813e-05 -1.0278716027e-05 -1.1647632497e-05  2.8070599578e-05 -7.3160443228e-07  5.2777705280e-06 -6.9090290031e-06 -2.1948817368e-05 -1.6029791715e-05 -2.5179869196e-05

JOB 14
COORDS -7.0392401973e-01 -2.5213316676e+00  5.6909719211e-01 -3.5614201074e-01  1.2792808466e+00 -2.9487742200e-01  1.2562625996e-01  8.9582996882e-01  1.0983480123e+00  3.8970499317e-03 -1.4972552030e-01 -1.8736570039e-04 -1.3043754677e+00 -4.8060485601e+00  6.5102473509e-01 -1.1374742855e+00 -1.1495685887e+00  9.0531643494e-02  1.1877241184e+00 -7.0849428864e-01 -6.2851456153e-01  3.0009673708e-01 -2.7713916501e+00  1.2120202220e+00 -1.6076354555e+00 -3.4646774023e+00  2.1388455906e-01 -1.4052025461e+00  1.5308344153e+00 -4.2748330963e-01  3.1760434646e-01  1.8492376973e+00 -9.3003017032e-01  1.1279823318e+00  1.2002863730e+00  1.3863425984e+00 -5.9648116522e-01  9.0043299908e-01  1.9106224145e+00 -2.1254733355e+00 -5.4229303877e+00  2.8612388719e-01 -1.2443826447e+00 -4.8484000084e+00  1.7411812726e+00 -3.5429513538e-01 -5.1378001785e+00  2.2602613374e-01 -1.6073353593e+00 -1.2780303960e+00 -8.9019832431e-01 -1.9191558540e+00 -7.9435186516e-01  7.7092935870e-01  1.6589360647e+00 -1.3176280971e+00  3.8399353289e-02  1.8344825386e+00  3.3387327419e-02 -8.8557139113e-01
ENERGY -4.405188435539e+02
GRADIENT  6.0770293765e-04 -1.0214848670e-03 -3.3851409161e-03  2.4814444017e-05 -2.2449678642e-05  3.8867621637e-06 -1.2473820593e-06 -3.1608886055e-05  4.0075478652e-05 -1.5300323721e-03  1.2058665878e-03 -6.0009284401e-03  8.6024780403e-06 -9.8054763899e-06 -3.9067541573e-06 -3.3705476727e-04  9.5931858257e-04  6.0182985430e-03  1.2569355128e-03 -1.1466179790e-03  3.3034358738e-03  5.5650296245e-06  2.1899358361e-05 -1.9183368163e-05 -1.7260355270e-05  8.4591649149e-06 -1.4424656004e-05 -1.6626332259e-06 -1.3419325335e-05 -7.4402785985e-06  7.0566894250e-06 -6.8333046808e-06 -3.5572372435e-06  7.4379558985e-08  1.1512079646e-05  2.4771732268e-06  8.1257295039e-06  2.0436569861e-05  1.9406370665e-06  2.0363831128e-06  1.6215205461e-06 -6.0264438707e-06  5.1712356618e-08 -5.7494734938e-08 -4.0030762336e-06  2.4152473020e-06  5.1013726095e-07 -1.8576149927e-06 -1.6480236932e-05 -1.4299371195e-05 -1.1046340864e-05  1.1195203943e-05  6.0499280577e-06 -1.7798203006e-05 -5.3507140453e-07 -9.6626959636e-06 -1.5673783028e-07  1.6699614283e-05  7.6797523860e-06  1.7509498874e-05

JOB 15
COORDS -6.4136454016e-01 -2.5318513730e+00  4.3603612760e-01 -3.8565049721e-01  1.2904715061e+00 -1.8295205729e-01  8.3990169091e-02  7.2162373094e-01  1.1501331518e+00  3.6405737151e-02 -1.5041961531e-01 -9.2798870600e-02 -1.3525214623e+00 -4.7472072687e+00  8.6126261903e-01 -1.0483174703e+00 -1.2048535726e+00 -1.7555983031e-01  1.2496596772e+00 -5.5335336143e-01 -7.8215102795e-01  4.2697797734e-01 -2.7820998377e+00  9.6440221676e-01 -1.6404828002e+00 -3.4394641397e+00  3.2339035190e-01 -1.4414968385e+00  1.5170103012e+00 -3.0520973522e-01  2.7577333853e-01  1.9768178481e+00 -7.0597312537e-01  1.0639829722e+00  1.0210788039e+00  1.5107107930e+00 -6.5526167541e-01  5.7005173746e-01  1.9325834823e+00 -2.2517656493e+00 -5.3377075855e+00  6.8640500659e-01 -1.1360694740e+00 -4.6813380622e+00  1.9301340913e+00 -4.9525229334e-01 -5.1893689111e+00  3.4823322764e-01 -1.3081023608e+00 -1.3918379851e+00 -1.2238953561e+00 -1.9665007064e+00 -8.7463011689e-01  3.2109174460e-01  1.7308506581e+00 -1.2481736688e+00 -2.1216513069e-01  1.8741214255e+00  2.4272869556e-01 -8.9002216658e-01
ENERGY -4.405205650800e+02
GRADIENT  4.3990609865e-04 -3.5322539004e-04 -9.7691074511e-04  5.9138411666e-05  1.5162342305e-05 -2.7623997296e-05 -3.1010246274e-07 -5.7826938329e-05 -1.0359527676e-04 -4.3460446349e-04  5.8259302001e-04 -1.6414931856e-03  7.2516537878e-06  3.6682871126e-05 -1.7420951879e-05 -4.2268156048e-04  2.8518203487e-04  1.7457624406e-03  3.7385461358e-04 -5.1767184955e-04  9.4058936112e-04 -1.0736837516e-05  1.6683632929e-05 -6.0543765126e-05 -3.4678553324e-05 -4.2853408355e-05  3.0043276021e-05 -9.5247683162e-06 -1.1259300935e-05  9.5251207445e-06 -2.1565423799e-05  1.0737132964e-05 -9.1005982104e-06 -3.2188110185e-06 -1.4072295858e-06  2.2699632968e-05  1.4188589294e-05  2.7777128673e-06  2.6848039648e-05  1.4479999879e-06 -8.5033755795e-07 -2.0973842558e-06  7.3326827673e-06 -9.3952675955e-06  8.0582824959e-07  5.0534268994e-06 -9.7799687512e-06 -4.9860777435e-06  2.6245997892e-05  4.2724342740e-06  3.0496545224e-06 -3.9635888946e-06 -1.8796436631e-05  1.8586998444e-07 -7.7488902308e-07 -3.4057185773e-06  1.1509696942e-05  3.7663705027e-07  2.9445681157e-05  1.4216853418e-05

JOB 16
COORDS -6.0477709951e-01 -2.5115362415e+00  2.8237097978e-01 -4.6684636832e-01  1.2920708906e+00 -2.1165418384e-02  1.8988479458e-02  5.4270936825e-01  1.2133600929e+00  4.7114660350e-02 -1.1683219019e-01 -1.5272222319e-01 -1.4315612334e+00 -4.6043129789e+00  1.0105875206e+00 -9.5801255795e-01 -1.2188306930e+00 -4.2692046639e-01  1.2867716698e+00 -3.1469979974e-01 -8.8512423127e-01  5.0203163809e-01 -2.8148338062e+00  6.9062963826e-01 -1.6834493267e+00 -3.3229185359e+00  3.9566369024e-01 -1.5329891447e+00  1.4721740653e+00 -1.2879162215e-01  1.5753673904e-01  2.0924909449e+00 -4.1064535258e-01  9.7125633952e-01  8.3678298626e-01  1.6454849781e+00 -7.2261967910e-01  2.1905939153e-01  1.9396922344e+00 -2.3920661992e+00 -5.1193790879e+00  1.0131973845e+00 -1.0620902965e+00 -4.4714237435e+00  2.0300485192e+00 -6.9404201497e-01 -5.1658749499e+00  4.3232476587e-01 -9.8907829591e-01 -1.4241622277e+00 -1.5033464907e+00 -1.9682149065e+00 -9.2781449564e-01 -1.2608534217e-01  1.7884031337e+00 -1.0948702346e+00 -4.5912013011e-01  1.8809010243e+00  5.0719273313e-01 -7.9577815063e-01
ENERGY -4.405202821653e+02
GRADIENT -9.4495555723e-04  5.7074852207e-04  1.5230203186e-03  6.4922532051e-05 -7.3822812681e-06 -1.6740999031e-05  6.2234923680e-05  5.5651397983e-05  1.4165095696e-05  5.8217567334e-04 -1.3499662561e-03  2.7376139405e-03  5.4868450875e-06  2.5225196514e-06 -3.8184753860e-06  1.1560077017e-03 -3.8802021733e-04 -2.6848624408e-03 -7.3458294316e-04  1.1118129492e-03 -1.4948821236e-03 -3.5687014770e-05  1.4620965779e-05 -1.3700658166e-05 -5.0370468889e-05 -2.2711431472e-05  1.9225191032e-05  2.2445714903e-06  3.6520597445e-06  2.5862488758e-05 -2.4671087623e-05  1.4882708476e-05 -2.0793192366e-05  1.5884943034e-05 -2.9787482530e-05 -9.1951164317e-06 -1.6295306498e-05 -2.2823793763e-06 -2.8788973303e-05  4.4380540997e-06 -3.7483330162e-06  4.5157058696e-06  4.4241221106e-06 -5.6685823811e-06  2.8967796413e-06  3.4442679114e-06 -1.1690254351e-06  1.4585369374e-06  1.3078753932e-05  3.3043243528e-06  3.9115353276e-06 -7.9379160788e-06 -4.5331913798e-06 -1.3141603077e-05 -4.1876732056e-06 -1.0212417152e-07 -2.7286368492e-05 -1.2210876182e-05 -1.1246860222e-05 -3.6027806684e-05

JOB 17
COORDS -5.4415788445e-01 -2.5516301253e+00  1.2672789005e-01 -5.4923781961e-01  1.1770731983e+00  1.2281721382e-01  9.5619055920e-03  2.9554124809e-01  1.2322991843e+00  8.3719913105e-02 -1.4711018469e-01 -2.1643399097e-01 -1.4982248987e+00 -4.4225731497e+00  1.2125026886e+00 -8.2129155713e-01 -1.2889073911e+00 -6.6276546877e-01  1.3250964039e+00 -1.1231670698e-01 -9.7397371104e-01  5.6752412352e-01 -2.9616744916e+00  4.1047270329e-01 -1.6840454604e+00 -3.1898267844e+00  4.8431197691e-01 -1.6276825589e+00  1.2780098640e+00  3.8778688530e-02  2.2776518928e-03  2.0768992420e+00 -1.3907602897e-01  9.3465000724e-01  6.0307969019e-01  1.7118691373e+00 -6.9652782922e-01 -1.9713396384e-01  1.8967469120e+00 -2.5022683413e+00 -4.7965400221e+00  1.4123512087e+00 -9.6228855682e-01 -4.2356421365e+00  2.1458885661e+00 -9.3203696826e-01 -5.1379132160e+00  6.1145115921e-01 -6.3310565356e-01 -1.4952773828e+00 -1.7214675349e+00 -1.8768504760e+00 -1.0302680789e+00 -5.5528533374e-01  1.8817919573e+00 -9.2796194023e-01 -7.1150279747e-01  1.8701484969e+00  7.0678176604e-01 -7.0951511870e-01
ENERGY -4.405180578006e+02
GRADIENT -2.7658364826e-03  1.1165088362e-03  2.6996534488e-03 -1.3768643569e-04 -3.0850781795e-05  3.4784850417e-05  1.3259703341e-05 -4.3732231875e-06 -8.0922482276e-05  1.5208515173e-03 -3.0011069632e-03  4.8290073686e-03 -4.9421921375e-06  7.1112285263e-07  2.7721108971e-06  3.1127377695e-03 -5.7466663761e-04 -4.6340011410e-03 -1.7993276140e-03  2.5182209981e-03 -2.8733104740e-03 -2.5360668206e-07 -1.3165941458e-06  2.6039387737e-06 -5.7281681677e-06 -1.3941032932e-05  3.1873108670e-07  7.4328496840e-06  1.3041196070e-05 -1.9808530240e-05  5.9300027902e-05 -4.0237146437e-05  2.0453248609e-06 -3.2074563557e-05  1.9906426969e-05  5.3348357187e-05  1.6305980260e-05 -2.0507929470e-05  1.9138259966e-05 -1.6173470189e-06 -7.8211463576e-06  6.8016560245e-08 -3.7256698628e-06 -7.9547685267e-06 -2.0888908876e-06 -2.9638428495e-06 -6.5172588985e-06 -1.9148320917e-06 -2.7389156725e-06 -3.9025687953e-05 -2.8845540040e-05  1.3710053694e-05 -3.4374158977e-06 -2.0545883915e-05 -1.1379943208e-05 -6.9235372804e-06  2.3927493679e-06 -1.6084833979e-06 -8.0207193628e-07  6.1846313436e-06

JOB 18
COORDS -8.3555468177e-01 -2.4389386923e+00  6.1620560288e-01 -5.0831748826e-01  1.1240455830e+00  3.6142921394e-02  1.4383252585e-01  3.3877300870e-01  1.1654502595e+00  5.3285959566e-02 -2.4594129737e-01 -2.3506523891e-01  5.7447339230e-01 -4.0321673463e+00  1.6568049737e+00 -9.1916967496e-01 -1.4054748976e+00 -4.8414900627e-01  1.2163466091e+00 -3.1659861911e-01 -1.1083406680e+00 -1.6953827284e+00 -2.6635991577e+00  1.4463408137e+00  3.6415290384e-01 -3.0778073585e+00  5.9585753542e-01 -1.5873728078e+00  1.2462696529e+00  5.6861280465e-02  2.9511703864e-02  1.9772005013e+00 -3.7073395539e-01  1.1225560291e+00  6.6311910189e-01  1.5092480525e+00 -5.0131503189e-01 -5.8219254483e-02  1.9450582480e+00  1.5713070206e+00 -4.4404511883e+00  1.4898014698e+00 -1.7777473769e-01 -4.8231198843e+00  1.6129905416e+00  5.1856982166e-01 -3.5377403998e+00  2.6296244174e+00 -6.7528589714e-01 -1.8577170973e+00 -1.4485380095e+00 -1.9523064435e+00 -1.0562062399e+00 -5.1299937647e-01  1.7831577460e+00 -1.1213534162e+00 -8.3539286474e-01  1.8022163203e+00  5.0589140751e-01 -9.7234478252e-01
ENERGY -4.405160603200e+02
GRADIENT -2.3141212294e-03  1.5949763790e-03  1.6990383658e-03 -6.7982306093e-05 -2.3016844757e-05  3.8923307968e-05  2.7007016919e-05  1.2339481776e-05 -2.3365743576e-05  1.3607576580e-03 -1.8748337708e-03  3.6194360053e-03 -3.3382448593e-06  5.4298373821e-06  2.0768969007e-06  2.5468031267e-03 -1.4950997671e-03 -2.9616969534e-03 -1.6347101454e-03  1.8860863857e-03 -2.3228631180e-03  7.1861903813e-06  3.6944796724e-05 -4.0065889984e-05  3.7844922182e-05 -3.6640488590e-05 -1.2182943091e-05  5.3677830366e-06  2.1643112264e-05 -1.4020526080e-05  3.5453997461e-05 -1.6471870124e-05 -4.4021482970e-06 -9.6998789925e-06  1.9956475931e-05  3.0371022996e-05  1.3181555357e-05 -5.1752288561e-06  4.8915095170e-06 -2.0279169355e-06  4.7290120171e-06  2.5681981407e-06 -1.7374025695e-06  4.7545319642e-06  2.1313431926e-06 -2.1199764307e-06  7.4842477100e-06  6.3089121144e-07  8.4178326416e-06  9.1957318733e-06 -1.0956218110e-05 -9.4350731417e-06 -7.4192926550e-07 -2.2420319898e-05 -2.1107955918e-05 -1.9898938623e-05 -1.2069375700e-05  3.4290014396e-05 -1.6906381370e-05  3.9070132980e-05

JOB 19
COORDS -8.2547083303e-01 -2.4004921628e+00  5.9549449883e-01 -5.3350637167e-01  1.0742911390e+00  1.8076928683e-01  2.9985213560e-01  2.5762092169e-01  1.1561760833e+00  9.7842472462e-02 -2.1259011804e-01 -2.7720476232e-01  4.4756030088e-01 -4.0024913965e+00  1.7844857157e+00 -8.0665267978e-01 -1.4255284040e+00 -5.5821304253e-01  1.1726214492e+00 -1.0423388814e-01 -1.2545683601e+00 -1.7340760607e+00 -2.5356011212e+00  1.3935520582e+00  3.3625257040e-01 -3.0992712327e+00  6.6575385300e-01 -1.6096331940e+00  1.0894313375e+00  3.2804213524e-01 -1.2093950332e-01  2.0065115518e+00 -1.9823648825e-01  1.2862829643e+00  6.3095223655e-01  1.4184980071e+00 -2.2340174391e-01 -2.4744619738e-01  1.9635059879e+00  1.4277827244e+00 -4.4692620660e+00  1.6869344388e+00 -3.4307165105e-01 -4.7555418911e+00  1.7476485617e+00  3.7486579586e-01 -3.4528767182e+00  2.7261617277e+00 -4.3275763266e-01 -1.9240500269e+00 -1.4549505658e+00 -1.8364361595e+00 -1.1145601699e+00 -7.4139143412e-01  1.8636524206e+00 -8.3364606734e-01 -1.0724869789e+00  1.6569800572e+00  7.8490679126e-01 -1.1421810556e+00
ENERGY -4.405142363653e+02
GRADIENT -1.3136908851e-03  8.6351623998e-04  7.9227444456e-04  1.7436596912e-04 -2.0962660272e-05 -3.4514659863e-05 -9.8579709511e-06 -3.8581743530e-06  1.0364464220e-04  7.9423564762e-04 -1.1280112291e-03  1.6304337866e-03 -3.2822168841e-06  4.3240165082e-06 -8.8811344519e-06  1.4543845946e-03 -8.5722764028e-04 -1.3602800347e-03 -1.0186725062e-03  1.0479936793e-03 -1.0070583490e-03 -5.2170644385e-05  4.2631035049e-05 -4.3253625162e-05  5.3369121428e-05 -4.3447796384e-05 -9.9274753527e-06 -7.9294097334e-06 -1.6686467357e-05  8.3872053273e-06 -6.5485839409e-05  3.0020734783e-05 -4.3750843276e-06  2.4493035456e-05 -1.8468757373e-05 -6.1459388543e-05 -1.2340375919e-05  1.2144175637e-05 -5.6943277871e-06  3.5954564858e-06 -1.4294342721e-06 -2.3390522488e-06  3.9876196473e-06 -4.1352314774e-06  1.1590713143e-05  5.5178827017e-06  7.8140640267e-07  2.2252423790e-06 -2.1326817278e-05  3.6610673637e-05  1.3818896043e-05 -3.2352248720e-05 -1.6223267042e-05  4.5889440332e-05  1.2326687865e-05  3.3630488436e-06  8.5076110717e-06  5.8373219681e-06  6.9501253091e-06 -1.9994484396e-05

JOB 20
COORDS -7.8878950579e-01 -2.3692570829e+00  6.0322064707e-01 -5.6404130276e-01  9.8968199161e-01  3.0408465200e-01  4.5697251818e-01  2.1230268496e-01  1.1200837671e+00  1.3494473884e-01 -1.8884410980e-01 -3.1373309920e-01  3.1248566496e-01 -4.0083445651e+00  1.9045988192e+00 -6.7105023743e-01 -1.4689045505e+00 -6.0293927837e-01  1.0887162236e+00  8.3998815843e-02 -1.3799349899e+00 -1.7166165482e+00 -2.3751505007e+00  1.3916589275e+00  3.0298284198e-01 -3.1625238283e+00  7.3644054936e-01 -1.6101963918e+00  8.7055869785e-01  5.7137542081e-01 -2.9981471220e-01  1.9841945173e+00 -4.8146544916e-02  1.4262412213e+00  6.7266541263e-01  1.2925956649e+00  8.5839700915e-02 -3.8438912974e-01  1.9480973009e+00  1.2495709236e+00 -4.5629256436e+00  1.8556364474e+00 -5.4068815553e-01 -4.6905592624e+00  1.8886615055e+00  2.6970936170e-01 -3.4035776522e+00  2.8137236722e+00 -1.6311041750e-01 -2.0106439797e+00 -1.4033174959e+00 -1.6777999442e+00 -1.2190820097e+00 -9.4346514884e-01  1.8885942048e+00 -5.4271682435e-01 -1.2858477215e+00  1.4501125439e+00  1.0321734442e+00 -1.2932999783e+00
ENERGY -4.405139053385e+02
GRADIENT  6.3561483878e-04 -3.6855237481e-04 -2.3764317196e-04  3.9308297416e-05 -8.8731211279e-06 -2.8991844902e-05 -1.8207847004e-05 -8.1709597357e-06  5.1340578800e-05 -4.8528464630e-04  4.1891940710e-04 -5.5098026732e-04  2.6692930235e-06  4.1581253436e-06 -7.5510533241e-07 -6.5349778194e-04  3.2465327668e-04  3.8231458804e-04  5.4126943705e-04 -4.1123591917e-04  3.7405266839e-04 -2.4511785774e-06  1.8258369361e-06  2.1335156706e-05 -2.2849789712e-05  7.4224745229e-06 -9.3060092590e-06 -2.6860122319e-06 -4.5335816154e-06  8.9176899057e-07 -1.6354004707e-05  8.8411387730e-06  1.1979297783e-05  3.1605634685e-07  2.4141079149e-06 -2.5415251056e-05 -2.4831775624e-06  2.3799313768e-06  1.2870244493e-06  4.4584357013e-07 -8.5584426072e-07 -4.7372408521e-06  1.7623723915e-07 -5.3765046360e-06 -1.0442491705e-05 -5.4266974652e-06 -6.5028828031e-06 -4.8900633893e-06 -8.9569518139e-06  1.6053829637e-06 -3.8617058081e-06 -4.3968615961e-07  1.0727455849e-05  6.6730526381e-06  2.3806231304e-06  4.9187549002e-06 -1.0450490078e-06 -5.2110412092e-06  2.4095034785e-06 -1.6025270992e-06

JOB 21
COORDS -2.3477696286e+00 -1.0518405138e+00  8.5559607529e-02 -1.8383418476e-01  1.3147582697e+00 -5.3020043890e-01 -2.8941389702e-01  8.5224409355e-01  9.1684412196e-01  1.8367823630e-02 -1.3634062839e-01 -1.9714783357e-01 -4.4027142323e+00  1.2102202318e-01  1.8112823288e-01 -1.0260789444e+00 -1.1735697450e+00 -6.3588699199e-01  1.3600240650e+00 -6.8225170799e-01 -3.3808936493e-01 -2.6753523165e+00 -1.6932151348e+00  1.0651910727e+00 -3.1393160249e+00 -1.0193443416e-01 -4.7836377343e-01 -1.1040605680e+00  1.5924862134e+00 -1.0349421512e+00  6.8725592321e-01  1.8959581420e+00 -8.2374446715e-01  5.2561636905e-01  1.1014496933e+00  1.5910495931e+00 -1.2702174363e+00  8.5636630300e-01  1.3831224611e+00 -4.8955511290e+00  9.0741935788e-01 -3.9046838920e-01 -4.2428996985e+00  4.3787008045e-01  1.2146974502e+00 -5.0012690888e+00 -7.9281947969e-01  1.7617187643e-01 -6.3799028007e-01 -2.1666895085e+00 -4.0068833169e-01 -1.1719518710e+00 -1.1090774676e+00 -1.7175313153e+00  1.5577387847e+00 -1.3067592302e+00  4.4373887034e-01  2.0518312067e+00  6.3617198556e-02 -3.0257376170e-01
ENERGY -4.405151192359e+02
GRADIENT  6.7181310675e-04 -1.3585806063e-03  1.6011797517e-03 -7.8300799569e-05  2.0752102122e-04 -1.9536671262e-04  2.2421887625e-04 -8.5437039106e-05 -1.1950076064e-04  2.8621696264e-04  3.9821171070e-04 -1.8119911192e-03  2.9307235310e-05  1.3646260057e-05 -5.7990295995e-06 -1.0692217052e-03  1.6482602769e-03 -1.5490038978e-03 -5.7270700065e-05 -7.0675789541e-04  2.0992549668e-03  1.1402342958e-04 -6.6659149021e-05 -7.0013852991e-06 -8.7615911141e-05  9.7441140527e-05 -7.4265735029e-05 -3.1775020509e-06  9.8590946937e-06  4.1633137975e-05  2.7515283162e-05 -5.2393848021e-05  3.7704613095e-05 -4.5316942964e-05  7.6445135686e-06  4.4895985000e-05 -4.4705060118e-05 -3.5299253075e-05 -6.6867127831e-05 -8.0568701986e-07  6.0117694135e-06 -5.9677911048e-06 -8.0003514057e-06  1.5974488098e-06 -7.1524248933e-07 -5.2917947507e-06  3.9152021963e-06 -3.7242262478e-07  2.5752990573e-06  4.8602214186e-06  2.2917186142e-05 -2.0840064029e-05  7.6131275604e-06  2.3784644276e-05  1.0633427281e-05 -3.8047141739e-06 -8.1139580779e-06 -1.2447897055e-05 -1.7387160269e-05 -3.5274146598e-05

JOB 22
COORDS -2.3786268444e+00 -1.0106289128e+00  1.5032698288e-01 -2.9386391575e-01  1.2977933049e+00 -3.7488524312e-01 -1.7274757206e-01  7.4676377131e-01  1.0417488120e+00  1.3037137954e-02 -1.5764799850e-01 -1.6431935940e-01 -4.4530250053e+00  1.1989779722e-01  4.3998897924e-03 -1.0335358633e+00 -1.2239130094e+00 -5.0513806055e-01  1.3371525164e+00 -6.3026606861e-01 -5.3983263507e-01 -2.7323190672e+00 -1.5045840663e+00  1.2043244486e+00 -3.1626363843e+00 -1.6964170525e-01 -5.7233924263e-01 -1.2818589123e+00  1.5648312858e+00 -7.3556910596e-01  5.0671194407e-01  1.9337058032e+00 -7.4561038242e-01  7.1858412238e-01  1.0035416982e+00  1.6079695885e+00 -1.0741328304e+00  6.6167246955e-01  1.6414066532e+00 -4.9403619220e+00  7.9706672838e-01 -6.9697312108e-01 -4.3359737412e+00  5.9487243539e-01  9.8151118652e-01 -5.0327215334e+00 -7.9868714244e-01  1.2049877825e-01 -6.6661971358e-01 -2.1904849154e+00 -1.4992572913e-01 -1.1428245295e+00 -1.2714503076e+00 -1.5917573674e+00  1.6853641431e+00 -1.2744615734e+00  1.7010628032e-01  1.9928870591e+00  1.4705473752e-01 -5.8015272095e-01
ENERGY -4.405162980761e+02
GRADIENT  3.4505979538e-04 -6.3409984840e-04  9.1231273655e-04 -5.6233040269e-05 -9.3745845928e-05  2.6308238012e-05  5.9887119961e-05  3.4279494752e-05  1.0262265763e-04 -3.0962155362e-05  4.2015328622e-04 -1.0704223179e-03 -1.2514711218e-06 -5.9988029570e-06 -9.5147562742e-06 -4.3287247153e-04  7.1066381174e-04 -9.2930433904e-04  1.2681006976e-04 -5.0411015578e-04  1.0638898916e-03  1.2938483616e-05  1.3174195673e-06 -1.5018324391e-05 -7.4123375696e-06  1.2164308771e-05 -1.5992363679e-06  2.4597193646e-05  5.3984671687e-05 -1.8122305370e-05  1.0067059187e-05  1.5414954456e-06 -1.9089900600e-06 -1.3477613730e-06  8.7900471571e-06 -1.2844107798e-05 -1.5470025746e-05 -2.6226473739e-05 -4.1340975677e-05 -5.7192745403e-07  8.9013822063e-07 -1.4481866582e-06  2.1309374843e-06  4.7897003719e-06 -2.7082419151e-06  3.5962430531e-06  2.4466690258e-06  6.0272814219e-08  7.2434164983e-07 -2.6825297619e-06 -1.2857593179e-05  5.6460742056e-06  1.2714343633e-05 -3.2362623909e-06  7.7471551073e-06  1.1364071427e-05  6.7522954873e-06 -1.9653041619e-06  3.3109859872e-06 -1.1290930661e-05

JOB 23
COORDS -2.4151839844e+00 -8.7126295835e-01  1.9461701811e-01 -3.3000232326e-01  1.3163609616e+00 -1.7947920093e-01  9.6446424160e-03  6.4821838246e-01  1.1494679763e+00  1.3623656573e-02 -1.4659716875e-01 -1.4220452339e-01 -4.5279766937e+00  1.1550228373e-01 -1.9965978388e-01 -1.0669800137e+00 -1.1987339687e+00 -4.0554911877e-01  1.2648052574e+00 -5.6024124568e-01 -7.6131908104e-01 -2.7492110532e+00 -1.1024699678e+00  1.3423535696e+00 -3.2283749582e+00 -2.5896340670e-01 -7.0233484299e-01 -1.3605193799e+00  1.6018082008e+00 -3.6606778902e-01  4.0084439128e-01  1.9959166398e+00 -6.1143777632e-01  9.7705240462e-01  8.7518414404e-01  1.5897858655e+00 -7.9013967974e-01  4.8935866388e-01  1.8658703707e+00 -5.0408221167e+00  5.8417470428e-01 -1.0394146070e+00 -4.4276400777e+00  8.1701632027e-01  6.3217468305e-01 -5.0729714769e+00 -7.6755616754e-01  1.4186275972e-01 -7.4474976069e-01 -2.1479917536e+00  3.4337909231e-02 -1.1595270966e+00 -1.3252891619e+00 -1.4862819982e+00  1.7227631137e+00 -1.2583395188e+00 -1.7507314623e-01  1.9030741385e+00  2.2987273722e-01 -8.2674391118e-01
ENERGY -4.405167194760e+02
GRADIENT  5.7180806579e-06 -3.1742160366e-05 -3.5610198372e-06  3.0705589702e-05 -3.2113133461e-06 -2.8677568830e-05 -5.9308953975e-05  1.9063867419e-05  1.7899084848e-05  3.2073110870e-05 -3.7845645130e-05  6.7468514562e-05 -8.4091780360e-06 -1.4596881148e-06  6.0609246504e-06  1.5960424759e-05  4.3716608805e-05 -1.4638241532e-05 -1.8477644716e-05  2.1393881576e-05 -2.1759633718e-05 -2.0106229239e-06 -8.1150203721e-06 -6.3423450868e-06  9.1082600339e-07  1.2112638528e-05 -6.0692223551e-06 -3.5926926426e-07  7.4346559318e-06 -5.3323155784e-06 -2.4471835002e-05  2.3474192465e-05  5.6617203079e-06  1.5677643596e-05 -7.9679115947e-06 -3.5782032324e-05  9.5679561337e-06 -1.2369601847e-05  5.6031061680e-06 -3.0145949927e-06 -5.1988361820e-06  2.8036290075e-06 -2.4660646747e-06 -3.4266826272e-06  1.8365706150e-06  5.3596379695e-07 -3.8663951669e-06  3.5627138419e-06 -3.7513429805e-06 -6.0481674447e-06  1.2702323870e-05 -3.6943404988e-06 -1.8643177414e-05 -2.0160468558e-07 -6.9828582615e-06 -1.5691647606e-05 -1.4427406957e-05 -5.1730966536e-06 -6.4329177488e-06  1.0806763055e-05

