19
0 1 C7H8N2O2
C                    -1.512645542155    -1.301245618554    -1.274347951623
C                    -1.939189988157    -2.613315586174    -1.642573902455
C                    -0.424618274350    -1.105257012483    -0.468537485414
C                    -1.236110317627    -3.684881957068    -1.166970650072
C                     0.361931485880    -2.221977207456     0.032367767753
C                    -1.663680255565    -5.092141334017    -1.473425453297
C                    -1.732629320678    -7.417993000939    -0.702221336146
N                    -0.140296982853    -3.479786533584    -0.361986930728
N                    -1.290943147922    -6.033694310920    -0.543292555211
O                     1.378724399289    -2.154805159644     0.725310637439
O                    -2.281447756987    -5.368350576067    -2.497659446779
H                    -2.069987873512    -0.443223611570    -1.642738355253
H                    -2.800750391789    -2.789908206608    -2.274536409003
H                    -0.085707904466    -0.114557277094    -0.184927045855
H                    -2.811739434120    -7.523308221535    -0.541578621137
H                    -1.193332891825    -8.043702491518     0.011886884274
H                    -1.504485882876    -7.749434942033    -1.715954487110
H                     0.458403731859    -4.261899873278    -0.113166251919
H                    -1.130049757346    -5.711249073456     0.403661265710

65.1611903352366
       0.1941        0.0217       -0.2602
       0.0930        0.0159       -0.1190
       0.1300        0.0185       -0.1736
      -0.0390        0.0044        0.0522
      -0.0443        0.0034        0.0668
      -0.1211        0.0190        0.1022
       0.2717       -0.0864       -0.1918
      -0.0905        0.0054        0.1258
       0.2127       -0.0769       -0.1221
      -0.1620       -0.0100        0.2416
      -0.5010        0.1088        0.3109
       0.0933        0.0084       -0.1265
       0.0368        0.0040       -0.0476
       0.0585        0.0062       -0.0780
       0.0976       -0.0640        0.0457
       0.1674       -0.0450       -0.1399
      -0.0121        0.0321       -0.0946
      -0.0385        0.0002        0.0624
       0.1110       -0.0566       -0.0298

99.66546312031163
       0.0535        0.0298       -0.0738
      -0.0851        0.0239        0.1106
       0.1210        0.0305       -0.1640
      -0.1735        0.0186        0.2304
       0.0240        0.0190       -0.0392
      -0.0751        0.0114        0.1320
       0.1605       -0.1003       -0.2901
      -0.1944        0.0123        0.2589
      -0.1742       -0.0426        0.1161
       0.1252        0.0143       -0.1872
       0.1678        0.0169       -0.0034
       0.0400        0.0107       -0.0536
      -0.0185        0.0090        0.0230
       0.0766        0.0107       -0.1036
      -0.0043       -0.0547       -0.4485
      -0.1758        0.0102        0.1172
       0.3998       -0.0587        0.0035
      -0.0730       -0.0057        0.0917
      -0.1246       -0.0466        0.0561

112.02068129817935
      -0.0426       -0.0434        0.0229
       0.0721       -0.0585       -0.0503
      -0.0845       -0.0015        0.0674
       0.1576       -0.0290       -0.1096
       0.0020        0.0360        0.0187
       0.0769       -0.0210       -0.0132
      -0.2079        0.0638       -0.0239
       0.1847        0.0165       -0.1483
       0.2602       -0.0626       -0.1225
      -0.0723        0.1063        0.1243
      -0.2771       -0.0216        0.2043
      -0.0343       -0.0204        0.0216
       0.0150       -0.0301       -0.0028
      -0.0566        0.0023        0.0482
      -0.1322        0.1949       -0.3827
      -0.4021        0.0521        0.2788
       0.2585       -0.1712        0.1248
       0.0656        0.0149       -0.0455
       0.1105       -0.0224       -0.0379

123.94845352412547
      -0.0506       -0.1048       -0.0554
       0.0706       -0.1705        0.0683
      -0.0638        0.0475       -0.0814
       0.1179       -0.0857        0.1898
       0.0295        0.1544        0.0099
       0.1140       -0.0618        0.0728
      -0.4086       -0.1065       -0.2339
       0.0611        0.0527        0.2683
       0.0189       -0.2688       -0.0941
       0.1062        0.3919       -0.1179
       0.0846        0.1567        0.0462
      -0.0316       -0.0536       -0.0445
       0.0393       -0.0877        0.0054
      -0.0317        0.0279       -0.0574
      -0.1048        0.0398        0.0725
      -0.0682       -0.1283       -0.1908
      -0.2843        0.0353       -0.1257
       0.0364        0.0366        0.0955
       0.0458       -0.1201       -0.0155

179.56617624293642
      -0.0347       -0.0094        0.0174
      -0.2627       -0.0273        0.3636
       0.2454        0.0255       -0.3670
      -0.0245       -0.0044        0.0704
       0.0799        0.0323       -0.0990
       0.0091       -0.0124        0.0392
      -0.0553       -0.0364       -0.0698
       0.2760        0.0321       -0.3614
      -0.0758       -0.0437        0.0397
      -0.2515        0.0393        0.3920
       0.1182        0.0135       -0.0269
      -0.0202       -0.0055        0.0140
      -0.1422       -0.0146        0.1975
       0.1129        0.0118       -0.1717
      -0.0138       -0.0190       -0.0104
      -0.0053       -0.0287       -0.0443
      -0.0272        0.0204       -0.0327
       0.0523        0.0020       -0.0666
      -0.0241       -0.0228        0.0153

219.3738498319373
      -0.0073       -0.0584        0.0065
       0.2003       -0.0740       -0.1457
      -0.1361       -0.0097        0.1616
       0.2137       -0.0456       -0.1073
       0.0600        0.0542       -0.0056
      -0.1222        0.0020        0.0976
       0.1391       -0.1293       -0.1751
       0.3053        0.0052       -0.2146
      -0.5438        0.0224        0.2465
       0.0225        0.2175        0.0482
      -0.1425        0.0408        0.0936
      -0.0373       -0.0284        0.0285
       0.0543       -0.0392       -0.0318
      -0.1046       -0.0009        0.1178
       0.0503       -0.2036       -0.0967
       0.1034       -0.0226       -0.0848
       0.1207        0.0794       -0.0717
       0.0745        0.0045       -0.0295
      -0.0933       -0.0209        0.0646

281.93478147905626
      -0.0005        0.0787       -0.0221
      -0.0209        0.1017       -0.1241
      -0.0502        0.0217        0.0744
      -0.0634        0.0816       -0.0725
      -0.0324       -0.0246       -0.0385
       0.0821        0.0143        0.2195
      -0.1460        0.2113       -0.3620
      -0.0358        0.0553       -0.1692
       0.1963        0.0517        0.2637
      -0.0314       -0.1992       -0.0358
       0.1775       -0.3910        0.3213
       0.0044        0.0324        0.0088
      -0.0126        0.0441       -0.0316
      -0.0299        0.0010        0.0585
      -0.0447        0.1137       -0.0841
      -0.0538       -0.0945       -0.2333
      -0.1168        0.2222       -0.1724
      -0.0401       -0.0029       -0.0272
      -0.0885       -0.0372        0.1141

343.67880047033753
       0.1674        0.2630        0.0902
       0.0611        0.2551        0.0227
       0.1179        0.2890        0.1462
      -0.1074        0.0552       -0.0575
       0.0223        0.1938        0.0266
      -0.0762       -0.1925       -0.0605
      -0.0709       -0.3542        0.0530
      -0.0610        0.2058       -0.0966
      -0.0869       -0.2950       -0.1139
       0.0414        0.0848        0.0225
      -0.0348       -0.4316       -0.0500
       0.0526        0.0767        0.0200
       0.0044        0.1434        0.0036
       0.0376        0.0776        0.0612
      -0.0170       -0.1011        0.0379
      -0.0072       -0.0636        0.0398
      -0.0292       -0.1490        0.0285
      -0.0072        0.0667       -0.0124
       0.0970       -0.0953       -0.0463

388.1778731269153
       0.0828        0.0401       -0.2664
      -0.0554        0.0319       -0.0679
      -0.2104        0.0481        0.1679
      -0.1298        0.0602        0.1623
      -0.1075        0.0218        0.0013
       0.0542        0.0358        0.2263
      -0.0258       -0.2313        0.0951
       0.0850        0.1170       -0.3052
       0.0592       -0.2169        0.0413
      -0.0348       -0.3287       -0.0901
       0.2266        0.4740        0.0683
       0.0772        0.0138       -0.1534
      -0.0219       -0.0006       -0.0077
      -0.0961        0.0162        0.0828
      -0.0099       -0.0438        0.0239
      -0.0263       -0.0534        0.0538
       0.0022       -0.1040        0.0413
       0.0303        0.0381       -0.0802
       0.0956       -0.0953        0.0105

422.58890492739357
      -0.3042       -0.0187        0.2964
       0.1219       -0.0072       -0.2396
       0.1238        0.1423       -0.2647
       0.1580        0.0296       -0.1568
       0.1086        0.1267       -0.2106
       0.1270       -0.0010        0.0567
      -0.0054       -0.1360        0.0276
      -0.1458        0.1840        0.0926
      -0.0471       -0.1030        0.0613
      -0.0607       -0.3574        0.0887
       0.0218        0.1908        0.1005
      -0.2397       -0.0263        0.2655
       0.0604       -0.0121       -0.0998
      -0.0343        0.0548       -0.0393
      -0.0006       -0.0544        0.0022
       0.0025       -0.0307        0.0129
       0.0129       -0.0383        0.0105
      -0.1083        0.0532        0.2003
       0.0429       -0.0529        0.0148

479.09723911496246
      -0.0059        0.1344        0.1274
       0.1067        0.1629       -0.1536
       0.0798       -0.1481        0.0088
      -0.1467        0.0349        0.0362
       0.0592       -0.1903       -0.1819
      -0.1263        0.0025        0.0858
      -0.0087       -0.1452        0.0659
       0.0331       -0.2065       -0.1214
       0.2834       -0.1547        0.0185
      -0.1303        0.3447        0.0054
       0.0430        0.1695       -0.0225
      -0.0397        0.0614        0.1472
       0.0388        0.0767       -0.0641
       0.0257       -0.0816        0.1330
      -0.0058        0.0005        0.0308
      -0.0151       -0.0577        0.0161
      -0.0215       -0.0576        0.0219
      -0.1558       -0.1370        0.1082
      -0.5131        0.0071        0.0974

524.8542167646506
       0.0178       -0.2484       -0.0954
      -0.1469       -0.1717       -0.0433
      -0.0687        0.0874        0.0610
      -0.0684       -0.0368        0.0716
       0.2023        0.2605        0.1489
      -0.1054       -0.0632       -0.1033
       0.0129        0.0245        0.0174
       0.0301        0.3146       -0.0950
       0.1480        0.0070       -0.0464
       0.3095       -0.1544        0.1773
      -0.1427       -0.0512       -0.1160
       0.0145       -0.0801       -0.0615
      -0.0346       -0.0471       -0.0240
      -0.1385        0.0830       -0.0388
       0.0023        0.0196        0.0109
       0.0070       -0.0016       -0.0044
      -0.0077        0.0086        0.0039
      -0.0997        0.0530        0.1403
      -0.5316        0.0945        0.0607

545.6734492799864
       0.0476        0.1803       -0.0279
       0.2107       -0.0112        0.3460
      -0.0487        0.3014        0.0098
       0.3115       -0.1285       -0.0718
      -0.3024        0.0410       -0.0479
       0.0934       -0.0693       -0.1090
       0.0107       -0.0151        0.0109
       0.0747       -0.0873        0.0958
       0.0703       -0.0211        0.0646
      -0.2515       -0.2294       -0.2500
      -0.1225        0.0364       -0.0085
       0.0015       -0.0044       -0.1222
       0.0403       -0.0213        0.1350
       0.0809        0.0679       -0.0416
       0.0017       -0.0156       -0.0083
       0.0074       -0.0241       -0.0164
       0.0089        0.0263       -0.0046
       0.1018        0.0423        0.0401
      -0.4079        0.0711        0.0693

592.6035439420831
       0.0169       -0.0000        0.0046
       0.3177       -0.0879        0.0341
      -0.0419        0.1657        0.0085
      -0.1794       -0.1381        0.4981
       0.0550        0.0694       -0.2889
      -0.2749        0.0059        0.0511
       0.0310        0.1938       -0.0163
       0.1938       -0.0424       -0.0668
       0.0088        0.1128       -0.1429
      -0.1689       -0.1217       -0.0084
       0.0304       -0.1590       -0.1383
      -0.1101       -0.0524        0.0542
       0.1407       -0.0491       -0.0485
      -0.1237        0.0389        0.1675
       0.0086        0.0787        0.0083
       0.0012        0.0675        0.0097
      -0.0074        0.0242        0.0018
      -0.0234        0.0132        0.2321
       0.1712        0.0140       -0.0643

664.6608446730379
       0.3492       -0.3624        0.2656
       0.0470       -0.1837       -0.0348
       0.2658        0.1299        0.1585
      -0.1539       -0.2512       -0.1194
      -0.1280        0.1080       -0.0635
      -0.0166       -0.1487        0.0421
       0.0249        0.1067       -0.0019
      -0.2801        0.1109       -0.1676
       0.0637        0.0083        0.1658
      -0.1816        0.1446       -0.1155
       0.0015        0.2060       -0.0746
       0.0710       -0.1261        0.0795
      -0.0291        0.0926        0.0112
       0.0552        0.0510        0.0205
      -0.0008        0.0537       -0.0402
      -0.0293       -0.0382       -0.0354
       0.0151        0.0967       -0.0211
       0.0165        0.0763       -0.1251
       0.0851        0.0291        0.0233

696.8447961056785
      -0.1849        0.0331        0.1086
       0.1839       -0.0078       -0.2142
       0.0256        0.1100       -0.1571
      -0.0739       -0.0095        0.1231
      -0.0433        0.0528        0.1822
      -0.2990        0.0039        0.1300
      -0.0006       -0.0203       -0.0029
       0.0397       -0.0684        0.1033
       0.1157       -0.0285        0.0044
       0.0797       -0.0643        0.0501
       0.0512       -0.0100       -0.0980
      -0.0861       -0.0086        0.0359
       0.0440       -0.0207       -0.0456
       0.0528        0.0506       -0.1607
      -0.0033        0.0202       -0.0030
      -0.0175       -0.0251       -0.0048
      -0.0101       -0.0031       -0.0038
       0.3881        0.0555       -0.6324
      -0.1150        0.0286        0.0184

726.0058276302852
      -0.1656       -0.0328        0.2747
       0.0824        0.0079       -0.0869
       0.0622       -0.0390       -0.0442
      -0.0787        0.0043        0.1444
      -0.3005       -0.0388        0.3747
       0.0467        0.0163       -0.0210
       0.0022        0.0175       -0.0001
       0.1806        0.0525       -0.2898
      -0.0357        0.0150       -0.0310
       0.0463        0.0201       -0.1560
      -0.0091       -0.0226        0.0310
       0.1262        0.0058       -0.1468
       0.2072        0.0002       -0.2745
       0.2881       -0.0029       -0.3669
       0.0024       -0.0008        0.0073
       0.0087        0.0199        0.0069
       0.0006       -0.0074        0.0042
      -0.1375       -0.0184        0.2591
       0.0285       -0.0149       -0.0101

764.8359805052203
       0.0223       -0.0535       -0.0259
       0.0435       -0.0269        0.0139
       0.0139        0.0097       -0.0389
       0.2482       -0.0104       -0.3262
      -0.1354        0.0118        0.2071
      -0.5706        0.1405        0.3203
       0.0069        0.0011       -0.0130
       0.0209       -0.0014       -0.0167
       0.1263       -0.0085       -0.0978
       0.0604        0.0000       -0.0726
       0.1966       -0.0236       -0.0923
      -0.0432       -0.0288        0.0378
      -0.1932       -0.0107        0.2869
      -0.0059        0.0106       -0.0270
       0.0036        0.0377        0.0272
      -0.0101        0.0240        0.0259
      -0.0197       -0.0559        0.0097
      -0.1223       -0.0132        0.2587
       0.0996       -0.0824       -0.0096

812.5731835345504
       0.1709       -0.2437        0.0718
       0.0254       -0.0598       -0.0753
       0.1334       -0.1190       -0.0171
       0.0412        0.1687        0.1409
      -0.1612        0.0030       -0.0002
       0.1338        0.3145        0.0412
      -0.0411       -0.0523       -0.0575
      -0.0023        0.1606        0.0135
      -0.1609        0.0735       -0.3962
      -0.1720       -0.0138       -0.1447
       0.1180       -0.1662        0.3164
      -0.0018       -0.0573        0.1382
      -0.0729       -0.0270        0.0935
      -0.0427       -0.0370        0.0897
       0.0117       -0.0886        0.0989
       0.0918        0.1905        0.0890
      -0.0246       -0.2065        0.0453
       0.0724        0.0607       -0.1181
      -0.2542       -0.0298       -0.0524

819.5625803671082
       0.0166        0.0974       -0.1252
       0.1031        0.0364       -0.1438
       0.1580        0.0090       -0.2736
      -0.1437       -0.0466        0.1563
      -0.2500       -0.0406        0.4162
       0.2091       -0.1434       -0.1484
       0.0122        0.0364        0.0217
       0.0705       -0.0173       -0.0939
      -0.0229       -0.0130        0.1088
       0.1282        0.0129       -0.0973
      -0.1050        0.0391       -0.0492
      -0.2221        0.0158        0.2754
      -0.2141        0.0126        0.2902
      -0.2016       -0.0186        0.2922
      -0.0029        0.0140       -0.0328
      -0.0160       -0.0454       -0.0289
       0.0135        0.0739       -0.0127
      -0.0280       -0.0089        0.0732
       0.0381        0.0393        0.0055

884.0502404460126
      -0.0668        0.0152        0.0581
       0.2336        0.0217       -0.3152
      -0.1776       -0.0038        0.2179
      -0.1028       -0.0254        0.1274
       0.1206        0.0018       -0.1583
       0.1353       -0.0437       -0.0676
       0.0057        0.0334        0.0022
      -0.0099       -0.0149        0.0192
      -0.0433       -0.0019       -0.0139
      -0.0192       -0.0023        0.0618
      -0.0309        0.0027        0.0196
       0.0464        0.0043       -0.0837
      -0.3901        0.0204        0.5304
       0.2629        0.0166       -0.3731
       0.0019        0.0017        0.0000
       0.0070        0.0143        0.0005
       0.0028        0.0085        0.0013
      -0.0369       -0.0139        0.0581
      -0.0069        0.0120       -0.0100

917.8761153231886
      -0.0322        0.0152       -0.0182
      -0.0469       -0.0771       -0.0117
      -0.0043        0.5015        0.0010
      -0.1370       -0.1725       -0.1266
       0.0914        0.0063        0.1063
       0.1353        0.0588        0.0661
       0.0015        0.1037       -0.0500
      -0.1144       -0.4867       -0.1262
      -0.1113        0.0015       -0.1794
       0.1657        0.0571        0.1001
       0.1152        0.0460        0.2301
      -0.1073       -0.0930       -0.0935
      -0.0003        0.0351       -0.0389
      -0.0754        0.1829       -0.0163
       0.0162       -0.0208        0.0640
       0.0627        0.1627        0.0562
      -0.0041       -0.0999        0.0281
      -0.1420       -0.2169       -0.0343
      -0.0540       -0.0565       -0.0274

998.5197035411655
       0.2512       -0.0031       -0.3120
      -0.1135       -0.0122        0.0557
      -0.1290        0.0382        0.2112
      -0.0004        0.0339        0.0148
      -0.0241        0.0052        0.0270
      -0.0057        0.0260       -0.0117
      -0.0047       -0.0342        0.0055
       0.0517       -0.0429       -0.0010
       0.0136        0.0178        0.0184
      -0.0137       -0.0046       -0.0147
      -0.0081       -0.0081       -0.0119
      -0.4141       -0.0258        0.5873
       0.0910       -0.0158       -0.1512
       0.2582        0.0323       -0.3635
      -0.0032       -0.0019       -0.0071
      -0.0088       -0.0252       -0.0062
      -0.0021        0.0050       -0.0035
       0.0008       -0.0170        0.0151
       0.0120        0.0064        0.0033

1004.1010129851619
       0.0992       -0.1916        0.1247
      -0.2954       -0.0326       -0.2531
       0.0847        0.2780        0.0383
       0.0229        0.2495        0.0810
      -0.0327        0.0457       -0.0215
      -0.0154        0.2484       -0.1265
      -0.0540       -0.3083        0.0496
       0.2810       -0.2746        0.1667
       0.1207        0.1691        0.1551
      -0.1210       -0.0427       -0.0866
      -0.0714       -0.0702       -0.1054
       0.1252       -0.0181       -0.0223
      -0.1248       -0.0224       -0.0241
      -0.0874        0.1211        0.0115
      -0.0304       -0.0400       -0.0662
      -0.0702       -0.2173       -0.0556
      -0.0115        0.0462       -0.0301
       0.0338       -0.0923        0.0958
       0.0928        0.0679        0.0273

1027.6421075662704
       0.0138        0.2221        0.0318
      -0.4023       -0.1621       -0.2970
       0.1378        0.1014        0.1007
       0.0333       -0.0839       -0.0221
      -0.0388       -0.0083       -0.0334
      -0.0304       -0.2736        0.1169
       0.0685        0.3173       -0.0162
       0.2479        0.0171        0.1749
      -0.0971       -0.2219       -0.1055
      -0.0730       -0.0278       -0.0485
       0.0214        0.0527        0.0084
       0.1464        0.2008        0.0943
      -0.1078       -0.1512       -0.0889
       0.1671       -0.0367        0.1250
       0.0277        0.0511        0.0391
       0.0511        0.1643        0.0340
       0.0192        0.0085        0.0228
       0.1662        0.0967        0.1109
      -0.0739       -0.0592       -0.0241

1081.9364941424035
      -0.0952        0.2481       -0.0541
       0.0139       -0.3555       -0.0268
       0.1502        0.1388        0.1191
       0.0054       -0.0479        0.0283
       0.0193       -0.1713        0.0028
      -0.0151        0.1528       -0.0252
      -0.0520       -0.2238        0.0000
      -0.1925        0.1603       -0.1258
       0.0581        0.2175        0.0082
       0.0614        0.0608        0.0454
       0.0071       -0.0275        0.0078
      -0.0816        0.0243       -0.0649
       0.0370       -0.5209        0.0550
       0.3239       -0.1013        0.2266
      -0.0194       -0.0321       -0.0255
      -0.0297       -0.0990       -0.0189
      -0.0160       -0.0111       -0.0178
      -0.1050       -0.0039       -0.0707
       0.0275        0.0961       -0.0097

1144.469592762778
      -0.0073        0.0280       -0.0050
      -0.0087        0.0004       -0.0023
      -0.0137       -0.0185       -0.0083
      -0.0490       -0.0966       -0.0381
       0.0007       -0.0024       -0.0013
      -0.0322       -0.0217        0.0453
      -0.3502        0.0161        0.1929
       0.0201       -0.0006        0.0120
       0.1613        0.0150       -0.1877
       0.0168        0.0001        0.0120
       0.0758        0.0125        0.0959
      -0.0033        0.0084       -0.0000
      -0.0106        0.0878       -0.0146
       0.0067       -0.0098       -0.0001
      -0.0850       -0.5525       -0.2011
       0.2357        0.0540       -0.1562
       0.3120        0.3548        0.0311
       0.0595        0.0565        0.0563
       0.0296        0.2242       -0.1216

1164.7368106109202
       0.0626       -0.0468        0.0453
       0.0688        0.0106        0.0352
       0.0154        0.0041        0.0091
       0.1747        0.3176        0.1282
       0.0164        0.0932        0.0218
      -0.0153        0.0376       -0.0583
      -0.0107        0.2487        0.1218
      -0.1685       -0.0873       -0.1209
       0.0069       -0.3376        0.0321
      -0.0564        0.0015       -0.0407
      -0.0636       -0.0415       -0.1071
       0.1624        0.1226        0.1197
       0.0687       -0.4505        0.0715
      -0.1816        0.0984       -0.1246
      -0.0041       -0.0996       -0.0556
       0.0664        0.0362       -0.0475
       0.1056        0.1614        0.0291
      -0.2317       -0.2028       -0.1673
       0.0184       -0.2176        0.0482

1171.707482051042
       0.0663        0.1706        0.0576
       0.0370       -0.0477        0.0213
      -0.0682       -0.1402       -0.0556
      -0.0445       -0.2513       -0.0408
       0.0079        0.1962        0.0135
       0.0088       -0.0592        0.0598
       0.0299       -0.1911       -0.0222
      -0.0825       -0.1198       -0.0679
      -0.0378        0.2453       -0.1063
       0.0068       -0.0155        0.0033
       0.0776        0.0369        0.1270
       0.3697        0.3914        0.2858
       0.0324       -0.1802        0.0192
      -0.3043        0.1083       -0.2187
      -0.0037        0.0972       -0.0120
      -0.0665       -0.1025        0.0060
      -0.0747       -0.0290       -0.0335
       0.0476        0.0424        0.0525
      -0.0164        0.2334       -0.0852

1179.2996312144287
       0.0172        0.0499        0.0111
       0.0116       -0.0355       -0.0003
      -0.0166       -0.0282       -0.0125
      -0.0582       -0.0941       -0.0004
      -0.0006        0.0259       -0.0021
       0.0201        0.0332       -0.0623
      -0.2534       -0.0204       -0.3132
       0.0148       -0.0004        0.0066
       0.2311        0.1539        0.3446
       0.0045       -0.0049        0.0035
      -0.0922        0.0033       -0.1577
       0.0846        0.0945        0.0692
       0.0022       -0.0452        0.0098
      -0.0608        0.0211       -0.0430
       0.0019       -0.2961        0.2124
       0.1681        0.4095        0.0996
       0.0866       -0.3578        0.0636
       0.0418        0.0371        0.0283
       0.0744       -0.1904        0.1760

1249.5545639425766
      -0.1302       -0.0786       -0.0990
      -0.0418        0.1109       -0.0295
       0.0741       -0.1893        0.0442
       0.1575       -0.0361        0.1155
      -0.0207        0.6894        0.0231
      -0.0052       -0.0421        0.0068
      -0.0206       -0.0274       -0.0297
      -0.0978       -0.3013       -0.0817
       0.0167        0.0542        0.0080
      -0.0132       -0.0791       -0.0159
       0.0028        0.0018        0.0050
       0.0083        0.0219        0.0050
      -0.0171        0.0599       -0.0085
       0.3541       -0.2357        0.2474
      -0.0012       -0.0117        0.0147
       0.0069        0.0211        0.0069
       0.0024       -0.0245       -0.0010
      -0.0680       -0.1225       -0.0446
       0.0129        0.0473       -0.0103

1291.7428561534534
      -0.0275        0.1040       -0.0206
       0.0184       -0.1771        0.0080
      -0.0461       -0.0356       -0.0344
      -0.1070       -0.3320       -0.0438
      -0.0050        0.0913       -0.0056
       0.0354        0.5708       -0.1624
       0.0706        0.0886        0.1808
      -0.0184       -0.0066       -0.0131
      -0.0052       -0.1617        0.0173
       0.0547       -0.0084        0.0390
      -0.0267       -0.0700       -0.0202
       0.1060        0.1472        0.0894
      -0.0254        0.1894       -0.0220
       0.0647       -0.0518        0.0448
      -0.0033       -0.0269       -0.0933
      -0.0375       -0.1585       -0.0592
      -0.0089        0.0970        0.0201
       0.1246        0.1128        0.0526
      -0.0321       -0.4400        0.1459

1349.3543938557962
       0.0179       -0.0438        0.0124
       0.0046        0.3173        0.0088
       0.1465       -0.1337        0.1014
      -0.2424        0.0217       -0.1669
      -0.0282        0.1310       -0.0255
       0.0322        0.0712       -0.0229
       0.0221        0.0326        0.0182
      -0.0444       -0.2082       -0.0382
      -0.0056       -0.0650        0.0148
       0.0438        0.0097        0.0323
       0.0099        0.0059        0.0253
      -0.1902       -0.2097       -0.1514
       0.0755       -0.4724        0.0508
      -0.0812        0.0242       -0.0578
       0.0036       -0.0064       -0.0079
      -0.0139       -0.0256       -0.0088
      -0.0117       -0.0088        0.0066
       0.3881        0.3270        0.2667
      -0.0346       -0.0399        0.0163

1439.4934062467878
      -0.0016       -0.3758       -0.0154
       0.1414        0.1169        0.1073
      -0.3434        0.2780       -0.2344
      -0.1700        0.1780       -0.1258
      -0.0707       -0.1290       -0.0561
       0.0053       -0.0342       -0.0072
       0.0057        0.0210       -0.0201
       0.0061       -0.0341        0.0037
      -0.0076       -0.0666        0.0210
       0.1609        0.0108        0.1107
       0.0105        0.0113        0.0201
       0.3046        0.1739        0.2311
       0.0687       -0.1052        0.0484
       0.3287       -0.1451        0.2300
       0.0061        0.0036        0.0245
      -0.0095        0.0080        0.0042
       0.0080       -0.0121        0.0017
       0.1160        0.1022        0.0866
      -0.0042        0.0725       -0.0252

1461.155164442122
      -0.0086       -0.0134       -0.0072
      -0.0019        0.0172       -0.0010
       0.0025        0.0071        0.0020
       0.0021       -0.0142        0.0046
      -0.0124       -0.0066       -0.0098
       0.0489        0.0340        0.0544
      -0.0696       -0.3685        0.0038
      -0.0168       -0.0153       -0.0107
       0.0082        0.0023       -0.0220
       0.0170        0.0045        0.0120
      -0.0426       -0.0145       -0.0667
       0.0076        0.0062        0.0063
       0.0006       -0.0026        0.0006
       0.0032        0.0008        0.0030
      -0.0604        0.4079        0.0054
       0.2226        0.4416        0.2844
       0.0748        0.5338       -0.1812
       0.0340        0.0303        0.0140
      -0.0141       -0.1411        0.0461

1475.9804894316753
      -0.1794       -0.0821       -0.1360
      -0.0862        0.0256       -0.0627
       0.1481        0.1029        0.1135
       0.4293        0.0665        0.3294
      -0.0691       -0.2247       -0.0692
      -0.0196        0.0008        0.0162
       0.0063        0.0199       -0.0270
      -0.3760       -0.1428       -0.2644
       0.0106       -0.0186        0.0175
       0.1291        0.0880        0.0938
      -0.0292       -0.0318       -0.0492
       0.0644        0.0996        0.0528
      -0.0522        0.2104       -0.0361
      -0.0527        0.0883       -0.0329
       0.0120       -0.0316        0.0409
      -0.0408       -0.0117        0.0105
       0.0059       -0.0163        0.0009
       0.2438        0.2953        0.1548
      -0.0079        0.0586       -0.0147

1496.0460017438982
       0.0186        0.0391        0.0149
       0.0099       -0.0529        0.0054
      -0.0047       -0.0231       -0.0041
      -0.0366       -0.0081       -0.0220
       0.0160        0.0287        0.0122
      -0.0155        0.1339       -0.0466
       0.1283        0.0447       -0.1593
       0.0147        0.0044        0.0077
       0.0307       -0.1860        0.0444
      -0.0152       -0.0070       -0.0109
       0.0084       -0.0130        0.0177
      -0.0146       -0.0078       -0.0108
      -0.0006        0.0101       -0.0005
      -0.0061       -0.0048       -0.0051
       0.1090       -0.3815        0.3134
      -0.5053        0.0738        0.4207
      -0.1293        0.3096       -0.1712
      -0.0175       -0.0158        0.0003
       0.0221        0.2127       -0.0792

1511.7372035943447
       0.0161        0.0517        0.0138
       0.0106       -0.0789        0.0053
       0.0029       -0.0286        0.0010
      -0.0314       -0.0075       -0.0216
       0.0114        0.0310        0.0087
      -0.0237        0.1946       -0.0696
      -0.1232        0.0038       -0.1347
       0.0007       -0.0073       -0.0018
      -0.0491       -0.2414        0.0741
      -0.0084       -0.0049       -0.0059
       0.0138       -0.0232        0.0296
      -0.0168       -0.0050       -0.0125
      -0.0039        0.0278       -0.0025
      -0.0120       -0.0021       -0.0091
       0.0308        0.3202        0.4882
       0.0163       -0.1316       -0.1770
       0.5956       -0.0150        0.1154
       0.0027        0.0037        0.0120
       0.0206        0.2679       -0.0979

1548.9388548372492
      -0.0348       -0.0801       -0.0289
      -0.0215        0.1496       -0.0113
       0.0140        0.0364        0.0109
       0.0317       -0.0458        0.0181
      -0.0190       -0.0415       -0.0136
       0.0234       -0.2757        0.0647
      -0.0426       -0.0320        0.0144
       0.0239        0.0300        0.0234
      -0.0066        0.3961       -0.2284
       0.0051        0.0046        0.0038
       0.0066        0.0321        0.0150
       0.0204        0.0056        0.0154
       0.0062       -0.0575        0.0049
       0.0101        0.0083        0.0088
       0.0511       -0.0973        0.3360
      -0.2588       -0.2513       -0.0049
       0.3001        0.1797        0.0259
      -0.0128       -0.0197       -0.0352
      -0.0590       -0.5045        0.1508

1600.4060189569939
       0.3932        0.2991        0.3025
      -0.0232       -0.3703       -0.0319
      -0.3119       -0.1028       -0.2304
       0.0390        0.3312        0.0363
      -0.1076        0.1174       -0.0696
       0.0013       -0.1241        0.0258
      -0.0034       -0.0042        0.0089
      -0.1364       -0.1680       -0.1072
       0.0025        0.0737       -0.0356
       0.1546       -0.0087        0.1048
      -0.0092        0.0096       -0.0132
      -0.1101       -0.1411       -0.0876
      -0.0343        0.0903       -0.0258
       0.0125       -0.1001        0.0008
       0.0029       -0.0140        0.0158
      -0.0199       -0.0234       -0.0011
       0.0159        0.0167        0.0021
       0.1152        0.1105        0.0879
      -0.0194       -0.0959        0.0319

1662.7165254756917
      -0.2737       -0.0117       -0.1979
       0.2283       -0.4239        0.1515
       0.2489       -0.0340        0.1795
      -0.2679        0.4600       -0.1902
       0.1491        0.0806        0.1043
      -0.0290       -0.1417       -0.0560
      -0.0006       -0.0043        0.0079
       0.0260       -0.1017        0.0093
      -0.0006        0.0339       -0.0141
      -0.1434       -0.0099       -0.0980
       0.0331        0.0368        0.0599
       0.0517        0.1385        0.0418
       0.0350        0.1954        0.0279
      -0.0311        0.0578       -0.0210
      -0.0003       -0.0002        0.0036
      -0.0057       -0.0038        0.0045
       0.0051        0.0188       -0.0023
       0.1116        0.0799        0.0909
      -0.0123       -0.0814        0.0268

1748.6263512427506
       0.0311        0.0094        0.0253
       0.0038        0.0063        0.0058
      -0.1066        0.0317       -0.0742
      -0.0051       -0.0093       -0.0171
       0.3834       -0.0214        0.2602
       0.3246        0.1145        0.5518
       0.0017        0.0193        0.0103
      -0.0796       -0.0328       -0.0598
      -0.0233        0.0172       -0.0797
      -0.2444       -0.0090       -0.1663
      -0.2288       -0.1055       -0.3783
       0.0039       -0.0045        0.0019
       0.0064        0.0070       -0.0017
       0.0509       -0.0302        0.0337
       0.0095       -0.0348        0.0145
      -0.0257       -0.0512       -0.0250
       0.0147       -0.0239        0.0197
       0.0625        0.0747        0.0490
      -0.0383        0.0578       -0.0329

1761.941345067478
      -0.0911       -0.0082       -0.0656
       0.0589       -0.0846        0.0423
       0.1779       -0.0537        0.1247
      -0.1126        0.0644       -0.0974
      -0.5026        0.0672       -0.3361
       0.2359        0.0828        0.3925
       0.0026        0.0205        0.0070
       0.1148        0.0023        0.0798
      -0.0197       -0.0076       -0.0537
       0.3123        0.0067        0.2116
      -0.1615       -0.0740       -0.2653
       0.0102        0.0362        0.0088
       0.0140        0.0363        0.0086
      -0.0700        0.0461       -0.0490
       0.0080       -0.0308        0.0073
      -0.0202       -0.0346       -0.0180
       0.0056       -0.0191        0.0144
      -0.0860       -0.1118       -0.0563
      -0.0187        0.0609       -0.0316

3051.9222858073194
       0.0003       -0.0002        0.0001
      -0.0001       -0.0001       -0.0001
      -0.0002       -0.0001       -0.0002
      -0.0003       -0.0007        0.0003
       0.0006        0.0002        0.0004
      -0.0018        0.0039       -0.0058
      -0.1353       -0.1191        0.0170
      -0.0000       -0.0003        0.0001
       0.0006       -0.0058        0.0015
      -0.0004       -0.0000       -0.0002
       0.0012        0.0003        0.0022
      -0.0005        0.0007       -0.0003
      -0.0003        0.0000       -0.0000
       0.0001        0.0003        0.0002
       0.7823        0.0607       -0.1197
      -0.2248        0.2499       -0.2838
      -0.0899        0.1132        0.3502
       0.0010        0.0007        0.0002
      -0.0010       -0.0028       -0.0009

3140.5277424289557
      -0.0002        0.0000       -0.0001
       0.0000        0.0001       -0.0000
       0.0001        0.0000        0.0001
      -0.0006        0.0001        0.0002
      -0.0002        0.0001       -0.0002
      -0.0001       -0.0012        0.0001
      -0.2693        0.1335        0.0201
      -0.0001        0.0002       -0.0000
       0.0010       -0.0027       -0.0003
       0.0001       -0.0000        0.0001
       0.0005       -0.0001        0.0003
       0.0003       -0.0004        0.0002
       0.0002       -0.0000        0.0002
      -0.0000       -0.0001       -0.0000
       0.5344        0.0464       -0.0839
       0.3143       -0.3658        0.4313
       0.0795       -0.1277       -0.4162
       0.0002       -0.0005        0.0001
      -0.0017       -0.0001       -0.0016

3180.109954169446
       0.0002       -0.0002        0.0001
      -0.0002       -0.0001       -0.0002
      -0.0000        0.0001       -0.0000
      -0.0004        0.0003       -0.0001
       0.0001        0.0000        0.0001
       0.0022        0.0009        0.0018
       0.0185       -0.0262        0.3092
       0.0000       -0.0003       -0.0000
      -0.0000        0.0012       -0.0053
      -0.0001        0.0000       -0.0001
      -0.0006       -0.0012       -0.0009
      -0.0006        0.0009       -0.0004
       0.0009        0.0002        0.0007
      -0.0001       -0.0004       -0.0001
       0.0499        0.0016        0.0100
      -0.2834        0.3175       -0.3643
       0.1677       -0.2311       -0.7108
      -0.0001        0.0004       -0.0000
      -0.0016       -0.0005        0.0150

3196.6052269936254
      -0.1454        0.2210       -0.0963
       0.0208       -0.0036        0.0149
      -0.0090       -0.0537       -0.0085
       0.0010        0.0001        0.0007
       0.0006        0.0004        0.0004
      -0.0001       -0.0006        0.0000
       0.0000       -0.0003        0.0004
      -0.0006       -0.0004       -0.0004
      -0.0000        0.0003        0.0000
      -0.0005       -0.0001       -0.0004
       0.0001        0.0003        0.0000
       0.4765       -0.7364        0.3149
      -0.0758       -0.0114       -0.0554
       0.0593        0.1833        0.0500
       0.0005        0.0001       -0.0000
      -0.0007        0.0009       -0.0009
       0.0001       -0.0002       -0.0004
       0.0002       -0.0005        0.0001
       0.0000       -0.0001       -0.0002

3236.0382848886875
       0.0413       -0.0407        0.0284
      -0.0188        0.0010       -0.0136
      -0.0926       -0.2592       -0.0774
       0.0012       -0.0005        0.0009
      -0.0070        0.0060       -0.0046
      -0.0001       -0.0000       -0.0001
       0.0000        0.0001        0.0000
       0.0004        0.0011        0.0003
      -0.0000       -0.0000        0.0000
       0.0022       -0.0006        0.0014
       0.0000       -0.0001        0.0000
      -0.0986        0.1462       -0.0655
       0.0641        0.0112        0.0468
       0.2867        0.8552        0.2409
      -0.0003       -0.0000        0.0000
       0.0002       -0.0002        0.0002
       0.0001       -0.0001       -0.0003
       0.0000       -0.0005       -0.0001
       0.0001        0.0001       -0.0001

3252.1131689014114
      -0.0131        0.0333       -0.0081
      -0.2317       -0.0405       -0.1694
       0.0079        0.0171        0.0064
       0.0051       -0.0103        0.0037
       0.0005       -0.0014        0.0003
      -0.0020       -0.0003       -0.0022
       0.0000       -0.0001       -0.0004
       0.0025        0.0003        0.0019
       0.0002        0.0006        0.0000
       0.0000        0.0003        0.0000
       0.0008       -0.0006        0.0012
       0.0526       -0.0863        0.0344
       0.7561        0.1460        0.5533
      -0.0184       -0.0535       -0.0154
       0.0000        0.0001       -0.0000
       0.0002       -0.0000        0.0002
      -0.0002        0.0003        0.0010
       0.0010       -0.0009       -0.0000
       0.0000        0.0000        0.0002

3573.717948909272
      -0.0016       -0.0014       -0.0012
      -0.0024        0.0042       -0.0017
       0.0001        0.0002        0.0004
      -0.0024       -0.0013       -0.0023
       0.0012        0.0024        0.0008
       0.0003       -0.0001       -0.0002
       0.0000        0.0004       -0.0004
       0.1541       -0.2032        0.0659
      -0.0034       -0.0068       -0.0180
       0.0007       -0.0005        0.0003
       0.0003        0.0001        0.0007
       0.0003       -0.0005       -0.0001
      -0.0001        0.0001        0.0003
       0.0006        0.0006        0.0001
       0.0005        0.0002       -0.0001
       0.0003       -0.0009        0.0007
      -0.0002        0.0003        0.0009
      -0.5596        0.7463       -0.2345
       0.0091        0.0231        0.0664

3596.1247977665594
       0.0000       -0.0001        0.0000
      -0.0001       -0.0001       -0.0002
       0.0001        0.0002        0.0001
       0.0003       -0.0007        0.0002
      -0.0003        0.0002       -0.0005
      -0.0015        0.0052        0.0001
      -0.0022       -0.0046        0.0030
       0.0115       -0.0140        0.0049
       0.0492        0.0811        0.2459
       0.0003       -0.0001        0.0003
      -0.0017       -0.0003       -0.0033
      -0.0001        0.0001       -0.0000
       0.0001        0.0000        0.0001
      -0.0001       -0.0001        0.0000
      -0.0022       -0.0016        0.0005
      -0.0025        0.0058       -0.0054
       0.0015       -0.0054       -0.0103
      -0.0412        0.0546       -0.0194
      -0.1628       -0.3026       -0.8982

