JOB 0
COORDS  5.4785112715e-03 -2.4281953937e-01  9.8272801315e-01  1.2613045293e+00 -6.6159560660e-03  1.5520186406e+00  9.0351343894e-01 -3.3727609873e+00  6.3651014078e+00 -8.8809776150e-01 -1.0801104138e+00  1.6447616936e+00  1.2508559506e+00 -2.0476900421e+00  6.7326025732e+00  1.5790078054e+00 -6.1371340676e-01  2.7714395406e+00  6.3052920187e-01 -3.3167186347e+00  5.0084431678e+00  5.7685436600e-01 -1.4077236088e+00  3.3846082231e+00  1.9018563171e-01 -4.3934584715e+00  4.0648321460e+00  3.7720968749e+00  3.1863347930e-01  2.8237029609e+00 -6.0749313750e-01 -1.6403374405e+00  2.8314315116e+00  1.2038393626e+00 -1.2152854664e+00  5.6978813693e+00  8.2493798884e-01 -2.0044601866e+00  4.6464412415e+00  2.7797972933e+00 -5.3147985130e-01  3.3923242112e+00 -2.6546092766e-01  2.1332849987e-01  3.4893042363e-02  1.9798788354e+00  6.2302296371e-01  1.0396138792e+00  8.7020822921e-01 -4.2536520830e+00  6.9926226035e+00 -1.8668459667e+00 -1.3039294032e+00  1.2264326487e+00  1.5285676433e+00 -1.6660739692e+00  7.7080419035e+00 -8.7221203201e-01 -4.6183796890e+00  4.2060457220e+00  3.1196606078e-01 -4.0950539737e+00  3.0227951177e+00  7.5972232648e-01 -5.3098869302e+00  4.2435904438e+00  4.6275900940e+00  2.6084355671e-01  3.4967918686e+00  3.4207166792e+00  1.3559081898e+00  2.7689204147e+00  4.0697201751e+00 -2.4463138321e-02  1.8247741621e+00
ENERGY -6.272388927699e+02
GRADIENT -5.1640644435e-06 -7.6129873034e-06  1.1538812329e-05  2.8659448178e-05  1.7901230249e-05 -6.2761259481e-06 -1.5199394523e-03  3.0263599683e-04  3.2861526597e-04  8.4360123062e-06  9.2235388437e-06 -5.5166127443e-07  8.7060111345e-05 -2.6019150936e-05 -1.2914391061e-04 -3.0357700394e-05  1.0716960948e-05 -8.3601501117e-06  1.8555888099e-03 -3.3703117194e-04 -4.3824650454e-04 -1.2514116605e-05 -1.3932872506e-05  2.9773689253e-05  9.7645376033e-04 -5.5745175148e-04  1.6898950729e-04 -2.8781851928e-07  5.0693912705e-06  1.9459732397e-06  2.6087518985e-05 -1.4466541452e-05  1.3646960620e-05 -1.2397318847e-04  1.1103391828e-04  6.9880886146e-05  1.8038595929e-04 -6.0642749026e-05  1.7869122292e-05 -9.3170365887e-06 -1.3786685925e-05 -9.1266315938e-06  3.8388090537e-06  9.5711764275e-07  3.9574553213e-06  3.1656611910e-06  1.2913817784e-06 -1.6055590819e-06  3.4670256021e-06 -3.3640971301e-06 -2.2423737365e-07  1.7045725198e-06 -3.9690700985e-07  5.3759071570e-06  2.3358813124e-05  4.1123155067e-07 -9.8561198302e-06  1.4491722890e-06 -1.4884671143e-05  1.3076159516e-05 -1.4506414686e-03  5.9995471214e-04  2.3176379187e-06  6.5313191254e-06  6.3199309512e-06 -4.2714109232e-06  2.0750496241e-06 -7.4031808750e-07  1.2317515729e-06  4.4138611795e-06 -1.4301831115e-06 -1.0091227625e-06  2.7592142748e-06 -2.6848470731e-06  1.0601030200e-06

JOB 1
COORDS  2.9513603609e-02 -2.6427782548e-01  1.0251421583e+00  1.2834329545e+00 -1.0384347194e-02  1.5911531001e+00  9.6473527018e-01 -3.3843642620e+00  6.4026532523e+00 -8.5151842784e-01 -1.1109225543e+00  1.6919030192e+00  1.3358973721e+00 -2.0647159523e+00  6.7696826089e+00  1.6122175569e+00 -6.0892634990e-01  2.8118422204e+00  6.6913553745e-01 -3.3188978597e+00  5.0518172876e+00  6.2107003599e-01 -1.4131213465e+00  3.4304767246e+00  1.9119174006e-01 -4.3793062306e+00  4.1100168291e+00  3.7963793680e+00  3.4483815501e-01  2.8486423638e+00 -5.6094649574e-01 -1.6630743611e+00  2.8797698038e+00  1.2847108799e+00 -1.2284867445e+00  5.7387375697e+00  8.7680068453e-01 -2.0080841812e+00  4.6908284124e+00  2.8142435780e+00 -5.0975764346e-01  3.4278751264e+00 -2.4901394246e-01  1.8492405125e-01  7.6206292927e-02  1.9931173887e+00  6.2594474573e-01  1.0746671352e+00  9.2867289482e-01 -4.2671312637e+00  7.0272302660e+00 -1.8280612403e+00 -1.3491351951e+00  1.2763386807e+00  1.6349048460e+00 -1.6907173770e+00  7.7417531560e+00 -9.0261176367e-01 -4.4038666899e+00  4.0738920849e+00  5.3525768295e-01 -4.1991082697e+00  3.0888130548e+00  5.5121534876e-01 -5.3576890338e+00  4.4384584030e+00  4.6557381617e+00  2.9856135648e-01  3.5176948945e+00  3.4362403405e+00  1.3788605648e+00  2.7889426149e+00  4.0916792849e+00 -2.2275123720e-03  1.8503754596e+00
ENERGY -6.272396803533e+02
GRADIENT  1.2070452098e-05  1.7715614969e-05  1.2545159930e-05 -1.2413649633e-05  1.8808712170e-05 -2.2788316514e-05 -1.2016315495e-03  3.1929332052e-04  2.9015191186e-04  4.7324270037e-07 -1.9057554903e-05  2.9555303034e-05 -3.0941209588e-06 -1.2217245527e-05  4.0926555412e-06  1.9516003262e-05 -2.0023374917e-05  1.2203444498e-05  1.6866720344e-03 -3.0256531021e-04 -5.3997606379e-04  4.2532514797e-05 -2.2859188385e-05 -4.6112916261e-06  6.9503088812e-04 -7.5940698898e-04  4.6720943844e-04  2.8591804638e-07 -9.2283407213e-06  2.9165205918e-07 -1.7211183409e-05  1.8663022177e-05 -1.3883896231e-05  9.8163190811e-06 -9.6685498802e-06 -3.0270940033e-05 -5.5079879191e-05  5.1882085155e-05  8.3368478474e-05 -2.6021105117e-06  2.1761642583e-05 -1.5391579897e-05  4.6698161677e-06 -6.6617966142e-06 -1.5899132805e-06  1.0967841559e-05 -7.3102756562e-06 -3.7794520324e-07 -5.8951423312e-06  5.6641912915e-07 -7.7492977275e-07 -1.0263146709e-06  6.5729476990e-06  4.0652423705e-06  3.8931049130e-06  5.1794132002e-06 -8.3955633485e-07 -4.9490326596e-07  1.4802117531e-06  8.2195265094e-06 -1.1226033673e-03  7.3005960921e-04 -2.3753975179e-04 -4.5931264531e-06  9.4216474220e-07  8.9373589037e-06  3.0522135061e-06  4.8306175972e-06  2.7063683907e-06  7.0197132191e-06  1.0362130945e-06 -3.0656953259e-07 -3.0967154258e-06 -6.3526679772e-06 -1.2728013069e-06

JOB 2
COORDS -2.2414561860e-03 -2.7145904312e-01  9.9656900272e-01  1.2474590046e+00 -1.4727667965e-02  1.5705678873e+00  9.3503552856e-01 -3.4155348352e+00  6.3603686233e+00 -8.8419552034e-01 -1.1228802400e+00  1.6559097332e+00  1.3080939204e+00 -2.0982515763e+00  6.7362855869e+00  1.5709612193e+00 -6.1555765740e-01  2.7915114782e+00  6.2248393873e-01 -3.3371115711e+00  5.0145728949e+00  5.7870795132e-01 -1.4241320329e+00  3.4030355104e+00  1.6052634567e-01 -4.3917846106e+00  4.0595100224e+00  3.7521854684e+00  3.4456812657e-01  2.8423083744e+00 -5.9881304188e-01 -1.6766341937e+00  2.8442244079e+00  1.2451964872e+00 -1.2530441768e+00  5.7137290510e+00  8.2908736624e-01 -2.0235814948e+00  4.6622169339e+00  2.7697854233e+00 -5.1494650970e-01  3.4137507520e+00 -2.7669637668e-01  1.7922792123e-01  4.7164529990e-02  1.9580572375e+00  6.2527332066e-01  1.0598994773e+00  9.0392159845e-01 -4.3037763899e+00  6.9772935206e+00 -1.8573591778e+00 -1.3635496644e+00  1.2338550070e+00  1.6152969172e+00 -1.7326020117e+00  7.7089563107e+00 -9.0460364411e-01 -4.2838293063e+00  3.8359143352e+00  6.9704321058e-01 -4.3345162342e+00  3.1073172156e+00  3.3274946628e-01 -5.3790521210e+00  4.4949754485e+00  4.6082742815e+00  2.9866055600e-01  3.5155690635e+00  3.3891741210e+00  1.3776750072e+00  2.7841693326e+00  4.0536992780e+00  1.7775690442e-03  1.8444130266e+00
ENERGY -6.272401228535e+02
GRADIENT  2.4451210262e-05 -2.9225467349e-05  7.5651527959e-05  9.2149993552e-05  8.3921547962e-05 -6.6484286744e-05 -3.4359573860e-04  8.4708032283e-05  7.7047755698e-05 -2.5035324506e-05 -6.7368062142e-06 -2.7360358973e-06  1.7423683048e-04 -3.1587132555e-05  4.1839722468e-05 -1.1664466448e-04 -3.4853763799e-05 -5.0116241882e-05  3.8354861225e-04 -3.4016992010e-06 -1.2173841469e-04  1.0464086149e-04  2.4726267961e-06  4.1828553343e-05  1.5455751102e-04 -2.6687238841e-04  2.3555242708e-04  5.8009440231e-06  1.2726674769e-05 -7.4521828754e-06  6.5027565074e-06  2.4952214306e-05  2.2461282187e-06 -2.6237303504e-04 -1.1393296011e-05  1.9145400004e-05  1.2142429433e-04 -4.2832460682e-05 -6.8748727052e-05 -3.2802645440e-05 -1.6027247772e-05 -3.4856622971e-06  9.5754490064e-06 -9.4050681685e-07  9.2123175793e-06  1.1280147722e-05  8.1183544317e-06 -9.9527174105e-06 -1.9190809948e-05  1.2287773355e-05  1.3230108489e-05 -3.5337084550e-06 -1.1600265638e-06  5.5514319702e-06  4.2243577060e-05 -5.8930779022e-06 -3.0238512757e-06 -2.1204853160e-05 -6.6249047330e-06 -7.0352103230e-06 -2.4859667633e-04  2.4067000560e-04 -1.2257621527e-04  3.4629996677e-06  2.3158774584e-05 -3.7623666310e-07  2.5253561264e-06 -1.7420823506e-06  2.4059119505e-08  5.2016411263e-06 -1.4907646056e-06 -1.6878372510e-06  2.4708448441e-06 -2.2423811963e-06  1.4590442806e-06

JOB 3
COORDS -9.9784366840e-03 -2.5522521041e-01  1.0155605514e+00  1.2451456280e+00 -1.0878873684e-02  1.5828897208e+00  9.6361997674e-01 -3.4063921806e+00  6.3722903831e+00 -8.9707061372e-01 -1.0970962282e+00  1.6803370833e+00  1.3223639772e+00 -2.0851457776e+00  6.7487334334e+00  1.5690768782e+00 -6.1419075087e-01  2.8025119197e+00  6.3591182627e-01 -3.3280310261e+00  5.0301907550e+00  5.7195675349e-01 -1.4123836049e+00  3.4196333375e+00  2.1037263357e-01 -4.3915003473e+00  4.0679269160e+00  3.7595904962e+00  3.2525693910e-01  2.8425598075e+00 -6.1109498604e-01 -1.6529044365e+00  2.8675394702e+00  1.2423833082e+00 -1.2388682500e+00  5.7283840630e+00  8.2511143718e-01 -2.0115748179e+00  4.6789072400e+00  2.7720625777e+00 -5.2522562476e-01  3.4186843644e+00 -2.8490184287e-01  1.9759993065e-01  6.7303567249e-02  1.9593074552e+00  6.2194643778e-01  1.0682562934e+00  9.4681079104e-01 -4.2962496144e+00  6.9874229526e+00 -1.8750259901e+00 -1.3277126073e+00  1.2637830250e+00  1.6303200088e+00 -1.7175264416e+00  7.7204089816e+00 -7.8208727271e-01 -4.1867375085e+00  3.6595136267e+00  9.0746665572e-01 -4.4697350497e+00  3.2260178398e+00  1.9251673577e-01 -5.3560860509e+00  4.5808291620e+00  4.6186802985e+00  2.7103203432e-01  3.5113698112e+00  3.4059634361e+00  1.3617342433e+00  2.7867318351e+00  4.0527362446e+00 -1.9884175032e-02  1.8429896092e+00
ENERGY -6.272400676235e+02
GRADIENT -5.9350595901e-06  1.7560309304e-06 -8.1537330081e-06 -1.0741905992e-05 -1.5589729125e-05  2.2351260368e-05  5.3243828006e-04 -1.3006407731e-04 -1.0340289895e-04  1.3459066595e-05  3.2340843168e-06  9.2773349473e-06 -1.3555458734e-04  3.4926515823e-05 -1.3758705837e-06  4.6975659308e-05  2.8975729205e-05  2.3085117526e-05 -6.7374866578e-04  4.5639209061e-05  2.6057048407e-04 -8.8863383680e-05 -1.2493436912e-05 -2.8662774600e-07 -9.1671708425e-05  4.2215757818e-04 -4.1774926348e-04 -8.3422196813e-07 -1.1713756332e-05 -6.0180291109e-07  5.2723470685e-06 -2.2441505511e-05 -3.9436964122e-06  1.8699507466e-04 -1.6505214906e-05 -3.1757956289e-06 -4.4392555984e-05  3.4003496797e-05 -1.0920985605e-05  1.9138759674e-05  1.5370580161e-05 -1.3919717312e-05  3.8474078525e-07  2.2874906723e-06  2.8867041028e-06  3.4725353341e-06 -1.2238931617e-07  5.3025182243e-06  1.9461801313e-05 -6.3290758362e-06  1.5247853684e-06  2.2460906058e-06  2.1236223271e-06  7.3390721368e-06 -1.7559971285e-05  3.0812942891e-06  9.4529492887e-06 -3.1720895599e-06  6.7663357256e-06  7.9197091320e-06  2.9181254273e-04 -3.7087851646e-04  2.8355364545e-04  1.3342090081e-05  6.9355927042e-06  5.6692349062e-06  5.3827044568e-06 -9.9926061257e-07 -7.7494330148e-07  3.1435212924e-06  8.3207442243e-07  1.6857184180e-06  2.7043600089e-06  1.2703499656e-06 -2.0920962013e-06

JOB 4
COORDS -5.2006134408e-02 -2.3770231841e-01  9.8937579922e-01  1.2092264956e+00 -1.0750225463e-02  1.5498618263e+00  9.5434945717e-01 -3.3994934588e+00  6.3381377441e+00 -9.4901497729e-01 -1.0661803426e+00  1.6581277574e+00  1.2801234763e+00 -2.0711234020e+00  6.7178949981e+00  1.5285207529e+00 -6.1897606144e-01  2.7684219458e+00  6.2131695527e-01 -3.3244551231e+00  4.9967851127e+00  5.2360280824e-01 -1.4032421358e+00  3.3896097713e+00  2.5452716245e-01 -4.4012446655e+00  4.0244463999e+00  3.7296263936e+00  2.9576344951e-01  2.8064223737e+00 -6.6579976440e-01 -1.6264488197e+00  2.8438876661e+00  1.1762805494e+00 -1.2234321093e+00  5.7004035698e+00  7.7734146520e-01 -2.0028400212e+00  4.6494368172e+00  2.7342994539e+00 -5.4650001127e-01  3.3814888994e+00 -3.2491031229e-01  2.1872697312e-01  4.2263927629e-02  1.9299429631e+00  6.1203995329e-01  1.0320588139e+00  9.5715896370e-01 -4.2908618835e+00  6.9513844061e+00 -1.9323278951e+00 -1.2816383989e+00  1.2460857745e+00  1.5782764722e+00 -1.6985399413e+00  7.6907166961e+00 -6.2327205791e-01 -4.1289570158e+00  3.4352861815e+00  1.0811083252e+00 -4.6097386572e+00  3.3347501928e+00  4.1223597397e-02 -5.3234572987e+00  4.5705998320e+00  4.5887632716e+00  2.3167834736e-01  3.4742917652e+00  3.3858793169e+00  1.3356668361e+00  2.7533405389e+00  4.0185011545e+00 -4.9979693421e-02  1.8058469561e+00
ENERGY -6.272396487059e+02
GRADIENT  8.5377591586e-05 -1.1551621899e-04  2.6396716416e-04  2.0257451978e-04  1.7756149427e-04 -1.4065639494e-04  1.1129482333e-03 -4.2610201863e-04 -1.2226772241e-04 -1.5420186830e-04 -5.1411391591e-05 -4.1965643624e-05 -6.9520453864e-05 -8.9038259133e-05 -1.9576648184e-04 -1.6111521583e-04 -3.6889974849e-05 -3.4316930293e-05 -1.5927214469e-03  1.8478014632e-04  6.6023546566e-04  6.9922892928e-05  1.1093817700e-05  2.3911946807e-05  1.7909545863e-04  8.9869304401e-04 -1.0087623632e-03  2.5896935526e-06  1.1559253637e-05 -1.2184808678e-05  8.7856013233e-06  3.1071241973e-05 -3.2454872458e-05 -1.4831843880e-05  4.7724144128e-05 -9.4126537611e-05 -1.5053750421e-05  1.9002599234e-04  1.0906133723e-05 -1.6828694822e-05  1.4059181612e-07 -4.2549946677e-05  1.8495391764e-05 -9.0922120344e-06  2.8309264913e-05  3.7005040757e-05  1.5692917332e-05 -8.1561885724e-06 -4.5199967117e-05 -1.2818451567e-05  3.7650627072e-05 -1.9853528223e-05 -5.9126093231e-06  9.0563148742e-06  7.8756557689e-06 -1.4257132126e-05 -1.1600477569e-05 -9.0529682271e-06 -2.7973420694e-06  3.4207173688e-05  3.8818614496e-04 -7.5252073291e-04  7.4011725711e-04  2.2775429441e-05 -4.9420675823e-05  2.5614629376e-06  1.4356424234e-06 -2.0863595938e-06  3.8815621112e-06  2.5449247154e-06 -2.4244322447e-06  2.3631973920e-07  3.8597193767e-06  3.8505061233e-07  2.9841932046e-06

JOB 5
COORDS -7.7464543539e-02 -2.1553905741e-01  9.8474127763e-01  1.1889938046e+00  1.6987640054e-04  1.5377012436e+00  9.6107157672e-01 -3.3825068930e+00  6.3288121689e+00 -9.7567620574e-01 -1.0393209480e+00  1.6577266889e+00  1.2688516887e+00 -2.0498755061e+00  6.7056911605e+00  1.5123560942e+00 -6.1372419138e-01  2.7523950372e+00  6.2743727887e-01 -3.3160643973e+00  4.9866116849e+00  5.0629429642e-01 -1.3926008837e+00  3.3778329901e+00  2.9126950380e-01 -4.4053754952e+00  4.0156579817e+00  3.7189328694e+00  2.8815711223e-01  2.7814214011e+00 -6.8857258438e-01 -1.6053539354e+00  2.8399597599e+00  1.1536871680e+00 -1.2060729287e+00  5.6857814832e+00  7.6617724870e-01 -1.9933263025e+00  4.6365234485e+00  2.7221767656e+00 -5.5106485082e-01  3.3585588821e+00 -3.5356541088e-01  2.4573587086e-01  4.0885347459e-02  1.9105488166e+00  6.1957502630e-01  1.0170385322e+00  9.7545719526e-01 -4.2721693410e+00  6.9444708039e+00 -1.9633983374e+00 -1.2464129963e+00  1.2520511233e+00  1.5602310179e+00 -1.6707206989e+00  7.6780454417e+00 -4.2059379022e-01 -4.0679274240e+00  3.2612639596e+00  1.1922940328e+00 -4.7738600409e+00  3.5107272686e+00 -1.4842602563e-01 -5.2495669013e+00  4.5533320509e+00  4.5813475597e+00  2.1684298129e-01  3.4443102845e+00  3.3804163052e+00  1.3300518342e+00  2.7343704907e+00  4.0004826512e+00 -5.5175587132e-02  1.7779493373e+00
ENERGY -6.272390329618e+02
GRADIENT  7.4392517653e-08  7.3180395260e-06 -9.7331966737e-06 -1.1847643496e-05 -6.3648907139e-06  5.8461750029e-06  1.2624831716e-03 -1.0557577971e-04 -3.2455260458e-04  6.2527650292e-06  5.8560575038e-07  5.3797876495e-06 -2.4142812480e-05  1.3398578322e-05  2.8168285855e-05  4.8606824923e-06  1.1862887316e-05  9.8631592932e-06 -1.9471483072e-03 -7.5313401412e-05  7.5073483147e-04  6.7392826263e-07 -6.2758115748e-06  1.5746261790e-05  5.3122306966e-04  1.0438607066e-03 -1.3597929949e-03  1.1801489131e-06 -1.5817597572e-06  4.2149540212e-06 -2.7201497922e-06 -3.8392830638e-06 -1.0516465827e-05  9.6898419047e-06 -1.9733573474e-05  9.0304493388e-06  1.8275333590e-05  3.4544530806e-06 -1.8526099300e-05  7.6049172027e-06 -2.0771685135e-06 -4.2707758761e-06  3.2154159795e-07  3.1137499888e-07  1.9234139267e-06 -5.0216425631e-08 -2.0207017018e-06  3.1084604949e-06 -1.4293894464e-05  1.8445101382e-06  6.2539560263e-06  1.0325261036e-06  2.6659036891e-06  1.5465696464e-06  9.9103081364e-06 -4.2294582084e-06  2.3607613532e-06 -6.5668744255e-07  2.6760693810e-07 -3.1090379220e-06  1.6394696444e-04 -8.8360076004e-04  9.3305114397e-04  3.4011952685e-06  7.3348924087e-06  1.8043118535e-06  1.3979397965e-06 -7.5256155424e-07  2.9758607324e-06  1.8119007477e-06 -8.8286792268e-07  2.5937629886e-06  3.1550802424e-06 -7.1260882556e-07  2.5087061604e-06

JOB 6
COORDS -1.0311111214e-01 -1.9868870175e-01  9.7109659686e-01  1.1659829978e+00  1.4076044699e-02  1.5191588021e+00  9.5375981640e-01 -3.3748646458e+00  6.3078796360e+00 -9.9900562997e-01 -1.0245166816e+00  1.6446882015e+00  1.2499167672e+00 -2.0402795744e+00  6.6841403795e+00  1.4941448699e+00 -6.0496865100e-01  2.7299597210e+00  6.2759098362e-01 -3.3129570170e+00  4.9630364209e+00  4.9054503109e-01 -1.3859658138e+00  3.3563125945e+00  2.9595446124e-01 -4.4096376191e+00  3.9972258366e+00  3.7006449198e+00  2.9709529806e-01  2.7549271438e+00 -7.0705900187e-01 -1.5957216598e+00  2.8233719712e+00  1.1328443836e+00 -1.1980501133e+00  5.6626489393e+00  7.5638669101e-01 -1.9894139170e+00  4.6127540877e+00  2.7061647586e+00 -5.4504822475e-01  3.3318082174e+00 -3.8315760786e-01  2.6667891319e-01  3.0406378126e-02  1.8855373874e+00  6.3528352913e-01  9.9787540315e-01  9.7344147011e-01 -4.2636809714e+00  6.9247554363e+00 -1.9886700688e+00 -1.2293657022e+00  1.2426573848e+00  1.5345032735e+00 -1.6578578666e+00  7.6572472510e+00 -1.9196517458e-01 -4.0258523015e+00  3.1013736053e+00  1.1995745876e+00 -4.9556853269e+00  3.7029080034e+00 -3.8110651252e-01 -5.1281441271e+00  4.4681471536e+00  4.5653968155e+00  2.2313290611e-01  3.4144660723e+00  3.3615746724e+00  1.3390512511e+00  2.7137230995e+00  3.9787862566e+00 -4.1709852851e-02  1.7489796430e+00
ENERGY -6.272384510721e+02
GRADIENT  2.8625320731e-06  3.5147545482e-08  6.1202695699e-06 -3.7797437585e-07  3.7263128419e-06 -2.4957987083e-06  8.7789632142e-04 -8.5711050202e-05 -2.2283205050e-04 -3.4632261473e-06 -4.1267875975e-06  1.6366272363e-07 -2.8537063868e-05  7.3392708433e-06 -1.4157632365e-05 -6.7096688566e-06  6.7293454428e-06  1.1907921403e-05 -1.4118836879e-03 -4.3808615952e-05  5.2506877093e-04  9.1250175589e-06 -1.1407488199e-05  1.8984582460e-05  6.5241704502e-04  6.6147623900e-04 -9.8932488526e-04  5.2487287285e-07 -9.1583672955e-07  4.8226583581e-06  1.7032373437e-06 -4.7484475282e-06 -9.7055637201e-06  1.9030906296e-05  1.0147011237e-05  1.4026710731e-05  2.7723997883e-05  5.0848421063e-06  9.8419184069e-06  3.9688305498e-06 -2.6641169161e-06 -4.1430428923e-06  9.1994485994e-07 -9.3920346895e-08  3.7529335711e-06  8.2298586069e-07 -1.7173234890e-06  3.2732104157e-06 -1.4134989388e-05 -1.2066686994e-06  3.9506117196e-06  1.6529510609e-07  2.1333294087e-07  1.5901069054e-06  8.3947818697e-06 -2.7628503463e-06 -7.7592353795e-07 -1.8172378535e-07  2.3215039889e-07  8.6641904471e-07 -1.1593976955e-04 -5.6076048519e-04  6.8410548960e-04  4.5855025445e-06 -2.3932259042e-06  3.8586684546e-06  9.7362364293e-07 -1.1592749675e-06  3.4633041263e-06  2.4680054422e-06 -6.1620468289e-07  2.7406041305e-06  2.3802010425e-06 -1.1022622148e-06  2.7276585230e-06

JOB 7
COORDS -1.2471522884e-01 -2.0448703701e-01  9.6733514853e-01  1.1438519002e+00  1.7602781858e-02  1.5130008858e+00  9.5146831066e-01 -3.3971753461e+00  6.2884716039e+00 -1.0110280710e+00 -1.0416779182e+00  1.6396715771e+00  1.2394067722e+00 -2.0631245689e+00  6.6716934486e+00  1.4802892486e+00 -6.0415371313e-01  2.7201449270e+00  6.4068385979e-01 -3.3317843251e+00  4.9397775625e+00  4.8607267579e-01 -1.3980204394e+00  3.3451238877e+00  2.7783403844e-01 -4.4219310781e+00  3.9773007086e+00  3.6780734252e+00  3.1833591249e-01  2.7440336172e+00 -7.1107812235e-01 -1.6163963882e+00  2.8146628132e+00  1.1251488747e+00 -1.2166900503e+00  5.6529530567e+00  7.6049813701e-01 -2.0057931993e+00  4.5975181663e+00  2.6926194414e+00 -5.3501414511e-01  3.3200155556e+00 -4.1165331834e-01  2.6263483143e-01  2.9578417208e-02  1.8563239065e+00  6.4792781666e-01  9.9289775262e-01  9.7377413723e-01 -4.2886228985e+00  6.9015230473e+00 -1.9998486948e+00 -1.2536100999e+00  1.2392764359e+00  1.5175870406e+00 -1.6837290761e+00  7.6478462629e+00  7.5495841054e-02 -4.0291525403e+00  2.9810225521e+00  1.0889428489e+00 -5.1538887204e+00  3.9033965579e+00 -6.2135938469e-01 -4.9476232571e+00  4.3130410674e+00  4.5450867430e+00  2.4957184318e-01  3.4011518731e+00  3.3294613068e+00  1.3573246378e+00  2.7077931738e+00  3.9567247616e+00 -1.4001107944e-02  1.7360794613e+00
ENERGY -6.272383012279e+02
GRADIENT -3.5020087530e-05  2.6436892188e-05 -6.3341769773e-05  9.8635440521e-05  5.7498321188e-05 -2.4598573226e-05 -4.6786159748e-04 -9.4497773684e-06  1.8348281904e-04  1.7505716700e-04  2.6443307692e-05  9.1781581720e-05  1.3635114338e-04 -6.4720657622e-05 -1.3074861671e-04 -1.2488713869e-04 -4.9635517899e-05 -8.4650900807e-05  7.8345592091e-04  3.1420580558e-05 -3.0946009548e-04  1.8408772964e-05 -1.0900011409e-04  4.1379053245e-05 -4.2349047065e-04 -1.9791034065e-04  4.4057223849e-04 -6.6068352202e-06  1.0851513926e-05 -2.9545436749e-05 -1.3896188300e-05 -2.6348342085e-05  3.4384796472e-05 -1.6443691840e-04  8.4318073602e-05  1.8917453672e-05 -2.4557991757e-05 -1.1735136666e-05  2.0234233712e-04 -8.8147343319e-05 -1.9883306468e-05 -1.6538177394e-05  1.8327990821e-05  1.1823840497e-05 -6.9820273941e-06  1.5104829684e-05  1.7612930309e-05 -1.7990565896e-05 -2.3940594540e-05 -1.0329088356e-05  1.3411681939e-05  1.3517623387e-05 -1.1763992305e-06  1.9177553072e-05  2.1300575978e-05 -6.6130883830e-06 -9.2405363290e-06  1.5904449448e-05  2.1061060935e-05  2.3088827318e-05  1.6760436286e-04  2.1521245857e-04 -3.1498557042e-04 -3.3407621245e-05 -2.0706977617e-05  9.0364183892e-06  1.2933301314e-06 -3.3125954409e-06  2.9710503572e-06 -2.7701776531e-06 -3.4952743143e-06  3.0632312375e-06 -2.3087043793e-06  5.0007096686e-07  1.3482768173e-06

JOB 8
COORDS -1.1462543744e-01 -2.3012264635e-01  9.9300258787e-01  1.1502229214e+00  2.2226047845e-02  1.5346733193e+00  9.7560367145e-01 -3.4181056829e+00  6.3052198760e+00 -9.7527506312e-01 -1.0939620928e+00  1.6645583428e+00  1.3046333145e+00 -2.0915936459e+00  6.6840851123e+00  1.5097421239e+00 -5.9592749262e-01  2.7368221201e+00  6.7152419481e-01 -3.3489269187e+00  4.9557783879e+00  5.3854713714e-01 -1.4180840531e+00  3.3624779563e+00  2.3440068256e-01 -4.4214426901e+00  4.0057166721e+00  3.6850451681e+00  3.7853482872e-01  2.7492383164e+00 -6.5463411912e-01 -1.6656992802e+00  2.8354411333e+00  1.2154283918e+00 -1.2456898072e+00  5.6630967977e+00  8.2941064047e-01 -2.0276632010e+00  4.6090436626e+00  2.7237613967e+00 -4.9905952606e-01  3.3292926052e+00 -4.1775457040e-01  2.3416718850e-01  5.8963388472e-02  1.8436716549e+00  6.7301175898e-01  1.0141324032e+00  9.7418889558e-01 -4.3082236834e+00  6.9204875444e+00 -1.9597647647e+00 -1.3305864036e+00  1.2672818216e+00  1.5977047930e+00 -1.7181845420e+00  7.6582078501e+00  3.3155661666e-01 -4.1016723851e+00  2.9670832838e+00  8.4909152157e-01 -5.3161953180e+00  4.1420176704e+00 -8.1475794630e-01 -4.6872076511e+00  4.1673800974e+00  4.5578982240e+00  3.2800245225e-01  3.4002636813e+00  3.3123679054e+00  1.4093443986e+00  2.7184499784e+00  3.9644493594e+00  5.5749056247e-02  1.7383497629e+00
ENERGY -6.272388519229e+02
GRADIENT -2.5202638369e-05  1.6610504653e-05 -4.0880114683e-05 -7.7476872536e-06 -1.3062535885e-05  2.5898375141e-05 -1.6764822096e-03  3.4418145086e-04  3.5833573291e-04  6.7228808134e-05  1.6531368984e-05  3.9445655967e-05  2.8469144548e-04 -1.7912891547e-05 -9.6289055255e-05  6.8204463255e-06  3.3478713553e-05  6.0319934429e-06  2.6419082650e-03 -3.8933598996e-04 -8.4708612508e-04 -2.8451954419e-05 -3.8871747305e-05 -8.9712208712e-06 -2.2879028973e-03 -5.2633917894e-04  1.6507333989e-03 -5.5865128759e-08 -4.7133488702e-07  2.0900493143e-06  9.9011535902e-07 -5.8211175288e-05  2.2911491415e-05 -3.3503204169e-04  9.3358731871e-05  1.4606698920e-04  2.2384629511e-04 -4.8493209197e-05 -1.9052602118e-05  8.2903768689e-06 -3.5380860059e-06 -1.3863276511e-05  3.2544221450e-06  3.1486248150e-06 -2.6131095834e-06  2.4903189231e-06 -2.7812604327e-06  5.2339857068e-07 -4.5927085384e-05  7.8326301824e-06  9.7054731527e-06  6.0125088907e-06  1.0158224326e-06  1.0573260317e-05  7.3361891011e-05 -5.4959022882e-06 -1.6516071955e-05  3.4019498910e-05 -5.1072922936e-06 -3.3748710747e-05  1.0808076220e-03  5.6864031057e-04 -1.1257753878e-03  2.8010380775e-05  3.8195513345e-05 -7.8063013725e-06  3.2888843709e-06 -1.6633111436e-07  9.6405393757e-07  2.1183681936e-06 -1.5315542929e-06 -9.9122776239e-07  3.2656870349e-06 -1.9791172751e-06 -1.9957062643e-07

JOB 9
COORDS -1.3726550807e-01 -2.4942629305e-01  9.6989271389e-01  1.1195366616e+00  2.1044951240e-02  1.5216773830e+00  9.5635584764e-01 -3.4555465908e+00  6.2669761643e+00 -9.8850780606e-01 -1.1290825807e+00  1.6326316021e+00  1.2989737876e+00 -2.1345672104e+00  6.6560510611e+00  1.4813048769e+00 -5.9447720367e-01  2.7244578942e+00  6.3948290846e-01 -3.3701352110e+00  4.9220249124e+00  5.1806388083e-01 -1.4329927789e+00  3.3414017784e+00  1.7562129422e-01 -4.4235376225e+00  3.9653704660e+00  3.6438577876e+00  4.0800868055e-01  2.7483210410e+00 -6.6678406008e-01 -1.6984321691e+00  2.8042632628e+00  1.2109115116e+00 -1.2793590536e+00  5.6431282930e+00  8.0720553745e-01 -2.0473213381e+00  4.5852186323e+00  2.6905242656e+00 -4.8104240390e-01  3.3238797965e+00 -4.4087964764e-01  2.1275573985e-01  3.4981499590e-02  1.8063392071e+00  6.8382917405e-01  1.0075548284e+00  9.5263953282e-01 -4.3515776680e+00  6.8734348507e+00 -1.9660033117e+00 -1.3808278808e+00  1.2274225378e+00  1.6025830270e+00 -1.7727390235e+00  7.6313065923e+00  5.0731339077e-01 -4.2134343559e+00  2.9456260508e+00  5.8323547332e-01 -5.3941396187e+00  4.2605548372e+00 -9.1653253725e-01 -4.4870022699e+00  3.9437366466e+00  4.5145523516e+00  3.6709855173e-01  3.4029069098e+00  3.2595230149e+00  1.4345272388e+00  2.7166564864e+00  3.9311116688e+00  8.9251903004e-02  1.7383392270e+00
ENERGY -6.272396638437e+02
GRADIENT -5.7483946091e-06  4.0274786202e-05 -6.1989128979e-05 -1.0285301643e-04 -8.1678151091e-05  4.1554630860e-05 -1.2593079666e-03  2.2888856385e-04  3.5334890228e-04  1.0737426416e-05 -5.4023666481e-06  8.6771758375e-06  3.4364829331e-05 -1.9991306155e-05  2.2797209006e-04  1.0508033722e-04  3.8306628154e-06  3.3820844405e-05  2.3937197727e-03 -2.2999131298e-04 -6.7791463159e-04  4.0452118712e-05  9.3657707967e-05 -8.1207226754e-05 -1.9436421248e-03 -1.1159718417e-04  1.0881156716e-03  1.6393830053e-05 -8.6801030666e-06  1.4480714304e-05 -3.0308683865e-05  2.8419952801e-05  2.6339201619e-05 -8.7909490237e-06 -2.1338178251e-04 -1.1850550066e-04 -1.8653855519e-04  9.2713721546e-05 -2.6351350371e-04  5.7893633079e-05  1.7057330201e-05  2.6690174113e-05 -1.0393596233e-05 -2.7703527989e-07 -2.9564452239e-06 -1.6336991666e-05 -1.3864882537e-05  9.6677414862e-06  2.2046387811e-05  1.0508554525e-05  1.7407472754e-05  2.9771737989e-06  6.0003451583e-06  1.9448488438e-07 -9.9849532246e-06 -1.2416033934e-05  2.7378280514e-05 -4.8187166414e-05  2.7021861806e-05  8.0795934185e-05  1.0367503713e-03  2.1659955986e-04 -7.3197774449e-04 -4.7062893520e-05 -4.6081177998e-05  3.7901161354e-05  5.7364468373e-06  8.8325267767e-08 -3.3235984794e-06  5.7354384316e-06  4.2424614112e-07  1.4433475233e-06  4.4167357438e-06 -1.0752216764e-06  6.7254591278e-07

JOB 10
COORDS -1.5340340099e-01 -2.5609252093e-01  9.5966276996e-01  1.1012878551e+00  1.8356800873e-02  1.5142299047e+00  9.6250189453e-01 -3.4684504026e+00  6.2487228916e+00 -1.0042666283e+00 -1.1372181850e+00  1.6208649176e+00  1.3075962876e+00 -2.1485706891e+00  6.6415972264e+00  1.4611737138e+00 -5.9521503516e-01  2.7185464420e+00  6.2166484682e-01 -3.3746628600e+00  4.9107388793e+00  4.9830198801e-01 -1.4352203389e+00  3.3345690026e+00  1.6846151354e-01 -4.4244094257e+00  3.9460905794e+00  3.6217102061e+00  4.1167370224e-01  2.7451144348e+00 -6.8412002560e-01 -1.7041120269e+00  2.7940258574e+00  1.2039648940e+00 -1.2880178129e+00  5.6351343971e+00  7.8587927042e-01 -2.0500656394e+00  4.5783487507e+00  2.6692088308e+00 -4.7873512868e-01  3.3198937814e+00 -4.5561012024e-01  2.0414416736e-01  2.3358036825e-02  1.7879492109e+00  6.8208544587e-01  1.0011127652e+00  9.6705643101e-01 -4.3679953421e+00  6.8498290532e+00 -1.9799857450e+00 -1.3919436141e+00  1.2132040915e+00  1.6231528673e+00 -1.7918659939e+00  7.6149225580e+00  6.8807426369e-01 -4.3387331558e+00  2.9867269638e+00  3.7625425577e-01 -5.4138846043e+00  4.3607656889e+00 -9.0297846745e-01 -4.3415419426e+00  3.7432237342e+00  4.4911963098e+00  3.7341824276e-01  3.4014712208e+00  3.2352696371e+00  1.4373399892e+00  2.7114362876e+00  3.9116485599e+00  9.2345635791e-02  1.7360706452e+00
ENERGY -6.272401232077e+02
GRADIENT  5.1098988248e-05 -4.6307254187e-05  1.1163486875e-04  5.0776392123e-05  5.5540087507e-05 -5.6041421687e-05 -2.5527430202e-04  9.7327937847e-05  5.9382637496e-05 -1.0337675020e-04 -2.9557446226e-05 -3.8696269494e-05  2.7365529843e-05  6.3481471930e-06  3.4910432305e-04 -4.2998936082e-05 -3.1382241338e-05 -1.9779448246e-05  6.3977239904e-04  2.4871525226e-05 -1.3990630889e-04  1.1084198385e-04  1.0077363835e-04 -6.7097125616e-06 -3.7073401357e-04 -6.6393758762e-06  1.8742648911e-04  1.4828516826e-05  7.6733619761e-06  3.9567473223e-06 -1.3488306191e-05  8.2201793078e-05 -1.9611067152e-05  3.5671439592e-05 -2.7717785618e-04 -1.3981533576e-04 -2.3963809109e-04  4.1659585130e-05 -2.8501014976e-04  8.1184469740e-06 -1.4017022039e-06  1.2341808246e-05  2.6454815623e-06 -5.7796712418e-06  1.4817160147e-05  8.0384836832e-06  2.8683391386e-06 -1.9156702812e-07  2.1123255018e-05  2.0859128023e-05  1.5569779375e-05 -8.6529567319e-06 -1.6188706347e-07  1.3081780737e-07 -1.4224590063e-05 -9.1214785441e-06  3.5478510567e-05 -5.7246133498e-05  4.1384025005e-05  6.3618768332e-05  2.4643463578e-04  1.9663645797e-06 -1.1573842102e-04 -5.2404268213e-05 -4.4762066707e-05  2.7777399977e-05  4.1670669680e-06  1.2736767122e-08 -1.3075474716e-06  5.2173255978e-06 -1.2045167498e-06 -9.6363214060e-07  3.6408303015e-06 -1.7919808263e-06  2.1712022766e-06

JOB 11
COORDS -1.7771076548e-01 -2.4337431796e-01  9.5394994970e-01  1.0817469308e+00  1.7740669509e-02  1.5037968679e+00  9.7284209778e-01 -3.4635043968e+00  6.2348460926e+00 -1.0368016897e+00 -1.1134168195e+00  1.6194321021e+00  1.2948645324e+00 -2.1388845275e+00  6.6316448834e+00  1.4380228286e+00 -5.9822858705e-01  2.7080469036e+00  6.1731640891e-01 -3.3697359628e+00  4.9007126633e+00  4.6793306504e-01 -1.4265420372e+00  3.3281405869e+00  2.1055978230e-01 -4.4275008883e+00  3.9241930023e+00  3.6082764870e+00  3.8794426783e-01  2.7306155406e+00 -7.1944502986e-01 -1.6822997108e+00  2.7923610454e+00  1.1667386732e+00 -1.2762143188e+00  5.6298106224e+00  7.5532078037e-01 -2.0411901769e+00  4.5727059723e+00  2.6487880280e+00 -4.9433543068e-01  3.3064472350e+00 -4.7774032355e-01  2.1868212537e-01  1.7835879034e-02  1.7741383739e+00  6.7314627048e-01  9.8765384138e-01  9.9669154424e-01 -4.3652757639e+00  6.8321285218e+00 -2.0169364869e+00 -1.3568410389e+00  1.2154696517e+00  1.6085248486e+00 -1.7801702720e+00  7.6048268821e+00  8.9452549989e-01 -4.4674920589e+00  3.0692656797e+00  2.2031106447e-01 -5.4013507402e+00  4.4191950743e+00 -7.9333753868e-01 -4.2417744195e+00  3.5339229327e+00  4.4783824740e+00  3.4182142806e-01  3.3856437167e+00  3.2307000402e+00  1.4169195038e+00  2.6979432901e+00  3.8939099594e+00  6.6471399374e-02  1.7210398065e+00
ENERGY -6.272400554723e+02
GRADIENT  5.8043201403e-05 -5.3478433251e-05  1.2458122254e-04  4.5406282114e-05  4.8649115099e-05 -5.0250219277e-05  5.6351727189e-04 -2.8636730046e-05 -1.3883302405e-04 -1.1861568889e-04 -3.3659503485e-05 -3.8356058585e-05  1.1188938775e-04 -6.7743214152e-06  3.8317849015e-04 -1.2680556452e-05 -1.2564707865e-05 -1.5100568598e-05 -9.1320591522e-04  2.7157339953e-04  3.1919089769e-04  9.9718269301e-05  1.2133705770e-04 -3.4753271195e-05  1.2955495265e-03 -2.0606358183e-04 -3.0688340756e-04  1.3683729102e-05  5.1074564582e-06  7.0952527635e-06 -9.4781602858e-06  6.9288136422e-05 -5.6032515245e-06 -3.9425416285e-05 -3.2897890251e-04 -1.3096576719e-04 -2.8103285620e-04  5.7148204072e-05 -3.8036846070e-04  3.0877266469e-05  4.4274215615e-06  3.7568529520e-06  1.5977793948e-06 -7.8124143592e-06  1.7276148254e-05  1.0921218773e-05  2.6400007877e-06  3.1297870717e-06  1.1612367386e-05  2.2792051288e-05  2.3226788755e-05 -9.8662718382e-06  3.0900876365e-08  1.8677575472e-06 -5.3591151626e-06 -1.6698931236e-05  4.0235713441e-05 -8.0134921653e-05  6.8450108071e-05  5.8971696750e-05 -6.3443010749e-04  8.4876950756e-05  1.7758467779e-04 -8.2750535471e-05 -4.4161613216e-05  1.6701804164e-05  4.4028506772e-06  6.2209197769e-07  4.4995631097e-07  3.5863960428e-06 -1.2604333867e-06  3.9506254248e-07  4.5224474613e-06 -1.0146065555e-06  2.8024021650e-06

JOB 12
COORDS -1.8911175694e-01 -2.2479476002e-01  9.7859551121e-01  1.0768454923e+00  2.3274400400e-02  1.5192219065e+00  9.8672281266e-01 -3.4587915729e+00  6.2480169218e+00 -1.0506045680e+00 -1.0894812760e+00  1.6480624775e+00  1.2965759385e+00 -2.1316711147e+00  6.6452028109e+00  1.4357689367e+00 -6.0079412181e-01  2.7185431029e+00  6.2868608367e-01 -3.3693037417e+00  4.9140694029e+00  4.6393983189e-01 -1.4229869044e+00  3.3437020049e+00  2.6540850210e-01 -4.4352326405e+00  3.9283071100e+00  3.6140081619e+00  3.6738638698e-01  2.7294122398e+00 -7.2986771063e-01 -1.6658370567e+00  2.8164603693e+00  1.1593528916e+00 -1.2698826101e+00  5.6438965469e+00  7.5751707659e-01 -2.0396763867e+00  4.5864638282e+00  2.6515888983e+00 -5.0944084636e-01  3.3087113612e+00 -4.9255182373e-01  2.4324526227e-01  4.6558198984e-02  1.7710487105e+00  6.7475414834e-01  1.0004905377e+00  1.0172058738e+00 -4.3600782245e+00  6.8457765999e+00 -2.0361071937e+00 -1.3223549865e+00  1.2510291661e+00  1.6053396846e+00 -1.7699547746e+00  7.6188353351e+00  1.0828703788e+00 -4.6202198226e+00  3.2217963726e+00  5.2728550973e-02 -5.3655546784e+00  4.4602040639e+00 -6.2013286882e-01 -4.1571898682e+00  3.3525459232e+00  4.4886805177e+00  3.1118035464e-01  3.3775375664e+00  3.2447364019e+00  1.3995702136e+00  2.7041447789e+00  3.8892360618e+00  4.8017933738e-02  1.7162952425e+00
ENERGY -6.272396125812e+02
GRADIENT  5.9960292260e-06 -6.6025696126e-05  9.9033191235e-05  2.1878496916e-04  1.7289158578e-04 -8.7654180662e-05  1.0438239979e-03  3.6353846045e-04 -5.3574545417e-04  5.1952618970e-05  2.0513788284e-05  4.6159311975e-05  2.4324943665e-04  1.7199376436e-04  2.0755145941e-04 -1.9176820313e-04  1.1742642965e-05 -7.5593854126e-05 -2.3447443322e-03 -1.3744481635e-04  3.9132165851e-04 -9.6628018652e-05 -2.3740036279e-04  9.7596627008e-05  2.3242699956e-03 -3.6705608123e-04 -4.5559885435e-04 -2.0194658802e-05  1.8821614109e-06 -3.5395657232e-05  5.9548902168e-05 -1.3157832630e-04  9.2766745435e-06 -1.6984160111e-04 -1.6280275684e-05  2.9022693312e-04  3.4725700541e-04 -2.4181860827e-04  1.8294236561e-04 -8.3006580718e-05 -2.7397686140e-06 -7.9418723088e-05  2.7141295801e-05  5.9403205426e-06  1.0252318423e-05  3.6863582612e-05  2.7889590230e-05 -2.0574029796e-05 -3.1194786809e-05  2.5808096654e-05 -2.3326345350e-05  1.1277311449e-06 -8.7350522122e-06  2.1173431615e-05  4.0584227077e-05  1.6194422859e-05  9.7153694481e-06 -8.0689357361e-05  7.3822711368e-05  5.0700146748e-06 -1.1904683484e-03  3.4607262525e-04  9.8555590035e-05 -1.4435890004e-04 -2.4098993174e-05 -9.0139120462e-05  1.3007371133e-06 -4.9139156334e-06  3.5776498065e-06  1.3706127529e-06 -7.7247858322e-07  1.4324141776e-06 -1.4173936287e-06  3.3546922246e-06 -3.1882099996e-06

JOB 13
COORDS -2.1609229609e-01 -2.0411289829e-01  9.7759621865e-01  1.0558972323e+00  2.9024871607e-02  1.5104432093e+00  9.9538908618e-01 -3.4523682902e+00  6.2365967636e+00 -1.0822896811e+00 -1.0620376487e+00  1.6498875719e+00  1.2776806841e+00 -2.1200257863e+00  6.6336403146e+00  1.4165266534e+00 -6.0274678494e-01  2.7052964903e+00  6.3775741573e-01 -3.3692999951e+00  4.9015224734e+00  4.4088157384e-01 -1.4174470933e+00  3.3331642229e+00  3.1103015833e-01 -4.4492251494e+00  3.9167972986e+00  3.6024809987e+00  3.4835455734e-01  2.7115286343e+00 -7.5933359835e-01 -1.6459891885e+00  2.8140423955e+00  1.1258685501e+00 -1.2607949530e+00  5.6315403803e+00  7.3940775592e-01 -2.0374114563e+00  4.5739125170e+00  2.6360953843e+00 -5.2494717711e-01  3.2897583524e+00 -5.2104101475e-01  2.7039982127e-01  4.9313046820e-02  1.7529301345e+00  6.7565750110e-01  9.8946882324e-01  1.0420053518e+00 -4.3528000934e+00  6.8347477945e+00 -2.0729243184e+00 -1.2830621179e+00  1.2589327844e+00  1.5762267897e+00 -1.7519178295e+00  7.6080716103e+00  1.2108506509e+00 -4.7943354072e+00  3.3940300609e+00 -1.2830380562e-01 -5.3030271135e+00  4.4389015676e+00 -4.0757127872e-01 -4.1032439138e+00  3.1722744226e+00  4.4791808645e+00  2.8265479328e-01  3.3560027031e+00  3.2401585287e+00  1.3831201063e+00  2.6932083148e+00  3.8716671314e+00  3.2442275506e-02  1.6957356418e+00
ENERGY -6.272389873760e+02
GRADIENT  1.2106889764e-05 -2.9457537771e-05  5.6446016370e-05  6.1028811271e-05  4.8451900033e-05 -2.9263224835e-05  1.2336540883e-03 -7.9262936628e-05 -3.9520075277e-04 -3.4393056137e-05 -1.8553182923e-06 -2.5303531524e-05 -5.1192706434e-05  3.6113803234e-05  1.6186271457e-04 -8.3544960393e-05 -1.1380661490e-05 -2.1564943799e-05 -2.2465686954e-03  2.9103563693e-04  5.1695318514e-04 -5.8835826340e-06  3.7053071638e-05  9.1606527154e-05  2.0501460303e-03 -6.5134485344e-04  2.2245504500e-06  9.4735637552e-07  1.1432842430e-06 -1.4168941569e-06 -1.6837901624e-06  5.4277855392e-05 -4.8035041543e-05  8.2905468615e-05 -1.0631082854e-04 -3.9537135499e-05  4.1035370784e-05 -2.4670517160e-05 -1.8267100342e-04 -3.1174242892e-05 -3.7078347054e-06  1.5417531877e-05  5.9496621601e-06 -2.0110036605e-07  8.9272413507e-06  8.1468499911e-06  5.3467442124e-06 -1.0109101468e-06  3.2902221219e-06  9.7295623715e-06  5.2646522847e-06 -3.2049285140e-06 -2.0416605858e-06  6.5016436561e-07  4.6731823985e-07 -9.1612321394e-06  1.6199644505e-05  3.4675510350e-05 -4.6741448763e-05  1.8621125889e-05 -1.1141369431e-03  4.7133557926e-04 -1.5526536272e-04  6.1160045911e-05 -6.0587305035e-06  5.0810062908e-05  1.3232410031e-06 -3.0657779251e-06  2.9432475924e-06  2.8878275629e-06 -1.0067275700e-06  3.1762230769e-06 -8.8402769431e-07 -1.3557026940e-06  3.1302617518e-06

JOB 14
COORDS -2.3663700044e-01 -1.9529079802e-01  9.7527441752e-01  1.0386208362e+00  3.7962776973e-02  1.5002331201e+00  1.0030639889e+00 -3.4468958539e+00  6.2260467840e+00 -1.0984777400e+00 -1.0555479543e+00  1.6502370881e+00  1.2750959879e+00 -2.1127996045e+00  6.6215964683e+00  1.4063711170e+00 -5.9698785220e-01  2.6912201704e+00  6.5118129740e-01 -3.3678817319e+00  4.8885624101e+00  4.3543076498e-01 -1.4144098978e+00  3.3225585262e+00  3.2521502828e-01 -4.4542244009e+00  3.9091290900e+00  3.5905784057e+00  3.5777758043e-01  2.6888960938e+00 -7.6796551241e-01 -1.6426407628e+00  2.8107883962e+00  1.1190375894e+00 -1.2546758359e+00  5.6187128282e+00  7.4261121356e-01 -2.0354586608e+00  4.5609209306e+00  2.6289355877e+00 -5.1945728324e-01  3.2691650749e+00 -5.4777302063e-01  2.8149863150e-01  5.0216447210e-02  1.7318750971e+00  6.8662867384e-01  9.7670752938e-01  1.0558746999e+00 -4.3463231944e+00  6.8253608612e+00 -2.0913310100e+00 -1.2762036717e+00  1.2647679821e+00  1.5691166988e+00 -1.7417029089e+00  7.5962787103e+00  1.2321198039e+00 -4.9833409371e+00  3.5953895560e+00 -3.4901837284e-01 -5.1830056053e+00  4.3678157236e+00 -1.7041926206e-01 -4.0582058816e+00  3.0225828596e+00  4.4706365768e+00  2.9191591467e-01  3.3287534744e+00  3.2258949014e+00  1.3917836228e+00  2.6757246560e+00  3.8553366868e+00  4.5657148139e-02  1.6707790566e+00
ENERGY -6.272384214561e+02
GRADIENT  8.3902972554e-05 -1.4620505294e-04  2.8173207365e-04  2.5944922176e-04  2.1765972360e-04 -1.4881189582e-04  7.2645325407e-04 -1.7755259038e-04 -1.1160511144e-04 -1.5341049938e-04 -3.8380837411e-05 -5.1284292839e-05 -9.9978546731e-06 -5.1584418399e-05 -2.2791549248e-04 -2.1248070011e-04 -3.4892038280e-05 -6.2289372039e-05 -1.4351311177e-03  2.4140927476e-04  3.0641374083e-04  4.4163531961e-06 -2.0707776355e-05  7.1426090707e-05  1.2385901662e-03 -5.4758572543e-04  2.2236633624e-04 -6.1516034636e-06  1.1016499120e-05 -1.7291510492e-05  4.7421021517e-05  1.5966170545e-05 -3.1226115026e-05 -9.1095898121e-05  1.4645068675e-04  4.4506392437e-05  1.9160668084e-04 -3.8037760770e-05  4.9291984988e-05 -7.2520565927e-05 -7.0752166224e-06 -3.5460743646e-05  2.3845869874e-05 -7.5082233660e-06  2.9926812644e-05  4.3906962780e-05  2.6180204520e-05 -1.2192225318e-05 -2.8229299873e-07 -1.7522264951e-05  6.0066234957e-06 -1.6775284381e-05 -1.3224354488e-05  1.0254261761e-05  2.2384505021e-05 -4.3874783257e-06 -2.0381769522e-05  8.9602661207e-06 -1.4043425080e-05 -7.6924341945e-06 -6.2670667183e-04  4.2501076088e-04 -2.5376690361e-04  1.2904529566e-05  1.1197514445e-05  6.7840672587e-06  3.8472943212e-07 -3.3357763913e-06  4.9485920858e-06  3.6194126560e-07 -2.7872398039e-06  1.2705108006e-06 -1.3659845532e-06  2.7422448142e-07  2.2495449445e-06

JOB 15
COORDS  4.0425709608e-02 -2.2963208340e-01  8.1175316287e-01  1.2845113273e+00 -3.1068875979e-02  1.4195256212e+00  6.9461950054e-01 -3.2783181490e+00  6.2825801705e+00 -9.0814072668e-01 -1.0171796161e+00  1.4584125052e+00  1.0258642732e+00 -1.9460592868e+00  6.6361765700e+00  1.5356317064e+00 -6.2511516023e-01  2.6608223755e+00  4.6240531914e-01 -3.2483508660e+00  4.9170534373e+00  4.8281254330e-01 -1.3669770856e+00  3.2533099425e+00  9.9869871260e-02 -4.3560885104e+00  3.9746780439e+00  3.7591696734e+00  2.2634589952e-01  2.7765551846e+00 -6.9065748884e-01 -1.5638247383e+00  2.6645708008e+00  1.0103596305e+00 -1.1336921939e+00  5.5842109059e+00  6.6771225241e-01 -1.9432560510e+00  4.5363792783e+00  2.7161604835e+00 -5.7645296408e-01  3.3229578485e+00 -1.7985174154e-01  2.1715876766e-01 -1.5352145509e-01  2.0443973071e+00  5.5982529668e-01  9.2073625584e-01  6.4067691170e-01 -4.1468966400e+00  6.9257395044e+00 -1.8804729465e+00 -1.2103738519e+00  1.0108976077e+00  1.2679523259e+00 -1.5445534454e+00  7.6131230334e+00  8.6931054393e-01 -5.1352362207e+00  3.9878992984e+00 -8.4623261637e-01 -4.8185846204e+00  4.2725613129e+00 -1.4880234986e-02 -3.9977463880e+00  2.9520626529e+00  4.5871103290e+00  1.5012920297e-01  3.4815089881e+00  3.4484567938e+00  1.2744362047e+00  2.6909891793e+00  4.0797692305e+00 -1.4595022341e-01  1.7953759085e+00
ENERGY -6.272383153567e+02
GRADIENT -1.0411295067e-05  5.1652396249e-06 -1.5988728361e-05 -1.7329916620e-05 -1.4257222592e-05  1.9099129960e-05 -4.8807224397e-04  1.0991409872e-04  7.7061485214e-05  1.5350333518e-05  7.4812832932e-06  4.8423642891e-06  1.1148433568e-04  1.8441182403e-05  7.9642135771e-05  2.9264957563e-05  3.9802653336e-05  8.1756683817e-06  6.5763829578e-04 -1.4655784590e-04 -2.5247430213e-05 -3.4942462865e-05  9.2490164217e-06 -8.4000726164e-06 -5.5727236049e-04  4.3493627165e-04 -2.9911944802e-04  2.2399318914e-06 -5.0640065897e-06  8.4360263305e-06  2.0755612628e-05 -3.8624337348e-05  2.7405136173e-05 -1.7295744893e-04 -4.3645987050e-05  7.8304101696e-05  1.7753953809e-04 -8.5795599947e-05 -1.8654824591e-04  2.4780572665e-05  5.4807069565e-07 -7.1820684534e-06 -9.7275108265e-07 -2.5909658876e-07  2.2674380146e-06 -3.7438114549e-06 -4.4106120648e-06  3.5436529493e-06  2.1086843959e-05  1.7156690039e-06  4.6137285144e-06  1.4384220274e-06  8.6717289151e-07  5.4211360142e-06  2.5340773109e-05 -9.9661296378e-06  1.0999048521e-05  1.8268574435e-05  2.7480829087e-06 -2.4651396931e-06  2.2566630899e-04 -3.0231497653e-04  2.6999440285e-04 -2.8951978240e-06  1.5599362589e-06  1.8974229517e-05  2.8844499184e-06 -9.8694785276e-07  2.1823300722e-06  3.6544054232e-06 -8.3233132212e-07  2.5719914648e-06  4.2436490303e-06 -9.2811685196e-07  2.0223598542e-06

JOB 16
COORDS  6.1879958091e-02 -2.5695105770e-01  8.6847153380e-01  1.3042939162e+00 -3.5965652391e-02  1.4721618466e+00  7.4519871446e-01 -3.3159608585e+00  6.3233971483e+00 -8.6878217657e-01 -1.0643930791e+00  1.5164826694e+00  1.0981002781e+00 -1.9901255225e+00  6.6823971646e+00  1.5714979053e+00 -6.2812448929e-01  2.7109334900e+00  5.1284307875e-01 -3.2760028250e+00  4.9585191808e+00  5.3508036632e-01 -1.3912273519e+00  3.3058964623e+00  8.7256418872e-02 -4.3606611659e+00  4.0171960770e+00  3.7809481275e+00  2.6011739357e-01  2.8155398235e+00 -6.3635634554e-01 -1.6095539021e+00  2.7204278409e+00  1.0915795951e+00 -1.1721536144e+00  5.6349804753e+00  7.3263557622e-01 -1.9713332089e+00  4.5844567074e+00  2.7538579576e+00 -5.5894619610e-01  3.3677698004e+00 -1.7048201187e-01  1.8793677233e-01 -9.4835429452e-02  2.0510222380e+00  5.7024303495e-01  9.7187778382e-01  6.8263738806e-01 -4.1872999813e+00  6.9619343593e+00 -1.8386810713e+00 -1.2755654314e+00  1.0717949953e+00  1.3519404735e+00 -1.5979240045e+00  7.6601331919e+00  6.4957106471e-01 -5.2755829571e+00  4.2277658184e+00 -9.7616392702e-01 -4.5890774016e+00  4.1412350335e+00  2.5006810008e-01 -4.0858247140e+00  2.9745438857e+00  4.6142222204e+00  1.9627249015e-01  3.5154206929e+00  3.4536846656e+00  1.3033870233e+00  2.7324913143e+00  4.1012583782e+00 -1.0661049614e-01  1.8321540963e+00
ENERGY -6.272388731674e+02
GRADIENT  7.8010124575e-06 -2.6360329965e-05  5.3240077735e-05  9.5422779473e-05  6.6576675437e-05 -4.3908071050e-05 -1.5221675514e-03  3.4382973447e-04  3.0008717764e-04  3.5415947297e-07  4.2234398425e-06 -5.3460715894e-07  1.2559150887e-04 -5.3140265723e-05 -3.1457153474e-05 -9.5526943218e-05 -3.1748108264e-05 -5.7233407239e-05  2.4503069266e-03 -8.0882560560e-04 -1.2174332622e-04  7.4497408562e-05 -1.3256693832e-05  5.4697850070e-05 -1.2925937255e-03  1.5307366774e-03 -1.1679345313e-03  2.4096811406e-06  3.3480775958e-06 -1.3293035582e-05  9.0574185992e-06  2.7024517720e-05  2.0183274372e-06 -1.2699493645e-04  2.4430468857e-05 -9.1116337237e-06 -1.3553768743e-05 -9.8030145377e-06  2.3689201572e-05 -4.7895502908e-05 -4.6868087522e-06 -2.3649019739e-06  1.0055005965e-05  2.0414324920e-06  8.5350467254e-06  1.3355919831e-05  1.0650510242e-05 -7.8172284842e-06  1.6176078770e-06  6.3900834231e-07  5.3433760072e-06 -2.2209141468e-07 -2.2817147747e-06  6.8225769365e-06  1.6891882419e-05 -2.6651804058e-06 -1.6444720292e-06 -3.6202648122e-06  1.4691295253e-05  2.5241296140e-06  3.5484211185e-04 -1.0642523755e-03  1.0705290870e-03 -2.8730004978e-06  6.4154165031e-07 -7.5823492060e-06  2.5492155414e-06 -4.0300292504e-06  6.2295016587e-07  3.7244417812e-06 -1.2414870452e-06  2.0850224141e-06 -8.0565090978e-07 -3.7865549371e-07  7.0636522490e-07

JOB 17
COORDS  5.2077954310e-02 -2.7786576789e-01  8.6099884017e-01  1.2888807788e+00 -3.2598721394e-02  1.4671936260e+00  7.4232763290e-01 -3.3388202995e+00  6.3073938674e+00 -8.6304563330e-01 -1.1052517719e+00  1.5055524973e+00  1.1255028624e+00 -2.0211731150e+00  6.6694395885e+00  1.5666851834e+00 -6.2082925517e-01  2.7053317229e+00  4.9898889151e-01 -3.2877405423e+00  4.9456236348e+00  5.4386630263e-01 -1.4046651562e+00  3.2981863058e+00  3.5024188299e-02 -4.3530860659e+00  4.0023362524e+00  3.7600270725e+00  3.0651318284e-01  2.8084788085e+00 -6.2128104532e-01 -1.6464460640e+00  2.7093119012e+00  1.1311316070e+00 -1.1998448806e+00  5.6254209034e+00  7.4717936047e-01 -1.9869772368e+00  4.5738722890e+00  2.7479200677e+00 -5.3018998236e-01  3.3616475136e+00 -1.8730536363e-01  1.6360920916e-01 -1.0212247191e-01  2.0242912322e+00  5.8860595310e-01  9.6856855429e-01  6.6584419410e-01 -4.2113860546e+00  6.9425819701e+00 -1.8274162106e+00 -1.3361663951e+00  1.0586033905e+00  1.3952031010e+00 -1.6386748564e+00  7.6467715890e+00  3.7155434907e-01 -5.3295911427e+00  4.3620534200e+00 -1.0572178729e+00 -4.3726194707e+00  3.9376251815e+00  4.2462753186e-01 -4.2030814259e+00  2.9930658586e+00  4.5947465436e+00  2.5746964057e-01  3.5078431375e+00  3.4146542264e+00  1.3439418732e+00  2.7252756949e+00  4.0860802748e+00 -5.4765453790e-02  1.8249241203e+00
ENERGY -6.272396621856e+02
GRADIENT  7.3138243867e-05 -1.3190188110e-04  2.9374564592e-04  1.8931114738e-04  1.5235374412e-04 -1.0632261902e-04 -1.1679719272e-03  2.7426433135e-04  2.0922442980e-04 -2.1649963267e-04 -4.8894008304e-05 -9.5570582236e-05 -1.7907277557e-04  6.7959118677e-05 -6.8543680089e-06 -1.0494376215e-04 -3.8539264798e-06 -1.5422421015e-05  1.9530172348e-03 -7.5460916559e-04 -1.0586829425e-04 -3.5054718808e-05  3.2833416005e-07  2.3566881437e-05 -7.2711940789e-04  1.4076491551e-03 -1.2229962798e-03 -1.0833838671e-07  5.2593577690e-06 -4.6294032306e-06  4.6623599339e-05  1.6987522821e-05 -5.1962880014e-05  1.7799162611e-04 -4.0038366332e-06  1.2841823774e-05  4.4352954691e-05  1.4743554554e-06 -6.4628537656e-06 -4.5239589735e-06  6.6083553724e-07 -3.8703947865e-05  1.1083566974e-05 -1.2346736179e-05  3.1772939248e-05  3.6379612099e-05  1.3477261643e-05 -2.5076694175e-07  2.1625072852e-05 -5.0225357406e-06  3.2434876988e-07 -2.1783154141e-05 -6.8397169357e-06  3.4109453727e-06 -1.2100853519e-05  5.2331318930e-06  4.4593661312e-06 -1.0575398707e-05 -3.6043395711e-05  1.7720792673e-05 -3.7589579579e-05 -9.1502685952e-04  1.0739186728e-03  1.7443182717e-05  1.3091519237e-06  3.8929053663e-05  3.1694494408e-06  1.9188353757e-07  3.5656060615e-07  2.6691734542e-06 -1.7820244087e-06 -4.2161193123e-06  3.5578017440e-06 -6.5831006615e-07 -1.1917292348e-06

JOB 18
COORDS  5.3154728962e-02 -2.8057579444e-01  8.7465387694e-01  1.2896615001e+00 -3.2103385264e-02  1.4801171708e+00  7.7462217806e-01 -3.3409556134e+00  6.3192008170e+00 -8.5913351770e-01 -1.1085680712e+00  1.5222802585e+00  1.1676195253e+00 -2.0252559589e+00  6.6802590250e+00  1.5698698129e+00 -6.1714850104e-01  2.7192160520e+00  5.0533672947e-01 -3.2835733052e+00  4.9631681437e+00  5.4900394983e-01 -1.4014207138e+00  3.3154291732e+00  4.7589014612e-02 -4.3478776360e+00  4.0166590364e+00  3.7628805324e+00  3.1190890437e-01  2.8150171290e+00 -6.1563191151e-01 -1.6464486252e+00  2.7271108014e+00  1.1573236406e+00 -1.2004957207e+00  5.6394873065e+00  7.5438169757e-01 -1.9826817590e+00  4.5910858082e+00  2.7522525616e+00 -5.2322784929e-01  3.3731260718e+00 -1.8770643746e-01  1.5822929415e-01 -8.9318558139e-02  2.0237124290e+00  5.8927996585e-01  9.7973948076e-01  7.0390668389e-01 -4.2153542841e+00  6.9524015372e+00 -1.8233260692e+00 -1.3426945184e+00  1.0766147764e+00  1.4538147985e+00 -1.6469156345e+00  7.6544940330e+00  1.8773343607e-01 -5.3284891581e+00  4.4785206103e+00 -1.0093935121e+00 -4.2259458358e+00  3.7642910802e+00  6.1267643680e-01 -4.3246243921e+00  3.0798610098e+00  4.5993353496e+00  2.6488236786e-01  3.5124504065e+00  3.4173390536e+00  1.3491195791e+00  2.7296935555e+00  4.0864958269e+00 -5.2146657360e-02  1.8316712382e+00
ENERGY -6.272401182475e+02
GRADIENT -1.0414881426e-05 -2.0445682164e-05  2.6277765862e-05  9.1920478143e-05  6.0391728955e-05 -2.5056014503e-05 -3.7138194845e-04  1.7290304858e-04 -5.8353138162e-05  2.4927185875e-05  1.7784926083e-05  6.6403323049e-06  4.2462588707e-05  7.5242751804e-05  8.2152799487e-05 -1.1559773241e-04  5.5736385433e-06 -4.5931852403e-05  4.2425731074e-04 -2.5567413010e-04 -1.7540600449e-05 -3.5758789032e-05 -2.2409973580e-05  1.3121212036e-04 -5.5224903688e-05  3.4922395626e-04 -4.1630343524e-04 -5.4810391068e-06  8.4930233473e-06 -1.3052261896e-05  1.6938968797e-05  2.4522213045e-05 -4.8076348716e-05  2.6857928665e-05 -5.6112897482e-06  7.1324407299e-05  1.3428932182e-04 -9.1895212306e-05 -2.6746120618e-05 -5.1531093491e-05 -1.6512371811e-05 -8.1323663824e-06  1.1071958765e-05  2.8550285288e-06  4.7485612064e-06  1.4247339734e-05  9.5176928806e-06 -9.2636895605e-06 -1.3648897425e-05  1.9367464019e-05 -3.2136573303e-06  7.4224961069e-07 -8.6373723026e-07  6.8817679767e-06  2.2035864332e-05  3.7504340059e-06  5.7549583879e-06 -2.0746020126e-05 -2.3416165478e-05  1.3038865169e-05 -8.4574651892e-05 -2.4997071332e-04  3.5536853907e-04  1.9764136757e-05 -2.3959993747e-05  2.4627487654e-05  1.9887803044e-06 -1.3425275689e-06 -3.5358881917e-08  3.7778543516e-06 -8.8411773881e-07 -3.4054340424e-06 -3.1331192214e-07 -2.2724967961e-06 -1.7491711495e-06

JOB 19
COORDS  4.1726140919e-02 -2.6666010095e-01  8.8509786238e-01  1.2830439301e+00 -3.0758677714e-02  1.4854412947e+00  8.0109797231e-01 -3.3323997526e+00  6.3284482274e+00 -8.7586998919e-01 -1.0843559533e+00  1.5384125421e+00  1.1801676508e+00 -2.0117284803e+00  6.6864682821e+00  1.5625786058e+00 -6.1727669946e-01  2.7240925663e+00  5.1327068023e-01 -3.2746473645e+00  4.9762479809e+00  5.3655967004e-01 -1.3903977294e+00  3.3258194419e+00  9.5393192593e-02 -4.3509293362e+00  4.0250056341e+00  3.7649325856e+00  2.9077277064e-01  2.8108502834e+00 -6.3312094677e-01 -1.6234287537e+00  2.7428474458e+00  1.1474425514e+00 -1.1853215861e+00  5.6475745387e+00  7.4359095302e-01 -1.9707318998e+00  4.6021481582e+00  2.7486370550e+00 -5.3470744999e-01  3.3730718470e+00 -1.9883441063e-01  1.7343016806e-01 -7.8378622722e-02  2.0212778338e+00  5.8271454619e-01  9.8148183836e-01  7.4636015214e-01 -4.2082508661e+00  6.9612509960e+00 -1.8445376001e+00 -1.3086500907e+00  1.0974370817e+00  1.4698648163e+00 -1.6304557109e+00  7.6584864618e+00  4.6615085511e-02 -5.3053061624e+00  4.5539961945e+00 -8.7919012506e-01 -4.1339718887e+00  3.5810901139e+00  8.1205769365e-01 -4.4530865645e+00  3.2020261929e+00  4.6036991072e+00  2.3587015417e-01  3.5049262028e+00  3.4288795837e+00  1.3311927240e+00  2.7268368993e+00  4.0811615852e+00 -7.6397320532e-02  1.8262689813e+00
ENERGY -6.272400631790e+02
GRADIENT -1.0514775438e-04  1.1861623477e-04 -3.0026746351e-04 -8.4602862029e-05 -9.5892362754e-05  9.2007438682e-05  4.6648172608e-04 -5.7228709560e-04  2.6774485313e-04  3.0156060554e-04  7.1133427162e-05  1.2029190268e-04 -5.9929938539e-05 -2.2306711719e-04 -4.6243356201e-04 -2.8323135027e-05  6.6366775055e-05 -5.1982098550e-05 -8.4972629459e-04  5.9250992170e-04  4.0460573011e-04 -2.2211987959e-05  1.0425291869e-04  1.9720261508e-04 -3.3613837451e-05 -6.4293805349e-04  7.5602875457e-04 -1.0959985617e-05 -6.0346666789e-06 -6.3575618554e-06 -2.3191619433e-05 -8.0369372895e-06  5.5292335926e-08 -6.0236253483e-05  1.2165270942e-04 -1.1538199302e-04  2.0682405756e-04  1.1075298667e-04 -2.9094918740e-04 -3.1285994705e-05 -1.0149017064e-05  1.0578743212e-05  1.9054413559e-06  2.0172951373e-05 -2.5014143222e-05 -2.2834602642e-05 -1.9521084932e-06 -1.0968280284e-05 -1.7760523006e-05 -2.7118050294e-05  4.7494502197e-05  2.6525852621e-05  7.3131989777e-06  1.1853187810e-05  1.6950709988e-05 -1.9360733555e-05 -3.0086635806e-05  7.9916363000e-05  5.6079263239e-05 -9.8520996084e-06  3.1121387205e-04  3.2620985902e-04 -4.7234930744e-04  3.5156906236e-06  4.0062460683e-05 -5.5579313510e-05  3.6385860694e-06 -1.3146814160e-06 -8.3907818804e-07  5.5751273762e-06  1.3036962813e-06  2.7243084566e-08  5.5841590611e-07 -9.0639117520e-07 -3.0429415737e-06

JOB 20
COORDS  3.8133817562e-02 -2.3952545488e-01  9.2513343095e-01  1.2903433817e+00 -3.0835376628e-02  1.5122626627e+00  8.5518682039e-01 -3.3125012845e+00  6.3591587924e+00 -8.9383937958e-01 -1.0329031528e+00  1.5886527653e+00  1.1927741551e+00 -1.9821723203e+00  6.7210179203e+00  1.5655256772e+00 -6.2103119969e-01  2.7503336811e+00  5.5437648812e-01 -3.2596804980e+00  5.0091159264e+00  5.2786085213e-01 -1.3687949938e+00  3.3623855356e+00  1.9189911212e-01 -4.3489080336e+00  4.0491284746e+00  3.7855993975e+00  2.4413150674e-01  2.8254664485e+00 -6.5295612002e-01 -1.5752331382e+00  2.7920376124e+00  1.1248031422e+00 -1.1538331786e+00  5.6846663062e+00  7.3763819862e-01 -1.9477108800e+00  4.6400044700e+00  2.7572022715e+00 -5.6363946691e-01  3.3918391252e+00 -2.0094913951e-01  2.0347887545e-01 -3.7385783539e-02  2.0379841951e+00  5.6432790502e-01  1.0001778258e+00  8.3137740087e-01 -4.1917072955e+00  6.9892438560e+00 -1.8717838443e+00 -1.2339011883e+00  1.1570288732e+00  1.4739400136e+00 -1.5947638177e+00  7.6931188422e+00 -5.8014484151e-02 -5.2573991125e+00  4.6015907390e+00 -6.5630761492e-01 -4.0632343490e+00  3.4236489390e+00  1.0313616867e+00 -4.5798270172e+00  3.3819106693e+00  4.6263161533e+00  1.7420367137e-01  3.5158052828e+00  3.4672936323e+00  1.2902202158e+00  2.7433318280e+00  4.0909442263e+00 -1.2826358288e-01  1.8394619460e+00
ENERGY -6.272396313202e+02
GRADIENT -2.2528889711e-06 -6.4829792249e-06  1.1997309790e-05  1.0763653460e-04  6.8417660688e-05 -5.1644242812e-05  1.0205096153e-03 -9.7088405951e-05 -2.3917957770e-04  5.1730311880e-05  1.2993462368e-05  1.7308421258e-05  1.1165947994e-04 -1.3284859264e-05  2.3997893439e-04 -1.4923316451e-04 -4.9578424135e-05 -9.5026828905e-05 -1.3795327525e-03  4.3015806598e-04  1.9116632561e-04  1.2458077577e-04  2.2310213258e-05  1.0207978637e-04 -3.1085216983e-04 -6.9649434017e-04  9.1576713143e-04  3.3016161453e-06  1.8336742775e-05 -1.6334373571e-05 -1.1831628888e-05  8.2524768106e-05 -1.2959374594e-05 -8.2876637095e-05 -1.8295927416e-04 -7.5617090025e-05 -1.7675578629e-04 -3.7651297312e-05 -1.7048100828e-04 -7.8999434595e-05 -2.7566070365e-05  7.0103307487e-06  1.3119215437e-05  5.2655783877e-06  3.8184183636e-06  1.1748929974e-05  1.4086001229e-05 -1.5166892624e-05  1.1939317592e-05  1.4390733953e-05  1.1601091710e-05  3.2735690488e-06 -1.2808324116e-07  6.5744820717e-06  3.2225989315e-06 -1.1372300741e-05  2.3314899537e-05  2.1880922220e-05  9.9674221597e-06 -5.9048757993e-06  7.3522637796e-04  4.3965894218e-04 -7.6010372823e-04  9.0728135224e-06  6.5309121148e-06 -2.5107584120e-05 -2.7609641307e-07 -2.2764250244e-06  3.3005040425e-06  7.5929895429e-07 -3.0034620681e-06  1.5497455475e-06 -1.7714766877e-06 -1.9277721537e-06  4.3117961249e-06

JOB 21
COORDS  2.4817898582e-02 -2.2079930434e-01  9.4577857839e-01  1.2823424901e+00 -2.7056269666e-02  1.5264237567e+00  8.6778014288e-01 -3.3159555244e+00  6.3666948285e+00 -9.1094404712e-01 -1.0079114937e+00  1.6116156127e+00  1.1845937772e+00 -1.9819875475e+00  6.7309962459e+00  1.5582715231e+00 -6.2557450175e-01  2.7604162122e+00  5.6685824952e-01 -3.2644881663e+00  5.0160119758e+00  5.1730312539e-01 -1.3660455489e+00  3.3750639444e+00  2.4022551901e-01 -4.3620136259e+00  4.0511972180e+00  3.7858019559e+00  2.2040672380e-01  2.8292323948e+00 -6.6887102304e-01 -1.5584301280e+00  2.8111244289e+00  1.1049314557e+00 -1.1513352885e+00  5.6968915173e+00  7.3072238970e-01 -1.9489666011e+00  4.6509243443e+00  2.7535696567e+00 -5.8212373594e-01  3.3962352684e+00 -2.1565423808e-01  2.2881236706e-01 -1.3346076778e-02  2.0327873489e+00  5.6330504822e-01  1.0128505619e+00  8.5599809106e-01 -4.1966176400e+00  6.9952382302e+00 -1.8933457168e+00 -1.1972675875e+00  1.1849353874e+00  1.4577217546e+00 -1.5923406368e+00  7.7044816059e+00 -2.3598437173e-01 -5.1919193484e+00  4.5785836894e+00 -4.2731090905e-01 -4.0148515213e+00  3.2611354384e+00  1.1513354155e+00 -4.7462122783e+00  3.5760734366e+00  4.6291990038e+00  1.4010401879e-01  3.5151524213e+00  3.4754206215e+00  1.2693893696e+00  2.7541855869e+00  4.0834513129e+00 -1.4920602195e-01  1.8398536640e+00
ENERGY -6.272389893952e+02
GRADIENT -4.6636163394e-05  4.6622626481e-05 -1.1729912426e-04  1.0539111171e-04  5.2431246106e-05 -2.2202368015e-05  1.2740385975e-03 -2.6153701507e-04 -1.6008757760e-04  2.3342795791e-04  3.8192107872e-05  1.2365748403e-04 -5.4285257301e-05 -8.9673295840e-05 -3.5395198363e-04 -1.3131675005e-04 -3.3751917990e-05 -9.2340442421e-05 -1.7125590835e-03  2.9851347985e-04  2.2593745839e-04  7.2598591681e-06 -1.6929706689e-04  7.6949442542e-05 -7.5331308504e-04 -5.4413062980e-04  9.3270349325e-04 -1.8045318081e-05  1.4032141000e-05 -3.8149767036e-05 -4.9884664514e-06 -5.2161673804e-05  5.2807248386e-05  7.0500821715e-06  2.2585125875e-04  1.1216329347e-05 -4.8888500531e-05  1.2256033247e-05  4.3169439265e-04 -1.0484362512e-04 -2.9865078314e-05 -4.8610439063e-05  2.1984804204e-05  1.5253519339e-05 -1.3147708531e-05  1.5248544615e-05  2.0582875558e-05 -2.3899107129e-05 -1.0735859669e-06 -3.0911885803e-05 -2.0283723728e-06  1.6609260685e-05 -3.7409507799e-07  1.9770578323e-05 -9.4690287719e-06  5.9862697040e-06 -2.7191559282e-05  7.2697514616e-05  4.3691236637e-05 -4.2063515609e-06  1.1356999146e-03  3.9554209880e-04 -8.4273111015e-04  1.7826894833e-05  2.1335045666e-05 -8.0269001780e-05 -2.7296940153e-06 -3.7396979781e-06  4.6455016754e-06 -3.8954822820e-06 -2.9719599271e-06  2.1658447681e-06 -2.2654566559e-06  1.2355912278e-06 -4.5738901992e-08

JOB 22
COORDS  6.0965476734e-03 -2.0700917926e-01  9.4231432645e-01  1.2667586243e+00 -1.0030624120e-02  1.5152220745e+00  8.6995637271e-01 -3.3115014363e+00  6.3560541215e+00 -9.2041339966e-01 -1.0045736304e+00  1.6084582729e+00  1.1883538655e+00 -1.9772913186e+00  6.7149633152e+00  1.5553079255e+00 -6.1625731406e-01  2.7424432075e+00  5.7969147970e-01 -3.2684545437e+00  5.0022828861e+00  5.2318782234e-01 -1.3677811754e+00  3.3585664122e+00  2.4486324211e-01 -4.3764912947e+00  4.0505375142e+00  3.7779107679e+00  2.4318729622e-01  2.8024525355e+00 -6.6618833907e-01 -1.5625795266e+00  2.8021246257e+00  1.1183972218e+00 -1.1531551652e+00  5.6746130915e+00  7.4934865808e-01 -1.9555000796e+00  4.6301653815e+00  2.7546855163e+00 -5.7023116551e-01  3.3701692636e+00 -2.4395613219e-01  2.4868627077e-01 -1.1467927061e-02  2.0098564532e+00  5.8880100246e-01  1.0007984129e+00  8.5416576807e-01 -4.1886408312e+00  6.9895284738e+00 -1.9047877407e+00 -1.1966368509e+00  1.1875798860e+00  1.4573248454e+00 -1.5827532037e+00  7.6876927671e+00 -4.7834725781e-01 -5.0590634564e+00  4.5053572080e+00 -1.8348012831e-01 -3.9952527208e+00  3.1236080195e+00  1.1408649871e+00 -4.9572550352e+00  3.8026980536e+00  4.6264451296e+00  1.6302457970e-01  3.4820289415e+00  3.4604104418e+00  1.2907220184e+00  2.7375927394e+00  4.0711985846e+00 -1.1691685851e-01  1.8082703909e+00
ENERGY -6.272384165498e+02
GRADIENT -1.7223961831e-05 -2.3309789651e-05  2.5858133502e-05  1.4451411146e-04  8.6535049516e-05 -4.5740845653e-05  8.3027789647e-04 -9.6922685938e-06 -2.7982714558e-04  7.1994858751e-05  1.1451961808e-05  2.4132402469e-05 -1.0254332003e-04  1.1226291117e-04  2.9679681680e-04 -1.6962331742e-04  7.1010185712e-06 -6.8028679344e-05 -1.1278405916e-03  1.8512804697e-04  1.8328230518e-04 -4.8718648970e-05 -2.3312848576e-05  1.6269983409e-04 -4.5141449591e-04 -1.5314468258e-04  3.0374453204e-04 -1.3603439914e-05  8.1623026765e-06 -1.8262036437e-05  1.7860792591e-06  2.6549742105e-05 -4.8400320315e-05  1.6917394948e-04 -2.0412760868e-04 -2.5955777284e-06  3.8214715596e-05 -9.3749864449e-05 -2.0521810992e-04 -8.3598922409e-05 -1.6737138062e-05 -2.5810575038e-05  1.7659097812e-05  7.3612442752e-06  5.3851367439e-06  2.1247787175e-05  1.7446314678e-05 -1.3971786058e-05  3.6057902767e-05  9.5476709766e-06 -6.2571047917e-06  3.5109781017e-06 -5.1489423699e-06  1.1277880688e-05 -1.4075646392e-05 -4.6364316860e-06  3.0574568815e-05 -9.4193306153e-06 -4.6981723132e-06  1.6313027642e-05  7.5947011391e-04  4.2414779245e-05 -2.9692598026e-04 -1.4485502902e-05  1.9931447965e-06  6.8543471078e-06  7.6425786607e-09 -2.6704432419e-06  4.3950667559e-06 -5.1257129701e-07 -1.9377007420e-06  7.1665324704e-07 -2.6852470225e-06 -7.0432551533e-07  8.8969152843e-07

JOB 23
COORDS  4.5020262452e-04 -2.1419392652e-01  9.5627492060e-01  1.2605146426e+00 -4.6061788623e-03  1.5262553568e+00  8.8165066052e-01 -3.3343138282e+00  6.3545170687e+00 -9.1375260113e-01 -1.0269092443e+00  1.6210176063e+00  1.2035494159e+00 -2.0023276721e+00  6.7176743101e+00  1.5616547315e+00 -6.1331465601e-01  2.7491791174e+00  6.0465650536e-01 -3.2876970652e+00  4.9978684016e+00  5.4081616874e-01 -1.3812567259e+00  3.3639366962e+00  2.2751163412e-01 -4.3867968951e+00  4.0510962404e+00  3.7739567944e+00  2.7265112015e-01  2.8058506932e+00 -6.4811041448e-01 -1.5882223856e+00  2.8106939434e+00  1.1415131072e+00 -1.1746664378e+00  5.6794602787e+00  7.7697549697e-01 -1.9738242726e+00  4.6310539173e+00  2.7623400087e+00 -5.5538380299e-01  3.3732060516e+00 -2.5846229725e-01  2.4360072104e-01  5.8612120779e-03  1.9941529299e+00  6.0618173106e-01  1.0123633116e+00  8.6214809090e-01 -4.2131637612e+00  6.9855701717e+00 -1.8970690697e+00 -1.2291614875e+00  1.2024423247e+00  1.4710850878e+00 -1.6116098553e+00  7.6923502973e+00 -7.0726164491e-01 -4.8599144765e+00  4.3679168810e+00  7.5592532275e-02 -4.0142740092e+00  3.0383234834e+00  1.0036172488e+00 -5.1587777179e+00  4.0303152321e+00  4.6256771403e+00  1.9933271016e-01  3.4822019401e+00  3.4439626946e+00  1.3166775417e+00  2.7469366558e+00  4.0680892516e+00 -7.9375899112e-02  1.8090235315e+00
ENERGY -6.272383207635e+02
GRADIENT -1.2196237567e-05  6.3138375538e-06 -1.8642451279e-05 -1.9187029640e-05 -1.8850607950e-05  2.1943578773e-05 -5.1431730484e-04  7.5669148264e-05  9.5341306062e-05  9.2022239944e-06  1.0137892233e-05 -6.2357598427e-06  4.4700335857e-05  1.1458918169e-05 -1.8604789722e-06  1.6298099723e-05  2.8062440499e-05  9.0307583924e-06  5.3968512587e-04 -7.5409447084e-05 -8.8807643242e-05 -2.7211882997e-05  8.9722964327e-06  2.8533457707e-05  3.4970386006e-04 -7.1372840653e-05 -7.4499004847e-05  1.9404847616e-06 -2.7622334386e-06  8.2388883397e-06  1.5784716729e-05 -9.3165573258e-06  1.4297085287e-06 -5.0879394090e-05  6.4466257773e-06  5.2937546526e-05  1.3185557449e-04 -5.0679470739e-05 -9.1045018777e-05  1.0409768191e-05 -4.0801450269e-06  1.2764330705e-06 -1.2480674501e-06 -4.7778876905e-08  2.7582023797e-06 -4.0916498744e-06 -4.2703161533e-06  4.4303185250e-06  1.7842302295e-05 -2.0645827513e-06 -1.0272519550e-06  2.3526240387e-06  1.3436980659e-06  2.7646703292e-06  1.2856493173e-05 -3.5132609446e-06  3.0945825609e-06  3.7956198928e-06 -4.2871277305e-06  1.1708842637e-05 -4.8331114580e-04  7.6319680331e-05  1.1208552124e-04  2.0550421198e-06  4.3536135526e-06 -1.6684172071e-06  2.4314984757e-06 -1.0250254125e-06  2.1488003525e-06  3.9190544501e-06 -1.0122155667e-06  2.1377827824e-06  3.3065808798e-06 -1.7481614602e-06  2.4012377101e-06

