JOB 0
COORDS -4.5323792452e+00  3.4817697771e+00 -2.5801488709e+00 -4.1503312951e+00  2.9083643910e+00 -4.6137657471e+00 -2.9218123767e+00  2.1310504059e+00 -2.8442624663e+00 -7.6262811147e-01 -6.4748138707e-01 -1.9228290515e+00 -2.5352018624e-01  4.7165753447e-01 -9.9836581264e-01 -1.4926618567e+00  1.1673915029e-01 -3.0349518692e+00 -1.3939150472e+00  1.5017371840e+00 -1.0090074404e+00 -4.8644514232e+00  3.8089052310e+00 -3.8277225852e+00 -3.2207071993e+00  3.3297603394e+00 -2.2809400875e+00 -3.3857909761e+00  1.9146050535e+00 -4.1519849785e+00 -2.0183323764e+00  1.2942431887e+00 -2.3256194224e+00 -5.2134174869e+00  3.7848647517e+00 -1.7737499209e+00 -4.2764986809e+00  2.9816558235e+00 -5.6921880122e+00  3.7790275854e-02 -1.2806357037e+00 -2.3136347011e+00 -1.4699161994e+00 -1.2889651879e+00 -1.3856727662e+00 -2.0763529620e-02  1.2560480183e-01  1.1726086061e-02  6.5409215191e-01  9.1874516917e-01 -1.4181171531e+00 -8.0930331149e-01  4.3452973001e-01 -3.8321814994e+00 -2.3045249349e+00 -4.4651083705e-01 -3.4968252967e+00 -2.1293581296e+00  1.3132127395e+00 -2.1720166804e-01 -1.0472504166e+00  2.5309975988e+00 -9.0222788280e-01
ENERGY -4.917936913183e+02
GRADIENT -1.1105963294e-02 -1.0391157165e-01 -9.8117302639e-03  1.3533847799e-04  3.0415714244e-04 -5.8125742507e-04 -1.5466382416e-02 -2.8054818214e-02  4.9246103589e-02 -3.9410810772e-05  7.2558337458e-06  1.6916591749e-05 -2.8314991861e-05 -1.2841825551e-07  1.4787169792e-05 -3.3465553897e-05 -5.6442739769e-05 -3.6039794399e-05  6.9421733395e-06 -3.0499534531e-05  5.2741674119e-05  6.4386995053e-03  6.5228484117e-02  1.5733058855e-02  2.0263096772e-02  6.6730110333e-02 -5.5503698086e-02 -4.4300727610e-04 -3.7363122568e-04  1.0336315345e-04  1.1004523124e-05  2.6755826936e-04  5.2060991069e-04  1.8906005341e-04 -5.1284485730e-05  3.2053415938e-04  9.8001657144e-05 -7.1952021863e-05 -1.5097419708e-05  1.1875452660e-05  1.4399718573e-05 -9.3434382499e-06  1.0524350787e-05 -2.0640197223e-05 -1.4598894350e-05  1.1852216580e-05  1.1882090497e-05  3.9043794130e-06 -2.4895550149e-06 -1.0880371389e-05 -1.8293976234e-05 -6.3340649672e-06 -4.0427489861e-06 -3.3545750701e-06 -1.7943889655e-05  7.3890468348e-06  8.4856643712e-06 -1.1944799988e-05 -2.2503549358e-05 -6.2065530917e-06 -6.2237334737e-06 -1.2660412566e-05  2.4739240472e-05

JOB 1
COORDS -4.5266269166e+00  3.5414523700e+00 -2.5401546840e+00 -4.1698911852e+00  2.8635908150e+00 -4.5957303207e+00 -2.9194728693e+00  2.1195988093e+00 -2.8516864756e+00 -7.4475397294e-01 -6.5321059594e-01 -1.9402083778e+00 -2.5510675943e-01  4.5682910062e-01 -9.9485608323e-01 -1.4706851570e+00  1.2035991691e-01 -3.0487562821e+00 -1.4049646281e+00  1.4763203470e+00 -1.0035850907e+00 -4.8673261243e+00  3.7456670555e+00 -3.8216362136e+00 -3.2562978822e+00  3.2684284817e+00 -2.1995774569e+00 -3.3631967692e+00  1.9022907978e+00 -4.1410311204e+00 -2.0090607985e+00  1.2856567309e+00 -2.3314676432e+00 -5.1646357655e+00  4.0021192845e+00 -1.7789817510e+00 -4.3159579069e+00  2.9219162806e+00 -5.6731425298e+00  6.4352426496e-02 -1.2750344552e+00 -2.3314060258e+00 -1.4524635503e+00 -1.3073082725e+00 -1.4190089222e+00 -3.0023926033e-02  9.8272619279e-02  1.2656458603e-02  6.5288756513e-01  9.1801675173e-01 -1.3983603721e+00 -7.8316181423e-01  4.4989836891e-01 -3.8379979114e+00 -2.2747757735e+00 -4.4387698554e-01 -3.5235561966e+00 -2.1480995681e+00  1.2686146015e+00 -2.2379957917e-01 -1.0691345420e+00  2.5066910122e+00 -8.7437184676e-01
ENERGY -4.918273013924e+02
GRADIENT -1.9027283959e-02 -7.8943059067e-02  3.4746025362e-03  1.7584294645e-04 -2.2783214954e-04 -2.1463160583e-04 -1.5105793169e-02 -2.2299239675e-02  3.1888745306e-02  1.5097850710e-05 -6.8373332527e-06 -9.8984207279e-06  8.1935587162e-06  2.3407142415e-06 -2.1143437794e-07 -1.3843916863e-05  6.5469115169e-05 -7.0405869624e-06 -4.0093050579e-06  1.9136928809e-05 -2.7607768290e-05  1.0707357515e-02  4.6820592136e-02  4.6071255744e-03  2.3215308850e-02  5.4988138030e-02 -4.0103880573e-02 -1.2064310125e-04 -3.3141751127e-04 -2.9792765017e-04 -6.6214314297e-05 -1.0186698238e-04  2.9662796394e-04  1.9861791978e-04  2.7235541008e-05  3.7772378000e-04  5.5386363689e-05 -1.2904452733e-05  2.3130328809e-05 -8.7109827953e-06 -1.8255367626e-05  1.1563629323e-06 -8.5136241626e-06  9.9477712573e-06  6.4982349516e-06  8.4115052289e-06 -1.0697287327e-05 -3.4317790698e-06  7.4879909516e-07 -2.0336502776e-06 -1.9703125105e-06  7.5430090635e-06 -1.3200590281e-06 -9.0444444157e-07  1.0033437674e-05 -9.0353018880e-06 -1.0886406012e-05  1.1777456427e-05 -2.2403096036e-06  1.2304183046e-05  2.5725071685e-06  3.9929185494e-06  3.0961896520e-06

JOB 2
COORDS -4.5152339739e+00  3.6243707334e+00 -2.5470687836e+00 -4.1978896386e+00  2.8255662883e+00 -4.5869029551e+00 -2.9291480822e+00  2.1138881110e+00 -2.8472255347e+00 -7.2619905878e-01 -6.4490531639e-01 -1.9539960104e+00 -2.6095057746e-01  4.5676438757e-01 -9.8682127663e-01 -1.4531707054e+00  1.3523607195e-01 -3.0574488663e+00 -1.4248222860e+00  1.4600074553e+00 -9.9197702697e-01 -4.8766469527e+00  3.7260938513e+00 -3.8361395159e+00 -3.3093290959e+00  3.2147088246e+00 -2.1425970110e+00 -3.3554450300e+00  1.8987024115e+00 -4.1321830746e+00 -2.0090664977e+00  1.2852546093e+00 -2.3303844920e+00 -5.1106066245e+00  4.1951005318e+00 -1.8306629813e+00 -4.3827750599e+00  2.8371230642e+00 -5.6603984659e+00  9.4909784112e-02 -1.2496233545e+00 -2.3470407243e+00 -1.4294426733e+00 -1.3165499307e+00 -1.4493520954e+00 -4.1397733673e-02  8.5415856597e-02  1.7292414255e-02  6.4474578540e-01  9.3651598060e-01 -1.3735512843e+00 -7.6383460328e-01  4.8116902537e-01 -3.8381898280e+00 -2.2475717099e+00 -4.3206055309e-01 -3.5452135855e+00 -2.1738408382e+00  1.2285577653e+00 -2.2465862395e-01 -1.1058352424e+00  2.4929381729e+00 -8.4055869591e-01
ENERGY -4.918499892085e+02
GRADIENT -1.9749686371e-02 -5.4048825749e-02  6.5646585508e-03  1.6027711146e-04  9.6298986469e-05  2.0669825983e-04 -1.1555917909e-02 -1.6883469940e-02  2.0851298459e-02  2.2060358624e-05  1.1261982156e-05 -1.8300662245e-05  2.2053201224e-05  5.1769544552e-06 -9.8228485901e-06 -2.9837566468e-06  5.0371961450e-05 -3.4955835630e-05  4.0463948143e-05  2.0792158232e-05 -7.0671010393e-06  9.2591802386e-03  3.1705582804e-02 -8.8477418023e-05  2.2117577128e-02  3.9218241001e-02 -2.7148703215e-02 -5.1152353423e-05  5.4595645976e-05 -6.6561145472e-05 -3.0574384493e-05 -2.3552827872e-04 -7.7397208104e-05 -2.3377611777e-04 -6.0836573026e-05 -2.2451423700e-04 -1.1344331537e-05 -1.1925343980e-05  3.0795644551e-05 -1.4359139945e-05 -2.1351579783e-05 -2.5204263533e-06 -9.0864772117e-06  1.6732476203e-05  1.4131092181e-05 -4.0197503337e-06 -1.9905025632e-05 -3.1129371624e-06  7.0816416910e-06  7.2218869776e-07  1.7752185449e-05  1.8896787989e-05  1.2742621415e-05  1.4989511843e-05  1.0874781621e-05  2.8783260773e-06 -2.4593843500e-05  1.2425866966e-05  2.1921075172e-05  1.1283257376e-05  1.4092365278e-05 -3.8501588053e-07 -1.5325812099e-05

JOB 3
COORDS -4.4453212095e+00  3.7093803144e+00 -2.5416035071e+00 -4.1912271520e+00  2.8092993133e+00 -4.5657805482e+00 -2.9120391601e+00  2.1050893316e+00 -2.8367398289e+00 -6.9606132795e-01 -6.5962209918e-01 -1.9774724982e+00 -2.4795209589e-01  4.2924813609e-01 -9.8805320068e-01 -1.4322483116e+00  1.3081769800e-01 -3.0681489046e+00 -1.4267705200e+00  1.4137936394e+00 -9.7707131740e-01 -4.8308560287e+00  3.7381583726e+00 -3.8281174095e+00 -3.3228901032e+00  3.1596688655e+00 -2.0813251514e+00 -3.3247586854e+00  1.9023987552e+00 -4.1211539570e+00 -1.9908909029e+00  1.2703328445e+00 -2.3270864704e+00 -4.9842849942e+00  4.3668694757e+00 -1.8579417752e+00 -4.4228761882e+00  2.7817011399e+00 -5.6302137019e+00  1.3415795318e-01 -1.2451246991e+00 -2.3803852043e+00 -1.3901716332e+00 -1.3509130976e+00 -1.4869699442e+00 -2.4465710121e-02  4.1735105177e-02  9.0862442620e-03  6.5078402306e-01  9.3026555354e-01 -1.3640770740e+00 -7.4903940175e-01  4.8787525904e-01 -3.8490661140e+00 -2.2261608593e+00 -4.3548633915e-01 -3.5586134055e+00 -2.1800352572e+00  1.1463642209e+00 -2.2554949872e-01 -1.1282033743e+00  2.4472168938e+00 -7.9105643656e-01
ENERGY -4.918641704673e+02
GRADIENT -1.7943695368e-02 -3.1752577319e-02  7.0617940792e-03  5.9280468694e-05  1.0063670763e-04  8.7785593038e-05 -8.7258803044e-03 -1.0888895577e-02  1.0693296425e-02 -1.5577195151e-07  4.4242858608e-06  7.0641038645e-06  2.2958569139e-06 -3.5298813289e-06  4.2051887733e-06  3.5637777811e-06  2.8412884951e-06 -1.6091251052e-05  2.0933770677e-05  1.5248689097e-06  3.6109469625e-06  8.6399840792e-03  1.7835049994e-02 -2.1443226712e-03  1.8117751694e-02  2.4708432103e-02 -1.5500640631e-02 -6.4625925249e-05  4.4982669383e-05 -5.6471485999e-06  1.6223446308e-05 -4.8680996234e-05 -6.6101395200e-05 -1.1234857743e-04 -4.6590213772e-05 -1.3883309853e-04 -1.4349782464e-05 -3.4174752455e-06  2.0269328704e-05  2.0203753725e-06 -1.1052362387e-06 -3.0069905262e-07  2.9728456487e-06 -2.3262323550e-06  6.1458013917e-07  8.1859604638e-06  4.8996020153e-07 -1.4564360331e-07  1.9100270649e-06 -1.2464111892e-06 -4.3940098306e-06 -3.4865170614e-06 -2.7933097885e-06  4.2283995875e-07 -3.9798414281e-06 -6.6066531120e-07  3.6329857942e-06  2.8635181070e-06 -5.0622449329e-06 -9.0845284067e-07 -1.2776528246e-06 -2.5412781118e-06  4.2681301217e-07

JOB 4
COORDS -4.4042086811e+00  3.7670455629e+00 -2.5576143023e+00 -4.2190153528e+00  2.7711989609e+00 -4.5537323310e+00 -2.9229965425e+00  2.0892342732e+00 -2.8315244086e+00 -6.7402408516e-01 -6.5757425299e-01 -1.9910858094e+00 -2.5210965966e-01  4.2423439568e-01 -9.8257969013e-01 -1.4161625637e+00  1.3572575117e-01 -3.0758751428e+00 -1.4486394580e+00  1.3867526206e+00 -9.6662067492e-01 -4.8245591134e+00  3.7308308798e+00 -3.8329019951e+00 -3.3760516956e+00  3.0998557669e+00 -2.0420063954e+00 -3.3206385292e+00  1.8932260117e+00 -4.1182440550e+00 -1.9948976724e+00  1.2585763202e+00 -2.3251036653e+00 -4.8873984006e+00  4.4944828588e+00 -1.9050274631e+00 -4.5010656355e+00  2.6962663123e+00 -5.6038250631e+00  1.6906414030e-01 -1.2228714251e+00 -2.3961578910e+00 -1.3594392768e+00 -1.3677539651e+00 -1.5155879316e+00 -2.9053489499e-02  2.5958068638e-02  1.0420987409e-02  6.4017040464e-01  9.4672998571e-01 -1.3445538823e+00 -7.3410967284e-01  5.1072716981e-01 -3.8492496908e+00 -2.1997819997e+00 -4.3561763326e-01 -3.5773583207e+00 -2.2041156577e+00  1.0914027600e+00 -2.2791610527e-01 -1.1727012385e+00  2.4224924320e+00 -7.5882107455e-01
ENERGY -4.918719278268e+02
GRADIENT -1.1029390063e-02 -1.3806214212e-02  4.5500613218e-03  9.1407163045e-05  2.9950241065e-06  1.7688144514e-04 -5.0045608126e-03 -5.2794522063e-03  3.9766750467e-03  1.1098221951e-05 -3.3353509915e-06  9.9737178213e-06  6.9961600844e-06 -2.0050581770e-05 -5.9500884000e-06  5.5757498519e-05 -2.5760751448e-05  2.8708559136e-05 -1.8046295241e-06  1.6361056105e-06 -1.7341509132e-05  5.3188707129e-03  7.5105269947e-03 -1.9765826082e-03  1.0667557969e-02  1.1606911878e-02 -6.5578659479e-03  2.6824514411e-05  1.1583310344e-05 -2.2204680850e-05 -9.1474037761e-05  7.4356465923e-07 -1.1696780875e-04 -4.5913001248e-05 -2.9243746648e-05 -5.2046358111e-05 -4.4351754803e-06  2.0297354501e-06  1.8113461034e-05  4.0519280215e-06 -3.1239327298e-06  5.9519907767e-06  2.2801941415e-06 -3.1624187183e-06  7.5478038902e-07  6.7140330004e-06 -1.5437850761e-07 -1.3966790990e-06  2.7174069923e-06 -7.9829006228e-07 -2.8426292550e-06 -4.7455468110e-06 -3.8508978806e-06  1.5943081995e-06  1.1206819759e-06  1.6346563118e-06  1.2237256749e-05  5.4377527587e-07 -1.5707892906e-06 -6.0584532883e-06  5.7940340882e-06  2.2128591809e-06 -1.2180970031e-05

JOB 5
COORDS -4.3467107584e+00  3.8093078501e+00 -2.5713491601e+00 -4.2431973500e+00  2.7327400593e+00 -4.5348712350e+00 -2.9293471375e+00  2.0670137923e+00 -2.8210979389e+00 -6.4320568983e-01 -6.5818980755e-01 -2.0036918269e+00 -2.4773083111e-01  4.1665491414e-01 -9.7700209576e-01 -1.3960608864e+00  1.3593324677e-01 -3.0808546349e+00 -1.4648189178e+00  1.3522475867e+00 -9.5270652663e-01 -4.8095110658e+00  3.7256712241e+00 -3.8295342492e+00 -3.4275533339e+00  3.0341242205e+00 -2.0050867639e+00 -3.3153948508e+00  1.8804614581e+00 -4.1116140176e+00 -1.9933342454e+00  1.2417877883e+00 -2.3193424783e+00 -4.7683643102e+00  4.5965333097e+00 -1.9464620487e+00 -4.5779543974e+00  2.6121867123e+00 -5.5651064520e+00  2.1279389351e-01 -1.2007956476e+00 -2.4126992708e+00 -1.3164233463e+00 -1.3886617484e+00 -1.5417176124e+00 -2.0494242028e-02  7.9476723206e-03  1.0811636454e-02  6.3455220651e-01  9.6358851187e-01 -1.3272617115e+00 -7.1867642143e-01  5.2912907773e-01 -3.8490421053e+00 -2.1704788286e+00 -4.4139853214e-01 -3.5901853330e+00 -2.2200432768e+00  1.0233727174e+00 -2.2800464716e-01 -1.2162122829e+00  2.3897937226e+00 -7.2024009713e-01
ENERGY -4.918744485410e+02
GRADIENT -2.3297237675e-04 -2.4963963929e-04  9.3318076437e-05  5.1740920041e-05 -9.6487785596e-06  8.7906479231e-05 -1.7245973134e-04 -1.6918731626e-05 -1.4230367312e-05  1.4679615570e-06 -5.4440659335e-06  2.3765684100e-06  6.6258797642e-06 -2.2631040954e-07  6.3860931570e-06  7.4864695765e-06 -2.4744297939e-05  2.4767483572e-05 -9.8918295511e-06 -6.2851867054e-06 -1.9483092259e-05  1.1643243704e-04  1.2327193823e-04 -8.7854415726e-05  2.4989588873e-04  1.9216603102e-04 -4.9254999472e-05 -1.3795715043e-05 -3.5805086365e-05 -1.6848004268e-05 -6.3337583030e-06  5.1588004314e-05 -4.5383935219e-05  7.8523208228e-06 -1.2810402830e-06 -3.2697045583e-06  9.9165188364e-07 -1.6587790631e-06  1.5906003308e-05 -1.9194980857e-07 -2.0463783101e-06  6.6477772613e-06 -1.7884559975e-06  7.2039953199e-07  4.0346538252e-06  7.3049076269e-06  4.3108450100e-06 -4.6700905979e-07 -2.5383155733e-06 -1.3063739802e-06 -1.1185512810e-05 -9.0141181916e-06 -5.5253570116e-06 -3.6316327738e-06 -3.8486542565e-06 -6.7769144871e-07  9.8576242045e-06  1.4507586715e-06 -8.2197419529e-06 -3.0268956018e-06 -6.2392853622e-06  5.1114515443e-06  1.1708955764e-06

JOB 6
COORDS -4.2760064510e+00  3.8519898275e+00 -2.6010606706e+00 -4.2636170045e+00  2.7072579060e+00 -4.5248850035e+00 -2.9328991693e+00  2.0539212283e+00 -2.8184958539e+00 -6.1859666270e-01 -6.5195690154e-01 -2.0140812436e+00 -2.5095377834e-01  4.1451410212e-01 -9.6828758776e-01 -1.3736365347e+00  1.4485718715e-01 -3.0879179413e+00 -1.4845769158e+00  1.3277990272e+00 -9.4296714036e-01 -4.7906142504e+00  3.7344619971e+00 -3.8360715378e+00 -3.4805574802e+00  2.9807259643e+00 -1.9872547796e+00 -3.3079534157e+00  1.8790544982e+00 -4.1148915811e+00 -1.9926506546e+00  1.2333429224e+00 -2.3183391746e+00 -4.6282140890e+00  4.6930580362e+00 -2.0035118167e+00 -4.6497244249e+00  2.5430796622e+00 -5.5307729508e+00  2.5014315326e-01 -1.1749445309e+00 -2.4217923150e+00 -1.2842947563e+00 -1.3995422625e+00 -1.5689127381e+00 -2.6229441187e-02 -4.7745100660e-03  1.5662903644e-02  6.2494736879e-01  9.8163799849e-01 -1.3020986731e+00 -6.9508526097e-01  5.5628489088e-01 -3.8452071701e+00 -2.1363416944e+00 -4.3592975773e-01 -3.6110813580e+00 -2.2422286891e+00  9.7144681149e-01 -2.3405671222e-01 -1.2598164677e+00  2.3659296127e+00 -6.8910015797e-01
ENERGY -4.918720931635e+02
GRADIENT  1.4191184742e-02  8.3805045738e-03 -6.2097403052e-03  8.1810255798e-05 -2.5065144171e-05  1.8970387021e-04  6.3953630665e-03  4.6993347083e-03 -9.4940085172e-04  4.0994106316e-06 -6.7043661183e-06 -1.6612777865e-06  1.0207316534e-05  2.5189990592e-06 -1.1999729796e-06  2.0630144066e-05 -4.7164258637e-05  3.9099367180e-05 -1.2294669963e-05 -1.0548620012e-05 -2.3264191480e-05 -7.5143083233e-03 -3.7740482087e-03  3.4828716485e-03 -1.3135488240e-02 -9.2470232250e-03  3.6497455851e-03 -2.8720918027e-05 -2.3893548771e-05 -9.7451146437e-06 -4.7279318197e-05  3.8412048159e-05 -1.2150702350e-04  6.6195244205e-06  2.2693405812e-05 -7.5961653192e-05 -6.5810951844e-06  4.9807861010e-06  1.8585415143e-05 -2.3526765168e-06 -4.6535784226e-06  8.5940915801e-06 -4.2894799916e-06  4.4599675645e-06  7.5867943811e-06  2.4521124133e-06  1.7400283690e-06 -1.4014242157e-06 -3.6286499493e-06 -9.6702283313e-08 -6.9185129602e-06 -6.7014245415e-06  8.6550225864e-07  3.0365876065e-06 -1.6539937425e-06  4.8912567508e-06  7.5746213787e-06 -9.5149390587e-07 -1.5793789770e-06 -3.2456311430e-06 -6.0862606441e-06  8.3022879377e-06 -5.9615877424e-06

JOB 7
COORDS -4.2073349400e+00  3.8815036640e+00 -2.6345509441e+00 -4.2964032980e+00  2.6814805883e+00 -4.5123483453e+00 -2.9424141845e+00  2.0432663341e+00 -2.8160549403e+00 -5.9909829474e-01 -6.4011097806e-01 -2.0213559985e+00 -2.6026882286e-01  4.1844100822e-01 -9.5769461253e-01 -1.3561563209e+00  1.5787542819e-01 -3.0931361239e+00 -1.5105326085e+00  1.3084331070e+00 -9.3317183067e-01 -4.7860797168e+00  3.7410010267e+00 -3.8382659343e+00 -3.5450992568e+00  2.9298836700e+00 -1.9780417445e+00 -3.3109832080e+00  1.8788457855e+00 -4.1189787167e+00 -1.9970001509e+00  1.2297409945e+00 -2.3172151656e+00 -4.4805660435e+00  4.7704386311e+00 -2.0641872992e+00 -4.7333186902e+00  2.4759965395e+00 -5.4892333342e+00  2.8251448200e-01 -1.1432520939e+00 -2.4264195075e+00 -1.2566542752e+00 -1.4043803690e+00 -1.5927549454e+00 -3.7952145807e-02 -1.0377430850e-02  2.2688924259e-02  6.0853656342e-01  1.0055624082e+00 -1.2751073387e+00 -6.7667194929e-01  5.8676997350e-01 -3.8394995781e+00 -2.1069518600e+00 -4.2660356345e-01 -3.6294209818e+00 -2.2702866009e+00  9.2429646873e-01 -2.4133861637e-01 -1.3109145343e+00  2.3464960954e+00 -6.5831223794e-01
ENERGY -4.918644782766e+02
GRADIENT  3.1585704671e-02  1.1798279905e-02 -1.4150826348e-02  1.0264122350e-04 -1.5109044523e-04  2.8221093974e-04  1.4515591577e-02  9.5581067189e-03  6.1381274371e-04  5.8483628828e-06 -9.0594855161e-06 -1.7715654681e-06  1.0567877360e-05 -1.5361850245e-07 -5.8762275767e-06  2.7804764237e-05 -7.1314226727e-05  4.2607492239e-05 -1.4996228727e-05 -2.0297406449e-05 -1.4375484313e-05 -1.7000732213e-02 -4.5600346584e-03  8.7702502130e-03 -2.9093409185e-02 -1.6659141762e-02  4.8685924638e-03 -9.3301956468e-05  1.8751469457e-05 -3.9582612514e-05 -9.1137340451e-05  2.7969990240e-05 -2.0251448555e-04  8.5853309892e-08  4.2956698130e-05 -1.6406240937e-04 -7.3280117328e-07  3.3020428372e-05  1.1354100746e-05 -1.8490943519e-06 -6.4330593620e-06  8.6088790834e-06 -4.0066239737e-06  4.6417730175e-06  8.1075603295e-06  2.8207596718e-06 -5.1104846221e-07 -2.3794322065e-06 -4.0360725751e-06 -6.3304731135e-07 -6.1990127284e-06 -5.9869702393e-06  7.4281740000e-06  9.6425673487e-06 -8.4340791417e-08  9.6879832897e-06  7.1495666683e-06 -4.9598716740e-07 -1.4043346090e-06 -3.4298134592e-06 -6.6665543017e-06  8.3225384329e-06 -9.8826576773e-06

JOB 8
COORDS -4.1373832229e+00  3.8995827633e+00 -2.6617682582e+00 -4.3394000141e+00  2.6623353137e+00 -4.4865858817e+00 -2.9522882146e+00  2.0385003014e+00 -2.8050584359e+00 -5.8426426220e-01 -6.2602864145e-01 -2.0262189605e+00 -2.7138017458e-01  4.2148864440e-01 -9.4351977049e-01 -1.3421830741e+00  1.7623697049e-01 -3.0945180855e+00 -1.5358164051e+00  1.2907708297e+00 -9.1827124883e-01 -4.7964921527e+00  3.7508496140e+00 -3.8215191121e+00 -3.6144942374e+00  2.8834786784e+00 -1.9682408097e+00 -3.3225244684e+00  1.8855625498e+00 -4.1158186887e+00 -2.0011181163e+00  1.2320168842e+00 -2.3105172030e+00 -4.3158223317e+00  4.8306364149e+00 -2.1189380789e+00 -4.8252767515e+00  2.4199021582e+00 -5.4309575424e+00  3.0864196666e-01 -1.1104077127e+00 -2.4294255027e+00 -1.2346774168e+00 -1.4059267248e+00 -1.6152820579e+00 -5.1745461818e-02 -1.8820973771e-02  3.2355008927e-02  5.9102025967e-01  1.0267699543e+00 -1.2438753280e+00 -6.6169472145e-01  6.2178402806e-01 -3.8297487775e+00 -2.0830343296e+00 -4.0899184379e-01 -3.6437127984e+00 -2.2978321741e+00  8.7926069081e-01 -2.4503302326e-01 -1.3592450318e+00  2.3268451128e+00 -6.2060935567e-01
ENERGY -4.918504161043e+02
GRADIENT  5.1303461598e-02  8.7876746550e-03 -2.4561594267e-02  8.5354518398e-05 -7.4108501072e-05  2.4135908075e-04  2.4519709638e-02  1.4705427253e-02  5.2132277267e-03 -3.5949966937e-06  6.8852932782e-07  2.2933564391e-06 -2.6972082258e-06 -3.9517014587e-06  1.2110913400e-05 -3.1367082612e-05 -1.3128807187e-05 -8.2953153451e-06  7.0448044719e-08 -7.8214318901e-06  5.4967522144e-06 -2.8409554160e-02 -1.6016068374e-03  1.6440517338e-02 -4.7297480673e-02 -2.1867904740e-02  3.1689017498e-03 -1.4827159052e-04  8.2738225326e-05 -8.2481073316e-05  4.4991812570e-05 -1.0698508941e-04 -1.4305017688e-04 -5.3345727049e-05  8.7987855076e-05 -3.1328550823e-04 -3.6048784326e-06  2.6106745194e-05  1.7165315927e-05 -3.0813774149e-06 -5.0656992093e-06  7.9317780410e-07 -4.5997373899e-06  2.1479101996e-06  1.2947104818e-06  8.7693932333e-06  3.9279669417e-06  1.0213306215e-06 -3.4246197458e-06 -1.1930787426e-06 -1.1414108874e-05 -2.5235969110e-06  2.8930143892e-06  2.7359819108e-06 -2.4691986950e-06  1.7389112363e-06 -6.4343207148e-07 -2.2256792191e-06 -5.8777582262e-06 -2.7811331029e-06 -7.6093789554e-07 -2.9909530080e-06  5.8129582999e-06

JOB 9
COORDS -4.0569639349e+00  3.9012811463e+00 -2.6986250235e+00 -4.3848598533e+00  2.6444713407e+00 -4.4676216967e+00 -2.9651944765e+00  2.0301263030e+00 -2.8052544960e+00 -5.7106563001e-01 -6.1124075314e-01 -2.0359260617e+00 -2.8598979374e-01  4.2543096542e-01 -9.3495858623e-01 -1.3257922716e+00  1.9534846773e-01 -3.1030143398e+00 -1.5627588858e+00  1.2766722791e+00 -9.1358917011e-01 -4.8068815112e+00  3.7586894347e+00 -3.8019915970e+00 -3.6907260896e+00  2.8318657436e+00 -1.9729162896e+00 -3.3393273463e+00  1.8881349056e+00 -4.1253790385e+00 -2.0100871320e+00  1.2309856558e+00 -2.3123493354e+00 -4.1125202279e+00  4.8659818507e+00 -2.1838955293e+00 -4.9179193508e+00  2.3752021325e+00 -5.3780842404e+00  3.3331263232e-01 -1.0783329083e+00 -2.4339556917e+00 -1.2162365086e+00 -1.4050188899e+00 -1.6437648618e+00 -7.3353441511e-02 -2.6125373238e-02  3.7300861214e-02  5.7213224975e-01  1.0462391646e+00 -1.2151556064e+00 -6.4119122941e-01  6.6164388870e-01 -3.8211172974e+00 -2.0516593459e+00 -3.9038882744e-01 -3.6711351897e+00 -2.3265761956e+00  8.4504896384e-01 -2.5554289124e-01 -1.4061735065e+00  2.3116122342e+00 -6.0057201564e-01
ENERGY -4.918278063042e+02
GRADIENT  7.2372808009e-02  1.3838134325e-03 -3.6394005453e-02 -2.3348209742e-04 -1.4995193005e-04 -2.1709027406e-04  3.5065278536e-02  2.0504911074e-02  9.5443354570e-03  9.0831170092e-06  9.4129173764e-06 -2.0475737704e-05  1.9583877117e-05  2.0595603666e-05 -3.4241151224e-05  2.2376001278e-05  2.7338034746e-05 -1.3579916476e-05  2.7105628956e-05  6.0141393439e-06  7.2955521742e-06 -3.9706230478e-02  2.0517254679e-03  2.6674614037e-02 -6.7846137921e-02 -2.3867847711e-02 -3.2551662729e-04  2.4515494082e-04 -1.0294102459e-05  2.8854655834e-05 -1.2257909778e-04  2.9289531692e-05  3.0168646257e-04  9.0225057199e-05 -2.4864871083e-05  4.2228073661e-04  1.5224341283e-05 -3.0644351243e-05 -1.9498096155e-05 -9.9070816545e-06 -1.0642929264e-05 -1.1097341991e-05 -4.3952318245e-06  1.0623922564e-05  1.3909438680e-05 -2.0579172541e-05 -2.0544824459e-05 -7.4355232389e-06  8.2895901399e-06 -4.0430124734e-08  3.0658027777e-05  1.2904698169e-05  1.8566856242e-05  1.4452650252e-05  1.3830531551e-05  6.0214888252e-06 -2.2444623119e-05  1.0202047111e-05  3.5784045415e-05  1.8911928057e-05  1.6945989557e-05  9.0795005956e-06 -3.0440207246e-05

JOB 10
COORDS -4.0015471172e+00  3.8827389854e+00 -2.7537275684e+00 -4.4307086164e+00  2.6284690335e+00 -4.4437022348e+00 -2.9592706522e+00  2.0386706541e+00 -2.7915689733e+00 -5.5850594729e-01 -5.9882353546e-01 -2.0392091023e+00 -2.9500461498e-01  4.2298744829e-01 -9.1877076546e-01 -1.3052619873e+00  2.1763810677e-01 -3.1048496315e+00 -1.5794786459e+00  1.2618499361e+00 -9.0082379100e-01 -4.8546888695e+00  3.7712576478e+00 -3.7700634699e+00 -3.7607165636e+00  2.7890031898e+00 -1.9921232662e+00 -3.3531819992e+00  1.9026463360e+00 -4.1320789273e+00 -1.9997251478e+00  1.2444905598e+00 -2.3086956540e+00 -3.8876482503e+00  4.8707909425e+00 -2.2882058412e+00 -4.9862515905e+00  2.3422874660e+00 -5.3346006550e+00  3.5438776253e-01 -1.0534720617e+00 -2.4321386884e+00 -1.2025394499e+00 -1.4030053555e+00 -1.6670017858e+00 -9.0929632224e-02 -4.2164659315e-02  4.8855917268e-02  5.6102272369e-01  1.0554687841e+00 -1.1784974359e+00 -6.1513336328e-01  6.9472690760e-01 -3.8098186276e+00 -2.0252590123e+00 -3.6185458229e-01 -3.6862629102e+00 -2.3510421333e+00  8.0586205229e-01 -2.6874370364e-01 -1.4417189500e+00  2.2912608806e+00 -5.6151075189e-01
ENERGY -4.917942315385e+02
GRADIENT  8.8114819196e-02 -1.6878667951e-02 -5.4382413331e-02 -5.6494158583e-04 -3.2364999171e-04 -3.2238886502e-04  4.7812220228e-02  2.6671749859e-02  2.1442408687e-02  2.5861845952e-06  2.5994906829e-05 -1.8800906382e-05  1.9055060245e-05  3.1776644252e-05 -2.9408020075e-05  5.2856172729e-05  1.7667025409e-05 -3.9695338547e-05  8.1186959231e-05  2.9452051864e-05  7.5961068169e-06 -5.0948962125e-02  1.4778566769e-02  4.1606429920e-02 -8.5105005874e-02 -2.4748886618e-02 -8.8136413852e-03  3.9652425511e-04  3.5081199570e-04 -2.8419837796e-04 -8.3424380737e-05  1.9494916852e-04  5.0338957545e-04  1.6833062487e-04 -6.1010415807e-05  3.2464595220e-04  4.6251156947e-05 -1.0422337591e-04 -2.5611566654e-06 -9.5047370180e-06 -1.0950206626e-05 -1.2989797824e-05 -2.7310575736e-06  1.0397331587e-05  1.4537421841e-05 -1.7998371826e-05 -2.1055595854e-05 -4.7394113238e-06  7.4796450398e-06 -1.9024367177e-06  2.8264270704e-05  4.0659428095e-06  2.2108188917e-05  1.3824007230e-05  5.6950665660e-06  3.5230609849e-06 -1.1169514048e-05  6.7350047236e-06  1.5178958409e-05  1.4464597328e-05 -5.7151229996e-06  7.4108355358e-06 -1.8150132477e-05

