JOB 0
COORDS  5.3982140223e+00  1.3679379017e+00  1.5837720758e+00  4.0315916070e+00  1.3030752533e+00  1.4448527679e+00  5.0352593763e+00  1.5710720078e-02 -4.3288864101e-02  4.2120329152e+00 -1.1799827511e+00 -1.9945975021e+00  4.5747516171e+00 -1.9991706074e+00 -3.2188572124e+00  6.6298263455e+00 -1.2552587085e+00 -1.3723532964e+00  6.0212642228e+00  5.6526263269e-01  6.4481798631e-01  3.8099712158e+00  4.2251146416e-01  3.9697088443e-01  5.2332577825e+00 -8.7117117789e-01 -1.1185655741e+00  3.0429717001e+00 -8.2821601280e-01 -1.7961322876e+00  5.9728524861e+00  1.9430204614e+00  2.2976497721e+00  3.2186429222e+00  1.7795084039e+00  1.9732514174e+00  4.8563865223e+00 -3.0200268076e+00 -2.9399506909e+00  5.4075358774e+00 -1.5633216021e+00 -3.7778644544e+00  3.6915415990e+00 -2.0422191510e+00 -3.8555360278e+00  7.1657689157e+00 -1.2349956163e+00 -4.2561655838e-01  7.1171098417e+00 -5.5263772362e-01 -2.0565330132e+00  6.6694188077e+00 -2.2608787335e+00 -1.7891256508e+00  2.9468884819e+00  1.6603588788e-01 -7.1962049966e-02
ENERGY -4.736376513027e+02
GRADIENT -1.8242740989e-05 -3.0100423078e-05  2.4586614864e-05 -4.1881167690e-06  5.1535608999e-05 -4.8061232690e-06  2.0218380254e-04 -1.6720604453e-03  1.4210762305e-03  3.7231527038e-04  1.5012001417e-03 -1.0424107088e-03  6.2373527557e-05  3.5489859075e-05  1.0990651169e-05 -4.9241220133e-06  5.1332200039e-06  4.9598601238e-05  1.7496439742e-05  1.6224398527e-03 -1.2974189504e-03  1.1044771604e-05  5.6147174749e-06 -3.1755428891e-05 -7.0667183777e-04 -1.4823027243e-03  8.9592042938e-04  5.0084479667e-05  1.1691282138e-05  1.4317266713e-05 -2.3322129966e-06  1.3921914599e-05 -9.5833874514e-06 -2.4536925019e-06 -1.4843576172e-05  1.6881771479e-05 -6.6677488303e-07  9.3150679304e-07  1.7906961747e-05  3.5064878158e-06  1.5485360640e-06  7.5273374506e-06 -4.0395366890e-06  6.5538710566e-06 -8.6246623699e-06 -3.3225579165e-05  1.3249032120e-06 -1.6789328444e-05  2.3508743056e-05  3.9531702288e-06 -1.4888925416e-05 -9.5604640897e-06 -2.3964655528e-05 -3.3976173000e-05  5.9557690296e-06  1.1010714058e-05  1.3808222117e-05

JOB 1
COORDS  5.4013532167e+00  1.4578293839e+00  1.4595239198e+00  4.0402140806e+00  1.2620484145e+00  1.4484564210e+00  5.0347810585e+00 -4.1348710715e-02 -3.1272206950e-02  4.2163920267e+00 -1.1921238124e+00 -2.0050985169e+00  4.5919795723e+00 -1.9593640878e+00 -3.2585335703e+00  6.6145782213e+00 -1.3524163942e+00 -1.3269310393e+00  6.0169339780e+00  6.4875477743e-01  5.2032181558e-01  3.8170076665e+00  2.8199347020e-01  4.9265045174e-01  5.2176098387e+00 -9.6741896488e-01 -1.0763604222e+00  3.0540848669e+00 -8.1838623252e-01 -1.8171422074e+00  5.9764117412e+00  2.1313492481e+00  2.0810706649e+00  3.2326527986e+00  1.7061404311e+00  2.0121559548e+00  4.8554084074e+00 -2.9955573351e+00 -3.0222473719e+00  5.4417326551e+00 -1.5086636664e+00 -3.7791800201e+00  3.7214635050e+00 -1.9603145161e+00 -3.9138415858e+00  7.1356658672e+00 -1.3888722338e+00 -3.7184566630e-01  7.1248535534e+00 -6.2257142227e-01 -1.9639134277e+00  6.6492737748e+00 -2.3368116959e+00 -1.7920182434e+00  2.9436327151e+00 -1.7964299709e-02  7.2079352631e-02
ENERGY -4.736358170863e+02
GRADIENT  3.4415504695e-05 -2.4329061079e-05 -5.2839942529e-07 -2.1168269749e-05  1.3890097460e-05 -4.7673044992e-05  1.7716357020e-03 -3.5893072099e-03  3.5240433519e-03  1.6728591704e-03  2.9673582408e-03 -2.5234842502e-03 -4.6125636947e-05  3.8023319983e-07 -2.1868148075e-05 -4.2558860785e-05 -4.0265830019e-05 -5.3578582189e-05 -6.2828687635e-04  3.3829826893e-03 -3.0709073588e-03  4.2772281308e-07 -2.6384122969e-05 -2.0651526986e-05 -2.7820694373e-03 -2.7223655869e-03  2.2075283176e-03  3.7624333138e-05  4.9124777092e-05 -1.1707845973e-05 -4.2446502563e-06  4.2791794517e-06  1.5226572407e-06 -3.0133095910e-06 -1.0458844957e-06  3.6445101218e-06  8.4129549750e-06  1.6953007174e-05 -5.0993963318e-06 -5.3310219645e-06  1.8502590249e-05 -6.3710968345e-06 -2.8107275788e-06 -8.1701051440e-06 -2.8080902784e-06 -1.2592030194e-05  6.9518393006e-06  1.1898239286e-05  2.1577732793e-06 -4.5516633892e-06  2.9963208939e-06 -6.3236264156e-06  3.7790957410e-06  1.2785072339e-05 -2.3229982368e-05 -6.2882011488e-06  3.2986642532e-05

JOB 2
COORDS  5.3754287879e+00  1.5567521077e+00  1.3513165421e+00  4.0433127717e+00  1.2383330933e+00  1.4743254397e+00  5.0302997707e+00 -6.2332187463e-02 -1.3550587813e-02  4.2219306736e+00 -1.1491105808e+00 -2.0165499442e+00  4.6128420527e+00 -1.8795915811e+00 -3.2868987752e+00  6.5897112416e+00 -1.4261124302e+00 -1.2713880023e+00  5.9823801698e+00  7.5098643973e-01  4.0303939101e-01  3.8363345493e+00  1.7821552625e-01  6.0365763085e-01  5.1954902296e+00 -1.0207994990e+00 -1.0344574885e+00  3.0740249601e+00 -7.3173869000e-01 -1.8491588394e+00  5.9348276314e+00  2.3153660730e+00  1.8826601092e+00  3.2475527877e+00  1.6449315330e+00  2.0814779724e+00  4.8271173244e+00 -2.9337861070e+00 -3.0826044539e+00  5.4991595834e+00 -1.4435141565e+00 -3.7565011767e+00  3.7686762218e+00 -1.8195127616e+00 -3.9732059264e+00  7.0945704735e+00 -1.4919495897e+00 -3.0867013475e-01  7.1266695248e+00 -6.9637670686e-01 -1.8860137472e+00  6.6140187542e+00 -2.4040195350e+00 -1.7517554462e+00  2.9549113450e+00 -1.7379882980e-01  2.4707244496e-01
ENERGY -4.736327816913e+02
GRADIENT -5.1417574614e-05  8.0187522132e-05 -6.4332629647e-05  3.2519009973e-05 -2.3074357644e-05  4.4709578757e-05  4.1111509724e-03 -4.6782924972e-03  5.0768652184e-03  2.6969321114e-03  4.0350211022e-03 -3.1400953316e-03  2.4557017268e-05  3.0476223243e-05 -4.9266016750e-06  5.3083760303e-05  7.4916287834e-05  1.1758722390e-04 -1.7531124529e-03  4.2847896405e-03 -4.3905782556e-03 -4.1920288582e-05 -3.6891348550e-05  9.5919775336e-05 -5.0115453476e-03 -3.7434726272e-03  2.3441612785e-03 -4.1365295198e-05  2.8359032197e-06 -1.6994618673e-05  8.4681268987e-06 -1.6206253850e-06 -2.3830170993e-06  3.5889493418e-06 -1.3879339922e-06  4.8353523530e-06 -1.7460527605e-05 -5.1317454386e-07  1.2579205618e-05  8.3970338921e-06 -1.7357770859e-05 -4.0651746139e-06  8.3172879486e-06  1.6526717200e-05 -5.5947365048e-06  5.5515616209e-06  2.9320672916e-06 -4.1757964686e-07  5.0472319633e-06 -1.5328816092e-06 -2.1320008642e-06  5.7382759368e-06  2.0189408346e-06  4.8610007711e-06  1.2505052584e-05  2.5966659033e-05 -7.8819657995e-05

JOB 3
COORDS  5.2905085320e+00  1.6581840989e+00  1.2478948930e+00  4.0223003649e+00  1.2059310934e+00  1.5310701689e+00  4.9808259917e+00 -4.7156147826e-02 -1.6579819215e-02  4.1863900350e+00 -1.0683365378e+00 -2.0472877300e+00  4.5768360559e+00 -1.8138390475e+00 -3.3093213752e+00  6.5086021978e+00 -1.4893436999e+00 -1.2271756555e+00  5.8744030000e+00  8.8150767161e-01  2.6264236162e-01  3.8425742923e+00  9.2855175033e-02  7.2478049400e-01  5.1258487795e+00 -1.0310168855e+00 -1.0184162710e+00  3.0731908290e+00 -5.6307570820e-01 -1.9166533654e+00  5.8165607206e+00  2.4946613955e+00  1.6887869446e+00  3.2561930575e+00  1.5546109041e+00  2.2083816498e+00  4.7529376417e+00 -2.8744900461e+00 -3.1030755761e+00  5.4883639811e+00 -1.4056657347e+00 -3.7560290873e+00  3.7525150716e+00 -1.7223688504e+00 -4.0159744507e+00  6.9894167170e+00 -1.5776773750e+00 -2.5335943814e-01  7.0880586542e+00 -7.8206017884e-01 -1.8294046725e+00  6.5079917816e+00 -2.4686151924e+00 -1.7066245170e+00  2.9669165295e+00 -3.6299745115e-01  5.0045472238e-01
ENERGY -4.736291906746e+02
GRADIENT -3.4310222168e-05 -1.2755970081e-04 -2.0772831593e-04  7.1100990635e-05 -1.6401048735e-04  1.8133525101e-04  5.8102136076e-03 -4.3535130951e-03  5.5935210366e-03  3.2458528404e-03  3.5381390812e-03 -3.1407320925e-03 -1.0367515746e-05 -3.9484236100e-05  6.5354544658e-06 -6.1890764859e-06 -2.5828478707e-05 -7.4925576769e-05 -2.5847525914e-03  4.0641686838e-03 -4.4178646846e-03 -2.6685945936e-04  1.5600005684e-04 -2.5169124343e-04 -6.3015666532e-03 -3.0419222436e-03  2.2920006331e-03  1.4124024573e-04  2.1927629834e-05  5.0649893624e-05 -2.1741420392e-07 -6.2502228703e-06 -2.3117030767e-05 -1.2918296353e-05 -6.8053245946e-06 -1.1564214179e-05  4.5432543883e-05  7.9993453107e-06 -5.6491909768e-06  1.0987890851e-05  3.0959986790e-05 -3.2785914325e-06  2.0777016810e-06 -2.0831486591e-05 -1.7499184653e-06 -2.5935548962e-05  8.6091176197e-06 -6.6676712531e-06 -2.6203186821e-06 -1.0042502642e-05  4.3067933134e-06 -6.1812130407e-06 -2.7540870896e-05 -2.6855100191e-05  2.4277865290e-06 -4.2410209153e-05  2.7308158940e-05

JOB 4
COORDS  5.2238739768e+00  1.7515590792e+00  1.1416301823e+00  4.0689793115e+00  1.1514324771e+00  1.5916978455e+00  4.9757316629e+00 -1.1226230758e-02 -5.7261719285e-02  4.2338995567e+00 -9.7426575854e-01 -2.1228615506e+00  4.6124964155e+00 -1.7890955089e+00 -3.3458577662e+00  6.4756696928e+00 -1.5637838117e+00 -1.1735910338e+00  5.7725949386e+00  1.0262949386e+00  1.0050068199e-01  3.9340890302e+00  6.1644146236e-03  8.2648104780e-01  5.1171668952e+00 -1.0142193205e+00 -1.0419390035e+00  3.1816713572e+00 -3.4702309509e-01 -2.0620670774e+00  5.6879763083e+00  2.6606962885e+00  1.5008136802e+00  3.3571788731e+00  1.4201110814e+00  2.3588490286e+00  4.6887619022e+00 -2.8542748021e+00 -3.1045122864e+00  5.5744868446e+00 -1.4715356186e+00 -3.7595075635e+00  3.8325689311e+00 -1.6481382186e+00 -4.0936168718e+00  6.8920992516e+00 -1.6900315107e+00 -1.7370726630e-01  7.1348746840e+00 -8.9528512818e-01 -1.7375780377e+00  6.4417016730e+00 -2.5405448250e+00 -1.6578893949e+00  3.1249678879e+00 -5.9873369708e-01  7.7549786545e-01
ENERGY -4.736261861919e+02
GRADIENT  6.9871584502e-05 -2.9622344576e-05  1.4984545931e-05 -2.8778875529e-05 -3.1784002773e-05 -5.6479021417e-05  5.2953238344e-03 -2.8281057933e-03  3.5988467064e-03  2.5774610014e-03  2.2885750017e-03 -1.9887762840e-03  1.6611615192e-05  1.4867585098e-07 -5.8947612049e-06 -6.4846904334e-05 -1.1332873814e-05  2.0126662083e-05 -2.6799173996e-03  2.5486387487e-03 -2.8962537159e-03 -1.1422043212e-05  2.2963569338e-05 -8.4266845498e-06 -5.1463031111e-03 -1.9425303429e-03  1.2786769027e-03  4.1524147782e-06 -1.1097026100e-05 -1.0507067859e-05  1.6148474484e-05 -9.4457614679e-06  9.9931775043e-06 -5.5454239893e-06  1.5658825773e-05 -1.8602743944e-05 -1.5988972332e-06 -3.4893968361e-06 -4.0352590445e-06  1.0022170073e-05 -4.9070356365e-06  3.5849969556e-06  7.4182225476e-06  4.3665149532e-07 -3.1238355440e-06  5.0058263083e-06 -3.4797420552e-06  7.3133763264e-06  1.1028463552e-05 -3.7750765446e-06 -5.9046717260e-07  7.0675579604e-06 -6.5943488113e-06 -7.6177274969e-07  2.0629405969e-05 -1.4340582708e-05  5.6923865538e-05

JOB 5
COORDS  5.1148421307e+00  1.8393314086e+00  1.0509962013e+00  4.1173692990e+00  1.1140211555e+00  1.6659360181e+00  4.9351046808e+00  2.3076594037e-02 -7.8057893834e-02  4.2447634652e+00 -8.9358618426e-01 -2.1726494491e+00  4.6193974075e+00 -1.7428524136e+00 -3.3736773737e+00  6.3971885102e+00 -1.6262291795e+00 -1.1122583135e+00  5.6096218796e+00  1.1536009651e+00 -4.1001173721e-02  4.0242129534e+00 -5.8294503452e-02  9.3854821078e-01  5.0689834349e+00 -9.9656900272e-01 -1.0479858509e+00  3.2467994143e+00 -1.8394193049e-01 -2.1632617909e+00  5.4999567621e+00  2.8118437233e+00  1.3284148622e+00  3.4898616660e+00  1.3152270835e+00  2.5222468263e+00  4.6207333360e+00 -2.8086769852e+00 -3.1233710646e+00  5.6149758173e+00 -1.4872835292e+00 -3.7495767581e+00  3.8813049316e+00 -1.5601984047e+00 -4.1541949275e+00  6.7491517108e+00 -1.7909540684e+00 -9.2616966006e-02  7.1255093677e+00 -9.9250803492e-01 -1.6305809089e+00  6.3350334648e+00 -2.5945736750e+00 -1.6109510670e+00  3.3260808236e+00 -7.8347280097e-01  1.0366888216e+00
ENERGY -4.736240566017e+02
GRADIENT -6.8971525521e-05  7.9814961766e-05 -7.2209620197e-05  6.8033970098e-05 -6.3402384251e-05  3.6450845280e-05  4.8923717135e-03 -1.7740195642e-03  2.4596586849e-03  2.1646032087e-03  1.6407866446e-03 -1.3941817998e-03  4.8504143487e-06 -1.8435521844e-06  3.8022771284e-07 -3.2781333855e-05 -1.3957206953e-05  1.8346818142e-05 -2.5030094624e-03  1.5541701678e-03 -1.9353131709e-03 -3.6437647625e-05  1.2891524814e-05 -3.1600468568e-05 -4.4789294759e-03 -1.4759058689e-03  9.0373902566e-04 -3.7705377167e-06  2.1345621482e-05 -3.3579880696e-05 -2.8259071112e-06  2.6002507437e-06 -7.4371882990e-06  6.6959482523e-06 -2.2475127264e-06 -2.6698017043e-06  8.9579957819e-06  2.6099306968e-06 -5.8645896985e-06  6.1027771839e-06  2.6109314196e-06 -7.2032010466e-06  4.0155166129e-06 -2.2538152745e-07 -8.3085528659e-06  9.8762911646e-06  2.0356239686e-06 -4.7719729479e-07  8.3731901254e-06 -1.4174559987e-05 -1.0127941168e-05  4.4060055775e-06 -1.3200543360e-05  9.5624557683e-06 -1.5921319741e-05  1.4366877732e-05 -4.3878654318e-06

JOB 6
COORDS  5.0110479410e+00  1.9080949011e+00  9.6240645746e-01  4.1992232864e+00  1.0950157847e+00  1.7242022106e+00  4.8966449273e+00  4.5641611502e-02 -9.8054238514e-02  4.2607807640e+00 -8.4291659220e-01 -2.2219621732e+00  4.6638178478e+00 -1.7023863066e+00 -3.4068757055e+00  6.3104139494e+00 -1.6919926936e+00 -1.0498902214e+00  5.4329070517e+00  1.2456950672e+00 -1.7253535621e-01  4.1407753639e+00 -1.0157510710e-01  1.0340159591e+00  5.0159741926e+00 -9.9120212663e-01 -1.0519636638e+00  3.2980988964e+00 -8.9767464280e-02 -2.2626835445e+00  5.3110567659e+00  2.9278955044e+00  1.1652923319e+00  3.6786969015e+00  1.2512317879e+00  2.6581639702e+00  4.6023611784e+00 -2.7687690224e+00 -3.1666624952e+00  5.6894818486e+00 -1.4901858798e+00 -3.7245912109e+00  3.9797237836e+00 -1.4814788226e+00 -4.2257330696e+00  6.6013569404e+00 -1.8763800905e+00 -1.3993011536e-02  7.0978623989e+00 -1.0989589789e+00 -1.5296866515e+00  6.2237489863e+00 -2.6564400279e+00 -1.5525245709e+00  3.5649874536e+00 -9.0433312353e-01  1.2506530747e+00
ENERGY -4.736221472337e+02
GRADIENT -7.5421167383e-05  1.4843041010e-04  1.3683044375e-05  1.3931303641e-04 -3.8623094268e-05  3.5856508015e-05  5.9699406718e-03 -1.4398589000e-03  2.1623618979e-03  2.4997897719e-03  1.5231818413e-03 -1.3304547252e-03 -2.7733507002e-05 -1.7087003145e-05  2.4629080824e-07 -2.0988971732e-05  5.3575801120e-06  1.9761754419e-05 -3.1579812305e-03  1.2364947416e-03 -1.7172310575e-03 -4.8748574912e-05  3.2558241740e-05 -9.4559562542e-05 -5.2778698119e-03 -1.5475673461e-03  9.2798236207e-04 -2.5831638332e-06  5.5929418120e-05 -1.4993234338e-05 -3.7253573110e-06  7.4613480971e-06  2.0702163489e-06 -2.5729979532e-06  5.5445173771e-07 -8.3643480442e-06  3.1542149073e-05  3.7467635260e-06 -8.3148725922e-06 -4.4340465586e-07  2.3738779550e-05 -1.7942016148e-05 -1.0499624264e-05 -8.0719015334e-06  5.7227919725e-06  9.7390201452e-07  6.5558883551e-06 -1.4127493526e-06  1.8528121388e-06  4.6098195413e-07 -5.1726760874e-06 -1.7541260383e-06  7.1768931307e-06 -2.2301195101e-06  2.5959916149e-06  3.1674581993e-06  3.4250805751e-06

JOB 7
COORDS  4.8773780319e+00  1.9522481970e+00  8.9941930762e-01  4.2837187983e+00  1.0721409659e+00  1.7785636642e+00  4.8446991032e+00  6.0093181367e-02 -1.1347037105e-01  4.2680538468e+00 -8.1428861922e-01 -2.2698123472e+00  4.7252402794e+00 -1.6755361091e+00 -3.4344290312e+00  6.2041979706e+00 -1.7579977980e+00 -9.8711833014e-01  5.2170987649e+00  1.3119293582e+00 -2.7466658600e-01  4.2701000208e+00 -1.4175713070e-01  1.1154277080e+00  4.9502499912e+00 -9.8820551899e-01 -1.0556818837e+00  3.3227883055e+00 -4.6735796077e-02 -2.3637292841e+00  5.0773860090e+00  3.0057488078e+00  1.0454087325e+00  3.8896822691e+00  1.1911936410e+00  2.7776875334e+00  4.5816104284e+00 -2.7399254839e+00 -3.2208120346e+00  5.7840055770e+00 -1.5204461416e+00 -3.6632781919e+00  4.1241456115e+00 -1.4047677372e+00 -4.3019625141e+00  6.4480186229e+00 -1.9302796044e+00  6.3075347767e-02  7.0417492954e+00 -1.2231332248e+00 -1.4513483892e+00  6.0837715467e+00 -2.7303214082e+00 -1.4673269363e+00  3.8238828822e+00 -9.9690162222e-01  1.4195743531e+00
ENERGY -4.736199454180e+02
GRADIENT -1.7078754533e-05  2.6942537626e-05  2.5355636950e-05 -1.5766937336e-05  1.1148790261e-05  4.1190565456e-05  8.0742605295e-03 -9.2820405747e-04  1.8020923628e-03  3.1329605055e-03  1.7154439255e-03 -1.6345181741e-03  3.0583437869e-05  5.1700673947e-05 -4.5716592819e-05  7.7210380441e-05  5.7932049111e-05  1.9033555351e-05 -4.2158332414e-03  9.9550996233e-04 -1.5731470036e-03  3.8889560355e-05  7.5360337485e-05 -3.5777051687e-05 -7.0812496776e-03 -1.9681791591e-03  1.3384974039e-03  4.4420995587e-05 -4.7898114567e-05  5.5590576772e-05 -1.5089357189e-05  4.9421835755e-06  4.3281422507e-07  2.2991526464e-05  1.5208709104e-06  1.0303289981e-05 -3.9468077759e-05  6.4248089108e-06  2.7123161033e-06  4.1735657836e-06 -3.5893688452e-05  3.9243272428e-06  2.1535070472e-05  1.3099192160e-05 -8.8962749909e-06 -6.8649155989e-06  2.2147261348e-05  3.2862486879e-06 -3.5421264873e-06 -7.6324377171e-06 -9.6238429326e-06 -1.5507546105e-05 -8.5412772334e-06  1.3749481409e-05  7.6246058611e-06  6.9884842204e-07 -6.9854898324e-06

JOB 8
COORDS  4.7587449889e+00  1.9879523725e+00  8.6078631739e-01  4.4000914724e+00  1.0610567080e+00  1.8143502166e+00  4.8178325382e+00  8.7993313719e-02 -1.3719882648e-01  4.2920469436e+00 -7.6685799786e-01 -2.3295764493e+00  4.7887888279e+00 -1.6433299894e+00 -3.4676427885e+00  6.0959657956e+00 -1.8170673817e+00 -9.4852926689e-01  5.0120377084e+00  1.3714718621e+00 -3.4787840917e-01  4.4381684669e+00 -1.5913688033e-01  1.1603237567e+00  4.9029488541e+00 -9.6209277721e-01 -1.0782843246e+00  3.3761577004e+00  2.4583817136e-02 -2.4801522723e+00  4.8523385616e+00  3.0599487778e+00  9.7566849564e-01  4.1396823806e+00  1.1493854776e+00  2.8593522448e+00  4.5975490544e+00 -2.7029617825e+00 -3.2687365686e+00  5.8635425681e+00 -1.5232856895e+00 -3.6354963677e+00  4.2475495821e+00 -1.3507935194e+00 -4.3669072113e+00  6.2910596604e+00 -1.9892186190e+00  1.1164476332e-01  6.9874654191e+00 -1.3519573172e+00 -1.3876447813e+00  5.9263965612e+00 -2.7867933467e+00 -1.4182107274e+00  4.1258618172e+00 -1.0495963164e+00  1.5240290192e+00
ENERGY -4.736172792014e+02
GRADIENT -1.1071794306e-04  6.6965068204e-05 -3.7224071797e-05  9.8700826625e-05 -1.4081406159e-05 -5.0252194451e-05  1.0322729005e-02 -1.2960913413e-04  1.1666536152e-03  4.0620918365e-03  1.7407562346e-03 -1.5621444909e-03 -5.1160925011e-05 -3.6342409214e-05  4.5299874349e-06 -1.1200081991e-04 -5.4859365089e-05 -3.7956108737e-05 -5.3914412144e-03  6.5427746652e-04 -1.2004281467e-03 -1.7990495853e-05 -7.1936473681e-05  3.2859704746e-05 -8.8768144491e-03 -2.1672607204e-03  1.6971474236e-03  2.6771610812e-05  4.0786021998e-05 -8.1311642369e-06  1.5881104987e-06  6.1833356090e-06 -7.1489187508e-06 -1.3571692685e-05 -6.0370088319e-07 -1.0163372981e-05  3.6683573895e-05 -2.3085066828e-06 -2.4095968220e-06 -2.6963497920e-06  3.9617222561e-05 -7.1219367034e-06 -2.2394951358e-05 -1.4777578385e-05 -4.6619818325e-06 -1.1585810641e-06 -1.2263277534e-05 -1.2930274775e-05  1.8786562031e-06  1.1629035613e-05  3.1445754428e-06  2.4683067525e-05 -2.3922699493e-06 -1.6692373374e-05 -3.0361539926e-06  2.6475740242e-07  3.6716332115e-06

JOB 9
COORDS  4.6263956992e+00  2.0198746522e+00  8.5061458294e-01  4.5073725786e+00  1.0721778019e+00  1.8405293754e+00  4.7931494951e+00  1.2774892649e-01 -1.5213288935e-01  4.3271252032e+00 -7.1631504844e-01 -2.3796473569e+00  4.8571705615e+00 -1.6189589384e+00 -3.4836060742e+00  5.9865131427e+00 -1.8586180370e+00 -9.0548971924e-01  4.7961974646e+00  1.4217877893e+00 -3.8264621650e-01  4.6135334437e+00 -1.4592880233e-01  1.1855902651e+00  4.8643424339e+00 -9.2272569677e-01 -1.0936285525e+00  3.4473071408e+00  9.9590820353e-02 -2.5914963943e+00  4.6054072376e+00  3.0970308931e+00  9.5223898816e-01  4.3791689462e+00  1.1417592433e+00  2.9111800571e+00  4.5964402751e+00 -2.6671200687e+00 -3.3036312884e+00  5.9453932164e+00 -1.5566695614e+00 -3.5809744411e+00  4.3921456680e+00 -1.2982679290e+00 -4.4152881975e+00  6.1311782916e+00 -2.0377323968e+00  1.6095175635e-01  6.9270867309e+00 -1.4645102277e+00 -1.3107170878e+00  5.7669378089e+00 -2.8181550586e+00 -1.3740618608e+00  4.4475398476e+00 -1.0570110599e+00  1.5912233166e+00
ENERGY -4.736141859778e+02
GRADIENT  1.6212925624e-04 -9.8933480162e-05 -4.4249819540e-05 -1.3533876857e-04 -2.2713928034e-05 -6.1913044109e-05  1.1948717837e-02  1.0637081483e-03  3.9714083469e-05  4.7085962369e-03  1.6789693160e-03 -1.5492728295e-03 -8.7669964793e-05 -4.6979260157e-05  9.9493648791e-07 -1.5068890168e-04 -3.7105292417e-05 -4.6851557952e-05 -6.3659480122e-03  3.4111405454e-05 -5.8379281017e-04  1.0716901440e-04 -1.5880300213e-04  6.7827114663e-05 -1.0325538994e-02 -2.4954068249e-03  2.1872541422e-03  3.1246939884e-05  4.8260351028e-05 -5.3369166267e-06  4.2641880417e-05 -1.2145047777e-05 -1.4043278269e-05 -6.4324440432e-05 -2.9027221744e-05 -5.8092630479e-06  5.5637230096e-05 -1.4539012933e-05 -8.9460130527e-07  6.1727074128e-06  4.7147243681e-05 -8.5342834220e-06 -2.5203754845e-05 -2.6897424753e-05  3.6296018024e-07 -2.9579300959e-06 -2.0276304167e-05 -1.0058735574e-05  5.7379445130e-06  1.9478477683e-06 -1.6744755738e-06  2.3250322661e-05 -6.2037953293e-06 -1.9162222908e-05  4.8133676551e-05 -6.7055522952e-06  3.8710434410e-05

JOB 10
COORDS  4.4584697604e+00  2.0650879214e+00  1.0306358728e+00  4.8143036843e+00  1.1229252624e+00  1.9633080969e+00  4.8731442243e+00  2.8547762449e-01 -1.0143364750e-01  4.5530042099e+00 -5.3322092830e-01 -2.3954188265e+00  4.9548963240e+00 -1.5870166452e+00 -3.4231042094e+00  5.8350901496e+00 -1.8688307086e+00 -6.9121586054e-01  4.4959732805e+00  1.5377737038e+00 -2.4596242212e-01  5.0851659110e+00 -2.5811634778e-02  1.2273553587e+00  5.0568574075e+00 -6.9686960348e-01 -1.0926234602e+00  3.8229455880e+00  3.9078824495e-01 -2.7053716916e+00  4.1800791548e+00  3.0975983455e+00  1.1969363227e+00  4.9182521926e+00  1.1513693516e+00  3.0383081055e+00  4.5876252447e+00 -2.5842781131e+00 -3.1600246947e+00  6.0400551446e+00 -1.6450290762e+00 -3.5565357614e+00  4.5013517721e+00 -1.2873468640e+00 -4.3673569853e+00  5.2603876607e+00 -2.5220996569e+00 -2.0280586814e-02  6.7565110600e+00 -1.5597204467e+00 -1.8673191039e-01  6.1153380290e+00 -2.4589497375e+00 -1.5575547528e+00  5.3149209593e+00 -9.2808071930e-01  1.6180816212e+00
ENERGY -4.736118617174e+02
GRADIENT  7.3357266180e-05  1.3251904044e-05 -7.5737880581e-06 -1.3808907726e-04 -5.2631744570e-05  8.8432835438e-06  4.7234886526e-03  1.6014011943e-03 -7.4624243106e-04  1.8767320241e-03  7.3554329173e-04 -6.1278293190e-04  3.9712031206e-05  1.1346208658e-05 -2.5098243289e-06 -4.8643307056e-05 -8.6494742988e-05 -1.7698956506e-04 -2.3638137335e-03 -6.8076458168e-04  2.7433088348e-04  6.9203951858e-06  1.5844782722e-06 -2.2265045450e-05 -4.1602166208e-03 -1.5843973755e-03  1.2474022724e-03 -1.3573830643e-05  1.8549400258e-05 -1.9587769885e-05 -3.1822770874e-05 -1.1585509312e-05 -2.2889583556e-06  7.3360943372e-05  2.5101385075e-05 -1.0602636308e-05 -1.7380943833e-05  4.1180462679e-06  1.1934645330e-06  1.9109086867e-07 -1.8491472492e-05 -5.0375848504e-06  1.3222989836e-05  8.7036363177e-06 -2.8990164723e-06 -1.4184224892e-05 -1.1099801341e-05  5.2951980264e-06  1.2121130410e-06 -1.8846554508e-06  9.6015937768e-06 -9.3196534916e-06  9.1612287638e-06  1.1992431627e-05  1.1130052222e-05  5.0236078455e-06  6.1931617228e-06

JOB 11
COORDS  3.9625698232e+00  8.6890455405e-01  1.9927941092e+00  4.9298745547e+00  1.7762584580e+00  1.6415439747e+00  4.7175120886e+00  1.7688966270e-01  1.0149140717e-01  4.3084593365e+00 -1.6783155213e+00 -1.4633934684e+00  4.6945844049e+00 -2.3139629337e+00 -2.7968435715e+00  6.0450989264e+00  7.8552642578e-02 -1.9317112716e+00  3.8366308990e+00 -1.1839002907e-01  1.0345860309e+00  5.4162104748e+00  1.3268503028e+00  4.1818424625e-01  4.9965483272e+00 -5.0668463325e-01 -1.0978853529e+00  3.4439408872e+00 -2.1779511729e+00 -7.6710939398e-01  3.3431610273e+00  8.6241755312e-01  2.8802570647e+00  5.3153406178e+00  2.6666714800e+00  2.1167460637e+00  5.7390039363e+00 -2.6423075254e+00 -2.8137255243e+00  4.5322731347e+00 -1.6400114834e+00 -3.6441612389e+00  4.0541528620e+00 -3.1870669253e+00 -2.9178239696e+00  5.7728092659e+00  1.0921681986e+00 -2.2514320826e+00  6.1995448960e+00 -5.1544398371e-01 -2.8254977864e+00  6.9995649242e+00  1.1456070851e-01 -1.3920095390e+00  6.1466929304e+00  1.7747905316e+00 -1.1479339822e-01
ENERGY -4.736111476509e+02
GRADIENT  4.8810119614e-06 -7.5656251857e-05 -3.2111281700e-05 -3.9078265105e-05  3.3189236917e-05 -5.5377183319e-05  4.8044371961e-05  3.3955480628e-05  1.8801790283e-05 -1.1827991674e-05 -2.7517604281e-05 -3.1418277621e-05 -3.9163749566e-05  1.9474385046e-05 -1.7037839424e-05  1.7515941387e-05 -5.8254234813e-06 -4.7566968738e-06  6.2440537537e-07 -4.7711120937e-05  7.1008592198e-05 -3.9105759284e-05  7.5921991857e-05 -4.0305001092e-05 -5.4260250967e-05  4.5426622123e-05  2.8713294870e-07  5.1454902741e-05 -4.8575276126e-07  8.8106617139e-06 -1.7289965447e-05  2.0085085967e-05 -1.4787618488e-05  3.0189051310e-05 -3.3448886245e-05  2.3416810423e-05  2.0235169649e-06 -2.4446272219e-05  4.8700394421e-06  2.8640104282e-05 -2.8334006491e-07 -3.1920420488e-07 -1.6005879553e-06 -5.4796804928e-07 -1.1536292119e-05 -8.6341758226e-06 -7.4028036907e-06 -4.5843038146e-06  4.7530994546e-06 -1.1648110301e-05 -1.2144946643e-06 -2.3411084219e-06 -6.3844053477e-06  4.2921496168e-07  3.0903964245e-05 -4.2798186018e-05  1.5106398183e-05

JOB 12
COORDS  4.0972132910e+00  7.3828158260e-01  2.0479689978e+00  4.8693741293e+00  1.7801194340e+00  1.5978927196e+00  4.7487174922e+00  1.4567802006e-01  8.7267282875e-02  4.2212631962e+00 -1.5981501377e+00 -1.5607687093e+00  4.6852337468e+00 -2.3182796369e+00 -2.8234504323e+00  6.1237842442e+00  1.0019712490e-02 -1.9142135049e+00  4.0265398717e+00 -2.6977911252e-01  1.1056790188e+00  5.2917802978e+00  1.3920227049e+00  3.3082452674e-01  4.9942740250e+00 -5.0206144663e-01 -1.1381118009e+00  3.2219949939e+00 -1.9635814962e+00 -9.6842443293e-01  3.5876953806e+00  6.4669167506e-01  2.9983556654e+00  5.1695036383e+00  2.7199492268e+00  2.0382141543e+00  5.6981843073e+00 -2.7216373226e+00 -2.7237924594e+00  4.6595832411e+00 -1.6687211983e+00 -3.7044088658e+00  3.9928430975e+00 -3.1447297225e+00 -2.9805943103e+00  5.8900182883e+00  9.8190163448e-01 -2.3703063139e+00  6.3785484462e+00 -6.7289638781e-01 -2.7180161696e+00  7.0070009935e+00  1.1750748884e-01 -1.2759667010e+00  5.8275170076e+00  1.9639383467e+00 -3.0592611917e-01
ENERGY -4.736118613746e+02
GRADIENT  4.3937691995e-05 -4.2514786023e-05 -5.4722490918e-05 -5.5651427055e-05  8.8791134707e-05 -7.1088345256e-05  3.8455807719e-03 -2.4749047743e-03  2.1430751747e-03  1.5837402038e-03 -1.2708780092e-03  7.8368708077e-04  2.7780836719e-05 -4.4343358244e-05  1.1894507516e-05 -2.7895172772e-05 -1.3376166851e-04 -1.4361358292e-04 -1.9563360879e-03  1.0772888747e-03 -9.4126846117e-04 -2.1995626513e-05  6.3712426178e-06  3.2138308549e-05 -3.3345752972e-03  2.7492661279e-03 -1.7738465015e-03 -4.9432531937e-05 -7.2998735919e-06  1.4560830314e-05 -4.3619048906e-05  2.6406805433e-05 -2.8928739970e-05  7.1704187558e-05 -4.6521278112e-05  5.1579607526e-05 -3.3875372765e-07  1.2042896980e-05 -1.9535760092e-05 -2.1283404101e-05  8.7129405014e-06 -4.7120212642e-06  7.5275729474e-06 -9.7748821826e-06  4.5206280212e-06 -1.7455661155e-05  1.1392941452e-05 -2.4760704281e-05 -1.3073194391e-05 -1.2972822507e-06 -7.8386861286e-06 -1.7608846540e-05  3.3703811166e-07 -2.6833439345e-06 -5.2512710480e-06  8.4794463358e-06  6.9458061195e-06

JOB 13
COORDS  4.2313143471e+00  5.3984749436e-01  1.9668962874e+00  4.5697775809e+00  1.7668425312e+00  1.4451702159e+00  4.7050288984e+00  1.6859760199e-01 -9.4856448362e-02  4.0595356452e+00 -1.4659627762e+00 -1.7691053820e+00  4.5882823290e+00 -2.3368456796e+00 -2.8989349437e+00  6.2205072851e+00 -2.3086041964e-01 -1.9603917971e+00  4.3128218347e+00 -4.4327718458e-01  1.0003275882e+00  4.8709387681e+00  1.5197310806e+00  1.1392733126e-01  4.8726832265e+00 -3.8139952841e-01 -1.3849210279e+00  2.9680500214e+00 -1.6678452093e+00 -1.2665619133e+00  3.9395836020e+00  3.0404369899e-01  2.9819450135e+00  4.6398450872e+00  2.7542406108e+00  1.8784241584e+00  5.5785903794e+00 -2.7459103117e+00 -2.6763503020e+00  4.6605970966e+00 -1.7759432114e+00 -3.8365803415e+00  3.8816550668e+00 -3.1549734991e+00 -3.0348442664e+00  6.6132570833e+00  7.5436807126e-01 -1.7046404154e+00  6.1816157548e+00 -2.9815968468e-01 -3.0477910420e+00  6.9215561115e+00 -9.8238022215e-01 -1.5757597222e+00  5.0400836925e+00  2.2171839112e+00 -5.9819154995e-01
ENERGY -4.736141863857e+02
GRADIENT  4.8189696372e-05 -4.3262441115e-05 -1.6093506385e-04 -9.0907438199e-06  7.4318547997e-07 -3.7974973021e-05  1.0993732393e-02 -3.6130680181e-03  3.2193290254e-03  3.6370130846e-03 -3.2271796966e-03  1.8049043729e-03 -4.3953729244e-05  3.2945135306e-05 -5.8762586689e-05 -1.3050354393e-04  3.7070834446e-06 -5.1831494445e-05 -6.0250103509e-03  1.1836921125e-03 -1.3458675373e-03  7.3923897265e-05  9.6889657556e-05 -1.0593558519e-04 -8.6235795522e-03  5.6203378778e-03 -3.3953657074e-03  2.2744077191e-05 -2.2894862489e-05  6.9149818829e-05  2.3469884315e-05 -1.7613587348e-05 -1.5040914628e-05 -2.7909135464e-05  1.9707079240e-05 -3.1912621881e-05 -3.8844778319e-06 -3.1294319848e-05  2.9723192994e-05  5.5003221887e-05 -1.2885391335e-05 -2.4270452896e-06 -1.9039804789e-05  1.8025291297e-05 -2.1235654682e-05 -3.7441314218e-06  1.2198337201e-05 -1.1151201950e-05 -1.6032934189e-06 -1.8958599976e-05 -1.3412779122e-06  7.0845174638e-07 -1.0977418385e-06  5.9056784715e-06  4.0585954743e-05  2.1565546114e-05  8.7001475212e-06

JOB 14
COORDS  4.3673643779e+00  5.2231712509e-01  1.9659312484e+00  4.4661609936e+00  1.7764502847e+00  1.4051842683e+00  4.7417155386e+00  1.8775666694e-01 -1.2162791497e-01  4.0494944322e+00 -1.3948722755e+00 -1.8039549154e+00  4.5335443184e+00 -2.2960401162e+00 -2.9281333483e+00  6.3040931894e+00 -3.1325605142e-01 -1.9180327605e+00  4.5366339289e+00 -4.5569434934e-01  1.0067745728e+00  4.7045399653e+00  1.5495203537e+00  5.9909879746e-02  4.9223924893e+00 -3.6563182126e-01 -1.4087166676e+00  2.9423294527e+00 -1.5231897656e+00 -1.3083743419e+00  4.1879700358e+00  2.6824828284e-01  3.0024686037e+00  4.4014779479e+00  2.7714803772e+00  1.8215677887e+00  5.4824840573e+00 -2.7822569451e+00 -2.6816538303e+00  4.6769441732e+00 -1.7338880759e+00 -3.8567883411e+00  3.7696654124e+00 -3.0557144675e+00 -3.0910918603e+00  6.7416004079e+00  6.4969702471e-01 -1.6478524577e+00  6.3153360681e+00 -3.9131334729e-01 -3.0059142180e+00  6.9324946976e+00 -1.1046796151e+00 -1.4906419722e+00  4.7222717711e+00  2.2430667573e+00 -6.7589071999e-01
ENERGY -4.736172797239e+02
GRADIENT -1.0103968655e-04 -4.6204200872e-06  4.1887020243e-05  1.4336614130e-05  1.2476891705e-05  1.1934042604e-05  9.9909428743e-03 -1.8446218844e-03  2.0770963444e-03  2.9390435725e-03 -3.0918821669e-03  1.7321397159e-03 -9.2199972323e-06  4.3236396538e-06 -2.6214770079e-05 -4.8599196213e-05  2.7773231775e-05 -3.1789239048e-05 -5.4474094923e-03  2.8568848891e-04 -8.7724429102e-04  4.6114021612e-05 -4.4815041298e-05  5.2121288882e-05 -7.4185980400e-03  4.7027768365e-03 -3.0587002782e-03 -1.4890545688e-05 -5.3731200369e-05  4.6703145226e-05 -8.6873460859e-06  2.4451359562e-07  7.5660682276e-06 -4.1453136740e-06 -6.8321929655e-06  7.8459773173e-06 -9.4168446950e-06 -2.7336336693e-05  1.4127452453e-05  2.2813856886e-05 -1.0757466875e-05  9.7939319012e-06 -1.2874275845e-05  1.3312809125e-05 -8.1147057653e-06  2.1726285265e-06  5.6761126226e-06 -3.8826915281e-06 -2.6849251104e-06 -8.3258959043e-06  1.8479239929e-05  3.7576281109e-06  1.3736061398e-06  9.3630320825e-06  7.9594596092e-06 -1.4660458322e-05  2.3774848848e-06

JOB 15
COORDS  4.5056713169e+00  5.2088035132e-01  1.9799914654e+00  4.3555514910e+00  1.7582036902e+00  1.3913917090e+00  4.7838773615e+00  1.9590199745e-01 -1.2306193172e-01  4.0493766427e+00 -1.3323061865e+00 -1.8177275724e+00  4.4801041725e+00 -2.2479305396e+00 -2.9505519795e+00  6.3801356015e+00 -4.0978633426e-01 -1.8564026533e+00  4.7669705109e+00 -4.4255840875e-01  1.0275021660e+00  4.5379579615e+00  1.5355887637e+00  3.8385663480e-02  4.9787022139e+00 -3.6515032840e-01 -1.4056286447e+00  2.9353418503e+00 -1.3964692840e+00 -1.3212823342e+00  4.4405840594e+00  2.7143716694e-01  3.0310427117e+00  4.1477596695e+00  2.7390672223e+00  1.7944050275e+00  5.3797779402e+00 -2.8145348159e+00 -2.6909414264e+00  4.6932813965e+00 -1.6817808051e+00 -3.8631489904e+00  3.6613937185e+00 -2.9398872215e+00 -3.1459120892e+00  6.8603912303e+00  5.3406362151e-01 -1.5906453548e+00  6.4311879949e+00 -5.1808747683e-01 -2.9407979721e+00  6.9391506118e+00 -1.2256520544e+00 -1.3820538834e+00  4.4064701137e+00  2.2014008738e+00 -7.1147964598e-01
ENERGY -4.736199453817e+02
GRADIENT -6.5734456011e-05 -1.9863150964e-05 -9.0620002279e-05  7.9452955900e-05  3.0601555648e-05  9.9166324204e-06  8.1777216341e-03 -2.2784818516e-04  1.4384184672e-03  2.2853917892e-03 -2.7610234672e-03  1.5697815962e-03 -2.0769433290e-05  2.7891440002e-05 -3.4386751499e-05 -4.3497458009e-05  1.5072542473e-05 -5.8143651850e-05 -4.5831242496e-03 -7.0860209825e-04 -3.9656940422e-04 -2.8725227532e-05  3.1878203768e-05 -2.8687849545e-05 -5.8223268706e-03  3.6548257474e-03 -2.4404567304e-03  3.7017241550e-05 -2.6033308786e-05  3.2657306348e-05  1.4078737108e-05 -3.2983408394e-06 -6.6915597064e-06 -9.6301665035e-06  4.1438569577e-06 -8.6134542882e-06 -1.1862813284e-05 -2.0287128614e-05  2.9057770086e-05  3.5484283683e-05 -1.5210853391e-05  7.0345866876e-06 -1.2186187401e-05  7.0380553798e-06 -1.3976083175e-05  6.3777906115e-07 -5.7794820651e-08 -1.3834994663e-05  1.6036565532e-05 -1.4027886211e-05 -7.0754141840e-06  2.5939245662e-06  4.0446342513e-06  4.4335682540e-06 -4.0999595417e-06  1.2829826249e-05  4.8667253912e-06

JOB 16
COORDS  4.6480188504e+00  5.6868587341e-01  1.9775850859e+00  4.2492692592e+00  1.7381792833e+00  1.3662024869e+00  4.8358479458e+00  2.1417160583e-01 -1.3048548068e-01  4.0620754620e+00 -1.2652096862e+00 -1.8386928190e+00  4.4430027316e+00 -2.1877932301e+00 -2.9827401178e+00  6.4526619023e+00 -5.0556009508e-01 -1.8013618688e+00  5.0027578753e+00 -3.7493837778e-01  1.0349778230e+00  4.3833430944e+00  1.4986148916e+00  1.1125311413e-02  5.0423715364e+00 -3.6458309299e-01 -1.4039577789e+00  2.9430254474e+00 -1.2688706703e+00 -1.3454483978e+00  4.6955480468e+00  3.5374287568e-01  3.0371560184e+00  3.8976626658e+00  2.6828753190e+00  1.7555091686e+00  5.2902013606e+00 -2.8272837905e+00 -2.7157760205e+00  4.7208952071e+00 -1.6214443929e+00 -3.8775457957e+00  3.5783314401e+00 -2.8108921413e+00 -3.2094877420e+00  6.9796486440e+00  4.1249081503e-01 -1.5346035579e+00  6.5340390906e+00 -6.3954809249e-01 -2.8810799190e+00  6.9399049853e+00 -1.3445871411e+00 -1.2909057752e+00  4.0993780695e+00  2.1041718233e+00 -7.4752987673e-01
ENERGY -4.736221470576e+02
GRADIENT  9.5255373501e-05  2.8688196054e-05  4.6319063080e-05  1.7552410598e-05 -1.0357472272e-04 -4.2124772170e-05  6.4643823448e-03  8.7818528961e-04  8.1265756947e-04  1.7265215703e-03 -2.4197379003e-03  1.3115809815e-03 -3.4560602073e-05  6.6500534391e-06 -2.1134288451e-05 -2.6459239677e-05 -1.6435082317e-05  4.0998875117e-07 -3.7772114259e-03 -1.2668660153e-03 -5.8693255248e-05 -3.6164370652e-05  6.3600913201e-05 -1.3076605338e-04 -4.4670485713e-03  2.8273638318e-03 -1.9691646344e-03  7.0066961367e-05  9.5305679854e-06  5.3797107017e-05  2.0953091960e-05 -1.8833172763e-06 -1.6908772659e-06 -2.9879197231e-05 -1.3138484782e-05 -1.4273933687e-05 -6.6697183725e-06 -1.8374377592e-05  2.0921227071e-05  2.9270133251e-05 -1.1745036018e-05  7.4805262525e-06 -5.8452445546e-06  3.8419926830e-06 -1.6802799018e-05 -2.3729122017e-05 -4.9877920904e-06  1.1180135289e-05 -2.7645005248e-06 -1.2982773382e-05 -1.5478289935e-05 -1.3747558376e-05 -4.3354913299e-06 -1.6008975719e-06  9.3592655993e-06  2.4330808717e-05  2.3619256685e-06

JOB 17
COORDS  4.7813769473e+00  6.4209511135e-01  1.9667483771e+00  4.1561088231e+00  1.7025042337e+00  1.3472973740e+00  4.8813619410e+00  2.2868938632e-01 -1.3681742216e-01  4.0698147391e+00 -1.2003714540e+00 -1.8698304774e+00  4.4188416634e+00 -2.1324875290e+00 -3.0158417955e+00  6.5040898050e+00 -6.0644407585e-01 -1.7478883160e+00  5.2195343338e+00 -2.7534141368e-01  1.0319302186e+00  4.2425468592e+00  1.4305632374e+00 -5.7510427183e-03  5.0940096546e+00 -3.7357878448e-01 -1.3979883025e+00  2.9389258286e+00 -1.1357310441e+00 -1.4045851711e+00  4.9363779336e+00  4.8588767022e-01  3.0262889824e+00  3.6772237257e+00  2.5925760212e+00  1.7293403076e+00  5.2151854143e+00 -2.8293800776e+00 -2.7366328440e+00  4.7571276017e+00 -1.5740838240e+00 -3.8947008303e+00  3.5215526054e+00 -2.6945547210e+00 -3.2733351537e+00  7.0800960802e+00  2.7352591852e-01 -1.4571586044e+00  6.6108677486e+00 -7.4192444236e-01 -2.8251577690e+00  6.9166084601e+00 -1.4769536819e+00 -1.2256699988e+00  3.7989542057e+00  1.9381671939e+00 -7.5972092946e-01
ENERGY -4.736240565591e+02
GRADIENT -4.2603640077e-05 -2.0762286203e-05  1.3138125000e-05  5.0603234301e-05  5.3591564645e-05 -1.9485065102e-06  5.6141415216e-03  1.4107866289e-03  1.9480419046e-04  1.2657055107e-03 -2.4258145767e-03  1.4112914356e-03  4.2027087242e-05  1.8846575403e-05  6.5593547444e-06  3.1153942199e-06 -3.7551962725e-06  1.9472640132e-05 -3.2339032143e-03 -1.5777938607e-03  2.2049974673e-04 -2.9153495494e-05 -6.4034291891e-05  1.8834449619e-05 -3.6276137733e-03  2.5895336764e-03 -1.9241076461e-03 -1.9722049938e-05 -3.1358914709e-05  8.1587078673e-06 -6.2405540101e-06 -5.9284959148e-06 -1.7726460781e-06  7.8639581223e-06 -1.7164737746e-06  4.3546598399e-07  9.2101069040e-06 -8.1433091314e-06 -3.4058343964e-06  9.5963260785e-06 -2.1757034322e-06  2.3267649059e-06  2.2806488328e-06 -5.1495315805e-06  3.5198823085e-06  5.4659999520e-06 -3.6732349466e-06  4.4709576162e-06 -3.1852886930e-06  1.2729265982e-05 -1.5269719243e-05  4.5826039107e-06 -4.5061504097e-06 -1.6315505553e-05 -2.6585116735e-05 -8.4577439828e-06  1.0467474694e-05

JOB 18
COORDS  4.9254593558e+00  7.1955154789e-01  1.9417498122e+00  4.0880354991e+00  1.6360508264e+00  1.3459074165e+00  4.9362013737e+00  2.4553968378e-01 -1.5151410681e-01  4.0944627401e+00 -1.1270584152e+00 -1.9255528261e+00  4.4314568462e+00 -2.0910113183e+00 -3.0481051033e+00  6.5531798778e+00 -7.0386364064e-01 -1.6980749482e+00  5.4368180613e+00 -1.5389127573e-01  9.9990768096e-01  4.1221540645e+00  1.3328653361e+00 -4.1881872418e-03  5.1494882750e+00 -3.7705019618e-01 -1.4015344710e+00  2.9450770402e+00 -9.7363593736e-01 -1.5259218429e+00  5.1865243201e+00  6.3497853267e-01  2.9884692579e+00  3.4949657369e+00  2.4485155206e+00  1.7403083158e+00  5.1746623838e+00 -2.8306707614e+00 -2.7353396836e+00  4.8341130284e+00 -1.5608560976e+00 -3.9173343339e+00  3.5122795194e+00 -2.6004927632e+00 -3.3359526152e+00  7.1754831661e+00  1.2790546234e-01 -1.3664610428e+00  6.6915957744e+00 -8.2996679491e-01 -2.7726765500e+00  6.8823588916e+00 -1.6081231345e+00 -1.1751541697e+00  3.5088002229e+00  1.6940441699e+00 -7.2297556651e-01
ENERGY -4.736261852730e+02
GRADIENT -1.1957815588e-04 -3.5400932822e-05 -6.7647938344e-05 -2.2423838720e-05  2.2663563749e-04  9.0004297642e-05  6.4969826611e-03  2.4453592362e-03 -3.8085432720e-04  1.3750446009e-03 -3.2386403421e-03  1.9119545180e-03 -1.7927108908e-05 -3.9592098381e-05  1.7583659118e-06  3.0959352812e-05  3.9911541577e-05  2.5150305134e-05 -3.7804924434e-03 -2.6117902074e-03  6.3453833697e-04  9.6553618834e-05 -1.2971462600e-04  1.2779337713e-04 -3.9954769518e-03  3.2868176091e-03 -2.3674931184e-03  6.4519303549e-05  2.8175267273e-05  6.3789760825e-06 -7.8321826570e-06 -6.2793001903e-06 -2.4372132529e-06  3.0934784826e-05  2.7510562709e-05  9.0669747373e-06  7.5381309367e-06  8.2520054134e-06 -1.9988193283e-05 -1.8925134237e-05  8.7637343804e-06 -5.5487251582e-06  3.3427887029e-06 -1.6196832329e-05  4.1009080538e-06  5.6331205094e-06  4.5025755806e-07  2.4057759692e-07  1.6139389418e-05  1.3927934355e-05  1.4516136041e-06  8.1816550163e-06 -5.2030468573e-08 -7.8493476737e-06 -7.1819913261e-05 -3.3387620063e-05  3.3543664687e-05

JOB 19
COORDS  5.0075670253e+00  8.4327654898e-01  1.9168748419e+00  3.9889677385e+00  1.5910454285e+00  1.3726857730e+00  4.9294230714e+00  3.0441941995e-01 -1.5865941450e-01  4.0581892125e+00 -1.0082829495e+00 -1.9793097743e+00  4.3797670909e+00 -2.0348600188e+00 -3.0486880394e+00  6.5219168468e+00 -7.7887069148e-01 -1.6310838017e+00  5.5753927639e+00  2.4680164392e-02  9.5629356351e-01  3.9642410224e+00  1.2522280906e+00  2.8738264052e-02  5.1357716103e+00 -3.4414498076e-01 -1.3954125599e+00  2.8979130923e+00 -7.3633430649e-01 -1.6769311043e+00  5.3637392997e+00  8.4063350566e-01  2.9386137094e+00  3.3048118770e+00  2.3120263681e+00  1.7962107963e+00  5.0395292050e+00 -2.8215268051e+00 -2.6706825147e+00  4.8743554523e+00 -1.5691780833e+00 -3.9071929266e+00  3.4391338857e+00 -2.4755651333e+00 -3.3776421689e+00  7.1906099711e+00 -5.5118017966e-04 -1.2645105375e+00  6.6937574042e+00 -9.1238816057e-01 -2.6994533178e+00  6.7563209425e+00 -1.7065774414e+00 -1.0989993445e+00  3.2168311524e+00  1.4291724808e+00 -6.3081579355e-01
ENERGY -4.736291914705e+02
GRADIENT  1.8868747472e-05  1.3836686805e-05 -8.5472940253e-05  1.6972649267e-06 -6.6225872016e-06  2.3369874134e-06  7.6973504113e-03  4.5985190119e-03 -9.4826602335e-04  1.4640574083e-03 -4.8668495042e-03  2.7229431901e-03 -2.4945913840e-05  1.8941283750e-05 -3.2836918174e-05  1.0097260289e-05 -4.9438540900e-05  6.6147930674e-06 -4.4914286508e-03 -4.4643616924e-03  1.5247371447e-03 -8.3889184899e-05 -7.0489876986e-06 -1.1882617700e-05 -4.5943870293e-03  4.8146986133e-03 -3.2179438774e-03  3.7388668387e-05 -4.5383259211e-05  2.9193846169e-05  5.9156057273e-06 -5.1361807507e-06 -8.7163407149e-06 -1.2763835145e-05 -1.3061889715e-05 -1.5424915537e-06 -1.6488555602e-05 -1.9222443756e-05  1.5689123619e-05  3.0828088454e-05 -1.6475498040e-05  1.6657985458e-05  6.0130618427e-06  6.0560963822e-06 -1.7843430913e-05 -3.0688215021e-06  3.5521635335e-07  4.8310201857e-06 -2.9190454244e-07  9.0951929719e-06  3.0161237085e-06  3.0318186585e-06  3.0806773722e-06 -4.8880918502e-06  3.1654560631e-05  4.7228262839e-06 -2.3253318127e-05

JOB 20
COORDS  5.1670777110e+00  9.3014462602e-01  1.8666626757e+00  4.0206224187e+00  1.5080703161e+00  1.3740148222e+00  5.0142917802e+00  2.8506378691e-01 -1.7427355978e-01  4.1575483698e+00 -9.7687589234e-01 -2.0504055404e+00  4.4772865537e+00 -2.0143672161e+00 -3.1094567152e+00  6.6098096381e+00 -8.6674775560e-01 -1.5891173033e+00  5.7727935229e+00  1.4919376621e-01  8.9708422415e-01  3.9428498836e+00  1.1010763378e+00  5.0018736100e-02  5.2314359637e+00 -3.9189300777e-01 -1.3919846942e+00  2.9948226257e+00 -6.3651024079e-01 -1.8223712276e+00  5.5926626458e+00  1.0241359282e+00  2.8570160924e+00  3.2777971372e+00  2.1537110404e+00  1.8195914132e+00  5.1046772809e+00 -2.8209873885e+00 -2.7196210629e+00  5.0033629469e+00 -1.5608618709e+00 -3.9559631965e+00  3.5318940681e+00 -2.4249368276e+00 -3.4628838151e+00  7.2905246425e+00 -1.0951113224e-01 -1.2027602913e+00  6.8037560460e+00 -1.0081428234e+00 -2.6521518792e+00  6.7997690572e+00 -1.7999326516e+00 -1.0490413579e+00  3.1382063830e+00  1.1308778190e+00 -5.6603945394e-01
ENERGY -4.736327816973e+02
GRADIENT -1.5082465165e-05  3.2933355944e-05  1.3482004168e-04  6.4155452108e-05  3.3667463250e-05  7.6573392512e-06  6.1502948574e-03  4.9437137972e-03 -1.7894477430e-03  7.8722680018e-04 -4.8954808895e-03  3.0458405391e-03  1.7845848780e-05 -1.6082735806e-05  2.6854404458e-05  5.2346405041e-05  6.3399539613e-05  1.0991654758e-04 -3.8470056891e-03 -4.8486299567e-03  2.0036235889e-03  1.6913494655e-05 -2.2804940282e-05  2.4411775316e-05 -3.2370904623e-03  4.7106081240e-03 -3.5125537421e-03  1.1608935444e-05  2.0255585367e-05 -1.4173353141e-05  5.4622926158e-06  8.0495387425e-06  8.9744761378e-06  3.5666566344e-06 -1.2556622183e-05  1.0221534659e-05  1.3882586458e-05  3.1358382807e-06 -1.5403057973e-05 -1.3160003736e-05  1.5664178705e-05 -3.2914102460e-06  4.1486722930e-06 -1.4184980248e-05  1.5179475732e-05  5.9278289154e-06 -6.3838629938e-06 -3.0223750686e-06  8.0742673777e-06 -1.9995265144e-06 -6.5799557408e-07  4.0763066955e-06 -1.5329796838e-06 -7.9840361568e-07  6.7858733137e-06 -5.2024506869e-05  7.0772504110e-06

JOB 21
COORDS  5.2382509697e+00  1.0532666775e+00  1.8211964864e+00  4.0053027975e+00  1.4790225153e+00  1.3857217468e+00  5.0087682994e+00  2.6214268095e-01 -1.6020475951e-01  4.1652422118e+00 -9.5192883223e-01 -2.0848564342e+00  4.4840726190e+00 -1.9574459058e+00 -3.1748607752e+00  6.6017275495e+00 -9.4654570512e-01 -1.5368598098e+00  5.8554534997e+00  2.7953620505e-01  8.5364426414e-01  3.8745739218e+00  9.7489068482e-01  1.0012166426e-01  5.2288018317e+00 -4.5253629509e-01 -1.3535460389e+00  3.0043281687e+00 -5.7692498997e-01 -1.8906764792e+00  5.7191893692e+00  1.2518811463e+00  2.7698237092e+00  3.2331431499e+00  2.0774783362e+00  1.8469740739e+00  5.0622927591e+00 -2.8056978510e+00 -2.7974679210e+00  5.0588471659e+00 -1.4935579015e+00 -3.9831656567e+00  3.5364160391e+00 -2.3127539071e+00 -3.5785009038e+00  7.2882128058e+00 -2.0976721804e-01 -1.1234021143e+00  6.8101517798e+00 -1.0747340443e+00 -2.5982961124e+00  6.7623111468e+00 -1.8927994368e+00 -1.0099700398e+00  3.0497946279e+00  9.2358181520e-01 -4.8880894952e-01
ENERGY -4.736358169496e+02
GRADIENT  2.0627916933e-05  9.5295176562e-06  5.1866866071e-06 -3.2722570685e-05 -8.3847865825e-05  1.8918433414e-05  3.3117043543e-03  3.8004285549e-03 -1.6758498204e-03  3.0303701032e-04 -3.6554124719e-03  2.1151336385e-03 -2.3695650878e-05  2.7930319226e-06 -1.3203682789e-05 -3.7480728963e-05 -3.0775483487e-05 -7.5327128347e-05 -2.1090450608e-03 -3.6668974049e-03  1.8328890811e-03  3.1662183840e-05  9.2302469060e-05 -4.7917709219e-05 -1.4504745850e-03  3.5910872963e-03 -2.2008304588e-03 -2.3036912445e-05 -3.8689305589e-05  4.1780655835e-05 -6.5263370393e-07  5.2320895712e-06  1.7061998699e-06  4.6680315169e-06  1.6846403460e-05 -5.9848750406e-06 -1.3237791688e-05 -1.2850420045e-05  1.1334096454e-05  6.8539155047e-06 -1.0523906239e-05  1.5626757075e-05 -1.4587971567e-06  4.0672539619e-06 -4.5802918213e-06 -8.1899359984e-06  1.0395587739e-05  5.8314349802e-06 -5.1310823739e-06  9.2509640624e-06  6.5704042631e-06  1.4581783396e-06  4.0780732073e-06 -1.0835494125e-06 -2.6590122317e-05 -1.6712679307e-05  1.0033506714e-05

JOB 22
COORDS  5.2964483745e+00  1.1891285224e+00  1.7722569591e+00  3.9992171561e+00  1.4623127884e+00  1.4064820272e+00  5.0057616798e+00  2.3102271822e-01 -1.2633443637e-01  4.1768381097e+00 -9.4410906729e-01 -2.0879812826e+00  4.5027807034e+00 -1.9031161446e+00 -3.2174655880e+00  6.5962452758e+00 -1.0255870321e+00 -1.4719750366e+00  5.9194337190e+00  4.1232350514e-01  8.1177171582e-01  3.8261633123e+00  8.4524972830e-01  1.7692832966e-01  5.2248491706e+00 -5.2626402349e-01 -1.2925463826e+00  3.0178170650e+00 -5.4906947253e-01 -1.9129639910e+00  5.8204388472e+00  1.5002126463e+00  2.6662470589e+00  3.2063447534e+00  2.0202769220e+00  1.8830412754e+00  5.0515397025e+00 -2.7824715211e+00 -2.8685103460e+00  5.1080940656e+00 -1.4145172413e+00 -3.9881581876e+00  3.5582085269e+00 -2.2160800850e+00 -3.6613807960e+00  7.2814397318e+00 -3.1026506364e-01 -1.0213698353e+00  6.8209995696e+00 -1.1223681183e+00 -2.5331730084e+00  6.7349924636e+00 -1.9915722289e+00 -9.7526756468e-01  2.9910190285e+00  7.3685634489e-01 -3.9001619158e-01
ENERGY -4.736376505163e+02
GRADIENT -7.7655994346e-06 -2.0049735234e-05 -9.3410416624e-06 -2.3520412438e-05 -4.4660587897e-05  3.3626685800e-05  9.5011077995e-04  1.7285977031e-03 -9.2904423285e-04 -4.3610638222e-05 -1.6808179901e-03  9.8179120647e-04  6.3208570232e-06  2.9256981240e-05 -2.8231892549e-05 -2.9098466389e-05 -9.1963612498e-06 -6.5660615461e-05 -6.4054234191e-04 -1.6321015100e-03  9.7996614402e-04  3.1585582318e-05  5.8803078306e-05 -1.9800087285e-05 -2.5584492156e-04  1.5788198931e-03 -9.4780330694e-04  1.6082648484e-05  1.3417303020e-06  3.4118183814e-05 -3.5078990866e-06 -4.5956981870e-06  3.8965274441e-06  4.8101001442e-06  1.9643901060e-05 -8.0175055848e-06 -1.2448612025e-05 -4.6598971218e-06  1.9001300510e-05  1.6793188182e-05 -1.5124834887e-05  2.6774284457e-06 -4.4839113567e-07  8.6679884595e-06 -5.9854267530e-06 -9.0291130605e-06  1.0815022801e-05 -1.4321843331e-05 -2.1761156358e-05 -1.9020043101e-05 -1.5388679219e-05 -6.4479935828e-06  1.2926946077e-05  1.4181261237e-05 -1.8262870871e-05 -1.3197925829e-05  1.7305809437e-05

JOB 23
COORDS  5.4916753538e+00  1.2281920458e+00  1.7117896655e+00  4.1436057412e+00  1.3017604972e+00  1.4507973466e+00  5.1677451990e+00  5.0840997781e-02 -5.4834088047e-02  4.3448297934e+00 -1.1640569682e+00 -1.9991782222e+00  4.7044348284e+00 -2.0493880336e+00 -3.1767443701e+00  6.7683480351e+00 -1.1966088839e+00 -1.4230754569e+00  6.1272470251e+00  4.4457881183e-01  7.6564039334e-01  3.9476264733e+00  5.3905909472e-01  3.0969713501e-01  5.3797819672e+00 -7.8037980903e-01 -1.1722048176e+00  3.1727253660e+00 -8.1843985403e-01 -1.8035622396e+00  6.0451604644e+00  1.6909400176e+00  2.5180016678e+00  3.3278434487e+00  1.8050072950e+00  1.9491136647e+00  5.0209207064e+00 -3.0418606507e+00 -2.8389629756e+00  5.5159970272e+00 -1.6302726263e+00 -3.7781753247e+00  3.8121045558e+00 -2.1552854584e+00 -3.7928918058e+00  7.3613049503e+00 -9.1555020482e-01 -5.5576448235e-01  7.1741727069e+00 -6.9310909709e-01 -2.3059334612e+00  6.8238368474e+00 -2.2777298511e+00 -1.5635363368e+00  3.0981359470e+00  3.2966860308e-01 -2.0593437844e-01
ENERGY -4.736381309263e+02
GRADIENT  2.9505498213e-05 -6.1963577178e-05  2.7087792445e-04  1.9766045177e-04 -2.6578798117e-05 -1.8456283882e-04 -4.3426561080e-05  2.4917001197e-04 -2.6495536852e-05 -1.8108946497e-04 -2.3265393058e-04  1.1404361233e-04  4.7607638822e-05  9.7453881501e-06  6.6553410431e-05 -6.9448782913e-05 -1.0857648441e-04  1.5617483099e-05 -1.3822121938e-05 -1.0168944468e-04  8.1300779323e-05 -2.2618601514e-04 -4.2943206490e-05 -1.1405033613e-04  1.2791090232e-04  3.6767461444e-04 -1.9871069595e-04 -1.2954751132e-06 -5.3281010505e-05  3.8895278162e-05  1.0820338932e-05  3.9417422028e-05 -2.3494997959e-05 -6.5769869359e-06 -3.3526367411e-05  1.8053552048e-06 -2.4913701362e-05  1.1142402334e-05 -1.7358797238e-05  5.0452971255e-05 -6.0489921216e-06  1.0318642712e-05 -4.8678961464e-07  3.2606823367e-05 -7.3537446957e-06 -9.1769538222e-06  3.5162990343e-05 -2.0525007266e-05  1.3766888852e-05 -1.3621030873e-05 -6.5991332176e-06 -2.4902565219e-05 -2.5741103103e-05 -1.0163926603e-05 -1.4076188184e-05 -2.2369510704e-05  4.0440440856e-06

