JOB 0
COORDS  1.7672926227e+00 -1.1368680973e-01  1.7509413339e-01  4.8914794030e-01 -3.8850997392e-01  6.7361173986e-01  2.8868934628e+00 -3.8452648293e-01  9.5909090426e-01  3.5231537839e-01 -9.4111212626e-01  1.9505355792e+00  2.7602446371e+00 -9.2825059041e-01  2.2537354472e+00  1.4667274528e+00 -1.2316045601e+00  2.7469641942e+00  3.9531985060e+00 -1.1290921218e+00  3.0993932345e+00  5.2694877430e+00 -8.0268001574e-01  2.8750549637e+00  1.2816575551e+00 -1.8557394781e+00  4.1101266227e+00  6.3746217888e+00 -1.6108833429e+00  2.2243155503e+00  1.8886655696e+00  3.2245484105e-01 -8.1337042833e-01 -3.9295192270e-01 -1.7046484007e-01  7.7070550095e-02  3.8795729829e+00 -1.3403769771e-01  5.9470147417e-01 -6.4170230326e-01 -1.1623171030e+00  2.3335161509e+00  3.6689149218e+00 -8.3715697681e-01  4.1177429667e+00  5.7057615980e+00 -3.7382155501e-01  3.7861798253e+00  1.8715465031e+00 -2.7718844673e+00  4.2190593539e+00  1.5985726962e+00 -1.1742392597e+00  4.9101130058e+00  2.3229668539e-01 -2.1058754611e+00  4.2867204278e+00  6.7239916569e+00 -2.3236082693e+00  2.9791296542e+00  6.0514678626e+00 -2.1781602614e+00  1.3446014130e+00  7.2330780182e+00 -9.9191731464e-01  1.9375475700e+00
ENERGY -3.882968149862e+02
GRADIENT  1.4918420675e-05  4.3662646244e-06 -7.3071514939e-06  1.1601451880e-05 -4.7868522996e-06  1.2259519666e-05 -9.0407740176e-06 -1.7996551869e-05 -1.1286769660e-05 -3.0886811181e-05 -3.3615409756e-06  1.5215703038e-06 -4.4252673456e-03  2.6981714418e-02  1.2637479606e-02  2.2076990434e-05  2.6123757279e-05 -6.0704428971e-06  1.2305034008e-02 -5.3819095299e-02 -3.1781623245e-03 -1.4932036933e-02  3.7920920168e-02 -3.5618438300e-02 -3.4919849799e-06 -3.0585158728e-07 -4.8386042116e-06  7.0426532351e-03 -1.1166196160e-02  2.5894176036e-02  3.3736542443e-06  2.9040317926e-06 -1.9986183550e-06  2.3131513891e-06  1.7340790993e-07 -2.5509206347e-07  4.5265198844e-07  5.2177245159e-07 -3.3791900827e-06 -2.0772567598e-06  4.0659098183e-07 -2.0449161998e-06  3.8611411551e-04  8.9361102479e-05  7.9878313641e-05 -4.0091977890e-04 -2.1809486746e-06  1.9448655864e-04 -3.4285978198e-06 -1.5374330870e-06 -2.2748536634e-06 -3.1889326327e-06 -7.2788483073e-07 -1.2740219920e-06 -8.3248165596e-07  1.2720590741e-06 -5.2034071512e-06  1.4282458673e-05  7.5236111870e-06  6.1959198277e-06  2.6638482154e-06 -5.4534962188e-06  6.7649859092e-06  1.1610913143e-05  6.1385835503e-07 -1.1917651290e-05

JOB 1
COORDS  1.8609934490e+00 -1.3099898875e-01  1.8860191078e-01  5.7225561150e-01 -4.4320711625e-01  6.3431126164e-01  2.9537243427e+00 -3.5459861839e-01  1.0243349781e+00  3.9746538975e-01 -9.8383241614e-01  1.9116384502e+00  2.7888643338e+00 -8.9201984150e-01  2.3165916628e+00  1.4853483025e+00 -1.2276810143e+00  2.7589947210e+00  3.9509288606e+00 -1.0579426601e+00  3.2115149556e+00  5.2683485942e+00 -7.9420564826e-01  2.9670551580e+00  1.2613107630e+00 -1.8386312757e+00  4.1227677246e+00  6.2419611261e+00 -1.5944965357e+00  2.1295795955e+00  2.0109714714e+00  2.9850834882e-01 -7.9881611346e-01 -2.8937285405e-01 -2.6233630152e-01 -3.2317897744e-03  3.9512990463e+00 -7.2792244010e-02  6.9884456613e-01 -6.0482235472e-01 -1.2317171002e+00  2.2546143573e+00  3.6644066883e+00 -7.8127949460e-01  4.2315383001e+00  5.7862065935e+00 -4.2555748635e-01  3.8589780967e+00  1.8735222119e+00 -2.7346321528e+00  4.2695283297e+00  1.5228835256e+00 -1.1371700616e+00  4.9251968417e+00  2.1348637983e-01 -2.1188731436e+00  4.2587044851e+00  6.6762815825e+00 -2.3558534423e+00  2.7871017881e+00  5.7654222989e+00 -2.1044166841e+00  1.2862238076e+00  7.0715724569e+00 -9.9026640940e-01  1.7420035290e+00
ENERGY -3.883125796803e+02
GRADIENT  2.6051702988e-06 -9.8522398871e-06  3.2601331022e-05 -3.3125879241e-05  3.1012348277e-06 -4.0704827125e-06  1.0546998970e-04 -3.0453113795e-06 -3.9754534985e-05  7.2948238922e-05  2.4518935577e-05 -5.1468864152e-05 -3.3096294560e-03  2.4058343665e-02  8.5400931915e-03  1.0390273185e-05 -3.1857753867e-05  1.4765391010e-04  9.1027972448e-03 -4.9375169825e-02 -1.3079534694e-03 -1.2308522323e-02  3.8229163071e-02 -2.7541271770e-02 -1.2631593168e-05 -1.3636618157e-05  2.7696906787e-05  6.2665513163e-03 -1.3142304455e-02  1.9842386210e-02  3.9513925088e-06  3.5063013852e-07  6.5228282434e-06 -1.2816378416e-07  2.2523801447e-06 -7.3014376576e-06  8.4785158563e-06  1.1920365396e-05 -1.7092391480e-05  1.7225906671e-05  3.1646069855e-06  4.5279077932e-06  5.0099014860e-04  3.0763108827e-05  2.1583522615e-04 -4.3331724557e-04  2.3388430437e-04  1.2323239905e-04 -8.0594537640e-06 -7.6554690919e-06  1.9164719288e-06 -2.0636599003e-06 -3.5965086516e-06  4.0693090059e-06  1.6540811415e-06 -2.7869698891e-06  7.1950734710e-06  1.6283438862e-05  1.2477649382e-05  9.5833081441e-06 -1.1241331164e-05 -5.7051129622e-06  1.9604819350e-05  1.8938273372e-06 -8.6115092134e-06 -2.1898134036e-05

JOB 2
COORDS  1.9349817124e+00 -1.3276204776e-01  2.0443954867e-01  6.4661831526e-01 -5.0539752132e-01  6.0014819249e-01  3.0043168337e+00 -2.9699845867e-01  1.0843411734e+00  4.4748597268e-01 -1.0433811855e+00  1.8752594524e+00  2.8154364435e+00 -8.3776132341e-01  2.3709119676e+00  1.5117181713e+00 -1.2259211356e+00  2.7664859094e+00  3.9496860461e+00 -9.5403979337e-01  3.3096488035e+00  5.2718480682e+00 -8.0334374658e-01  3.0405424708e+00  1.2652623340e+00 -1.8304227932e+00  4.1295153928e+00  6.1010109956e+00 -1.6096942927e+00  2.0681300118e+00  2.1030460204e+00  2.9806709458e-01 -7.7945280735e-01 -1.9647107440e-01 -3.7226336688e-01 -7.3014688854e-02  3.9980536652e+00  3.2168839167e-02  7.9463705981e-01 -5.5460224561e-01 -1.3364014344e+00  2.1812697425e+00  3.6609289477e+00 -6.6050042717e-01  4.3223063640e+00  5.8715015437e+00 -4.8670354474e-01  3.8984244372e+00  1.9146849011e+00 -2.6932744355e+00  4.3108706003e+00  1.4626462652e+00 -1.1073368615e+00  4.9309276592e+00  2.2782882810e-01 -2.1597721967e+00  4.2308848988e+00  6.5899886468e+00 -2.4080874774e+00  2.6380119258e+00  5.4963448434e+00 -2.0711180203e+00  1.2820997354e+00  6.8963030548e+00 -1.0235635174e+00  1.5901788482e+00
ENERGY -3.883258409530e+02
GRADIENT -6.2851434579e-05 -1.3991824045e-04  3.2391064738e-04 -2.4828512987e-04  3.6778579880e-05 -2.6862530616e-04  2.2115671484e-04  1.3190960665e-04 -7.4991992928e-05  2.8468458528e-04  8.6620771491e-05 -1.5121162047e-05 -1.6397185770e-03  1.9930585312e-02  4.4487070744e-03 -9.1978991867e-05 -7.9811480277e-05  2.1115070861e-05  5.6211138623e-03 -4.1500765151e-02  2.5477923592e-03 -8.5435978362e-03  3.4497838993e-02 -2.1295133321e-02  3.2406864917e-07 -1.2850579185e-07  2.4535929040e-05  4.6431938630e-03 -1.2839477944e-02  1.4638757697e-02 -2.1405633027e-05 -1.8596837275e-05  2.9290061337e-05 -4.4358932816e-05  1.7259763512e-05 -3.4514564845e-06  2.6317803033e-05 -4.0340918025e-05  1.4838716225e-05  1.7838983804e-05 -1.1149417217e-06 -3.4995140254e-05 -3.8713513151e-04 -1.4300089464e-04 -1.0425678988e-04  2.9122928989e-04 -3.4180845513e-05 -1.9746145841e-04  1.5569623583e-05  9.9397959828e-06 -4.1851002776e-06  1.5144038642e-05 -5.7938942400e-06 -7.7730721727e-06 -3.5573172222e-07 -3.5990335662e-06  1.2291844276e-05 -2.6394555536e-05  3.2947327931e-05 -2.0776692202e-05 -2.1264421355e-05  4.1966981963e-05 -2.8571468979e-06 -4.5156521818e-05  2.1519895504e-05 -2.4114574034e-05

JOB 3
COORDS  1.9838971727e+00 -1.3272247061e-01  2.1403117284e-01  7.0138158354e-01 -5.5517197873e-01  5.7572509699e-01  3.0330962995e+00 -2.4862958003e-01  1.1262855839e+00  4.8522432569e-01 -1.0894437467e+00  1.8497612068e+00  2.8291929341e+00 -7.9054301845e-01  2.4091641409e+00  1.5294165543e+00 -1.2193814340e+00  2.7732770760e+00  3.9408906428e+00 -8.6593475980e-01  3.3788418925e+00  5.2662531168e+00 -8.4789812160e-01  3.1106868506e+00  1.2674036064e+00 -1.8150524345e+00  4.1374491213e+00  5.9805488523e+00 -1.6240643588e+00  2.0322286914e+00  2.1632755654e+00  2.9805240462e-01 -7.6787202271e-01 -1.2569383057e-01 -4.6324478436e-01 -1.2370264865e-01  4.0204388789e+00  1.1818862960e-01  8.6161688186e-01 -5.1328458171e-01 -1.4184445761e+00  2.1298106395e+00  3.6636188126e+00 -5.5500212879e-01  4.3880746776e+00  5.9088360500e+00 -5.8817833046e-01  3.9545091875e+00  1.9435851462e+00 -2.6502627384e+00  4.3480832107e+00  1.4155731399e+00 -1.0748426314e+00  4.9336496505e+00  2.4047724322e-01 -2.1817879020e+00  4.2150054400e+00  6.5176782237e+00 -2.4526155205e+00  2.5090021292e+00  5.2893978688e+00 -2.0411493615e+00  1.2956385967e+00  6.7310016699e+00 -1.0264525963e+00  1.4983014071e+00
ENERGY -3.883360475950e+02
GRADIENT -3.7003994372e-06 -1.3855175761e-05  3.4489502694e-05 -2.7677467491e-05  3.7736906618e-06 -1.6177874978e-05  2.8156313300e-05  1.1777578274e-05 -8.1363524290e-06  1.3560048454e-05  3.6408267453e-06 -9.1294629356e-06  9.7292278813e-05  1.4662358035e-02  1.0342475750e-03  1.0471745938e-05  3.3851652410e-06  1.3207639345e-05  7.7094974551e-04 -3.1688856214e-02  4.1503516474e-03 -2.7894421203e-03  2.7688915205e-02 -1.4811506920e-02  1.8987442263e-06 -1.3003437224e-06 -1.3383358986e-06  1.8656888164e-03 -1.0849966370e-02  9.0599065697e-03 -1.4235614991e-06  8.0888750832e-07  5.0560057504e-06 -3.3598506312e-06  4.2706359299e-07 -1.0379271541e-06  3.4613801781e-06  8.8934233571e-07 -4.3563612727e-07  2.2333777099e-06  1.8603317293e-06 -3.6404892628e-08  4.8784308296e-04  2.4429989803e-05  1.9292237836e-04 -4.5466208414e-04  1.6330884259e-04  3.5602954135e-04  1.6727961025e-06 -1.6185593911e-06 -4.6740952409e-07  1.2635842396e-06 -1.0956695194e-06  1.2239299175e-06  1.4077924270e-06 -1.1221259617e-06 -3.6553102352e-07  4.3776765626e-06 -7.7155191185e-08 -8.5016331038e-07  2.1663299088e-06 -1.0869051253e-06  1.8435829302e-06  3.1094584930e-06 -5.1095211653e-07 -1.0974300572e-06

JOB 4
COORDS  2.0162421908e+00 -1.2898176073e-01  2.1823624083e-01  7.4356923031e-01 -5.9344399616e-01  5.6123414049e-01  3.0534326245e+00 -2.0515748310e-01  1.1490566470e+00  5.2354424951e-01 -1.1258463247e+00  1.8355209162e+00  2.8468140678e+00 -7.4784403853e-01  2.4304152912e+00  1.5550413208e+00 -1.2117479922e+00  2.7782751051e+00  3.9458931223e+00 -7.8872286653e-01  3.4177773021e+00  5.2640742623e+00 -9.1286780132e-01  3.1642209043e+00  1.2890764949e+00 -1.8011905265e+00  4.1445141000e+00  5.8994606687e+00 -1.6321136966e+00  2.0022226780e+00  2.1977961677e+00  3.0145187471e-01 -7.6340145074e-01 -7.3837056371e-02 -5.3584840323e-01 -1.5309649421e-01  4.0328759090e+00  1.9069183184e-01  8.9729164566e-01 -4.6799572489e-01 -1.4863665025e+00  2.1011730196e+00  3.6677569767e+00 -4.6682648714e-01  4.4220192337e+00  5.9422931176e+00 -7.1631093674e-01  3.9955784292e+00  1.9884494866e+00 -2.6116514021e+00  4.3751069148e+00  1.4001528957e+00 -1.0484337516e+00  4.9348529831e+00  2.7317233303e-01 -2.1998379866e+00  4.2090721223e+00  6.4757203297e+00 -2.4824582617e+00  2.3862258843e+00  5.1577186442e+00 -2.0095681311e+00  1.2949548471e+00  6.6060321239e+00 -9.9848874046e-01  1.4498087222e+00
ENERGY -3.883429886622e+02
GRADIENT -2.8843203562e-06  2.0831772373e-05 -4.8525912174e-05  4.1216354279e-05 -3.3544591978e-06  2.3798064871e-05 -2.4638558900e-05 -7.7488990970e-06 -1.0065125775e-05 -2.5011298360e-05 -8.3041184588e-06  1.6233016643e-05  7.3635368354e-04  9.1115421553e-03 -4.1760300493e-04  8.8430292650e-06  7.2551781580e-06 -2.5244721688e-05 -7.9814371676e-04 -2.0278395873e-02  4.1056397995e-03 -1.7467158805e-04  1.8851295037e-02 -8.1392303162e-03  3.7896471966e-06  4.3021270437e-06 -3.3968232913e-06  2.7687175387e-04 -7.5708310410e-03  4.8247571656e-03  7.7712490592e-08  1.5677759089e-06 -5.0390385397e-06  4.2701563554e-06  3.5135341219e-06  3.2783362980e-06 -1.1497838620e-05  3.0975429124e-06 -1.3815640649e-06 -5.7190429605e-07 -2.9596046719e-06  3.3633116589e-06 -2.8511034073e-04  1.3894889270e-05 -1.1547967953e-04  2.5162421838e-04 -1.3795310988e-04 -2.0522575613e-04  1.7621444836e-06 -7.2424205978e-07 -4.9241858099e-07  2.5726832623e-06  1.1248714902e-06  2.5161747814e-07  2.4023300211e-06  6.3809154524e-07 -3.3886481046e-06 -5.5825328144e-06 -3.2292980331e-06 -2.8003369901e-06  5.3142312363e-06 -6.3752893602e-06 -1.4116240175e-05 -5.6468487671e-06 -4.6180562858e-06 -1.5520163937e-06

JOB 5
COORDS  2.0344238341e+00 -1.3694739861e-01  2.1636453649e-01  7.6899750810e-01 -6.2383314958e-01  5.5387690269e-01  3.0654560551e+00 -1.8413291047e-01  1.1564804712e+00  5.4925443576e-01 -1.1468816978e+00  1.8321514240e+00  2.8595696995e+00 -7.1885815669e-01  2.4407434345e+00  1.5735170913e+00 -1.2004324576e+00  2.7853007818e+00  3.9528406501e+00 -7.3864977337e-01  3.4356488000e+00  5.2544893322e+00 -9.9889257130e-01  3.2117394484e+00  1.3060723849e+00 -1.7779573967e+00  4.1564087818e+00  5.8636128270e+00 -1.6272916029e+00  1.9867068803e+00  2.2157257270e+00  2.8658136600e-01 -7.6830183085e-01 -4.3309046912e-02 -5.9152886756e-01 -1.6784308025e-01  4.0396003834e+00  2.2615784589e-01  9.0725488967e-01 -4.3707384369e-01 -1.5243766408e+00  2.0936003750e+00  3.6773977932e+00 -4.2114167892e-01  4.4412696823e+00  5.9362592563e+00 -8.6650900681e-01  4.0520535216e+00  2.0166941714e+00 -2.5742036996e+00  4.4016430246e+00  1.3987062951e+00 -1.0146758415e+00  4.9388537252e+00  2.9608533729e-01 -2.1919810575e+00  4.2172976496e+00  6.4792363828e+00 -2.4852183695e+00  2.2821617244e+00  5.1061910446e+00 -1.9729034253e+00  1.2800377972e+00  6.5291476325e+00 -9.3218329099e-01  1.4576287570e+00
ENERGY -3.883467782598e+02
GRADIENT -1.1882252864e-07  3.6095056521e-07 -3.5550936321e-07  8.2740435214e-07 -5.9284620008e-07  1.6072433386e-06 -2.0468349865e-07  1.4406627683e-07 -2.5139681356e-06 -3.7255888020e-06  5.2191517778e-07 -1.8218370348e-07  6.2424006232e-04  3.7993594048e-03 -6.1712781455e-04 -4.4774236860e-07  1.5919310147e-07 -2.2340590197e-06 -1.2194240490e-03 -8.7034667478e-03  2.1655277848e-03  9.9195745936e-04  8.4336350820e-03 -2.9688423839e-03 -1.2208974770e-06 -3.7586361941e-07 -4.6704888433e-07 -3.8306496440e-04 -3.4731046064e-03  1.5870760991e-03 -4.9100625089e-07  8.8040617002e-08 -3.7060540389e-07 -3.0337088579e-07  8.8863972655e-08 -3.5014509056e-07 -7.1748850369e-07  3.0485727044e-07 -3.9927540505e-07 -8.3739212744e-07 -3.0574129448e-07 -7.1422269527e-07 -1.3917811313e-04  1.9014793535e-05 -6.2175380123e-05  1.2319954406e-04 -7.2542015584e-05 -1.0696113324e-04 -7.6893381259e-07  7.0017165924e-07 -3.7144443175e-07 -1.8625590156e-06  1.0413886141e-07 -9.9448096019e-07 -5.2711452069e-07 -9.4090211603e-07 -6.4269590467e-07 -4.8101589817e-07 -2.0171560023e-07 -3.8060301405e-07 -8.2550920985e-07 -6.2024413190e-07 -3.7156818254e-08 -1.2320636428e-06 -3.0330141065e-07 -6.4848191246e-07

JOB 6
COORDS  2.0339695568e+00 -1.4781007948e-01  2.1176462308e-01  7.7441719077e-01 -6.4589028941e-01  5.5373007195e-01  3.0645541788e+00 -1.7377468875e-01  1.1536630799e+00  5.5968284223e-01 -1.1569020136e+00  1.8377755647e+00  2.8641086041e+00 -6.9758691349e-01  2.4429809536e+00  1.5825647056e+00 -1.1869868267e+00  2.7936011770e+00  3.9580651193e+00 -7.0770450785e-01  3.4381311429e+00  5.2327158947e+00 -1.0947516037e+00  3.2469790540e+00  1.3177850722e+00 -1.7520791332e+00  4.1704365074e+00  5.8574555298e+00 -1.6106930191e+00  1.9790487789e+00  2.2115682902e+00  2.6662227538e-01 -7.7742946734e-01 -3.7544684808e-02 -6.3202273516e-01 -1.6896811055e-01  4.0344066646e+00  2.4378882759e-01  8.9987119303e-01 -4.2247733754e-01 -1.5428839661e+00  2.1025040797e+00  3.6815868747e+00 -4.0862106005e-01  4.4487469321e+00  5.9010622017e+00 -1.0290574860e+00  4.1056378894e+00  2.0322352321e+00 -2.5425486278e+00  4.4231932658e+00  1.4063567711e+00 -9.8128551369e-01  4.9458173136e+00  3.0968171479e-01 -2.1701945071e+00  4.2345171062e+00  6.5014960016e+00 -2.4708532513e+00  2.1959250084e+00  5.1105756941e+00 -1.9162187418e+00  1.2429395367e+00  6.4969507945e+00 -8.4828205539e-01  1.5149229202e+00
ENERGY -3.883475832807e+02
GRADIENT  3.2624587124e-06  5.2574025156e-06 -1.6409506496e-05  2.4204409860e-05 -2.1921392372e-06  2.3966265641e-05  1.1470951633e-05  2.0516503567e-06 -4.6376357823e-06 -2.2247792789e-05 -6.0719142814e-06 -5.8262718145e-08 -2.8229989301e-04 -1.0348491969e-03  2.6601643688e-04 -1.0924617070e-06 -3.4242001944e-06  1.0949524767e-05  5.8922498139e-04  2.4453847101e-03 -7.0538384790e-04 -5.7791683209e-04 -2.4434889623e-03  6.5198765981e-04 -5.1227388797e-06 -1.8498156688e-06  1.1532233887e-06  2.4892143234e-04  1.0333177853e-03 -2.8999543223e-04  3.4893532206e-06  3.3279786578e-07 -2.0111149935e-06  2.7893085428e-06 -7.0940103858e-07  1.2473443222e-06  1.8223473810e-06  1.1090074086e-06 -4.1900521127e-06 -1.1657344965e-06 -1.4038990099e-06  2.4268678040e-06  4.2134847174e-05 -9.1864184764e-06  1.4602904929e-05 -3.7488180958e-05  1.8697090444e-05  3.4205952482e-05 -6.3254955748e-07  1.3427847771e-06  1.6907490701e-07 -1.6475633848e-06  1.3293677294e-06 -6.5837322339e-07 -3.6151009436e-07 -2.4464458403e-07  1.5114260500e-06  3.4819156595e-07  4.1969647926e-07  1.2584694218e-06 -1.1256837426e-06 -1.8641797196e-06 -5.2539654783e-07 -1.3885425406e-06 -6.0974062394e-07 -1.3568652641e-06

JOB 7
COORDS  2.0279819666e+00 -7.3598236145e-01  4.4671217303e-02  7.7485929169e-01 -4.4969596400e-01  5.9239708297e-01  3.0486564740e+00 -1.2134609858e+00  8.6888540842e-01  5.5671101066e-01 -6.5115691292e-01  1.9590335056e+00  2.8446591691e+00 -1.4084809087e+00  2.2465575105e+00  1.5706949533e+00 -1.1296620772e+00  2.7976900007e+00  3.9260596001e+00 -1.9396228117e+00  3.1032682177e+00  5.2378426250e+00 -1.6446831955e+00  3.0370857067e+00  1.3055579560e+00 -1.3306153548e+00  4.2722388378e+00  5.8809450618e+00 -4.9635876540e-01  2.3060412440e+00  2.2073915755e+00 -5.9884447499e-01 -1.0187305227e+00 -2.9399730010e-02 -7.9099123666e-02 -3.8151539700e-02  4.0121081195e+00 -1.4696764451e+00  4.3815863538e-01 -4.2007206403e-01 -4.2885613764e-01  2.3835053113e+00  3.6287405977e+00 -2.7196418067e+00  3.8040801687e+00  5.9051011346e+00 -2.2129630103e+00  3.6853824655e+00  1.3643963106e+00 -2.3901773707e+00  4.5502133251e+00  2.0383312453e+00 -7.9812134110e-01  4.8875678801e+00  3.0868411560e-01 -9.7316385327e-01  4.5436483975e+00  6.5300560547e+00 -8.4199118863e-01  1.4904359742e+00  5.1431698963e+00  1.8852249190e-01  1.8827739669e+00  6.5200990074e+00  6.6311757256e-02  2.9968335036e+00
ENERGY -3.883467782704e+02
GRADIENT  1.7002582986e-06  1.8365189362e-06 -2.5372345907e-05  8.9921869378e-06 -6.3065783617e-07  6.3108199952e-06 -1.6194310072e-05  3.6512890217e-06  1.2638913576e-05 -2.5308008414e-06 -3.2681911012e-06 -5.7245475852e-07  5.0357691719e-04 -2.9582477796e-03 -2.4917942212e-03  1.5652180877e-05  2.6183468334e-06  2.0091917386e-06 -9.7098412876e-04  6.3699786533e-03  6.3538858192e-03  7.5341214358e-04 -5.7213132414e-03 -6.8973074413e-03  2.5538994525e-06 -2.3330309330e-06 -1.7073750695e-06 -2.7604354670e-04  2.1757770424e-03  3.1515403602e-03 -1.3067827266e-06  1.8598015260e-06 -3.2740064493e-06  9.4756539381e-07 -1.6809216681e-06 -2.0002733730e-06 -2.7652202955e-06  2.5252014125e-07 -2.3007259385e-07  1.2138349731e-06  1.3170493892e-06  1.3699310795e-06 -1.4389959913e-04  2.1165066738e-05 -5.5074534267e-05  1.2315442080e-04  1.0900716117e-04 -5.6079452772e-05 -5.7198733638e-07 -1.1466208409e-06 -9.5392471373e-07  8.9694318987e-07  6.9287358224e-09  2.9821019643e-07  7.2441835436e-07  1.6040845148e-06 -3.0212260303e-06 -7.3871366505e-06  3.3324079038e-06 -1.1944758067e-06 -2.9803338818e-06  1.2690814167e-06 -7.6736223973e-08 -3.3048816026e-06 -3.5785118928e-07 -1.5437217823e-07

JOB 8
COORDS  2.0103810369e+00 -7.4033034956e-01  4.5192991117e-02  7.4827458752e-01 -4.7575591509e-01  5.8386452718e-01  3.0363737572e+00 -1.1903818676e+00  8.7751915343e-01  5.2750440380e-01 -6.6907859272e-01  1.9511755870e+00  2.8291081864e+00 -1.3790193285e+00  2.2561006250e+00  1.5478820852e+00 -1.1167382625e+00  2.7988870149e+00  3.9150337739e+00 -1.8907034038e+00  3.1183492119e+00  5.2400121978e+00 -1.6998802725e+00  2.9590494615e+00  1.2814849058e+00 -1.3068959272e+00  4.2745828114e+00  5.9150569331e+00 -5.0789403553e-01  2.3307756808e+00  2.1920026374e+00 -6.0920998348e-01 -1.0186044622e+00 -6.0464377865e-02 -1.2889472699e-01 -5.4393193646e-02  4.0062611846e+00 -1.4330967199e+00  4.5348392409e-01 -4.5577146101e-01 -4.6330850786e-01  2.3689344226e+00  3.6124861218e+00 -2.6738095697e+00  3.8145322770e+00  5.8997079319e+00 -2.3204381075e+00  3.5668904111e+00  1.3576069855e+00 -2.3625668251e+00  4.5633334433e+00  2.0027683283e+00 -7.5568030851e-01  4.8869959615e+00  2.7786006866e-01 -9.6395581892e-01  4.5396920957e+00  6.6078042530e+00 -7.9098478599e-01  1.5271183227e+00  5.1961133990e+00  2.0613659285e-01  1.9231572735e+00  6.5138652388e+00  1.8186913889e-03  3.0951284012e+00
ENERGY -3.883429887423e+02
GRADIENT -3.7856163952e-06 -8.1714133465e-07  1.6438510685e-06 -8.6228704138e-06  5.4137044626e-06 -9.7043107960e-06 -9.2815655040e-06  2.7936339531e-06 -7.4375046860e-07  8.8399920763e-06 -4.0225349311e-06 -1.4517784111e-06  4.3166602996e-04 -7.6255112408e-03 -5.0721505626e-03  2.5849087979e-06  2.5395479131e-06 -6.2355064402e-06 -1.9378801449e-04  1.5264026266e-02  1.3953794545e-02 -6.7624435370e-04 -1.1906943754e-02 -1.6666006467e-02  2.5177751517e-06 -1.8116002492e-07 -2.1306747063e-06  4.7969608688e-04  3.9871011134e-03  8.0335843956e-03 -2.2139371292e-06  6.2147803810e-07 -1.0095286465e-07 -1.3321585213e-06 -1.1912157915e-06 -1.8997309312e-06 -2.6072939376e-06  1.0639001924e-07  5.5081475265e-07  9.1815901898e-07  2.9852979232e-07 -1.5838499924e-06 -2.9565617790e-04  6.8814349032e-05 -1.0462525181e-04  2.6884600235e-04  2.0937408475e-04 -1.2935924217e-04  6.1558470337e-07  2.7054113861e-07 -1.4456915902e-08  2.5564759875e-07  8.1398915410e-07 -2.4036877542e-07  4.3876507837e-07  7.0986831824e-07 -1.3330286368e-06 -1.6859908235e-06  3.4679119126e-06 -5.3429902929e-07  1.8429566370e-06  3.3901015965e-06 -2.1532134043e-06 -1.0950637059e-06  1.8891106575e-06 -2.1415364404e-07

JOB 9
COORDS  1.9775771748e+00 -7.3630581560e-01  4.1381318602e-02  7.0478204849e-01 -5.1818455435e-01  5.7670032787e-01  3.0190932283e+00 -1.1404429102e+00  8.7705718191e-01  4.9062182525e-01 -7.0828221038e-01  1.9453796542e+00  2.8177360668e+00 -1.3290617652e+00  2.2572417952e+00  1.5277283791e+00 -1.1060352766e+00  2.7976619808e+00  3.9198344465e+00 -1.7996901563e+00  3.1208236859e+00  5.2469771090e+00 -1.7224261708e+00  2.8729396210e+00  1.2683926382e+00 -1.2881930974e+00  4.2754832061e+00  5.9987333743e+00 -5.2744711510e-01  2.3412925180e+00  2.1548445217e+00 -6.0651274715e-01 -1.0233318808e+00 -1.1656941677e-01 -2.1018970237e-01 -6.5341834025e-02  3.9974219390e+00 -1.3511268957e+00  4.5526410727e-01 -5.0028624301e-01 -5.3761302861e-01  2.3609187245e+00  3.6207171578e+00 -2.5747269339e+00  3.8292945267e+00  5.8709946662e+00 -2.4002639923e+00  3.4590537590e+00  1.3841569598e+00 -2.3367709334e+00  4.5769400180e+00  1.9675901548e+00 -7.0260606737e-01  4.8815951704e+00  2.5248450218e-01 -9.8021022603e-01  4.5365652734e+00  6.7353775880e+00 -7.9123408128e-01  1.5711108229e+00  5.3302842112e+00  2.3205150710e-01  1.9283304550e+00  6.5571923995e+00 -8.0236870091e-02  3.1722345120e+00
ENERGY -3.883360477388e+02
GRADIENT  1.6037397881e-05 -7.7417418869e-08 -2.8007936603e-05  2.1587401069e-06 -9.9282831011e-06  1.5332213394e-05 -9.5229067272e-05  2.2010513467e-05  3.4257290208e-05 -6.6458547821e-05  1.9368917211e-05  2.2541410768e-05 -2.8400933277e-04 -1.3142114657e-02 -6.5668037337e-03  3.8497426317e-05 -9.5637577598e-06 -1.1153137317e-04  1.8167137911e-03  2.5006094849e-02  1.9799517138e-02 -3.5499367513e-03 -1.6071733235e-02 -2.6831656099e-02  1.0724122311e-05  4.1449912452e-06 -2.2954515343e-05  2.0880675208e-03  4.5939743246e-03  1.3316792753e-02 -5.6682349395e-06 -6.5459909827e-07 -4.6997132783e-06  1.1920892601e-06 -1.8477575470e-07  3.1214657227e-06 -1.0475955706e-05  2.2107863683e-06  9.9982500859e-06 -1.0850841976e-05  5.2843367105e-07 -2.2090641531e-06  4.8651341794e-04 -1.1656224348e-04  1.7023521606e-04 -4.3957855927e-04 -3.1464468371e-04  1.9398972718e-04 -1.0738249451e-06  2.1424440844e-06 -3.2362717031e-07 -8.8517923783e-07  2.8620501219e-06 -2.3291405499e-06 -3.7581747844e-07  2.4626540701e-06 -7.8712030773e-06  5.7438374958e-06 -2.1036763595e-06  2.6785478339e-06  8.1160116336e-06  6.1441687883e-06  3.3029654627e-06  6.0120105476e-06  1.6548405055e-07  2.5266947514e-06

JOB 10
COORDS  1.9278998742e+00 -7.2421464503e-01  3.4088666864e-02  6.4749227753e-01 -5.6159147255e-01  5.7208636482e-01  2.9883152568e+00 -1.0774698894e+00  8.6806770295e-01  4.4638674505e-01 -7.5155672320e-01  1.9426559061e+00  2.7983672414e+00 -1.2711830044e+00  2.2498843775e+00  1.5027691956e+00 -1.0949566016e+00  2.7949678401e+00  3.9214517437e+00 -1.6985684586e+00  3.1090830210e+00  5.2419759419e+00 -1.7308743493e+00  2.7963906330e+00  1.2564637292e+00 -1.2721034073e+00  4.2754569854e+00  6.1077973731e+00 -5.6316892802e-01  2.3833631955e+00  2.0960825221e+00 -5.9177871848e-01 -1.0317945058e+00 -1.8905533609e-01 -2.9638735448e-01 -6.9393080843e-02  3.9744862384e+00 -1.2473559792e+00  4.4563597518e-01 -5.4976760516e-01 -6.2170796945e-01  2.3604136251e+00  3.6085388477e+00 -2.4668266906e+00  3.8212102209e+00  5.8209017977e+00 -2.4671430220e+00  3.3608163511e+00  1.4169118043e+00 -2.3118125065e+00  4.5875014278e+00  1.9320246237e+00 -6.5137693414e-01  4.8733504023e+00  2.2940871779e-01 -1.0042490808e+00  4.5370645255e+00  6.9015505539e+00 -8.4343570954e-01  1.6793348538e+00  5.5304198363e+00  2.5418893368e-01  1.9418205208e+00  6.6000545141e+00 -1.8545556722e-01  3.2870264868e+00
ENERGY -3.883258382651e+02
GRADIENT -1.9648543624e-05  4.0386876657e-06 -6.8143681283e-06  4.5250094168e-05 -1.6456286142e-05  2.1225710059e-05  3.3219868031e-05 -4.8348929089e-05  7.5270597241e-06 -4.7384812310e-05  5.1441601049e-06  2.7481728993e-05 -2.2453706646e-03 -1.9195663814e-02 -6.7006265944e-03 -6.4417211957e-07  3.5649359899e-05 -1.7912540759e-05  7.0478955457e-03  3.3932628590e-02  2.3850931359e-02 -9.4982961156e-03 -1.8183680983e-02 -3.5917001887e-02  2.0220125740e-07  1.8021461076e-06 -7.7432213436e-06  4.7294996793e-03  3.2226239535e-03  1.8995291513e-02  6.1133268434e-06 -3.4979048748e-06  7.9664128332e-08  1.9587843279e-06 -1.9552289450e-06  6.1116559592e-06  8.3195713287e-06  3.3656342353e-06  6.6069891327e-06 -6.6048351405e-06 -1.3911605439e-07  4.4386906436e-06 -4.2033145874e-04  1.4012492284e-04 -2.6217718286e-05  3.8554090368e-04  1.1697246470e-04 -2.5364646423e-04  5.0869020778e-06  1.0962305560e-06 -1.0370450651e-06  4.1920070171e-06 -3.8706612384e-07 -3.8281573911e-06 -2.1043672923e-06 -1.3812084981e-06  3.5654284455e-06  1.2253504542e-05 -1.4905686783e-05  3.5919003482e-05 -2.4009088464e-06 -2.0609163403e-05 -2.8718159068e-05 -3.3950499009e-05  2.0699409182e-05  1.2248164968e-05

JOB 11
COORDS  1.8557395946e+00 -7.1138387024e-01  2.0326715173e-02  5.7068217777e-01 -6.3033915854e-01  5.6718370396e-01  2.9418077053e+00 -9.8970357145e-01  8.4824593906e-01  3.9307017259e-01 -8.2197386208e-01  1.9405448920e+00  2.7739010709e+00 -1.1922928157e+00  2.2327078900e+00  1.4748268508e+00 -1.0887965844e+00  2.7888201316e+00  3.9266234170e+00 -1.5531267161e+00  3.0810851179e+00  5.2385905003e+00 -1.6996196582e+00  2.7315325726e+00  1.2488802206e+00 -1.2632799205e+00  4.2726865903e+00  6.2506737079e+00 -6.1762196629e-01  2.4240520013e+00  2.0074550956e+00 -5.7355737104e-01 -1.0473619936e+00 -2.8629358896e-01 -4.2592217927e-01 -6.9509684995e-02  3.9350675261e+00 -1.0968238661e+00  4.2107388605e-01 -6.0620896780e-01 -7.5257247316e-01  2.3651496799e+00  3.6155598676e+00 -2.3059267195e+00  3.8129124821e+00  5.7300367304e+00 -2.4939313376e+00  3.3035095883e+00  1.4749873131e+00 -2.2873896703e+00  4.5958709971e+00  1.8871199071e+00 -5.9470417827e-01  4.8598833503e+00  2.0856050926e-01 -1.0564742680e+00  4.5370991072e+00  7.0652720914e+00 -9.6426932983e-01  1.7760690444e+00  5.8040807531e+00  2.7167291001e-01  1.9679081955e+00  6.7005125232e+00 -3.2196064265e-01  3.3784364741e+00
ENERGY -3.883125786596e+02
GRADIENT  1.6474523153e-05 -2.3684537931e-06 -3.7403234213e-05  1.7533521455e-05 -8.3198664149e-06  3.3688500148e-05  6.5245575195e-05  2.6508786562e-05 -1.6534208085e-05  5.5082678995e-05 -2.1096429942e-06 -5.1415054736e-05 -4.2029728229e-03 -2.4891171159e-02 -5.0903863446e-03  2.4207252886e-06 -5.1931306933e-05  1.5743866521e-04  1.0694331556e-02  4.2603057450e-02  2.4310917666e-02 -1.3080627096e-02 -1.8046320606e-02 -4.3277902336e-02 -1.8331975601e-05  3.0457821193e-07  3.4532202854e-05  6.3513254329e-03  7.8142076546e-04  2.3778256257e-02  6.9222458038e-06 -2.0602541985e-06 -2.6896210599e-06  6.7992854073e-06 -1.6762159179e-06 -5.4898210001e-06  3.6121827667e-06  3.0815638236e-06 -2.3703963706e-05  1.6606292948e-05 -4.5728564925e-06  7.6738615328e-06  5.0285813399e-04 -1.4488311402e-04  1.7250702107e-04 -4.5707760626e-04 -2.6041057196e-04 -1.2695446247e-05 -3.1153608967e-06  1.0569904856e-06  6.8647383123e-06 -4.5789116053e-06  2.2243658891e-06  5.6717913112e-06  2.8544719817e-06 -7.6623350044e-07  8.6771358504e-06 -3.8336879978e-06  1.0782387870e-05 -2.2755300397e-05 -2.4908871093e-06  4.9174198510e-06  2.0270222311e-05  2.3946568109e-05 -1.7128460709e-05 -5.5055422918e-06

JOB 12
COORDS  1.7611319123e+00 -7.1659788297e-01  4.9551605103e-04  4.8488891214e-01 -6.9387650957e-01  5.7353620396e-01  2.8765677696e+00 -9.2959885403e-01  8.0794078126e-01  3.4612051492e-01 -8.7610697581e-01  1.9527300021e+00  2.7473863716e+00 -1.1288996072e+00  2.1976765631e+00  1.4567785548e+00 -1.0785301431e+00  2.7810079868e+00  3.9329503842e+00 -1.4362005917e+00  3.0214303385e+00  5.2415866369e+00 -1.6451174488e+00  2.6562640925e+00  1.2707831159e+00 -1.2424981449e+00  4.2711515484e+00  6.3814341860e+00 -6.5589665606e-01  2.5141390567e+00  1.8837538386e+00 -5.8325178255e-01 -1.0715096736e+00 -3.9441513944e-01 -5.4097685333e-01 -4.6909281464e-02  3.8662431412e+00 -9.9075483977e-01  3.6326420398e-01 -6.4611533781e-01 -8.4961813206e-01  2.3981985933e+00  3.6240434480e+00 -2.2026542084e+00  3.7426803223e+00  5.6501885143e+00 -2.4983354344e+00  3.2125599056e+00  1.5531592499e+00 -2.2501298521e+00  4.6025130628e+00  1.8881281533e+00 -5.3613009473e-01  4.8360261779e+00  2.2741546149e-01 -1.0824564195e+00  4.5552031520e+00  7.2245336935e+00 -1.0671217750e+00  1.9463999286e+00  6.0899596208e+00  2.9519898169e-01  2.0552289729e+00  6.7408741707e+00 -4.4839344773e-01  3.5278036199e+00
ENERGY -3.882968151228e+02
GRADIENT  1.4468591256e-05 -5.0005529292e-07 -1.5080203613e-05  4.0739657187e-06 -2.1295093782e-06  1.0265909449e-05 -1.0779890421e-05  1.8747832067e-05  2.6388071652e-06 -1.0948025680e-05  2.9823056055e-06 -7.6681546309e-06 -5.4588433534e-03 -2.9453085845e-02 -3.1335159927e-03  1.7916333744e-05 -1.7984775038e-05  4.9581826786e-08  1.4016158673e-02  4.7223494450e-02  2.5105031667e-02 -1.5560441075e-02 -1.3471927426e-02 -5.0064355791e-02 -3.2063600958e-06  9.6016839723e-07 -3.2753285587e-07  7.0170426558e-03 -4.0904832868e-03  2.7913310739e-02  2.0043311296e-06 -5.7286542050e-07 -3.3560449057e-06  2.7748030816e-06  2.2394599371e-07 -2.8116293091e-06  4.2984021586e-07  1.4259803816e-07 -3.3259133538e-06  2.8681481188e-07  4.2474286776e-07 -2.2155367413e-06  3.8022522045e-04 -1.2834807180e-04  1.5372032970e-05 -4.0579687978e-04 -8.5340008793e-05  1.6377356194e-04 -3.5902811829e-06  1.7019529547e-06 -5.5493958339e-07 -2.9838437077e-06  2.0181136539e-06 -1.2222833421e-06 -1.0831580897e-06  2.3233250447e-06 -3.4867879723e-06  2.1866728183e-06  3.4865644010e-06 -5.8400932301e-06 -1.8056200834e-06 -2.1928355821e-07  6.6175617654e-06  7.5818255582e-06 -7.1888207566e-06  8.0410756932e-07

