JOB 0
COORDS  3.3552395664e+00 -7.4842121189e-01 -3.5547634841e-01  2.0100151375e+00 -9.8189617866e-01 -6.2500021241e-02  1.5459825832e+00  1.3912699824e+00 -4.3452266550e-01  3.8200342255e+00  5.2934734208e-01 -6.9599646143e-01  2.8921731359e+00  1.5939848797e+00 -7.4259983625e-01  1.1375338232e+00  1.0270753000e-01 -1.0466746403e-01  5.2254490668e+00  8.4050473573e-01 -9.3808721824e-01  5.5774670424e+00  2.0367598648e+00 -1.4377850482e+00  4.4852270662e+00  3.0064336211e+00 -1.8227100067e+00  6.9929084332e+00  2.4702111797e+00 -1.6598877525e+00  3.2981726001e+00  2.8697643791e+00 -1.0137556874e+00  7.1191669327e+00  2.9238113692e+00 -3.0197027979e+00 -1.7402667754e-01 -1.0154609233e-01  1.8294565954e-01  4.0630640757e+00 -1.5728061314e+00 -3.1251637840e-01  1.6391109882e+00 -1.9673129084e+00  1.9889110137e-01  8.3999932407e-01  2.2146025541e+00 -4.5758479184e-01  5.9765004948e+00  9.4933358947e-02 -6.8331651795e-01  4.8049192329e+00  4.0421185463e+00 -1.6890151151e+00  4.2117954206e+00  2.8731984467e+00 -2.8791041732e+00  7.6713455106e+00  1.6322251254e+00 -1.4531117339e+00  7.2453151463e+00  3.2925055431e+00 -9.7092734489e-01  8.0622070148e+00  2.9774376584e+00 -3.2372422555e+00
ENERGY -6.368638432870e+02
GRADIENT  1.0772520640e-05  1.8395966569e-06  5.1713830498e-07 -1.1323617303e-05  3.3469188689e-06 -1.6129187590e-06 -1.5961372301e-05  2.3217150162e-05 -2.8809243290e-06 -6.3952525617e-06  3.1049327254e-05 -1.8640115113e-05  1.7319482584e-06  1.1030402759e-05  1.4206841098e-05  1.2106259908e-05  7.1793662344e-06 -1.0129173227e-05  6.7559867764e-05 -1.5716866590e-05  4.7669654325e-05  2.1696614685e-04 -1.0742078948e-03 -3.6367903443e-04  1.1701519782e-06  4.9406713789e-05 -4.9569351711e-06 -3.5517725308e-04  1.0540317201e-03  2.9750682164e-04  3.6365105906e-06 -3.1493581964e-07 -1.7161452139e-05  1.0045917768e-04  1.6035468140e-03  5.6606147900e-04  5.9655654121e-06  1.2540144594e-05 -7.2544586191e-06 -6.2289668157e-06  2.4395987896e-06  1.1025248815e-06 -3.4979646732e-06  5.4737427410e-06 -2.8492619663e-06 -1.7198298175e-06  1.0082511339e-05 -5.0837170989e-06  5.0400168387e-06 -1.0762042071e-05 -5.4558050422e-08  6.4163687459e-06  1.9950932250e-06 -3.0901619204e-07  8.4909972855e-06  9.3444520631e-06 -9.2579265069e-06 -5.7301780846e-06 -2.0629205566e-05  1.0418802406e-05 -7.3162110070e-06 -1.9169517249e-05  1.0455008976e-05 -4.0346805061e-05 -1.6099882512e-03 -5.1440327073e-04

JOB 1
COORDS  3.3678415991e+00 -7.5165332446e-01 -3.5917814261e-01  2.0234038024e+00 -9.9376676709e-01 -6.9276587818e-02  1.5466354765e+00  1.3775009874e+00 -4.3294216726e-01  3.8260480099e+00  5.2992409738e-01 -6.9415744435e-01  2.8921603880e+00  1.5892241283e+00 -7.3797781383e-01  1.1443449397e+00  8.5595755610e-02 -1.0861561129e-01  5.2299834099e+00  8.5074702536e-01 -9.3303817644e-01  5.5770108760e+00  2.0504222888e+00 -1.4280264898e+00  4.4792462813e+00  3.0154983120e+00 -1.8092621268e+00  6.9910398404e+00  2.4921498950e+00 -1.6495810938e+00  3.2914830038e+00  2.8683315477e+00 -1.0032495607e+00  7.1211560614e+00  2.9672950657e+00 -3.0037192288e+00 -1.6655170845e-01 -1.2721782329e-01  1.7605140929e-01  4.0802141890e+00 -1.5722165594e+00 -3.1800010206e-01  1.6578480715e+00 -1.9822964123e+00  1.8783486343e-01  8.3619002226e-01  2.1970288293e+00 -4.5389774580e-01  5.9845512455e+00  1.0829546979e-01 -6.7920634727e-01  4.7928022438e+00  4.0523495009e+00 -1.6697538661e+00  4.2086454839e+00  2.8861254683e+00 -2.8668742577e+00  7.6721885371e+00  1.6555728856e+00 -1.4507396557e+00  7.2440589013e+00  3.3087580716e+00 -9.5532420120e-01  8.0274990627e+00  2.8044787542e+00 -3.3029050353e+00
ENERGY -6.368630774650e+02
GRADIENT  3.5021342554e-06 -1.1838010677e-05  6.2624348404e-06  4.9936910742e-05  1.4036393481e-04 -4.0450481499e-05  1.2575309748e-04 -1.0918787518e-04 -3.5147332932e-06  2.3502891503e-05 -5.1621025555e-05  1.5292193815e-06  1.0209444704e-05  2.1817947384e-05  1.4544681930e-05 -1.9300618481e-04 -3.8856563540e-05  4.0571306105e-05 -1.6784498852e-04  1.6736674275e-04 -2.2543281891e-05  4.7595291936e-04 -8.9305422339e-04 -3.5468138666e-04 -5.2145667707e-05 -7.1880902243e-05  5.8362868771e-05 -3.6468931086e-04  9.3428904048e-04  2.8175852654e-04 -3.3747170061e-05 -1.0684351223e-05  7.7538297216e-07  5.9493580476e-04  1.3521556628e-03  5.3370560807e-04 -1.0890069194e-04 -6.9181683965e-06  1.7344331688e-05  7.8533604792e-06  1.4691262590e-05 -3.2139809515e-06 -1.7414974481e-05  3.1056519352e-05 -5.9083099141e-06  3.6722496528e-06 -1.7042492709e-05 -1.3275969030e-06 -1.6596028522e-05  2.9394712783e-05 -1.0522319469e-05  3.5472285999e-05 -2.3019281848e-05 -2.5928535356e-06  7.8163891379e-06  5.0007221934e-06 -1.5305742947e-05  3.7200211450e-05 -1.2670354861e-05  1.3843667423e-05 -1.5563037247e-05 -2.0677825674e-05 -1.1556570990e-05 -4.1758576773e-04 -1.3534399958e-03 -5.1230240512e-04

JOB 2
COORDS  3.3836495767e+00 -7.5908636686e-01 -3.6216333590e-01  2.0400550817e+00 -1.0087786666e+00 -7.4956519731e-02  1.5507063293e+00  1.3618931816e+00 -4.3134096233e-01  3.8351693598e+00  5.2612759637e-01 -6.9220161674e-01  2.8957051436e+00  1.5807232649e+00 -7.3356399081e-01  1.1558418392e+00  6.6471865050e-02 -1.1206456472e-01  5.2377378744e+00  8.5547434342e-01 -9.2817849004e-01  5.5787530378e+00  2.0588743462e+00 -1.4187274529e+00  4.4762774131e+00  3.0191260902e+00 -1.7981409800e+00  6.9910569752e+00  2.5095651365e+00 -1.6399899406e+00  3.2888000764e+00  2.8628193543e+00 -9.9370202757e-01  7.1303922056e+00  3.0068393993e+00 -2.9870285417e+00 -1.5420110886e-01 -1.5436688943e-01  1.7009927402e-01  4.1002360506e+00 -1.5760750905e+00 -3.2257139228e-01  1.6790551308e+00 -1.9999391946e+00  1.7848105140e-01  8.3598081743e-01  2.1777805345e+00 -4.5032829877e-01  5.9960582152e+00  1.1649237918e-01 -6.7483946225e-01  4.7839237809e+00  4.0573506046e+00 -1.6550817987e+00  4.2074513484e+00  2.8918638742e+00 -2.8564129629e+00  7.6793646271e+00  1.6795498849e+00 -1.4432439799e+00  7.2393134854e+00  3.3251791589e+00 -9.4452774154e-01  7.9429799917e+00  2.6482552314e+00 -3.3701012961e+00
ENERGY -6.368626318792e+02
GRADIENT  7.8210755929e-05 -9.4773067919e-05  6.5757854873e-06 -5.8891636082e-06  8.8525955962e-05 -1.8922607723e-05 -1.6271702256e-04  2.1948628091e-04 -1.7051810808e-05 -7.2490782284e-06 -1.1684945781e-05  6.8450933807e-06 -5.5784000846e-05 -1.7777031727e-04  5.9175337815e-05  1.0658964855e-04  6.3747920222e-06 -2.7046782314e-05 -7.4603270421e-05  4.2218057124e-05 -2.0289631659e-05  1.5510618095e-04 -1.8886079512e-04 -1.1399568817e-04 -8.0652633048e-06 -5.3038941127e-05  1.8009493519e-05 -8.0822518705e-05  2.3721637011e-04  7.2496704386e-05 -7.1247100311e-05 -5.6067293931e-05  2.5104564425e-05  2.0955487549e-04  2.1322533678e-04  1.2041951537e-04  4.0598299954e-05  4.7015371316e-05 -1.8572605090e-05  7.8519831988e-06 -2.0364709080e-06 -1.4567152215e-06  1.3895081219e-05  4.1232657286e-06 -5.6503160142e-06 -2.9232680517e-05  2.8419978936e-05 -2.6445844708e-06 -5.7032570588e-06  1.7332771539e-05 -7.6387076751e-06  1.6503532417e-05 -7.6764664187e-06  2.8104331472e-06  4.3879585511e-06  2.8441750384e-06 -1.5346811391e-07 -4.2652999370e-06  4.6900044173e-06 -5.8866120230e-06  1.2122723358e-05  8.7054002770e-06  1.1976264611e-05 -1.5709252337e-04 -2.5358257663e-04 -1.0067393670e-04

JOB 3
COORDS  3.3969429262e+00 -7.6441456540e-01 -3.6642129513e-01  2.0541250356e+00 -1.0211331239e+00 -8.1861665736e-02  1.5564796451e+00  1.3484960340e+00 -4.3111744855e-01  3.8439152480e+00  5.2366198610e-01 -6.9171647256e-01  2.9007433955e+00  1.5750531651e+00 -7.3096917668e-01  1.1656170878e+00  5.0662167706e-02 -1.1663723080e-01  5.2454814167e+00  8.5965930268e-01 -9.2434124240e-01  5.5819753712e+00  2.0665187737e+00 -1.4102849578e+00  4.4761682386e+00  3.0229685290e+00 -1.7893186734e+00  6.9930070400e+00  2.5246102525e+00 -1.6306166019e+00  3.2889618617e+00  2.8597212770e+00 -9.8609561621e-01  7.1483791700e+00  3.0367362964e+00 -2.9708203900e+00 -1.4394537814e-01 -1.7613970776e-01  1.6288049010e-01  4.1168994374e+00 -1.5785095799e+00 -3.2827841277e-01  1.6969790332e+00 -2.0146316300e+00  1.6786422616e-01  8.3842331325e-01  2.1614618483e+00 -4.4813574383e-01  6.0067867709e+00  1.2363977713e-01 -6.7081141985e-01  4.7794623584e+00  4.0622297276e+00 -1.6441607814e+00  4.2083945217e+00  2.8971539297e+00 -2.8480225970e+00  7.6915099377e+00  1.7057039660e+00 -1.4255994248e+00  7.2305531771e+00  3.3466164102e+00 -9.4097847203e-01  7.8182217884e+00  2.5121696134e+00 -3.4304291198e+00
ENERGY -6.368628740448e+02
GRADIENT  1.3963948374e-05 -1.3343359500e-05  1.5504215251e-06  4.1264911640e-06  3.3865929435e-07 -4.7731079520e-06  8.1031665709e-05 -1.1874571514e-04  7.9088425908e-06 -1.0018014919e-04 -1.8013667609e-05  1.8916354513e-05  5.8789142775e-05  1.4268247785e-04 -3.9661591047e-05 -6.2387079609e-05  1.0022947636e-05  9.3292506520e-06  1.0832768114e-05 -2.4015912884e-05 -9.3690177989e-07 -2.5715677435e-04  8.2801583992e-04  2.7135191437e-04  3.5805805499e-06  4.1873230565e-05  5.5193594810e-06  5.0915369486e-04 -9.0554657592e-04 -2.8781407139e-04  5.5223204725e-05  6.4645558520e-05 -1.9798941973e-05 -1.2853403356e-03 -8.2165590382e-04 -4.5587094957e-04 -2.0815242884e-05 -7.4839518399e-06  6.1749552872e-07 -8.2008240907e-06 -4.4837222194e-06  5.2576859793e-07 -9.1485894312e-06  8.8266194299e-06 -3.5156573068e-06  1.9526066346e-05 -9.7970939886e-07 -6.3881996425e-06 -9.8592380314e-06 -5.9748602597e-06  5.2758763395e-06 -2.4019063580e-07  8.3549467111e-06 -2.1808337804e-06  1.9980554112e-06 -1.7081116614e-06  9.2266831835e-07 -1.5161219785e-05  1.0184850377e-05 -1.0938134527e-06 -4.3718837533e-06  4.1013963451e-06  4.1332583165e-05  9.9411041723e-04  8.8194493796e-04  4.5067087878e-04

JOB 4
COORDS  3.4128127540e+00 -7.7418610975e-01 -3.7068462551e-01  2.0708349582e+00 -1.0369858592e+00 -8.8025350095e-02  1.5634898962e+00  1.3318787120e+00 -4.2942329897e-01  3.8547187351e+00  5.1683122121e-01 -6.9142104363e-01  2.9071161736e+00  1.5644582107e+00 -7.2748941986e-01  1.1779203366e+00  3.1322579308e-02 -1.1977257807e-01  5.2549232256e+00  8.6002097928e-01 -9.2141416862e-01  5.5870612596e+00  2.0703403735e+00 -1.4026307141e+00  4.4766813445e+00  3.0217680328e+00 -1.7808696588e+00  6.9966953508e+00  2.5343940367e+00 -1.6243285874e+00  3.2905103288e+00  2.8515524669e+00 -9.7764824734e-01  7.1698752869e+00  3.0434010320e+00 -2.9623247602e+00 -1.3077020436e-01 -2.0188962992e-01  1.5799779508e-01  4.1360158772e+00 -1.5854858949e+00 -3.3446241752e-01  1.7174509598e+00 -2.0326970025e+00  1.5820308401e-01  8.4221348001e-01  2.1420469950e+00 -4.4396318318e-01  6.0196155084e+00  1.2739268983e-01 -6.6793724789e-01  4.7753857323e+00  4.0621986914e+00 -1.6346389451e+00  4.2083742754e+00  2.8967708320e+00 -2.8396030840e+00  7.7057568113e+00  1.7291970117e+00 -1.4003833787e+00  7.2219248086e+00  3.3720981825e+00 -9.5178127652e-01  7.6577671727e+00  2.3882069007e+00 -3.4809982264e+00
ENERGY -6.368638411564e+02
GRADIENT  3.0295650990e-05 -4.2732801817e-05  2.9479626647e-06  1.0794993970e-05  4.7755534420e-05 -1.3396322955e-05  8.2069166354e-06 -6.9178519673e-06 -1.3750105325e-06 -4.4920234200e-05 -2.5762397357e-05  6.9381510101e-06  1.3256310539e-05  3.2906551793e-05 -1.3276992046e-05 -2.7094757708e-05  4.8473153597e-06  3.8429288296e-06 -4.1637722952e-05  3.0586364118e-05 -5.4142098084e-05 -3.7496903248e-04  1.6713442794e-03  5.4171490074e-04 -2.3554282004e-05 -2.2926598557e-05  3.5978494876e-05  1.1531234837e-03 -1.9755112943e-03 -5.9733855739e-04 -1.4140302510e-05  2.3101021580e-05  7.9799982534e-06 -3.0391413900e-03 -8.4639868586e-04 -6.8612287021e-04 -1.3273003316e-05  9.4623435698e-06 -4.3022202223e-06 -9.3733668189e-07 -1.8102428311e-06 -9.1373054182e-07 -2.9295025509e-06  1.0388760112e-05 -4.6504365472e-06  1.9358640470e-06  5.4922909672e-06 -4.9168110437e-06 -7.2206946423e-06  9.1211396091e-06  6.2741679237e-06  6.2378464844e-06 -2.1502307578e-06  3.5281804990e-06 -1.6015452392e-06 -3.2570069350e-06 -4.0652860629e-07  1.5723311419e-05 -1.8288489498e-06  2.4117128927e-06 -1.4156761430e-05  1.0631104405e-06 -1.5212620925e-05  2.3510514524e-03  1.1549882694e-03  7.8038465385e-04

JOB 5
COORDS  3.4111898316e+00 -7.6194657383e-01 -3.7580369330e-01  2.0668838793e+00 -1.0221387454e+00 -1.0235538388e-01  1.5660938122e+00  1.3479030171e+00 -4.4541299587e-01  3.8580622871e+00  5.2835151034e-01 -6.9268602008e-01  2.9122692145e+00  1.5775965220e+00 -7.3401674936e-01  1.1760740169e+00  4.7821863076e-02 -1.3946087824e-01  5.2603878142e+00  8.6898392530e-01 -9.1237121633e-01  5.5976940607e+00  2.0794504943e+00 -1.3903803036e+00  4.4911223414e+00  3.0329554855e+00 -1.7755492762e+00  7.0102660897e+00  2.5402453796e+00 -1.6036273366e+00  3.2996268579e+00  2.8642250918e+00 -9.8013237880e-01  7.2083069306e+00  3.0492610375e+00 -2.9356345804e+00 -1.3476281308e-01 -1.8320963419e-01  1.2915198639e-01  4.1324993955e+00 -1.5746915414e+00 -3.3491649902e-01  1.7099338682e+00 -2.0172755464e+00  1.4098957534e-01  8.4656339962e-01  2.1595485665e+00 -4.6406959668e-01  6.0226505925e+00  1.3563411359e-01 -6.5340490974e-01  4.7912690646e+00  4.0726755282e+00 -1.6276403782e+00  4.2275708590e+00  2.9096997586e+00 -2.8358139967e+00  7.7192304357e+00  1.7374202371e+00 -1.3667778293e+00  7.2314359767e+00  3.3848154065e+00 -9.4038667222e-01  7.4814156089e+00  2.3125892114e+00 -3.5023969484e+00
ENERGY -6.368651700968e+02
GRADIENT -1.0057202317e-05  1.6251622544e-05 -2.1539650375e-05  2.3869894008e-05  9.3394764611e-05 -7.3071676345e-06 -5.8066707542e-05  1.4485631693e-04 -1.2851144727e-05  1.8767144638e-04  7.4034265177e-05 -7.3690753368e-05 -7.9696862925e-05 -1.2341550262e-04  2.2264893757e-05  1.5484600321e-06 -8.3991603924e-06 -5.5987369762e-06  4.8728955819e-05  3.8458969809e-05  9.3528228797e-05 -5.0280449460e-04  1.5581131131e-03  4.7976873792e-04 -1.4442043845e-05 -9.7134930848e-08  6.1333533464e-05  1.2802979099e-03 -2.1517873677e-03 -7.3881923052e-04 -1.3958508559e-04 -7.3594787942e-05 -5.0788608379e-06 -3.5114161917e-03  4.7912342012e-06 -4.7255708157e-04 -2.2952999998e-05  2.2881635349e-05 -7.8752136447e-06  4.2611915030e-06  1.6172962870e-05 -2.6793976227e-06 -2.5086055151e-06  1.7630505672e-05 -2.1292947768e-06 -2.8918819729e-05  4.9814300349e-06  2.2905006455e-07  3.6957036880e-05 -7.4809886739e-06  3.0502493982e-06 -2.2624642335e-06  1.3561613463e-05 -1.1857617032e-05 -1.4912040227e-05  3.7533552926e-07  1.3381735135e-05  5.1785280949e-05 -4.0067819114e-05 -4.3405455216e-05  3.6554667432e-05 -1.0113603547e-04 -8.6008999010e-05  2.7062320112e-03  5.9046035482e-04  8.1365959812e-04

JOB 6
COORDS  3.4547824645e+00 -8.0476197798e-01 -3.6829066051e-01  2.1147564905e+00 -1.0816438841e+00 -9.0821039812e-02  1.5850978442e+00  1.2833890646e+00 -4.2368225769e-01  3.8855132434e+00  4.9174382337e-01 -6.8268506691e-01  2.9273018049e+00  1.5298639629e+00 -7.1680710897e-01  1.2111325805e+00 -2.2097484293e-02 -1.2067913236e-01  5.2826134175e+00  8.4999360960e-01 -9.0630024907e-01  5.6040892123e+00  2.0664141395e+00 -1.3816507405e+00  4.4837909751e+00  3.0060626310e+00 -1.7616920303e+00  7.0109944965e+00  2.5375515512e+00 -1.6069792126e+00  3.2991092487e+00  2.8217314273e+00 -9.5987959495e-01  7.2166812678e+00  2.9974831001e+00 -2.9541050750e+00 -9.5652753912e-02 -2.6931252129e-01  1.5218099683e-01  4.1857130112e+00 -1.6090881522e+00 -3.3272575915e-01  1.7704111951e+00 -2.0817033225e+00  1.5047214142e-01  8.5612880836e-01  2.0866670609e+00 -4.3653968185e-01  6.0550225827e+00  1.2619673393e-01 -6.5087860286e-01  4.7719961419e+00  4.0492060943e+00 -1.6142696047e+00  4.2144479203e+00  2.8810276681e+00 -2.8205003922e+00  7.7285717327e+00  1.7521295638e+00 -1.3363994658e+00  7.2221101422e+00  3.4126064649e+00 -9.8217606038e-01  7.2677959030e+00  2.2170517228e+00 -3.5281532207e+00
ENERGY -6.368662745590e+02
GRADIENT -8.6701338492e-05  8.3205702194e-05 -4.7469055354e-06  4.1712815053e-05  9.8066474549e-05 -3.1126681118e-05  3.5673854234e-05  4.8033717081e-05 -2.5965905487e-05  2.4452324845e-04  8.4010982325e-05 -2.8169895784e-05 -1.0087454863e-04 -1.7386468923e-04  3.3019838788e-05 -1.1764998125e-04 -2.9935358994e-05  2.8263820993e-05  5.7098339985e-05 -2.5941947009e-05 -2.4858518018e-05 -3.5247424997e-04  1.2204293714e-03  3.8547403711e-04  2.5556490105e-05 -7.9906747219e-05 -7.0530262592e-05  8.3945966216e-04 -1.7318399073e-03 -4.3386105189e-04 -9.9049851238e-06 -9.2924783333e-05  2.6866461483e-05 -2.2224872604e-03  6.1904970310e-04 -1.3658635754e-04 -8.5940538440e-05  2.4663840645e-06  9.3984325580e-06  4.9757356343e-06  3.2822089286e-05 -6.9557909763e-06 -2.1359532929e-05  2.4744173426e-05 -5.3473602278e-06 -2.6444413659e-05 -1.1610256993e-05  5.5967418728e-06  7.3074866532e-07  9.7199131730e-06 -8.0399324955e-07 -1.1287649631e-05  1.0884534814e-05  2.3614572692e-05  1.0048651299e-05  1.0761078002e-05  1.8220826813e-05  7.0115977636e-07  4.1336250057e-05 -3.9614024292e-05  1.3015458414e-05  3.1936946345e-05 -5.1675383467e-05  1.7460929288e-03 -9.3166229314e-05  3.2113696943e-04

JOB 7
COORDS  3.4517953714e+00 -7.8733299372e-01 -3.8441081542e-01  2.1101340923e+00 -1.0616338867e+00 -1.1350324881e-01  1.5877539052e+00  1.3075439414e+00 -4.3747004910e-01  3.8863990381e+00  5.0979836363e-01 -6.9145538192e-01  2.9316459829e+00  1.5512431370e+00 -7.2473635535e-01  1.2102473203e+00  1.3284935667e-03 -1.4211185921e-01  5.2854530131e+00  8.6575069088e-01 -9.0421613308e-01  5.6133414541e+00  2.0826926612e+00 -1.3747556753e+00  4.4955633589e+00  3.0248243475e+00 -1.7592779195e+00  7.0232875111e+00  2.5473215080e+00 -1.5895569700e+00  3.3084674582e+00  2.8430203979e+00 -9.6094055250e-01  7.2632465630e+00  2.9464711994e+00 -2.9498222497e+00 -9.7857585757e-02 -2.4357512475e-01  1.2475879598e-01  4.1806894758e+00 -1.5934976136e+00 -3.4923102791e-01  1.7617717296e+00 -2.0616530441e+00  1.2214160825e-01  8.6083869004e-01  2.1127081098e+00 -4.4910613273e-01  6.0550840625e+00  1.4101565318e-01 -6.4338752033e-01  4.7862276271e+00  4.0671620065e+00 -1.6115798192e+00  4.2261339688e+00  2.9005834994e+00 -2.8185675733e+00  7.7317139063e+00  1.7692517735e+00 -1.2737170055e+00  7.2268202726e+00  3.4467030324e+00 -9.9860410634e-01  7.0929744492e+00  2.1757277511e+00 -3.5151359057e+00
ENERGY -6.368666728583e+02
GRADIENT -5.7605292307e-06  9.3080674299e-06 -3.9188010109e-06 -5.9518197888e-05 -7.7948843217e-05  2.5846705256e-05 -1.7744206630e-04  2.1344956881e-04 -5.2341532513e-06  2.2766750432e-05  3.9259851024e-06 -2.5291358612e-05 -3.6047518459e-05 -1.5203128520e-04  5.2780475384e-05  1.9474668444e-04  2.8594213996e-05 -4.8088062958e-05 -8.4516694944e-05  8.3639327928e-05  2.5937279113e-05  1.6209090712e-04 -2.4552293761e-04 -1.2842588608e-04 -3.0900849202e-05  2.4409058288e-05  1.1049314086e-04 -4.4283587705e-05  2.1870404488e-04  4.6610756150e-05 -7.3672139729e-05 -1.5483092306e-05 -1.0689384305e-05  1.2524013516e-04 -9.2988615715e-05 -1.0529284050e-05  9.4715836885e-05  4.0777847572e-05 -2.5823970829e-05 -8.9805299707e-06  2.4026908798e-06 -5.2635429075e-07  9.1503019683e-06 -1.4423301713e-05 -1.2124663800e-07 -1.9641218867e-05  3.5562714980e-05 -5.1123909351e-06  9.6833436600e-06  1.1956731235e-05 -1.5596975834e-05  2.4936685033e-05 -1.0127343947e-05 -1.9668115836e-05 -1.1349324998e-05  4.7426052353e-06 -8.2389186051e-06  5.7693366966e-06 -1.4248415320e-05  4.9140454345e-05 -1.9337779896e-05 -7.9025675962e-06  1.6688669019e-05 -9.6499650247e-05  3.8372756989e-05 -5.6799488613e-05

JOB 8
COORDS  3.5199196869e+00 -8.4517559589e-01 -3.6139945303e-01  2.1842471621e+00 -1.1396063343e+00 -8.2750942392e-02  1.6248193038e+00  1.2214109389e+00 -4.0127336861e-01  3.9334254423e+00  4.5859950461e-01 -6.6999701115e-01  2.9630055093e+00  1.4855587985e+00 -6.9659555859e-01  1.2680480540e+00 -9.0385844647e-02 -1.0477058475e-01  5.3255465318e+00  8.3534002642e-01 -8.9048065082e-01  5.6327978531e+00  2.0574465261e+00 -1.3627657733e+00  4.4972871688e+00  2.9819974073e+00 -1.7407405476e+00  7.0352550077e+00  2.5363253317e+00 -1.5900904704e+00  3.3195879594e+00  2.7831369082e+00 -9.3337175374e-01  7.2823441799e+00  2.8765627054e+00 -2.9660115416e+00 -3.4402267738e-02 -3.5491049415e-01  1.6979073737e-01  4.2609368236e+00 -1.6403795313e+00 -3.3124432814e-01  1.8523455432e+00 -2.1449048154e+00  1.5412316638e-01  8.8600677150e-01  2.0157032981e+00 -4.0751212731e-01  6.1076640364e+00  1.2279953930e-01 -6.3382367266e-01  4.7730322176e+00  4.0288123535e+00 -1.5959488302e+00  4.2191636970e+00  2.8531076704e+00 -2.7976727548e+00  7.7499063660e+00  1.7764788179e+00 -1.2446672044e+00  7.2280877362e+00  3.4590433924e+00 -1.0324588346e+00  6.9074745158e+00  2.1684100693e+00 -3.5140560036e+00
ENERGY -6.368661707321e+02
GRADIENT -3.6998901655e-05  3.8518195606e-05 -3.8705803049e-06 -5.4477663584e-06 -4.5137872037e-06 -1.4380728262e-06 -1.4151239940e-05  3.7498885313e-05 -1.2737453099e-05  7.3310091355e-05  3.7553269836e-05  1.0727088227e-05 -4.2519420445e-05 -6.4460665318e-05 -4.2915531284e-06  2.7831212190e-06  3.2637775596e-06 -2.6462310509e-06  1.6212549953e-05 -2.6349417282e-05 -2.2926004670e-05  3.7916558981e-04 -1.1859953213e-03 -1.5097488869e-04  2.0220975692e-05 -3.7417808620e-05 -6.1696815600e-05 -9.2164401879e-04  1.9271291140e-03  2.8502905485e-04 -2.0206677554e-06 -2.3067267756e-05  2.1946739492e-05  2.3145236027e-03 -1.6964804812e-03 -1.1790499285e-05 -7.3598830864e-06  8.8274873484e-06 -1.9476284150e-06 -5.1302015677e-06  1.0815386565e-05 -8.3812721519e-07 -8.9616945861e-06  5.3419963316e-06 -1.3254809238e-06 -8.1282740835e-06  6.3460902617e-06 -9.5884216589e-07 -2.9378349313e-06  1.8501194388e-06 -8.0207483263e-06 -8.6744776333e-06  6.2722720172e-06  7.4520376457e-06  1.0780041982e-05  7.3590259741e-06 -2.0825107274e-06 -3.3138132495e-07  1.1336419755e-05 -2.2575832655e-05  2.9834951434e-06  2.8247535728e-06  1.1153625607e-05 -1.7856540221e-03  1.0001166263e-03 -6.8457956382e-05

JOB 9
COORDS  3.5103984274e+00 -8.3165815573e-01 -3.7021380086e-01  2.1729112542e+00 -1.1219219692e+00 -9.6677928514e-02  1.6230149637e+00  1.2419310206e+00 -4.1470717764e-01  3.9289593789e+00  4.7129427034e-01 -6.7602648035e-01  2.9628332834e+00  1.5021314897e+00 -7.0533203273e-01  1.2608424519e+00 -6.9061498534e-02 -1.2092684011e-01  5.3231340245e+00  8.4304837844e-01 -8.9016161530e-01  5.6371376548e+00  2.0633759174e+00 -1.3631066745e+00  4.5047249050e+00  2.9919103795e+00 -1.7445458382e+00  7.0429162153e+00  2.5331147195e+00 -1.5853300047e+00  3.3254206435e+00  2.7988544388e+00 -9.3932473040e-01  7.3266851114e+00  2.7988734098e+00 -2.9727602259e+00 -4.3297616689e-02 -3.2916362534e-01  1.4857631719e-01  4.2487406167e+00 -1.6292486635e+00 -3.3828271033e-01  1.8365609659e+00 -2.1262696516e+00  1.3795234807e-01  8.8680859637e-01  2.0385976859e+00 -4.2250879711e-01  6.1017678193e+00  1.2859440317e-01 -6.2879696742e-01  4.7842094254e+00  4.0378759384e+00 -1.6002681634e+00  4.2247365288e+00  2.8633337355e+00 -2.8016031535e+00  7.7469288510e+00  1.7851923364e+00 -1.1958653478e+00  7.2279178386e+00  3.4770204400e+00 -1.0607572362e+00  6.7754283916e+00  2.2063707878e+00 -3.5074563938e+00
ENERGY -6.368649285101e+02
GRADIENT  4.9561514232e-07  6.1013509897e-06 -1.7158035494e-05 -4.7889989949e-05 -1.4915597344e-04  3.9565516081e-05  3.6085115230e-05 -9.8382848036e-05  6.4754453772e-06 -1.6625333001e-04 -3.4006399193e-05  4.3549046876e-05  8.2794651524e-05  2.3806960234e-04 -1.1285053535e-04  8.4205649546e-05  5.0562295917e-05 -1.7559830182e-05  6.6432905013e-05 -3.7527625451e-05  8.4884941367e-06  5.1637750765e-04 -2.0392722313e-03 -1.4572839941e-04 -4.5827516455e-06  1.6843847587e-05 -5.4864129972e-05 -1.4201187255e-03  3.4568832069e-03  3.6330802295e-04  3.9056152396e-05  1.2492983258e-04 -2.6323949585e-05  3.0859553581e-03 -3.5185213846e-03 -4.4020006161e-05  5.7616594139e-05 -6.1207291794e-06 -1.6078130381e-05 -2.3760594125e-05 -2.1479618666e-05  6.3903206498e-06 -1.5381746081e-06 -1.5103197327e-05  2.0220139727e-06  3.2408887822e-05  1.4231561223e-05 -1.2645253590e-05  9.2335802686e-07 -2.1454823564e-05  2.2367268944e-05 -3.4616062729e-05  1.7897186947e-05  1.0056569209e-05  3.7419039954e-07 -1.8217280044e-09  2.1319087771e-05 -5.0293447600e-06 -7.0157564673e-05 -3.0220585394e-06  2.5665051483e-05 -6.6143305087e-05  1.2288490853e-05 -2.3600517662e-03  2.2111848428e-03 -1.0070562528e-04

JOB 10
COORDS  3.5268957374e+00 -8.4749493635e-01 -3.6931702576e-01  2.1910628031e+00 -1.1395115269e+00 -8.9998275412e-02  1.6353106877e+00  1.2239192220e+00 -4.0092651425e-01  3.9421883382e+00  4.5646761452e-01 -6.7548087769e-01  2.9734322277e+00  1.4848312701e+00 -6.9824191819e-01  1.2769199551e+00 -8.8215700354e-02 -1.0761445603e-01  5.3348152522e+00  8.3177146840e-01 -8.9278481978e-01  5.6452077840e+00  2.0518811875e+00 -1.3688028997e+00  4.5062990055e+00  2.9753040220e+00 -1.7467722076e+00  7.0495030984e+00  2.5268021724e+00 -1.5884484606e+00  3.3335341599e+00  2.7824445330e+00 -9.3308976061e-01  7.3707675082e+00  2.7137016996e+00 -2.9828275643e+00 -2.5221538922e-02 -3.5094211116e-01  1.6810377930e-01  4.2664524249e+00 -1.6440811932e+00 -3.4203664964e-01  1.8572722287e+00 -2.1447249799e+00  1.4454957127e-01  8.9808940115e-01  2.0197079826e+00 -4.0372873402e-01  6.1159320143e+00  1.2061064098e-01 -6.3050046227e-01  4.7836509584e+00  4.0227244579e+00 -1.6084208548e+00  4.2165724337e+00  2.8415775545e+00 -2.8012991625e+00  7.7538933972e+00  1.8068827618e+00 -1.1527945047e+00  7.2104228131e+00  3.4954985018e+00 -1.1002956906e+00  6.6920745843e+00  2.2701941802e+00 -3.5132916709e+00
ENERGY -6.368634102779e+02
GRADIENT -1.3095613175e-05  1.5181106734e-05  2.0469864002e-06 -2.4520198029e-05 -2.0498051984e-05  5.0973972618e-06 -1.4320320599e-04  1.7428907935e-04 -1.2477901901e-06  8.0203465242e-05  4.3201232496e-05 -7.7878176455e-05 -4.4845155896e-05 -1.4016595736e-04  5.7453773586e-05  1.1019457827e-04  2.0066707132e-05 -3.0162235529e-05  5.8824003328e-05 -4.8270090098e-06  6.6047447204e-06  6.5894335065e-04 -2.0837946522e-03 -1.5768589693e-04 -1.9881115131e-05  3.5492843229e-05  3.2380586668e-05 -1.2827780678e-03  3.4349986565e-03  2.3675010877e-04 -5.5656739313e-05 -6.0620333892e-05  1.0964973932e-05  2.3214872919e-03 -4.1005150574e-03 -5.5338605637e-05  4.8461381102e-05  3.2085872274e-05 -1.7511612572e-05 -3.7985958188e-06  8.2402144503e-06 -4.7279584101e-06  4.2875367501e-06 -4.9065676411e-06 -4.0255648236e-06 -2.6261874459e-05  2.1329577416e-05 -1.2856564198e-06  8.4491829680e-06  4.2609105726e-06  1.2104316573e-05  8.4181866871e-06 -4.9284103530e-06 -5.6243723925e-06 -2.7687692767e-05  2.3374004731e-06 -4.7825001188e-06  1.8801792919e-05 -9.5596684233e-06  5.2972309945e-05 -1.3652377663e-05 -1.4548192207e-05 -2.7280227657e-05 -1.6953130497e-03  2.7137707962e-03 -4.5725686995e-05

JOB 11
COORDS  3.5021040119e+00 -8.3074664835e-01 -3.6910072995e-01  2.1626991223e+00 -1.1131738532e+00 -9.7011204188e-02  1.6234708709e+00  1.2521200486e+00 -4.1960185852e-01  3.9272714842e+00  4.6958938905e-01 -6.7711726231e-01  2.9648966027e+00  1.5033954872e+00 -7.0951934154e-01  1.2548454107e+00 -5.6700283655e-02 -1.2386154992e-01  5.3234115302e+00  8.3518807324e-01 -8.8788396870e-01  5.6449846300e+00  2.0510797225e+00 -1.3666238335e+00  4.5133927026e+00  2.9809640357e+00 -1.7524335918e+00  7.0536957149e+00  2.5197268166e+00 -1.5738732962e+00  3.3346435531e+00  2.7984527670e+00 -9.4646269312e-01  7.4133315268e+00  2.6634984130e+00 -2.9648161202e+00 -5.0573768688e-02 -3.1037982097e-01  1.4466948278e-01  4.2364730291e+00 -1.6318229032e+00 -3.3467399836e-01  1.8213301988e+00 -2.1155058580e+00  1.3892939402e-01  8.9129007467e-01  2.0524760354e+00 -4.2976629033e-01  6.0982556821e+00  1.1962015922e-01 -6.1945807818e-01  4.7966013060e+00  4.0271126476e+00 -1.6143473249e+00  4.2274170008e+00  2.8467766550e+00 -2.8086349157e+00  7.7513136963e+00  1.8087881642e+00 -1.1169240724e+00  7.2025486805e+00  3.4960235723e+00 -1.0938589932e+00  6.6508213900e+00  2.4216882153e+00 -3.5103257979e+00
ENERGY -6.368621667856e+02
GRADIENT  6.3645146257e-05 -5.2285530853e-05 -9.8777363477e-06  2.1530184353e-05  1.1668344144e-04 -2.2000050527e-05 -5.9120414125e-05  1.1728044565e-04 -9.8766359748e-06  5.2897263031e-05  5.2861495699e-05 -3.6009705289e-05 -4.7584187413e-05 -9.6497979354e-05  3.4595384107e-05 -1.8314337609e-06 -1.2764633819e-05 -5.6607275995e-06  5.3608173898e-05 -4.8641288106e-06  7.0614227247e-05  4.0255482730e-04 -1.5361195270e-03 -7.7951677983e-05 -1.9497824402e-06  5.7423139482e-05  1.5846265442e-05 -7.7205832719e-04  2.4238003819e-03  1.2458076548e-05 -4.8849880391e-05 -4.0019469528e-05 -1.5416910675e-05  9.7691307378e-04 -2.9728635437e-03 -1.3780890517e-05 -1.2847631890e-05  2.1840013325e-05 -5.8298773807e-06  8.7518200673e-06  2.3617028350e-06 -2.1350534500e-06  6.7197385018e-06  1.3149308560e-05 -5.2077913158e-06 -2.3003224840e-05  4.7198987482e-06  4.5250076619e-07  2.2133249107e-05 -1.1387687485e-05 -5.7922824596e-06  1.1156669113e-06  3.0851929844e-06 -1.3125868748e-05 -6.7394096255e-06  1.0870706414e-05  2.2076249584e-06  2.3455824927e-06 -3.1016249012e-05  1.0553127760e-05  7.3398462329e-06 -1.7210923154e-05  9.6139435230e-06 -6.7616264622e-04  2.0058105534e-03  3.3710605966e-05

JOB 12
COORDS  3.5033777145e+00 -8.3906127846e-01 -3.5526516974e-01  2.1637490995e+00 -1.1197325364e+00 -8.2173811373e-02  1.6259164465e+00  1.2440686999e+00 -4.1794621714e-01  3.9292974330e+00  4.5941909924e-01 -6.6997645792e-01  2.9674471406e+00  1.4931140226e+00 -7.0863781732e-01  1.2565041689e+00 -6.2995939466e-02 -1.1514515804e-01  5.3255593273e+00  8.2327286990e-01 -8.8328902427e-01  5.6489761434e+00  2.0359016243e+00 -1.3683444578e+00  4.5174305506e+00  2.9639535934e+00 -1.7580773862e+00  7.0588937623e+00  2.5038011290e+00 -1.5758653989e+00  3.3382515453e+00  2.7871586852e+00 -9.5249408852e-01  7.4394074431e+00  2.6119725491e+00 -2.9640381400e+00 -4.9230722754e-02 -3.1446746987e-01  1.5418706980e-01  4.2374251825e+00 -1.6402150578e+00 -3.1654904052e-01  1.8219001277e+00 -2.1206943538e+00  1.5889323136e-01  8.9405888749e-01  2.0446384742e+00 -4.3284883632e-01  6.0995517107e+00  1.0795980223e-01 -6.1210479864e-01  4.8004518731e+00  4.0111232788e+00 -1.6246892692e+00  4.2312806650e+00  2.8235274170e+00 -2.8139904621e+00  7.7583307315e+00  1.8036406266e+00 -1.1090672333e+00  7.1976291230e+00  3.4867700182e+00 -1.1030433310e+00  6.6424568003e+00  2.5881423805e+00 -3.5134053328e+00
ENERGY -6.368615667580e+02
GRADIENT  8.4586516276e-06 -9.4129598783e-06 -9.0735833704e-06 -9.8942006758e-06  4.6333880887e-06  1.0895092507e-06 -1.8941379865e-05  4.0940700499e-05 -7.7872442464e-06 -1.0788694657e-05 -5.6705309553e-06  2.1614895016e-05 -1.2066171764e-05 -3.4457999669e-05 -6.5032208931e-06  2.8991949534e-05  3.4888811044e-06 -7.3438057238e-06 -5.2077347866e-05  5.0285600812e-05  1.5708462940e-05  1.5930640032e-04 -3.5203383283e-04 -1.2871539989e-05 -1.9057536767e-05 -3.0908555615e-05  3.1540150420e-05 -1.3590928904e-04  5.5008833756e-04 -2.0822534064e-05 -1.5813464962e-05  2.7701307909e-05 -2.0120651042e-05  8.4432180682e-05 -7.6405675547e-04 -2.3069430575e-05  7.9529942686e-06  9.3250040241e-06 -7.2775391005e-06 -3.1406950414e-06 -6.3886598419e-07 -1.0381500748e-06 -9.6329274881e-08  1.4790988648e-06 -2.7163935997e-06 -3.2386802698e-06  7.2784087506e-06 -3.3568938243e-06 -1.1058255527e-06  4.3741148767e-06 -1.2012395069e-05 -9.9164360331e-07 -1.8223632871e-07 -2.0192355326e-06 -7.2519946699e-06  3.8411974354e-06 -1.4132552270e-06  2.0310653432e-05  5.2549871499e-06 -9.9262193984e-06 -1.6244641407e-05  5.5476938597e-06  1.4942996784e-05 -3.4736722169e-05  5.3653003946e-04  2.3800528555e-05

JOB 13
COORDS  3.4434070799e+00 -8.4564012334e-01 -3.8764120287e-01  2.1020866649e+00 -1.0925989805e+00 -9.0909703418e-02  1.6274905629e+00  1.2927020877e+00 -3.6061736117e-01  3.9014155203e+00  4.4653266561e-01 -6.8226158243e-01  2.9693884370e+00  1.5077102800e+00 -6.7567809667e-01  1.2259085782e+00 -9.6053457320e-03 -7.9140415347e-02  5.3029636176e+00  7.7442254074e-01 -9.1936481956e-01  5.6509591601e+00  1.9878856697e+00 -1.3841599708e+00  4.5390241737e+00  2.9559768270e+00 -1.7268752423e+00  7.0703518308e+00  2.4201832729e+00 -1.6115275100e+00  3.3730904635e+00  2.7958984561e+00 -8.9931813427e-01  7.4280057055e+00  2.5534559712e+00 -3.0023533066e+00 -8.0634562482e-02 -2.2898629166e-01  2.1394779571e-01  4.1535569200e+00 -1.6689453313e+00 -3.8404342899e-01  1.7357906365e+00 -2.0884911235e+00  1.3476664432e-01  9.1992049245e-01  2.1147481295e+00 -3.4117807054e-01  6.0610020393e+00  3.0442891339e-02 -6.8255628640e-01  4.8543661933e+00  3.9919907944e+00 -1.5759558035e+00  4.2268389279e+00  2.8460664413e+00 -2.7791892796e+00  7.7609888987e+00  1.6837678013e+00 -1.1932317979e+00  7.2490941369e+00  3.3799391886e+00 -1.1031593055e+00  6.6415231998e+00  2.8036033155e+00 -3.5098234237e+00
ENERGY -6.368616464917e+02
GRADIENT -1.0102822423e-05 -2.8426014502e-05  6.9451115500e-06  6.3768688860e-05  1.4320739533e-04 -4.1223600104e-05 -1.3777248841e-04  2.1408186344e-04 -1.0828974519e-05  2.0215123754e-04  6.6919104939e-05 -8.6648489942e-05 -1.0293699717e-04 -2.2705687574e-04  8.9087096967e-05 -1.1030935767e-05  4.0906999206e-06 -3.1276383697e-06  1.4965337973e-04 -1.0774672665e-04 -6.7989606575e-06 -3.2123357743e-04  7.8270175964e-04 -4.9365097007e-05  5.0574770654e-05 -9.3077728217e-05 -6.4715920038e-05  2.5102659690e-04 -1.0654577307e-03  2.3789834913e-04 -7.6361027439e-05 -1.8163918158e-04  5.3565293444e-05  1.8199081421e-04  1.1469853958e-03 -6.7660176505e-06 -1.4221803406e-05  3.5441464313e-05 -4.0913973305e-06  1.7010567234e-05  2.0009077454e-05 -1.4561876622e-05 -2.1003792505e-07  1.7595089176e-05 -8.8178072810e-06 -4.7216128474e-05  7.5256746381e-06  9.6925906934e-06  5.8023206068e-06  1.2585123081e-05  2.3819550398e-05 -6.8118750975e-06  9.7867167357e-06  2.0109604204e-05 -5.4237698675e-06  1.1746433282e-05  2.1755588269e-05 -1.8497657503e-06  3.1012895388e-05 -4.4416638729e-05 -3.9508430923e-05  7.0093241000e-06 -4.1101488605e-05 -1.7415360380e-04 -7.5237178847e-04 -1.0351818525e-04

JOB 14
COORDS  3.4194970056e+00 -8.3597641997e-01 -3.6764163021e-01  2.0750476199e+00 -1.0722711593e+00 -7.5622568362e-02  1.6161089393e+00  1.3105193185e+00 -3.8231071299e-01  3.8865944420e+00  4.4932789494e-01 -6.7735950367e-01  2.9608182144e+00  1.5156327476e+00 -6.9178752516e-01  1.2043301743e+00  1.4932062581e-02 -8.4697620530e-02  5.2914605637e+00  7.6559075654e-01 -9.1219770448e-01  5.6490164772e+00  1.9708918912e+00 -1.3894327010e+00  4.5459343840e+00  2.9409440514e+00 -1.7508707893e+00  7.0722206564e+00  2.3963009011e+00 -1.6115121163e+00  3.3723248608e+00  2.7989773613e+00 -9.3118006665e-01  7.4223564659e+00  2.5761758894e+00 -2.9967640650e+00 -1.0556063013e-01 -1.9297435216e-01  2.0304532074e-01  4.1251339396e+00 -1.6629478984e+00 -3.4838719698e-01  1.7023970860e+00 -2.0631068309e+00  1.6161389436e-01  9.1279970153e-01  2.1363880450e+00 -3.7940398606e-01  6.0433083555e+00  1.8815835462e-02 -6.6451375316e-01  4.8650746455e+00  3.9777756502e+00 -1.6090151629e+00  4.2444437312e+00  2.8181053107e+00 -2.8045989250e+00  7.7578068304e+00  1.6339538778e+00 -1.2356052970e+00  7.2681091440e+00  3.3294622646e+00 -1.0599511726e+00  6.7168344904e+00  3.0722853859e+00 -3.4396262478e+00
ENERGY -6.368621800373e+02
GRADIENT -1.1285684666e-05 -3.6326224203e-06 -1.4886953860e-06  1.0976247615e-04  1.6219417198e-04 -5.0990576485e-05  2.6351584287e-04 -3.0396559481e-04  5.6065633361e-06  2.1795981421e-06 -1.9122073498e-05  6.4523566332e-06  6.1482791833e-05  2.2323450841e-04 -5.6480580204e-05 -3.3922223798e-04 -2.2195446470e-05  7.1200011444e-05  1.9299198557e-05 -3.5681025772e-05 -3.4287858200e-05 -3.0992058893e-04  9.6409596574e-04  4.3433852671e-05  6.7246771785e-05  1.5626973445e-05  2.7538471712e-05  1.7210010771e-04 -1.6520924276e-03 -5.4827565415e-05  6.2055938846e-05  2.2056841792e-05 -1.9355229004e-05  7.5925148922e-04  1.8307428719e-03  3.6490581764e-04 -1.7223350743e-04 -4.1143678055e-05  3.3170248032e-05  6.9470011787e-06  9.2102902113e-06 -6.6532943707e-06 -2.8937366835e-05  4.2698612923e-05 -7.3444663309e-06  2.2591941726e-05 -4.2833278704e-05 -1.0825812213e-06 -4.8624924463e-06  3.2923124161e-06  1.5483792345e-05 -4.1635778611e-06  1.6352730349e-05 -1.1316636028e-05 -2.0207360566e-05 -1.8798599275e-06  4.5208453118e-06  7.2548842200e-06  5.0740825941e-05 -4.4976560867e-05 -2.2733266823e-05  5.2670305044e-05  2.0781441552e-05 -6.5785851764e-04 -1.2184259348e-03 -3.0867670249e-04

JOB 15
COORDS  3.4331792527e+00 -8.5599532876e-01 -3.2794769831e-01  2.0903375702e+00 -1.0942863619e+00 -2.9521715892e-02  1.6166798895e+00  1.2799523616e+00 -3.8470413294e-01  3.8914301408e+00  4.2581334872e-01 -6.6368630555e-01  2.9600704820e+00  1.4866171948e+00 -6.9851011568e-01  1.2140486951e+00 -1.2197836773e-02 -6.0515866787e-02  5.2938915976e+00  7.4396210719e-01 -9.1121459945e-01  5.6446773634e+00  1.9426342045e+00 -1.4082873940e+00  4.5391636966e+00  2.9037917408e+00 -1.7813016524e+00  7.0647900271e+00  2.3709411887e+00 -1.6475827468e+00  3.3633489817e+00  2.7677298617e+00 -9.6361963277e-01  7.3657736648e+00  2.6370938354e+00 -3.0289655809e+00 -9.4573952512e-02 -2.2191261337e-01  2.3246772069e-01  4.1438126970e+00 -1.6782146020e+00 -2.9342629166e-01  1.7236239312e+00 -2.0822437974e+00  2.2817731233e-01  9.0818404510e-01  2.1013089440e+00 -3.9833171600e-01  6.0492435994e+00  1.6584830522e-03 -6.6039914798e-01  4.8526322972e+00  3.9442509696e+00 -1.6483979810e+00  4.2466827690e+00  2.7676488129e+00 -2.8351073444e+00  7.7522773858e+00  1.5768294906e+00 -1.3493283553e+00  7.2932179523e+00  3.2607132663e+00 -1.0397328752e+00  6.7877210410e+00  3.3489249661e+00 -3.3447336567e+00
ENERGY -6.368628161934e+02
GRADIENT  1.6331552616e-04 -1.6330646825e-04 -1.2993957039e-06 -4.4628539438e-05  9.6532562255e-06  4.6126010532e-06  8.9412259852e-06 -7.7778625788e-05  6.2215006128e-06 -3.4220041451e-04 -1.1295280365e-04  1.2692531578e-04  1.0855183165e-04  1.7925613236e-04 -7.7146152348e-05  5.6461104084e-05  5.8989500600e-06 -1.5657424191e-05 -2.4209566410e-04  9.6675247846e-05 -1.3995811731e-05 -9.0327716274e-06  7.3818479029e-04  1.7105578653e-04 -4.4954811800e-05  2.2766625083e-05 -1.7522279031e-05  9.7312442423e-05 -1.3312830355e-03 -2.7815450382e-04  4.5414097718e-05  1.4630878832e-04 -3.3441926796e-05  9.5776655403e-04  1.4587111130e-03  4.9300517444e-04  4.4618802920e-05  1.3530983575e-05 -1.6590101709e-05 -5.8622612066e-06 -3.3136493426e-05  1.3488534701e-05  1.4415339061e-05 -4.1192679782e-06 -2.9691227381e-06  3.0409335846e-05  2.1605364838e-05 -1.7857436618e-05 -2.5911631514e-05  8.6359338959e-06 -1.4952700133e-05  1.5436812479e-05 -3.8840537085e-06  1.5131379356e-06  3.0360109820e-05 -8.3637871656e-06 -3.5093499336e-06 -9.5837909661e-06 -7.1707265520e-06  1.2248343295e-05  2.0930665892e-05  1.5544628224e-06 -7.7339922098e-06 -8.8113850065e-04 -8.8374886904e-04 -3.5388677931e-04

JOB 16
COORDS  3.4049075269e+00 -8.3816559347e-01 -3.1286147059e-01  2.0583211499e+00 -1.0658036638e+00 -2.2547379995e-02  1.6014554143e+00  1.3061946353e+00 -4.0909505447e-01  3.8740414692e+00  4.3671139449e-01 -6.5933016811e-01  2.9486797725e+00  1.5020987230e+00 -7.1386021222e-01  1.1882702926e+00  2.0435376379e-02 -7.3150967807e-02  5.2803909958e+00  7.4315233408e-01 -9.0042080155e-01  5.6403775516e+00  1.9354921724e+00 -1.4054381568e+00  4.5462834768e+00  2.9010383005e+00 -1.7964375804e+00  7.0641796108e+00  2.3515522916e+00 -1.6443138723e+00  3.3602062259e+00  2.7777722917e+00 -9.9054246517e-01  7.3410989880e+00  2.6632132448e+00 -3.0215436829e+00 -1.2413203345e-01 -1.7843403931e-01  2.1158757633e-01  4.1102998382e+00 -1.6641540886e+00 -2.6357759201e-01  1.6841259747e+00 -2.0487845919e+00  2.4328933213e-01  8.9782206622e-01  2.1313161110e+00 -4.3837512698e-01  6.0293945406e+00 -2.7602242744e-03 -6.4089021765e-01  4.8637617468e+00  3.9407604705e+00 -1.6662377760e+00  4.2688570157e+00  2.7603310464e+00 -2.8528149244e+00  7.7404780829e+00  1.5339369218e+00 -1.3851299681e+00  7.3187426515e+00  3.2122543270e+00 -1.0068756191e+00  6.9533107797e+00  3.5269159995e+00 -3.2302250403e+00
ENERGY -6.368632383929e+02
GRADIENT  5.2964919201e-05 -4.2606022668e-05 -2.3238783579e-06  1.0621508672e-05  3.7644700132e-05 -1.0305409440e-05  7.3446248608e-05 -1.0121597811e-04  6.6851000202e-06 -9.4284310084e-05  9.7009872314e-06  5.7537628556e-06  4.7876684019e-05  1.4130259889e-04 -5.2463414851e-05 -6.7408814800e-05  1.4686224651e-06  1.0603348281e-05  3.7109676725e-05 -4.3498455664e-05  3.0622451928e-05 -1.4507649785e-04  2.7735648313e-04  1.1428719076e-04 -3.8061762777e-07  8.6804835676e-05 -4.4538806695e-05 -2.3247733358e-05 -5.0650641450e-04 -9.7073093139e-05  4.4648121825e-05  6.3496973631e-05 -2.2386714082e-05  5.3100228373e-04  4.5518657278e-04  1.9059553823e-04 -2.4766390354e-05 -3.0001393887e-06  1.2145658194e-06 -3.6890004116e-06 -6.8430999756e-06  1.6666367715e-06 -3.2322153517e-06  1.2256280460e-05 -3.5256361672e-06  1.6032584132e-05 -9.6838992081e-07 -5.5569449699e-06  2.5424476987e-06 -1.7532751071e-05  2.3027555929e-06 -1.0587541442e-05  1.1300238591e-05 -4.5686948037e-06  4.4439608487e-06 -1.4914949082e-06 -4.4891421125e-07 -1.4062305357e-07 -1.9468645560e-05 -7.4123253587e-06  4.1729691268e-06 -2.0130288181e-05 -7.5070973283e-07 -4.7046401214e-04 -2.4218606825e-04 -1.5647169703e-04

JOB 17
COORDS  3.3867975607e+00 -8.2465426530e-01 -3.0346483227e-01  2.0383971490e+00 -1.0447994804e+00 -1.5270645901e-02  1.5913172191e+00  1.3248642751e+00 -4.2486795285e-01  3.8623812339e+00  4.4497914481e-01 -6.5983280159e-01  2.9405204294e+00  1.5128621515e+00 -7.2663008403e-01  1.1722690702e+00  4.3829439574e-02 -7.8525622800e-02  5.2704829873e+00  7.4374908699e-01 -9.0067280622e-01  5.6354030338e+00  1.9313423982e+00 -1.4130320479e+00  4.5481109313e+00  2.8993438070e+00 -1.8144878344e+00  7.0599955194e+00  2.3407003266e+00 -1.6542690093e+00  3.3567520654e+00  2.7841685705e+00 -1.0135653266e+00  7.3068633105e+00  2.6898810986e+00 -3.0294909319e+00 -1.4196610799e-01 -1.4777229095e-01  2.0381787153e-01  4.0887875602e+00 -1.6529356738e+00 -2.4479208897e-01  1.6598709141e+00 -2.0240382221e+00  2.5813258293e-01  8.9088872567e-01  2.1523129177e+00 -4.6426624414e-01  6.0160304823e+00 -4.2633145005e-03 -6.3695532098e-01  4.8687867005e+00  3.9381829816e+00 -1.6878175294e+00  4.2786620623e+00  2.7553626247e+00 -2.8716425499e+00  7.7303477883e+00  1.5091365390e+00 -1.4220015186e+00  7.3311101424e+00  3.1808420152e+00 -9.9781064247e-01  7.1407869723e+00  3.6369554674e+00 -3.1458187635e+00
ENERGY -6.368633363772e+02
GRADIENT -4.3348131828e-05  6.6098979770e-05 -8.3733348013e-06  3.1002243879e-05  1.0025347355e-04 -2.9695554298e-05  1.4687511695e-05  6.7339334732e-05 -2.1246085726e-05  2.0981545372e-04  9.6950816302e-05 -5.4991194004e-05 -8.0219379220e-05 -1.6195594193e-04  6.1003257694e-05 -8.7622559611e-05 -3.0533742923e-05  1.9219055002e-05  6.2168313145e-05 -2.6676059279e-05  6.5678322009e-05  9.7171133647e-06 -1.1844259315e-04 -5.1202219257e-05  2.6278843463e-05  3.8884613266e-05 -6.1868406315e-05 -4.1737232745e-06  9.3293395357e-05 -2.3954500723e-05 -2.4215889926e-05 -7.9253669445e-05  3.5384587327e-06 -6.7357403438e-05  3.6204293612e-05 -2.8200340913e-06 -6.7928867078e-05  1.2412671141e-05  6.7698922457e-06  7.5723057543e-06  2.9854048148e-05 -7.4558540006e-06 -1.3964661371e-05  2.3766534409e-05 -5.1725978100e-06 -2.6699520626e-05 -4.3847296844e-06  5.8590671085e-06  1.2875716216e-05 -1.1710019644e-05 -1.3786302506e-05 -8.0372497937e-06  3.2220534920e-06  5.1454000671e-06  4.6232057904e-06  1.0732954138e-05  1.5825294842e-05 -2.8231229956e-05  6.0381135024e-06 -2.2262843602e-05  1.9274408099e-05  4.7718724046e-06  2.5106786738e-05  3.4640548822e-05 -5.9204707871e-05  5.9033077265e-05

JOB 18
COORDS  3.3630634748e+00 -7.9261476228e-01 -3.1532558329e-01  2.0137666108e+00 -1.0058377072e+00 -2.6179169372e-02  1.5771270415e+00  1.3659433013e+00 -4.3915268908e-01  3.8434721734e+00  4.7464948536e-01 -6.7367245763e-01  2.9271186197e+00  1.5474425561e+00 -7.4191313384e-01  1.1531673204e+00  8.7143698879e-02 -9.0766434037e-02  5.2526782821e+00  7.6716453952e-01 -9.1535391720e-01  5.6235165753e+00  1.9526516998e+00 -1.4284926260e+00  4.5412097224e+00  2.9238731507e+00 -1.8342515052e+00  7.0483227585e+00  2.3553713144e+00 -1.6708112464e+00  3.3494413687e+00  2.8156713928e+00 -1.0310944946e+00  7.2682258011e+00  2.7153864669e+00 -3.0496000812e+00 -1.6185908323e-01 -9.8121269365e-02  1.9264412984e-01  4.0613861613e+00 -1.6239750337e+00 -2.5589837647e-01  1.6305431945e+00 -1.9828086768e+00  2.4881934291e-01  8.8033720088e-01  2.1964219480e+00 -4.7955016709e-01  5.9948368430e+00  1.6008472100e-02 -6.5113493091e-01  4.8668027100e+00  3.9612027156e+00 -1.7129467216e+00  4.2719098114e+00  2.7766577391e+00 -2.8904240630e+00  7.7171835896e+00  1.5210237066e+00 -1.4384657973e+00  7.3215754841e+00  3.1939367064e+00 -1.0143219650e+00  7.3380818218e+00  3.6783689441e+00 -3.1152057629e+00
ENERGY -6.368633102923e+02
GRADIENT  7.9940896673e-05 -1.0474078030e-04  1.1440815183e-05 -1.7436012580e-05  7.0297543385e-05 -1.7029457132e-05 -1.2432335319e-04  1.6018406583e-04 -1.9862015049e-05 -8.1927986617e-05 -9.2830437573e-05  7.5998821959e-05 -2.8189622798e-05 -1.2701517539e-04  4.1471782114e-05  9.8172741557e-05 -6.9158996760e-07 -2.3499504691e-05 -2.7336901435e-04  1.7105100823e-04 -1.0683400431e-04  3.2541300866e-04  8.4200938887e-05 -3.2433638905e-05 -4.5123326456e-05 -1.3944065174e-04  5.1801594930e-05  7.2568380033e-05 -4.3087384202e-05 -1.3020267601e-06 -8.8218878815e-05 -2.8910037914e-05  3.6329368463e-05  2.0287591831e-05  2.6572972751e-06  9.5534165150e-06  3.5855660275e-05  3.8966245056e-05 -1.5248240183e-05  6.8421398725e-06 -5.7735931934e-06  3.2157579705e-07  1.2455976022e-05  1.7112270035e-06 -5.4964936511e-06 -1.4788655608e-05  2.8454697353e-05 -5.8500720973e-06 -2.4506286440e-05  4.6118668479e-05 -2.5543326221e-05  3.4416459514e-05 -2.9082676586e-05  1.0180228528e-05  2.1628082860e-05  5.9052395614e-06 -1.2627608919e-05  1.0463580400e-06  4.9038302655e-06  2.6959689782e-05  1.5532446966e-05  3.5943860929e-05 -4.9104384464e-05 -3.2950838896e-05  4.9011105857e-07  1.4968824586e-05

JOB 19
COORDS  3.3529243271e+00 -7.7977831470e-01 -3.2074373664e-01  2.0044643565e+00 -9.9223384186e-01 -2.7298394602e-02  1.5713027766e+00  1.3803952733e+00 -4.4042244400e-01  3.8345921706e+00  4.8648374049e-01 -6.8111770285e-01  2.9204168628e+00  1.5616264364e+00 -7.4779477745e-01  1.1460641776e+00  1.0257356885e-01 -9.0077789548e-02  5.2439010825e+00  7.7576249629e-01 -9.2577012614e-01  5.6125074447e+00  1.9611476418e+00 -1.4409371227e+00  4.5321136301e+00  2.9337180760e+00 -1.8482239053e+00  7.0353043481e+00  2.3663107365e+00 -1.6805531992e+00  3.3433728198e+00  2.8287308938e+00 -1.0390455695e+00  7.2248631803e+00  2.7523101519e+00 -3.0573290500e+00 -1.6855554829e-01 -8.0185693384e-02  1.9724096873e-01  4.0503962821e+00 -1.6119758288e+00 -2.6291479782e-01  1.6207246698e+00 -1.9685731223e+00  2.4928098634e-01  8.7534520965e-01  2.2116200384e+00 -4.7918928955e-01  5.9860601778e+00  2.4411707608e-02 -6.6194575772e-01  4.8603417182e+00  3.9703386761e+00 -1.7335242931e+00  4.2589956330e+00  2.7823580126e+00 -2.9023602958e+00  7.7081390392e+00  1.5319021569e+00 -1.4537278759e+00  7.3015896489e+00  3.2005564990e+00 -1.0157162141e+00  7.5252414501e+00  3.6714178179e+00 -3.0873438054e+00
ENERGY -6.368634509584e+02
GRADIENT -7.6453599163e-05  1.0792606008e-04 -1.3116808079e-05 -9.7974625657e-05 -2.7788056818e-04  7.6015460637e-05  3.8133829034e-05 -1.4085973805e-04  2.3202079578e-05 -1.5105678039e-04  2.3707821094e-05  2.4587198682e-05  1.0777504820e-04  2.5858650140e-04 -1.0560590025e-04  1.2552205258e-04  6.4103124307e-05 -3.5677331964e-05  1.5709311986e-04 -1.3805650937e-04  3.7040501454e-05 -3.3107214115e-04  3.2699799254e-04  1.5797726603e-04  3.2274954393e-05  1.3259950979e-04 -2.5838571203e-05 -6.9171930298e-05 -4.6470731963e-04 -1.4126448481e-04  1.3382473962e-04  1.4356949681e-04 -6.6487055547e-05  7.0745641405e-04 -1.2586656289e-04  7.6347252241e-05  9.1102134852e-05 -1.8523863497e-05 -1.8361222934e-05 -3.9408599939e-05 -1.2497441925e-05  8.5792574182e-06 -1.2127161780e-05 -2.5459997840e-05  5.8108191974e-06  4.3541544637e-05  1.7272136624e-05 -1.5542930568e-05  2.5026083266e-06 -3.4557512830e-05  1.5794116969e-05 -2.7223180066e-05  3.4306559937e-05 -1.7110468853e-06  3.2642991500e-06  2.1614102885e-06 -2.9418733789e-06 -5.7580436002e-05 -1.5747439042e-05  1.0544888439e-05  1.7469041109e-05  1.3747409103e-05 -2.7591463230e-06 -6.0850558300e-04  2.0670863289e-04 -2.4461962777e-05

JOB 20
COORDS  3.3473645977e+00 -7.7401000494e-01 -3.2705269067e-01  1.9995961186e+00 -9.8572584849e-01 -2.9823764832e-02  1.5656566802e+00  1.3874320415e+00 -4.3664065940e-01  3.8283669059e+00  4.9270300960e-01 -6.8656653787e-01  2.9140096459e+00  1.5681938246e+00 -7.4818560641e-01  1.1409324254e+00  1.0920624161e-01 -8.7437429156e-02  5.2370396889e+00  7.8256975513e-01 -9.3402404377e-01  5.6041808446e+00  1.9686430265e+00 -1.4485983515e+00  4.5222505064e+00  2.9404813073e+00 -1.8537890693e+00  7.0248751003e+00  2.3789690102e+00 -1.6834340758e+00  3.3366838532e+00  2.8350741967e+00 -1.0387245867e+00  7.1880342444e+00  2.7839651179e+00 -3.0571797851e+00 -1.7285831293e-01 -7.3875141240e-02  2.0386341250e-01  4.0445385309e+00 -1.6067166455e+00 -2.7284071368e-01  1.6162674596e+00 -1.9623956634e+00  2.4609435124e-01  8.7011004571e-01  2.2191760139e+00 -4.7167477506e-01  5.9799159407e+00  3.1532704911e-02 -6.7157857303e-01  4.8514133645e+00  3.9766451535e+00 -1.7432530429e+00  4.2446222967e+00  2.7870075258e+00 -2.9061865101e+00  7.7038836571e+00  1.5478722160e+00 -1.4564669278e+00  7.2790862223e+00  3.2140658428e+00 -1.0139691945e+00  7.7002969218e+00  3.6047586401e+00 -3.0813109601e+00
ENERGY -6.368638742242e+02
GRADIENT  5.9622014171e-06 -9.9528819005e-07 -2.7589874208e-06 -7.4648665370e-06 -1.2461625035e-05  2.7013394565e-06  2.4947452109e-05 -4.0310782802e-05  5.4904048212e-07 -4.8744126037e-05 -1.8754259404e-06  1.6559530548e-05  2.6739480397e-05  7.7356914059e-05 -3.1403220283e-05 -7.0481335808e-06  1.3656470894e-05 -3.3042380345e-06  9.3432773061e-06 -1.1263186323e-05  5.4409510391e-07 -1.9555545981e-04  7.1389520374e-04  2.0116242088e-04  2.6119514191e-06  1.8348635593e-05 -3.3830418812e-06  4.3047949894e-05 -8.4949697081e-04 -2.3762735885e-04  1.5068802491e-05  2.8520015250e-05 -1.9075489079e-05  1.1024155366e-03 -4.8623270369e-04 -7.5305589482e-06  8.9155191200e-07  2.8505335218e-06 -5.7696563602e-06 -7.9130992285e-06 -1.2111283265e-06  2.4249726456e-06 -5.3620455849e-06  5.5687023393e-06 -2.0294457547e-06  9.9422605734e-06  5.7863784263e-06 -7.3371128507e-06 -1.6220133973e-06 -3.0859602948e-06  1.1927007482e-06 -2.4065254480e-06  6.4879775100e-06  1.7214920852e-06  6.5502344917e-06  7.0915820633e-06 -3.0074055085e-06 -7.4210664912e-06 -1.2913700628e-05  2.5533502729e-05  3.1782378939e-06  1.0377582734e-05 -2.0446566649e-05 -9.7355356767e-04  6.1488098619e-04  7.2473751189e-05

JOB 21
COORDS  3.3288587806e+00 -7.4760269678e-01 -3.4094094103e-01  1.9798670559e+00 -9.5479840035e-01 -4.5890647490e-02  1.5564273042e+00  1.4206622246e+00 -4.4583668672e-01  3.8156883594e+00  5.1805482661e-01 -6.9620965097e-01  2.9057868809e+00  1.5974673407e+00 -7.5579277979e-01  1.1252854129e+00  1.4346246179e-01 -1.0088615040e-01  5.2260145030e+00  8.0332879204e-01 -9.3968649697e-01  5.5985782996e+00  1.9889462251e+00 -1.4510921669e+00  4.5209996431e+00  2.9659863793e+00 -1.8562294960e+00  7.0203933733e+00  2.3988769718e+00 -1.6738602055e+00  3.3337957639e+00  2.8631015591e+00 -1.0424500615e+00  7.1742693081e+00  2.8146125890e+00 -3.0435746920e+00 -1.8963442507e-01 -3.5096971303e-02  1.8849179963e-01  4.0225729228e+00 -1.5832910275e+00 -2.8817963400e-01  1.5924254427e+00 -1.9307747817e+00  2.2666497209e-01  8.6443447951e-01  2.2554120070e+00 -4.7914394437e-01  5.9654141784e+00  4.9496538944e-02 -6.7566394118e-01  4.8549780013e+00  4.0000365444e+00 -1.7444367325e+00  4.2435380818e+00  2.8150516313e+00 -2.9089896506e+00  7.6980073846e+00  1.5664887158e+00 -1.4426549212e+00  7.2661861994e+00  3.2341019498e+00 -9.9986477529e-01  7.8710679384e+00  3.4863479307e+00 -3.0849080407e+00
ENERGY -6.368643891543e+02
GRADIENT -1.5517775887e-05  2.5026648739e-05 -2.5782541030e-06  6.0328271149e-05  1.1596325476e-04 -3.6690069681e-05  2.2340514472e-04 -2.5197993763e-04  1.0178485703e-05 -6.1438486930e-06 -3.7653998374e-05  9.7635568206e-06  5.5909298545e-05  1.5373059495e-04 -3.0301830887e-05 -2.6641835577e-04 -3.1314433945e-05  5.7565690343e-05 -1.0325181922e-04  1.1041433571e-04  6.5944380332e-06 -7.0412434216e-06  4.8968361901e-04  1.1628172088e-04 -1.7299398340e-05  7.0736485113e-06  5.5574153089e-05  3.0077199576e-05 -5.7204305508e-04 -2.2599687192e-04  2.0084794067e-05  2.8832438072e-05 -3.9432437319e-05  8.0724113396e-04 -6.5943018811e-04 -8.1585392825e-05 -1.4251342319e-04 -2.6210411687e-05  2.6844719318e-05  2.3308619637e-06  1.3742857863e-05 -1.9044993897e-06 -2.5179582188e-05  3.5807139193e-05 -4.8501483695e-06  2.1052913332e-05 -3.1719628322e-05 -2.2306838880e-06 -1.0304242071e-05  1.2160673727e-05 -6.4691112355e-06  2.3570483951e-05 -4.2829628296e-06 -8.3457390155e-06 -9.3527486961e-07  7.3219916023e-06 -6.2018456056e-06  1.8146652318e-06 -1.1711253879e-05  1.1289087941e-05  1.0814597357e-05 -3.7405140820e-06  7.2708629990e-06 -6.7745394712e-04  7.1178292654e-04  1.2675886974e-04

JOB 22
COORDS  3.3400464291e+00 -7.5312682311e-01 -3.4527567326e-01  1.9932854077e+00 -9.7142632176e-01 -4.8160393478e-02  1.5535512325e+00  1.4040907081e+00 -4.3591494077e-01  3.8178261869e+00  5.1735985316e-01 -6.9552665280e-01  2.9009988927e+00  1.5912830978e+00 -7.4813120702e-01  1.1323161485e+00  1.2217540149e-01 -9.6259386549e-02  5.2257666524e+00  8.1267942900e-01 -9.4116074175e-01  5.5892425219e+00  2.0027737312e+00 -1.4483929356e+00  4.5048448007e+00  2.9756225813e+00 -1.8456376956e+00  7.0078467348e+00  2.4214825295e+00 -1.6729835391e+00  3.3202486263e+00  2.8608305325e+00 -1.0293939049e+00  7.1434052131e+00  2.8446319059e+00 -3.0410251543e+00 -1.8071138428e-01 -6.6300263532e-02  1.9518007832e-01  4.0395156886e+00 -1.5843372157e+00 -2.9807081998e-01  1.6127398281e+00 -1.9511880174e+00  2.2059090914e-01  8.5588661463e-01  2.2343302779e+00 -4.6353264078e-01  5.9703138071e+00  6.2329975504e-02 -6.8185919095e-01  4.8330525842e+00  4.0107854839e+00 -1.7294043591e+00  4.2256661499e+00  2.8281958165e+00 -2.8984905990e+00  7.6886042956e+00  1.5897499609e+00 -1.4464954392e+00  7.2524177548e+00  3.2570790797e+00 -9.9768597895e-01  7.9769188698e+00  3.3324408009e+00 -3.1271883940e+00
ENERGY -6.368646666350e+02
GRADIENT -1.8307466093e-04  1.9569138940e-04 -3.0961342603e-06 -7.9928166387e-05 -2.5528604207e-04  6.1439347537e-05  5.6760178749e-05 -1.2385305443e-04  9.3461383316e-06  3.0075464660e-05 -1.6653470135e-05  1.4387219743e-05  4.5254386038e-05  1.1447582629e-04 -5.6629990802e-05  5.3070018476e-05  4.1640986242e-05 -1.6065254261e-05 -3.4950047158e-05  3.7259093915e-05 -4.4347572416e-05 -1.6725766868e-06  2.3790574191e-04  6.1084169991e-05 -1.7593163603e-05 -4.8607917953e-05 -2.4767744970e-05  7.1981166726e-05 -1.4798484448e-04  1.0190102065e-05  5.5360912040e-05  5.8580517379e-05  3.7796987775e-06  4.7861574346e-05 -1.1972313959e-04 -5.6472660943e-05  3.4872993730e-05 -2.0810549553e-05 -7.4559965015e-06 -3.4321184450e-05  1.5770708862e-05  2.9765510589e-06 -2.9753972873e-05 -1.4904721983e-05  5.5937407870e-06  2.8040002789e-05  7.8834199076e-06 -1.1501454702e-05 -1.7938284552e-05  9.4346036961e-06  5.6945211752e-06 -4.2180836146e-06 -1.5935194567e-06  4.7589678224e-06  1.1172939643e-05 -1.8708786240e-06 -5.8545813049e-06  1.6744932517e-05  7.3238395972e-06 -1.1806386976e-05 -6.8544017565e-06 -9.3107042670e-06 -4.0081557760e-06 -6.2498871970e-05  1.1003415754e-04  5.0904899960e-05

JOB 23
COORDS  3.3263733897e+00 -7.2759827686e-01 -3.5766357983e-01  1.9777622597e+00 -9.4409176320e-01 -6.7419684558e-02  1.5427447396e+00  1.4331867593e+00 -4.4855638133e-01  3.8071030024e+00  5.4344580800e-01 -7.0134885924e-01  2.8919318206e+00  1.6189504452e+00 -7.5407002290e-01  1.1183183109e+00  1.5064402340e-01 -1.1540241215e-01  5.2166736876e+00  8.3746847685e-01 -9.3934608269e-01  5.5842116309e+00  2.0285185257e+00 -1.4408223919e+00  4.5037521507e+00  3.0064078290e+00 -1.8371072406e+00  7.0047590505e+00  2.4456511490e+00 -1.6570098922e+00  3.3138391286e+00  2.8887388988e+00 -1.0288905835e+00  7.1434404298e+00  2.8762574708e+00 -3.0221827912e+00 -1.9630479640e-01 -3.7104113205e-02  1.6954120924e-01  4.0242543192e+00 -1.5601538268e+00 -3.1007313644e-01  1.5945527819e+00 -1.9241656415e+00  1.9629450391e-01  8.4649841139e-01  2.2646325616e+00 -4.7617293302e-01  5.9585952406e+00  8.4823866287e-02 -6.7901986001e-01  4.8337009054e+00  4.0398746188e+00 -1.7119249231e+00  4.2302429277e+00  2.8664533768e+00 -2.8925414166e+00  7.6781069903e+00  1.6073716396e+00 -1.4328281678e+00  7.2536894359e+00  3.2765650014e+00 -9.7694095994e-01  8.0641839142e+00  3.1467187242e+00 -3.1626247530e+00
ENERGY -6.368644750938e+02
GRADIENT  3.4469649189e-05  1.5226930206e-05  2.6362496901e-06 -3.1977841401e-05  1.8795472379e-05  1.5721764610e-07  1.1091083517e-05  2.2678495312e-05 -1.2687078689e-05  2.7655670702e-05 -4.1021049530e-05 -1.7596689703e-05 -7.2548675598e-06  1.1144707311e-04 -5.2475585604e-06  4.7905207934e-05 -7.8884051464e-06 -9.4354348605e-06 -1.9936786514e-05 -5.0614941444e-05 -1.6843288506e-05  1.0575508329e-04 -5.2703960091e-04 -1.3599773080e-04  7.7722665541e-05  2.3390229968e-05 -4.7169687559e-05 -1.4170713928e-04  5.5978143615e-04  2.6423274412e-04 -6.6784797856e-05 -4.2485585354e-05  1.7312963730e-05 -2.3488039418e-04  9.0944657807e-04  2.1933429897e-04 -2.3726969290e-05  1.0109598638e-05 -4.0098840191e-06 -1.0654312773e-05 -5.1274425760e-06  2.0457272628e-06  2.9524062284e-07  4.1895136242e-06 -1.5703961237e-06 -3.8881234955e-06  8.4247385537e-06 -8.6675215040e-07  1.2487827735e-06 -7.8660184063e-07 -5.3717842348e-07 -4.9857791707e-06 -7.6437773317e-06  1.0285128062e-05 -1.4040528760e-05 -1.8900099820e-05  9.1307924181e-06 -1.0860502085e-05  7.1846590423e-06 -9.9076379388e-06  4.8369489866e-06 -4.3693379867e-06 -2.4213380818e-05  2.3924568088e-04 -9.0711478872e-04 -2.5019912786e-04

