JOB 0
COORDS  5.9271807539e+00  9.4971021004e-01  7.7895339655e-01  4.7760221523e+00  1.5534514032e+00  1.2941243620e+00  5.8083342938e+00 -7.5789999965e-03 -2.3483616877e-01  3.5162494581e+00  1.2002997770e+00  7.9928789063e-01  4.5475560575e+00 -3.5728745669e-01 -7.2568102096e-01  3.3853545373e+00  2.4267669862e-01 -2.1671143847e-01  2.0208985727e+00 -1.7537481945e-01 -7.2051766634e-01  1.5256250540e+00 -1.4248516818e+00  5.9077955292e-03  4.4382766095e-01 -1.9888674994e+00 -6.9375290970e-01  6.9073401313e+00  1.2250065378e+00  1.1595949530e+00  4.8584678654e+00  2.3013743897e+00  2.0787054977e+00  6.6980102410e+00 -4.7811460515e-01 -6.4573859024e-01  2.6253754065e+00  1.6782269000e+00  1.2020018431e+00  4.4644334370e+00 -1.0984831059e+00 -1.5183867805e+00  2.0742881715e+00 -4.1639061139e-01 -1.7876338691e+00  1.2923127139e+00  6.3259099718e-01 -6.0415707869e-01  1.1849330008e+00 -1.2021578921e+00  1.0219907981e+00  2.3097703702e+00 -2.1871365744e+00  4.9223552405e-02
ENERGY -4.101911383503e+02
GRADIENT  2.6240240216e-04  7.6709976291e-05  1.0168933022e-04 -3.4122515497e-05 -1.8829433323e-04 -2.1723854721e-04 -1.2212168185e-04  6.3058932914e-05  5.1794537246e-05 -5.4731843534e-05  1.1376207344e-04  9.4315185263e-06 -4.3007211576e-05 -5.2687383961e-05  3.0479554491e-05  9.7963546671e-04 -1.2290748025e-03 -1.5342169922e-03 -9.5523900427e-04  1.4234635272e-03  1.8635322749e-03 -1.6090569657e-03  1.2020751083e-03  9.9269980436e-04  1.4756000119e-03 -1.3040129317e-03 -1.2125071871e-03  3.2702143738e-05  1.8553565682e-06 -2.5786199626e-07  1.3169145357e-05 -2.1739787928e-05 -2.3742730989e-05 -6.0608788655e-06  1.7297605894e-05  1.3049319679e-05 -2.4144222477e-05 -1.8300981539e-05 -7.1922803819e-06 -1.9678255783e-06  4.9813398122e-06 -1.1380089394e-05  7.4976862396e-05 -4.3085662691e-07 -4.2760513179e-05  5.1116405987e-06 -6.3220907229e-05 -2.6632812662e-05 -1.7110564001e-05 -3.3484429750e-05 -9.0664537054e-06  1.2657018655e-05  7.7384395896e-06 -4.6879827096e-06

JOB 1
COORDS  5.9380918333e+00  9.4494225647e-01  7.5373459348e-01  4.7993990648e+00  1.5571780053e+00  1.2855514406e+00  5.7980968726e+00 -1.2627544372e-02 -2.5750850333e-01  3.5301042433e+00  1.2118332479e+00  8.0882527945e-01  4.5282204697e+00 -3.5455562805e-01 -7.2929835851e-01  3.3776220496e+00  2.5363123933e-01 -2.0331279325e-01  2.0035335500e+00 -1.5496712961e-01 -6.8873814799e-01  1.5081090360e+00 -1.4304100195e+00  3.5350029036e-03  6.5764904157e-01 -2.1472393539e+00 -8.5859385241e-01  6.9256621864e+00  1.2136824093e+00  1.1195925691e+00  4.8983010026e+00  2.3049981620e+00  2.0683718986e+00  6.6785379826e+00 -4.8912428609e-01 -6.8128341463e-01  2.6486280525e+00  1.6965866378e+00  1.2238322306e+00  4.4282708091e+00 -1.0970656894e+00 -1.5188053701e+00  2.0464796715e+00 -3.7733366043e-01 -1.7601542843e+00  1.2814656861e+00  6.5595727858e-01 -5.5586168158e-01  9.4925622909e-01 -1.2193933986e+00  9.2029919268e-01  2.3455956266e+00 -2.0940347658e+00  2.3795219049e-01
ENERGY -4.101891318700e+02
GRADIENT  1.8325912067e-05  7.0384363733e-07 -1.4871406667e-06 -9.8174276026e-06 -8.1128677984e-07 -7.3893796818e-06 -1.3459959261e-05  1.6380246630e-05  1.1875764916e-05  1.1461086486e-07  3.0461075377e-06  1.1395754406e-05 -1.2195775013e-05 -2.1046565803e-05 -7.1575692020e-06  1.3739056753e-03 -1.7936690442e-03 -2.3349056998e-03 -1.0171558258e-03  1.9314600377e-03  2.7498502915e-03 -3.0660273380e-03  1.5902093506e-03  7.9015510328e-04  2.7180528011e-03 -1.7163174140e-03 -1.2327443532e-03  5.3785540252e-07  3.5721382539e-06  3.7573457380e-07  2.1337693587e-06  1.2287278329e-06 -1.8880053396e-06 -3.6028700534e-06  1.6659256677e-06 -1.4377118228e-06 -1.8216245774e-06  3.4201817268e-06 -2.8045404247e-06 -2.4392403511e-07  6.5098336988e-07 -3.7928038364e-06  5.6097000941e-06  1.1572694041e-06  3.0992159479e-06 -7.2922430237e-06 -1.1495628890e-05  2.5082777519e-05 -3.2439574029e-07  6.8061202065e-06  9.7340943834e-07  2.5008845520e-06  3.6804728009e-06  1.5472040883e-06

JOB 2
COORDS  5.9323341652e+00  9.2350302074e-01  7.1525854127e-01  4.8083434685e+00  1.5576189526e+00  1.2518117606e+00  5.7672712381e+00 -5.3101694843e-02 -2.7425462171e-01  3.5281058170e+00  1.2154711070e+00  8.0142737441e-01  4.4873042394e+00 -3.9135851254e-01 -7.1969906127e-01  3.3505995520e+00  2.3860340100e-01 -1.8778348034e-01  1.9663458163e+00 -1.6431207793e-01 -6.4875728044e-01  1.4905493927e+00 -1.4883078360e+00 -2.4034039275e-02  9.0992701656e-01 -2.3089041709e+00 -1.0102379780e+00  6.9280301265e+00  1.1890987827e+00  1.0608396661e+00  4.9263807217e+00  2.3196092100e+00  2.0181690936e+00  6.6364331097e+00 -5.4693611662e-01 -7.0151994745e-01  2.6581333256e+00  1.7166815417e+00  1.2210577132e+00  4.3674543645e+00 -1.1491906505e+00 -1.4916635114e+00  1.9748401126e+00 -3.2105928488e-01 -1.7323043708e+00  1.2463541307e+00  6.3436107836e-01 -4.4887485593e-01  7.3786218337e-01 -1.3367308629e+00  7.5506086979e-01  2.3308454686e+00 -2.0506545975e+00  3.9204254790e-01
ENERGY -4.101870487264e+02
GRADIENT -4.4401655529e-05  1.5238276690e-06 -7.9804803736e-07  2.3165304683e-05  2.8628546739e-05  3.1642387282e-05 -1.2487468947e-06 -2.0986711151e-05 -1.5126830348e-05  4.6201425236e-06 -3.5087271289e-05 -1.3582364929e-05  2.7093505340e-05 -1.9277437566e-05  1.4334351488e-06  9.6011110815e-04 -1.1737737209e-03 -1.8304823680e-03 -6.3378434662e-04  1.3821744562e-03  2.3444342340e-03 -2.6058119847e-03  8.8415048508e-04 -3.7311030948e-05  2.2717427394e-03 -1.0419737995e-03 -4.8694989985e-04 -5.2749224532e-06 -1.5965400094e-06  2.7179117640e-06 -3.2060036124e-06  2.0821097241e-06  5.2617862921e-06  2.2579224381e-06  2.8491062803e-07 -1.1744814079e-06  3.8359278406e-06  5.5991352524e-06 -4.4158844055e-06 -2.7428818044e-06  1.2228458356e-06 -2.5457064006e-06  4.4778328489e-06 -1.2180560073e-05  5.4621184623e-06  3.0468620912e-06 -3.4762528072e-06  1.0320054927e-05 -9.4542448081e-07  4.1830397079e-06 -8.7949124075e-06  2.8812150632e-07 -1.8359653663e-06 -1.6835088482e-05

JOB 3
COORDS  5.9539695669e+00  9.2541850919e-01  6.9494895556e-01  4.8515662754e+00  1.5956721288e+00  1.2317521370e+00  5.7534739797e+00 -7.4179888982e-02 -2.6491044600e-01  3.5572209344e+00  1.2671849346e+00  8.1146085079e-01  4.4603015860e+00 -3.9809213641e-01 -6.8116087840e-01  3.3446808289e+00  2.6820435057e-01 -1.4756369996e-01  1.9464875286e+00 -1.1617969908e-01 -5.8141381325e-01  1.4932431206e+00 -1.4905084767e+00 -5.0901641465e-02  1.1969637817e+00 -2.3535505010e+00 -1.1247701163e+00  6.9601312098e+00  1.1797543212e+00  1.0180055238e+00  4.9968070101e+00  2.3748350054e+00  1.9758650014e+00  6.6057092201e+00 -5.9724380453e-01 -6.9156475222e-01  2.7044930197e+00  1.7955311426e+00  1.2331692095e+00  4.3120711283e+00 -1.1744086757e+00 -1.4293512157e+00  1.8942904459e+00 -1.7037073653e-01 -1.6736236211e+00  1.2365714789e+00  6.5663842992e-01 -2.7220870701e-01  5.8351211118e-01 -1.4183290832e+00  5.5209139600e-01  2.2779053527e+00 -1.9748676721e+00  5.3591451331e-01
ENERGY -4.101861774887e+02
GRADIENT -2.8171469386e-06  1.0323229663e-06 -6.3799683107e-07  4.4297671590e-06  9.9077130373e-07  1.5207243490e-06 -2.7632218262e-07 -1.9638105817e-06 -5.8175911208e-06  1.1961881891e-06 -4.4671192972e-06 -2.4332815751e-06  2.5936638831e-06  3.7202722641e-06  2.3694763042e-06 -3.1344379168e-05  3.2059894183e-05  5.7850799994e-05  1.4919001008e-05 -3.3705214866e-05 -8.1358754836e-05  8.0624010054e-05 -2.0333269001e-05  1.6623096808e-05 -7.1050185750e-05  2.7425202573e-05  1.4033858468e-06  3.6789187796e-07 -1.5330634772e-06 -1.5195913563e-06  1.1758558677e-06 -2.4107624410e-06  1.8130838917e-06 -1.0755189570e-07  1.2422498408e-06 -3.1991776890e-06  1.5170199564e-06 -1.0277091248e-06  1.5913509571e-06 -1.2880372553e-06  3.5730541379e-06 -2.6697355537e-06 -7.5670142490e-07  2.8881430100e-06  1.1504189726e-07 -6.8580344242e-07  9.5952330455e-07  1.6481475575e-06  9.6307070822e-07 -5.9121999161e-08  4.2797713657e-07  2.0130772142e-08 -9.4772593430e-07 -3.0277952929e-06

JOB 4
COORDS  5.7082211863e+00  1.3604593766e+00  9.2061460334e-01  4.5171172038e+00  2.0900999856e+00  8.8250482100e-01  5.7505623738e+00  8.0209977316e-02  3.5500994238e-01  3.3758510741e+00  1.5431992603e+00  2.8371253344e-01  4.6106401843e+00 -4.6165415768e-01 -2.4278848727e-01  3.4077412274e+00  2.6333996508e-01 -2.8478017979e-01  2.1712050446e+00 -3.4650818470e-01 -9.0925782461e-01  1.6463238136e+00 -1.5873027871e+00 -1.6949994931e-01  1.9630628075e+00 -2.7554179820e+00 -8.9321814165e-01  6.5954426730e+00  1.7837752956e+00  1.3844416253e+00  4.4739729690e+00  3.0853027697e+00  1.3179534880e+00  6.6737711456e+00 -4.9352662597e-01  3.7724284307e-01  2.4529110130e+00  2.1192033289e+00  2.5900552390e-01  4.6499239670e+00 -1.4565444099e+00 -6.8154797138e-01  2.3642409983e+00 -6.4844872262e-01 -1.9441322517e+00  1.3788012599e+00  4.0794250167e-01 -9.4847111034e-01  5.5575199906e-01 -1.5704787263e+00 -8.2665961858e-02  2.0893269691e+00 -1.6921689889e+00  8.2418345123e-01
ENERGY -4.101871313150e+02
GRADIENT  1.7691691403e-04  9.0987078643e-05  9.4042683006e-05  2.0852090302e-05 -2.8439362959e-04 -1.2687418887e-04 -1.0196710076e-04  6.3434489785e-05 -8.8685762171e-06 -2.7011946112e-04  1.7101056768e-04 -4.7077600942e-06 -1.6494572950e-05 -1.0636827793e-04 -3.0279606355e-05 -1.3185638469e-03  1.5614297981e-03  1.5183902504e-03  1.3594860576e-03 -2.0124271646e-03 -2.4053176414e-03  2.4735034706e-03  3.4284186056e-04  2.3109371116e-03 -2.3071820032e-03  1.7219271904e-04 -1.3293135619e-03  2.9110681019e-05 -1.6775691216e-06  7.2172035697e-06 -2.0257881417e-06 -3.0608442185e-05 -1.2891523250e-05 -9.2946678798e-06  1.4583677273e-05 -8.9343960062e-07 -3.2427897048e-05  1.6457275574e-05 -1.5332386107e-06  6.1159729063e-06 -1.2566302595e-05 -9.1917356257e-06 -1.4577998272e-05  7.5641613674e-06  5.5963236429e-06  8.5030885063e-06  2.2080028067e-05  9.5713364875e-06  3.6446236060e-06  1.1672742844e-05 -2.2768172349e-06  1.8517879914e-06  1.1479970912e-05  5.9851377189e-06

JOB 5
COORDS  5.7222168702e+00  1.3466570116e+00  9.0700035024e-01  4.5307860203e+00  2.0770122530e+00  8.9653891783e-01  5.7574291544e+00  7.5811638012e-02  3.2067443032e-01  3.3826908826e+00  1.5383637203e+00  3.0403336946e-01  4.6102986429e+00 -4.5771561498e-01 -2.7152489391e-01  3.4068963011e+00  2.6751156791e-01 -2.8576149091e-01  2.1589367691e+00 -3.3004956289e-01 -8.9909178939e-01  1.6343982225e+00 -1.5637026042e+00 -1.6118140329e-01  2.2172292723e+00 -2.7319143580e+00 -6.9422844403e-01  6.6154772243e+00  1.7629021152e+00  1.3656683886e+00  4.4931843273e+00  3.0654888059e+00  1.3476188173e+00  6.6807079735e+00 -4.9829403978e-01  3.2318199375e-01  2.4595902057e+00  2.1147374930e+00  3.0024234543e-01  4.6423383576e+00 -1.4461040122e+00 -7.2348727537e-01  2.3251136615e+00 -6.1802644802e-01 -1.9430168260e+00  1.3650411604e+00  4.2522632739e-01 -9.0536377512e-01  5.5391345295e-01 -1.6746293431e+00 -2.9779527223e-01  1.8698360602e+00 -1.5376722870e+00  9.0626473600e-01
ENERGY -4.101891853522e+02
GRADIENT -1.6349263599e-05  1.6259027070e-05 -3.2746358711e-07  2.3908889964e-05  8.4496116840e-06  1.4826859034e-05 -1.5567993538e-05 -1.5100042881e-05 -1.0644243595e-05 -6.6777533676e-06 -2.2628677612e-05 -2.0977529691e-05  3.5389335403e-05 -1.6218302254e-05 -7.1469782543e-06 -1.7218010255e-03  1.8183915408e-03  1.7723556848e-03  1.6563758882e-03 -2.5677018763e-03 -3.1089045087e-03  2.4409584412e-03  9.9657598099e-04  3.4311364630e-03 -2.3780430159e-03 -2.1916019460e-04 -2.0732958827e-03  1.4659571958e-06 -7.8400985389e-08 -7.3662457167e-07 -6.6713002137e-07  2.1109888472e-06  4.3097841847e-08  2.1685678728e-06  3.1390875687e-06 -2.2521694545e-06  2.0636908127e-06  5.3506027476e-06  7.2162873749e-06 -3.1173836295e-06  2.9031871804e-07  3.6592808116e-07  4.3682732271e-07  5.2171757734e-06  4.3591520811e-06  1.0111789501e-06  7.3430747219e-06  1.9486328343e-06  5.7081375512e-07  1.3635009797e-06  1.0526548935e-06 -9.5675253257e-07  6.0576855882e-06  3.1046209200e-06

JOB 6
COORDS  5.7404583792e+00  1.3412259728e+00  8.9027481155e-01  4.5183935893e+00  2.0168996985e+00  9.5586877725e-01  5.8146796446e+00  1.1328942426e-01  2.2284472161e-01  3.3799878359e+00  1.4655964164e+00  3.5787020228e-01  4.6757153819e+00 -4.3383176672e-01 -3.7371720660e-01  3.4432849564e+00  2.3608136988e-01 -3.1313993411e-01  2.2019214411e+00 -3.7557378706e-01 -9.2445108896e-01  1.6224345994e+00 -1.5273429319e+00 -1.0837514268e-01  2.4134184435e+00 -2.6811861331e+00 -2.6654283533e-01  6.6272549315e+00  1.7679270742e+00  1.3519281120e+00  4.4507995991e+00  2.9733145758e+00  1.4683957521e+00  6.7613823565e+00 -4.1834773019e-01  1.6699077719e-01  2.4335588407e+00  2.0005588874e+00  4.1045714549e-01  4.7377897543e+00 -1.3908954680e+00 -8.8472158578e-01  2.4012588345e+00 -7.4662615354e-01 -1.9359308813e+00  1.4202204094e+00  3.8801380169e-01 -1.0144299753e+00  6.1729428402e-01 -1.7877708148e+00 -4.5663337922e-01  1.5947859267e+00 -1.2949868940e+00  9.6046286442e-01
ENERGY -4.101907944766e+02
GRADIENT  1.8434093577e-06  2.0326852031e-05  7.2593514806e-06  1.9740765744e-05 -1.5435169488e-05 -3.7842840790e-06 -1.4252384406e-05 -9.2571243498e-06 -1.1003551888e-05 -1.8633404041e-05 -6.8226362241e-06 -1.4465071139e-05  2.3990860314e-05 -6.6229939390e-06 -3.0857179202e-06 -7.8141032493e-04  9.0488539388e-04  7.1128956519e-04  8.3571192360e-04 -1.3514754910e-03 -1.3322089351e-03  7.3988365804e-04  8.4673651060e-04  1.7529061018e-03 -7.9590484754e-04 -3.8013276880e-04 -1.1151459412e-03  3.5346167648e-06  1.2736299763e-06 -3.7573323813e-06 -5.2798237193e-07 -3.1017414960e-07 -2.7277029196e-06  1.3827379765e-06  4.8585425635e-06 -3.0101398493e-06 -1.7513599892e-06  2.0245256326e-06  3.9603545742e-06 -2.1396996309e-06  1.1314030255e-06 -6.2746545676e-07  1.0570611724e-06 -4.9481387916e-07  7.0640400705e-06 -5.1245732490e-06 -1.1797757996e-06  8.5048742670e-06 -1.7731274353e-06  3.5094777575e-06  3.1013018223e-06  4.9544244117e-06  7.7649675083e-07  3.0901735921e-06

JOB 7
COORDS  5.7497305287e+00  1.3263115212e+00  8.9399160263e-01  4.5136193438e+00  1.9690101060e+00  1.0116408209e+00  5.8404716839e+00  1.3263422506e-01  1.6934411198e-01  3.3786554529e+00  1.4187639661e+00  4.0703419581e-01  4.7037638584e+00 -4.1379217769e-01 -4.3226551393e-01  3.4587005862e+00  2.2327636071e-01 -3.2178807803e-01  2.2214580580e+00 -3.8446725214e-01 -9.4477457616e-01  1.5916845314e+00 -1.4856668458e+00 -9.6752124421e-02  2.5037544661e+00 -2.5353283093e+00  1.0403506047e-01  6.6345867424e+00  1.7523071079e+00  1.3600187573e+00  4.4330967022e+00  2.8990432186e+00  1.5688883007e+00  6.7977582587e+00 -3.7377869697e-01  7.3996920743e-02  2.4211602025e+00  1.9284164939e+00  4.9864433378e-01  4.7791424233e+00 -1.3460016577e+00 -9.8574696265e-01  2.4592404673e+00 -8.0144793822e-01 -1.9299089000e+00  1.4548056771e+00  3.8398593391e-01 -1.0998634853e+00  7.1225459924e-01 -1.9107748598e+00 -5.9196423735e-01  1.3122474095e+00 -1.1130044425e+00  8.9411488500e-01
ENERGY -4.101908003616e+02
GRADIENT -1.1807166255e-05  1.8544451155e-07 -2.5917113944e-06  4.4321196231e-06  2.5652395048e-06  1.8193447619e-06  1.1494629952e-05 -8.0693522847e-06 -7.4551457359e-06  7.5977299233e-07 -3.3280047439e-06 -1.9960734580e-07 -4.5942653458e-06  8.8061962409e-06  1.1710187948e-05  7.8938148186e-04 -9.5771207393e-04 -6.5951559811e-04 -9.3972934925e-04  1.5398263248e-03  1.3032179600e-03 -3.3252058861e-04 -1.2678030694e-03 -1.8639724816e-03  4.9095962491e-04  6.6845137639e-04  1.2135022487e-03  5.1745607035e-08 -2.6343660394e-06 -2.0380305965e-06 -2.9475893502e-06 -1.5323706669e-06  5.9905562530e-07  2.0392569398e-06  2.2928175082e-08 -7.8382341810e-07  7.8148512364e-07 -3.4301600434e-06 -8.0987841696e-07  3.3354666843e-06 -5.2429119577e-08 -4.1216722955e-06  5.6697359148e-07 -3.0697037624e-06 -3.8577989653e-06  1.6579355975e-08 -5.8879938951e-06 -1.3026010442e-06  1.4293281149e-06  1.6388837477e-06 -7.1159218146e-06  1.0342237826e-06 -4.8381656468e-06 -5.7607153192e-07

JOB 8
COORDS  5.7593792405e+00  1.3018085359e+00  8.6130280473e-01  4.5245107272e+00  1.9379692764e+00  1.0190782185e+00  5.8357355709e+00  1.2265249160e-01  1.1148831743e-01  3.3770550893e+00  1.3972657377e+00  4.2954821120e-01  4.6873514708e+00 -4.1510056783e-01 -4.7491344414e-01  3.4444353026e+00  2.1675568825e-01 -3.2403222773e-01  2.1978647279e+00 -3.7710520413e-01 -9.4214241801e-01  1.5490464333e+00 -1.4727272564e+00 -9.1400419834e-02  2.5106333967e+00 -2.3673365514e+00  4.0142285582e-01  6.6536541221e+00  1.7209069883e+00  1.3155100185e+00  4.4544192492e+00  2.8565402564e+00  1.5963462951e+00  6.7916170855e+00 -3.7945701489e-01 -1.5208901529e-02  2.4205059545e+00  1.9020344592e+00  5.5279750333e-01  4.7530275013e+00 -1.3365526414e+00 -1.0477722962e+00  2.4474631622e+00 -7.9624909700e-01 -1.9236039148e+00  1.4405521200e+00  3.9682093683e-01 -1.1113707566e+00  8.2618938661e-01 -2.0525610635e+00 -6.7422878141e-01  1.0502204331e+00 -1.0426048458e+00  7.8376646246e-01
ENERGY -4.101889258668e+02
GRADIENT  2.9314232969e-04  1.5708435342e-04  1.6557150024e-04  4.7397523522e-05 -3.8991722423e-04 -2.5296977079e-04 -2.8789832352e-04  1.4408625752e-04  3.7085439483e-05 -4.0715394058e-04  2.3698124132e-04  2.1283111895e-05  8.5360642480e-07 -3.0556523794e-04 -2.2392331300e-04  2.3778150947e-03 -2.4421005645e-03 -1.5633038492e-03 -2.6902218326e-03  4.4286852674e-03  3.6306002369e-03  3.6763558414e-04 -4.0026836477e-03 -4.8538815985e-03  3.3712025244e-04  2.2010410864e-03  3.1947583402e-03  4.2079382200e-05  7.4971569983e-06  1.4370478547e-05 -5.0576594905e-06 -4.4215777006e-05 -2.9533787595e-05 -3.6100098527e-05  1.5327727156e-05  8.7681527999e-06 -5.8240754344e-05  1.0686022542e-05  1.1121877909e-05  1.9265921560e-05 -3.6431455326e-05 -1.1380546316e-05 -1.5526987092e-05  3.5336520073e-05 -9.7320856659e-05  4.3668888646e-05  1.7012354922e-05 -1.8809201657e-05  1.1789874319e-04 -6.0136757544e-05 -5.1030225442e-06 -1.4381560065e-04  2.4563960386e-06 -5.8727932140e-06

JOB 9
COORDS  5.7723030710e+00  1.2836520550e+00  8.6126196814e-01  4.5336808196e+00  1.9032350824e+00  1.0528220101e+00  5.8512697152e+00  1.2672388418e-01  7.8082373562e-02  3.3844924075e+00  1.3671116342e+00  4.6283294178e-01  4.6996082262e+00 -4.0489037278e-01 -5.0760671358e-01  3.4526901357e+00  2.0887920082e-01 -3.2404730398e-01  2.2047455529e+00 -3.8023102621e-01 -9.4546745406e-01  1.5315815497e+00 -1.4659799004e+00 -8.4936528071e-02  2.4658241912e+00 -2.1588460470e+00  6.9726810551e-01  6.6681986843e+00  1.6988814668e+00  1.3157700614e+00  4.4622150741e+00  2.8043514395e+00  1.6568665223e+00  6.8102666059e+00 -3.6184082369e-01 -7.5385248353e-02  2.4246268304e+00  1.8578992823e+00  6.1309649750e-01  4.7676901652e+00 -1.3089261041e+00 -1.1080853877e+00  2.4708406992e+00 -8.1187539218e-01 -1.9164949563e+00  1.4624681654e+00  4.0104526687e-01 -1.1405099834e+00  1.0069419726e+00 -2.2004412801e+00 -7.0369530414e-01  8.2307040149e-01 -1.0170405642e+00  6.1909648096e-01
ENERGY -4.101859189679e+02
GRADIENT -3.8003557330e-05 -2.4458481345e-05 -1.8682100609e-05 -1.0925729986e-05 -7.6628398724e-07 -2.0060343402e-07  1.0235366093e-04 -4.5957884387e-05 -6.2745727361e-06  1.1007390884e-05 -9.6007901177e-06  3.9602714090e-05 -1.7060481969e-05  1.2189788606e-04  4.6665262166e-05  2.4937680725e-03 -3.2131517032e-03 -2.0807763965e-03 -3.7523060945e-03  5.5289615675e-03  4.0623163850e-03  1.7928559852e-03 -5.5346057852e-03 -5.5633807748e-03 -5.8265168195e-04  3.1835667309e-03  3.5712630501e-03 -1.4094132006e-06 -9.3442444050e-06  1.1900819776e-07 -3.0942658604e-06 -6.2227981122e-07  3.4769714596e-06  1.3684185439e-05 -3.0354782049e-06  5.4196187725e-06 -5.4711257673e-07 -4.8024624942e-06 -4.0015040521e-06  6.2007998280e-06  9.2314928680e-06  7.9016094997e-06 -1.2993777444e-05 -2.8590412958e-05  7.3370694752e-06  1.9916680982e-05  9.9035709010e-06 -2.4760758676e-05  8.4250749882e-06 -7.4894783892e-06 -7.6150420966e-06 -1.2850811354e-05  1.4713346297e-05 -2.3651269423e-05

JOB 10
COORDS  5.7845441522e+00  1.2680521604e+00  8.5476056302e-01  4.5463154973e+00  1.8799801716e+00  1.0725316890e+00  5.8574292350e+00  1.2666305000e-01  4.8822298653e-02  3.3916504419e+00  1.3515640964e+00  4.8678352455e-01  4.7000869197e+00 -3.9697268892e-01 -5.3313069833e-01  3.4537149769e+00  2.0876393020e-01 -3.2223420070e-01  2.2000519646e+00 -3.7171340910e-01 -9.4129412611e-01  1.5214674479e+00 -1.4694737280e+00 -8.4357703685e-02  2.3690072426e+00 -1.9466986120e+00  9.2429472245e-01  6.6845509627e+00  1.6774794164e+00  1.3063782015e+00  4.4794305831e+00  2.7689610819e+00  1.6948112437e+00  6.8160472296e+00 -3.5529294624e-01 -1.2642369266e-01  2.4319086499e+00  1.8347923717e+00  6.5971491154e-01  4.7646955366e+00 -1.2877253791e+00 -1.1542032320e+00  2.4588908771e+00 -7.9281658510e-01 -1.9181915189e+00  1.4700568546e+00  4.2264708694e-01 -1.1256419989e+00  1.2269703560e+00 -2.3292205724e+00 -6.9344124033e-01  6.3684843781e-01 -1.0752026253e+00  4.2554582858e-01
ENERGY -4.101831828212e+02
GRADIENT -1.8725345659e-05 -8.2158494392e-06 -1.0847660417e-05 -1.3824460778e-06  4.3379409571e-05  3.1455026124e-05 -2.5468453823e-05  1.2789461596e-05  2.3146381334e-06  2.8628254377e-05 -3.2415299140e-05  1.0590839560e-05  8.8509440953e-06 -2.5622767486e-05 -4.9000954242e-05  1.6873978271e-03 -2.1336546848e-03 -1.3972534305e-03 -2.7349383400e-03  3.7652850350e-03  2.6675624818e-03  2.1976744650e-03 -3.8993942539e-03 -3.2698145553e-03 -1.1421864650e-03  2.2933494618e-03  2.0329311529e-03 -4.9771319184e-06  3.8895011602e-06 -1.1482193069e-06  1.2356669966e-07  4.3964737579e-06  3.0740724374e-06 -5.1022872452e-06 -1.0579156161e-06 -4.9130342663e-06  4.3106297279e-06  6.6704542159e-07  4.7657048219e-06 -2.4795332093e-06 -3.2887719687e-06 -6.3133572106e-06 -6.9152413821e-06 -1.3280040671e-05  5.5431222786e-06  3.3271574497e-06  8.0730126166e-06 -1.8369336763e-05  7.8801656931e-07 -3.0319024289e-06 -8.0291548951e-08 -2.4547052229e-06 -8.4842899806e-06 -3.1598697949e-06

JOB 11
COORDS  5.8032142946e+00  1.2505226749e+00  8.5486732448e-01  4.5638914128e+00  1.8503421215e+00  1.1001997243e+00  5.8725264114e+00  1.2537475801e-01  2.6642559087e-02  3.4044936312e+00  1.3264812071e+00  5.2068192582e-01  4.7098277559e+00 -3.9351574492e-01 -5.4983405392e-01  3.4626804524e+00  1.9996052046e-01 -3.1085053449e-01  2.2031703412e+00 -3.7492751378e-01 -9.2382990925e-01  1.5242921683e+00 -1.4759858966e+00 -6.4653692254e-02  2.2230507484e+00 -1.7218552418e+00  1.1246199358e+00  6.7064382367e+00  1.6571383023e+00  1.3025824043e+00  4.5000517482e+00  2.7263374039e+00  1.7409248652e+00  6.8316367311e+00 -3.4677925562e-01 -1.7124056593e-01  2.4439914436e+00  1.7983686214e+00  7.1776978777e-01  4.7722953968e+00 -1.2701264496e+00 -1.1914819842e+00  2.4414334549e+00 -7.9200496516e-01 -1.9072033808e+00  1.4853365494e+00  4.3369852524e-01 -1.0920455777e+00  1.4791742039e+00 -2.4277698772e+00 -6.0234297527e-01  5.1016698304e-01 -1.1843061536e+00  2.2431850602e-01
ENERGY -4.101820837299e+02
GRADIENT -2.2409164607e-06  6.0742089868e-06  7.6144811963e-06  1.0203215039e-05 -1.1363236128e-06  1.7541388320e-06 -1.6784937517e-06 -9.4109797172e-06 -3.6199731365e-06  2.8497983446e-06  4.0387382531e-06 -2.1955082347e-05  1.0198027379e-05 -7.4572097171e-06  2.5193178420e-05 -1.0910220977e-05 -6.0739688569e-06  9.1601033277e-07 -8.1778535835e-06  1.2120539882e-05  6.2283882071e-06  2.0648252835e-05 -2.6924983065e-05 -6.5610096552e-06 -2.5385484071e-06  1.7665301689e-05 -3.9488205144e-06  3.5773050430e-07 -1.6017309106e-06  3.4366576343e-06  1.5112470133e-07  4.0440595044e-07 -3.6434733173e-07  1.4487082700e-06 -1.3632083320e-06  5.4166552156e-06  9.2107428969e-07  9.2470683315e-07 -1.8278058130e-06 -2.3859373857e-08 -6.2211163517e-07  4.0069921507e-06  2.2674440516e-07  8.4036751093e-06 -4.8542040005e-06 -8.0812056571e-06 -7.8275957017e-06  1.3939040987e-05 -3.0819384999e-06  4.8613027677e-06 -9.5094373388e-06 -1.8992746088e-06  8.6154474415e-06 -5.1983654177e-06

JOB 12
COORDS  5.8322587828e+00  1.1960772726e+00  8.7719311161e-01  4.5749620285e+00  1.7369615782e+00  1.1680812270e+00  5.9330363302e+00  1.3358593931e-01 -2.5964387011e-02  3.4295375148e+00  1.2174949444e+00  5.5975464626e-01  4.7828505941e+00 -3.8168712023e-01 -6.3224400523e-01  3.5189514571e+00  1.5304466132e-01 -3.4811165451e-01  2.2734113064e+00 -4.1614894684e-01 -9.9352449398e-01  1.5606196190e+00 -1.5010702675e+00 -1.4807303812e-01  2.0059614458e+00 -1.5081190586e+00  1.1806242459e+00  6.7243723098e+00  1.6006269189e+00  1.3484540385e+00  4.4871999439e+00  2.5634306190e+00  1.8689318608e+00  6.9055420619e+00 -2.9192500064e-01 -2.6082952822e-01  2.4553299445e+00  1.6401106088e+00  7.9550654525e-01  4.8700975089e+00 -1.2075606358e+00 -1.3356727523e+00  2.5197198791e+00 -8.4603887408e-01 -1.9693758044e+00  1.5737793461e+00  4.0511390244e-01 -1.1802634742e+00  1.7685763691e+00 -2.5009860767e+00 -5.4162376163e-01  4.7796863167e-01 -1.3456071139e+00 -1.2574536183e-01
ENERGY -4.101831873842e+02
GRADIENT  5.3579142539e-06 -1.0168488665e-05 -1.0127358223e-05 -1.2219559543e-05  1.1287758234e-05 -8.4914118177e-06  5.2766997296e-06  1.5823552817e-05  2.9187093082e-06  7.2395178481e-07  6.1358233547e-06  1.9317498821e-05 -7.2150970648e-06 -2.0395404866e-05  8.0674822058e-07 -1.6962547880e-03  2.2028316442e-03  1.3446392650e-03  3.2089068481e-03 -3.8019142769e-03 -2.1413508807e-03 -3.8682250880e-03  3.7477985325e-03  1.5319247487e-03  2.3549679101e-03 -2.1624601690e-03 -7.5229467019e-04  3.4939910128e-07 -2.8342749655e-06  4.1102131607e-06  1.4343224441e-06 -7.9311529573e-07  1.8302615183e-06 -3.9659164047e-07 -2.9530102321e-06  1.6654405029e-06  4.2109118255e-06 -2.0203065336e-06 -2.0067428790e-06  2.3858903656e-06 -4.4583559558e-07  4.5999071083e-07 -7.5535755216e-06 -2.9337190829e-06 -2.5921279621e-06 -6.6707530832e-06  1.2786140326e-06 -8.1936137426e-06  1.1923394014e-05  4.6410752691e-06  7.6503683671e-06  8.6414465233e-06  9.7415152102e-06  8.7417511946e-06

JOB 13
COORDS  5.8465644797e+00  1.2279008714e+00  8.2382705052e-01  4.6041695138e+00  1.7714041216e+00  1.1693101876e+00  5.9040956771e+00  1.4825173590e-01 -6.2512044142e-02  3.4299114154e+00  1.2381458757e+00  6.3220414233e-01  4.7252448462e+00 -3.8068991792e-01 -5.9812550866e-01  3.4757759003e+00  1.5684244294e-01 -2.5896086665e-01  2.2005450994e+00 -4.2947955577e-01 -8.2501934451e-01  1.5469843787e+00 -1.4928453753e+00  7.7817388179e-02  1.8091334786e+00 -1.2526598620e+00  1.4335410751e+00  6.7605628836e+00  1.6437230409e+00  1.2401509221e+00  4.5504428238e+00  2.6104807197e+00  1.8584960405e+00  6.8644587758e+00 -2.7919446784e-01 -3.3995764020e-01  2.4677880941e+00  1.6606418721e+00  9.1197277250e-01  4.7786953799e+00 -1.2184549879e+00 -1.2910022494e+00  2.3844280795e+00 -8.8725659233e-01 -1.8027669342e+00  1.4862836863e+00  3.8508135676e-01 -9.8748281138e-01  1.9559320521e+00 -2.4858506302e+00 -1.3642873636e-01  4.6054788141e-01 -1.5160704722e+00 -5.1177115136e-02
ENERGY -4.101859193782e+02
GRADIENT -2.2451908464e-06 -1.3600021554e-05 -7.3135086144e-06 -1.2774853877e-05 -5.6401500806e-06  1.3799366537e-06  1.4830365052e-05  6.6884925197e-07  1.0304571960e-05 -5.5330669637e-06  2.5915248729e-05  5.7678427386e-06 -2.0885291711e-05 -9.9025816647e-06  2.5504528543e-05 -2.3942250896e-03  3.2590800602e-03  2.0459298973e-03  4.7765220525e-03 -5.4361537646e-03 -3.0488186512e-03 -6.3341899004e-03  4.9131984809e-03  1.2974054161e-03  3.9833943908e-03 -2.7419436637e-03 -3.4595381736e-04  1.1603568979e-06 -6.6036759465e-06  3.2174058227e-06  1.6225851834e-06 -3.6952143811e-06  5.1497014650e-06 -4.0215938882e-07 -3.7732374012e-06  4.4166404410e-07  1.0125992858e-06  4.3117695718e-06 -6.3642370024e-07  2.2377668612e-06  1.6093338647e-06 -3.4482368507e-06 -2.8437789957e-06  2.0712105775e-05 -8.7221911382e-06 -1.8990156032e-06  1.9604181615e-06  2.1470404850e-05 -3.0255838264e-06  1.0271438127e-06  6.1920231408e-06 -1.1658119072e-06 -6.3080355075e-06  9.7563895802e-06

JOB 14
COORDS  5.8351260067e+00  1.1874093269e+00  8.2392116465e-01  4.5926581466e+00  1.7209956519e+00  1.1844643405e+00  5.8938422959e+00  1.3868258587e-01 -9.8727007693e-02  3.4181022697e+00  1.2096013434e+00  6.2687212842e-01  4.7145440618e+00 -3.6815919707e-01 -6.5447418066e-01  3.4642601039e+00  1.5932561130e-01 -3.0115428144e-01  2.1910711218e+00 -4.0988475060e-01 -8.8800005955e-01  1.5219049450e+00 -1.4630680510e+00 -4.0159242530e-04  1.4839826871e+00 -1.0457135596e+00  1.3384355537e+00  6.7486293337e+00  1.5871900089e+00  1.2567104209e+00  4.5388862385e+00  2.5356395130e+00  1.9023606333e+00  6.8540489540e+00 -2.8074610476e-01 -3.8872516375e-01  2.4560830375e+00  1.6225834834e+00  9.1931777572e-01  4.7684278908e+00 -1.1808847438e+00 -1.3765847756e+00  2.3846431847e+00 -8.7673638952e-01 -1.8604390250e+00  1.4795849140e+00  4.0514322943e-01 -1.0627350934e+00  2.0885238636e+00 -2.4002878582e+00 -1.4645719615e-02  4.9178589823e-01 -1.6552123467e+00 -3.1726537684e-01
ENERGY -4.101889263544e+02
GRADIENT -1.4873754547e-04 -4.8068093701e-05 -5.2980273881e-05  8.9978248844e-06 -3.6246085963e-05 -2.1425207858e-05  3.7998150982e-04 -1.8566809700e-04 -1.2679164493e-04  4.8075322462e-05 -1.4187838906e-05 -8.8794738370e-06 -1.8833026236e-05  3.7452648536e-04  3.4874607328e-04 -2.2586431202e-03  2.6987921377e-03  1.6428821051e-03  3.9784701631e-03 -4.4723841533e-03 -2.2741529466e-03 -5.6495933832e-03  3.4481246508e-03 -1.8419888338e-04  3.6089202867e-03 -1.7667601542e-03  6.5666474451e-04  2.0658951468e-06 -3.1326301631e-05 -2.4082322410e-05 -7.6584867582e-06 -2.9902439628e-06  1.6426150185e-06  5.3577713386e-05 -4.6252494568e-06  2.5258463470e-06 -2.3614971630e-06 -1.9529349369e-05 -1.3654668703e-05  7.3364325553e-06  5.1228716111e-05  3.7701824574e-05  4.8393451313e-06  1.0997554709e-05  1.7169547599e-05 -1.8434285493e-05  9.6398011626e-07 -1.4494563679e-07  7.8629973350e-06 -8.5442262483e-06 -7.4815353227e-06  1.5675670831e-06 -9.1638112961e-06  3.4304765278e-05

JOB 15
COORDS  5.8458070581e+00  1.1610833374e+00  8.2583207042e-01  4.6068109590e+00  1.6790150404e+00  1.2193588910e+00  5.8945681839e+00  1.4120360627e-01 -1.2932693231e-01  3.4263063971e+00  1.1803745325e+00  6.6223984784e-01  4.7103449417e+00 -3.5424741949e-01 -6.8486273610e-01  3.4635428098e+00  1.5808936916e-01 -2.9787179651e-01  2.1847446414e+00 -4.0526503010e-01 -8.7714919521e-01  1.5168965334e+00 -1.4439850923e+00  1.9193069870e-02  1.1868605122e+00 -8.8164028865e-01  1.2636976423e+00  6.7640780000e+00  1.5507067262e+00  1.2578013087e+00  4.5602716887e+00  2.4714567406e+00  1.9622003548e+00  6.8522062062e+00 -2.6523848811e-01 -4.4508672120e-01  2.4668231081e+00  1.5804430974e+00  9.7905110615e-01  4.7573974820e+00 -1.1444080494e+00 -1.4321035234e+00  2.3821680704e+00 -8.8808374360e-01 -1.8416351754e+00  1.4665666624e+00  4.0090018241e-01 -1.0648198868e+00  2.1873664277e+00 -2.2863482976e+00  2.1836961460e-01  5.8679156392e-01 -1.8110217197e+00 -4.2751161001e-01
ENERGY -4.101908003453e+02
GRADIENT  6.5308047952e-06 -5.6056153996e-06 -4.9194377195e-06 -8.8087235236e-06  5.8288591552e-06  1.3886542899e-07  4.3420689180e-06  5.9355714110e-06  2.7583242938e-06  7.6596585266e-06 -6.8328207606e-06  9.7837259963e-06 -5.3837987881e-06  1.1207093510e-06  1.3236700801e-05 -7.4347787884e-04  1.0177472595e-03  6.1013594439e-04  1.4507905987e-03 -1.5445451519e-03 -7.0710393040e-04 -2.0474802459e-03  9.2082176068e-04 -4.2574594990e-04  1.3223543916e-03 -3.8806524480e-04  5.1661203966e-04 -1.5053955451e-06  8.1931364415e-07  1.4924911510e-06  1.4138543824e-06  2.0766793394e-06  4.0194627366e-08 -1.6798572489e-06 -1.9790982544e-06  7.1416006040e-07  4.4451055357e-07  5.4577911224e-06 -3.3044179411e-06 -3.4032736930e-06  2.9928066827e-06  5.6954983192e-07 -8.8540461651e-06 -4.5580394917e-06  6.3232621672e-06 -6.0154335444e-06  2.7327748192e-06  5.3702288914e-06  1.9934620526e-06  6.4502656430e-06 -2.7195478143e-07 -2.8765083985e-06  5.4945247309e-06 -8.3167814823e-06

JOB 16
COORDS  5.8512595021e+00  1.1562142528e+00  8.0958392876e-01  4.6083429528e+00  1.6251370429e+00  1.2500527234e+00  5.9046751101e+00  1.8052326186e-01 -1.9017284679e-01  3.4288943160e+00  1.1218756768e+00  6.9492766148e-01  4.7215379984e+00 -3.2137065263e-01 -7.4309724676e-01  3.4711116178e+00  1.4137391130e-01 -3.0911325169e-01  2.1935367056e+00 -4.3253893968e-01 -8.8113468120e-01  1.4917985520e+00 -1.4132040992e+00  5.3961856181e-02  8.5256058373e-01 -7.1719791677e-01  1.0972903992e+00  6.7686789982e+00  1.5498203970e+00  1.2397206377e+00  4.5581927745e+00  2.3840955870e+00  2.0268852103e+00  6.8651357202e+00 -1.8755831553e-01 -5.4232963613e-01  2.4665001407e+00  1.4847850676e+00  1.0457057966e+00  4.7726262965e+00 -1.0779613678e+00 -1.5238885597e+00  2.4139175950e+00 -9.6781775267e-01 -1.8123065297e+00  1.4811889924e+00  3.6128653724e-01 -1.1319703419e+00  2.1970090910e+00 -2.1127967628e+00  5.1274118572e-01  7.1058223058e-01 -1.9692443621e+00 -4.7514854160e-01
ENERGY -4.101907943352e+02
GRADIENT -7.1496529571e-06  6.6044847843e-07 -6.1731888516e-06  1.3828481765e-06  1.0913273361e-06 -9.8822409315e-08  1.6155808645e-05 -5.3891404660e-06 -4.3714906335e-06 -8.9669130336e-06  2.3901214358e-07  8.5951579312e-06  7.2659244816e-07  8.6232724598e-06  1.9864321491e-05  7.1287334056e-04 -1.0330266663e-03 -5.7400576891e-04 -1.3155142465e-03  1.4456677861e-03  4.7348718376e-04  1.7259489913e-03 -4.3111294323e-04  8.8432820863e-04 -1.1405271510e-03  4.9085772276e-05 -8.3228073363e-04 -4.1826317212e-09  1.1717956277e-06 -3.5586539343e-06 -1.2393796946e-06  3.2845555752e-06 -4.3005470069e-06  1.6437555671e-06  1.2458519441e-06 -1.4416561654e-06  2.2970954464e-06  3.0639282586e-06 -2.9684062684e-06  1.2413674354e-06  2.6274825298e-06  2.2445640602e-07  1.8734851851e-05  7.5387504138e-06  4.1518382866e-06 -1.7803852087e-05 -1.3339172372e-05  2.8623789839e-05  1.8526278697e-05 -1.6808729720e-06 -4.8267601683e-06  1.0088035709e-05 -3.6010557214e-05  1.5013002673e-05

JOB 17
COORDS  5.8566719033e+00  1.1318918914e+00  8.0666518423e-01  4.6059709011e+00  1.5179575598e+00  1.3034209594e+00  5.9259389607e+00  2.2911140498e-01 -2.5786444895e-01  3.4358452993e+00  1.0054117621e+00  7.3830203000e-01  4.7513779508e+00 -2.8405814423e-01 -8.2034989724e-01  3.4944810849e+00  9.5747878769e-02 -3.3100611912e-01  2.2239993300e+00 -4.8173548289e-01 -9.1671492869e-01  1.4417279407e+00 -1.3703957648e+00  5.2778764579e-02  5.1806826241e-01 -5.9506932627e-01  7.8366124619e-01  6.7671953447e+00  1.5325967652e+00  1.2447668802e+00  4.5432677447e+00  2.2210280170e+00  2.1303471138e+00  6.8921059457e+00 -7.5868328744e-02 -6.5217457321e-01  2.4670477490e+00  1.3066739162e+00  1.1293026284e+00  4.8152393751e+00 -9.8615441835e-01 -1.6493984642e+00  2.4754790838e+00 -1.0807429179e+00 -1.7991550790e+00  1.5459053498e+00  3.0835658679e-01 -1.2576878849e+00  2.0945562221e+00 -1.8690568894e+00  7.7437940753e-01  8.5052983524e-01 -2.1171125823e+00 -4.8696373049e-01
ENERGY -4.101891853253e+02
GRADIENT  8.3109197990e-06 -1.0565834646e-05 -1.7042352373e-05 -2.2354229487e-05 -8.6342328254e-06 -7.4359371600e-06  1.7110275088e-05  1.0346769552e-05  1.8447909114e-05 -1.0422758858e-05  3.6189471397e-05  2.7230367464e-05 -3.1428562408e-05  3.5877837844e-06 -9.5506982898e-06  1.5953091349e-03 -2.4348700206e-03 -9.8472015503e-04 -2.8536351617e-03  3.2325419269e-03  6.5615565740e-04  3.4628653871e-03 -2.8484293853e-04  2.5694707741e-03 -2.1654214424e-03 -5.2033674385e-04 -2.2444042760e-03  4.8855995105e-07  1.7177301741e-06  4.2637598184e-07  1.8320615368e-06  2.7617873730e-06 -2.8966252469e-06  2.9109187779e-07 -2.7580978038e-07 -2.0260087208e-06 -1.3778732257e-06 -2.2169545412e-06 -2.7637949828e-07  8.9687652090e-06 -4.7117717261e-06  7.1705254348e-07  8.2191570095e-06 -2.3640106722e-06 -2.4193712446e-06  8.0868315359e-06 -2.2828779281e-06  1.3448182320e-06  6.8960555994e-06 -4.1265014009e-06 -3.7377132700e-06  3.5498863658e-06 -2.9816311884e-06 -9.5616788462e-07

JOB 18
COORDS  5.8684332167e+00  1.1125722371e+00  7.9871758070e-01  4.6238911045e+00  1.4908303433e+00  1.3171703167e+00  5.9235719149e+00  2.2765571314e-01 -2.8129203551e-01  3.4474511775e+00  9.8733834076e-01  7.5780410748e-01  4.7420777814e+00 -2.7614079904e-01 -8.3843472760e-01  3.4920114423e+00  9.5744428535e-02 -3.2727304526e-01  2.2112036396e+00 -4.6602818130e-01 -9.0595841660e-01  1.4242866425e+00 -1.3561990043e+00  6.9055952760e-02  2.9682588876e-01 -6.6432578420e-01  5.5765051151e-01  6.7844701215e+00  1.5054601665e+00  1.2323103023e+00  4.5714225858e+00  2.1812916239e+00  2.1553197226e+00  6.8847235667e+00 -7.1602696449e-02 -6.9184072332e-01  2.4833133323e+00  1.2857331176e+00  1.1643134550e+00  4.7951322101e+00 -9.6479195562e-01 -1.6793489034e+00  2.4461035107e+00 -1.0428429437e+00 -1.8063642583e+00  1.5378415496e+00  3.3880145196e-01 -1.2194037441e+00  2.0241551861e+00 -1.6494943723e+00  9.3438872081e-01  1.0389078142e+00 -2.2515593285e+00 -4.2790665123e-01
ENERGY -4.101871315805e+02
GRADIENT  1.3325469907e-04  5.6351893133e-05  6.0416381097e-05  2.5925482559e-06 -6.6756724266e-05 -9.0617621923e-05 -1.5707786077e-04  5.6922790642e-05  6.7906171148e-05 -8.3698238998e-05  9.9158119684e-07  3.6981967985e-05  1.0974755314e-05 -1.1111979810e-04 -1.3295344571e-04  1.3555645984e-03 -1.9992933155e-03 -8.0563974296e-04 -2.2113613439e-03  2.5445432275e-03  5.5792330128e-04  2.4376541919e-03  4.4575981588e-04  2.3568130480e-03 -1.4776239376e-03 -9.3285374211e-04 -2.0326601981e-03  1.2399205899e-05  1.0616665088e-05  1.1292799766e-05  3.8206463236e-06 -5.3706471079e-06 -1.3152590884e-05 -1.5234313627e-05  5.5893425078e-06  9.6940590557e-06 -1.0063088191e-05  5.5143375115e-06  1.5466140647e-07  4.0215771003e-07 -1.2645972646e-05 -1.3565121216e-05  2.4390802383e-05  5.4152424582e-06 -3.7779389222e-06 -4.2007076685e-06 -1.2655061322e-05 -9.3507875713e-06  1.7296448113e-05 -8.9112355870e-06 -3.2669915300e-06  2.5688371589e-06  1.1445263241e-05 -5.5680620299e-06

JOB 19
COORDS  5.8519717638e+00  1.0670910933e+00  7.9107742372e-01  4.6258762538e+00  1.4981255351e+00  1.3123019835e+00  5.8677482659e+00  1.6505174037e-01 -2.7602993117e-01  3.4282883554e+00  1.0283529820e+00  7.6868661661e-01  4.6645146945e+00 -3.0311693014e-01 -8.1729754081e-01  3.4319823601e+00  1.2049451838e-01 -3.0331131273e-01  2.1276533171e+00 -4.0769598986e-01 -8.6065722466e-01  1.4058558045e+00 -1.3875162548e+00  8.5116003742e-02  1.3122210565e-01 -8.8967047025e-01  4.2182318481e-01  6.7845853127e+00  1.4337765906e+00  1.2120099031e+00  4.6043082851e+00  2.2036804202e+00  2.1391424748e+00  6.8144521208e+00 -1.7388176771e-01 -6.8927409316e-01  2.4789660533e+00  1.3694294771e+00  1.1771904110e+00  4.6858634674e+00 -1.0038882350e+00 -1.6495233606e+00  2.3043407760e+00 -8.8474313387e-01 -1.8292143540e+00  1.4343142927e+00  4.2007270963e-01 -1.0413501301e+00  1.9514325183e+00 -1.5181413535e+00  1.0231609143e+00  1.2467781496e+00 -2.3648735394e+00 -3.7951608692e-01
ENERGY -4.101861774789e+02
GRADIENT -2.0856227141e-05 -1.5956563733e-05 -1.7609748518e-05 -1.8093042028e-05  1.3439365024e-05  1.1741263406e-05  4.1805837527e-05 -7.2321916980e-06 -2.7980934206e-06  2.2496056141e-05  1.9641018967e-05  1.2773688533e-05 -2.2763355834e-05  3.8557447541e-05  3.5033924461e-05  3.5819046645e-05 -1.0830066242e-04 -7.4599324930e-05 -7.9292436494e-05  9.2155535705e-05  7.2486640332e-05  7.9046650120e-05  2.1994557120e-05  4.8988305975e-05 -4.0612561359e-05 -3.0621557347e-05 -5.9957560799e-05 -2.8129161850e-06 -5.3464819665e-07 -2.5966195892e-06 -1.1233597686e-06  4.5535137122e-06  2.0242047972e-07  3.5767582819e-06 -1.1929218884e-06  5.0806448889e-07  6.7693644875e-07 -2.5066169439e-06 -5.9628874451e-06  2.3449684954e-06 -1.6247662387e-06  5.8073211621e-06 -2.5472952045e-06 -7.2037128877e-06 -1.2984827030e-05  2.8413947515e-06 -5.8518775203e-06 -2.0122487146e-05 -4.5435355459e-06  3.3439788700e-06  1.5769924188e-07 -1.1273681272e-06  8.7080349383e-07 -6.6047168059e-08

JOB 20
COORDS  5.9030066309e+00  1.0660072488e+00  8.1082986543e-01  4.6826336727e+00  1.5344887582e+00  1.3121325781e+00  5.9079020049e+00  1.4566905051e-01 -2.4099076716e-01  3.4794239090e+00  1.0828890429e+00  7.6483348837e-01  4.6995225947e+00 -3.0309787448e-01 -7.8626299254e-01  3.4718501955e+00  1.5805835939e-01 -2.9180605223e-01  2.1619306144e+00 -3.5437900465e-01 -8.5083499574e-01  1.5023628829e+00 -1.4153342430e+00  4.8496108659e-02  1.2649949197e-01 -1.1482184360e+00  1.8508111628e-01  6.8398519553e+00  1.4186053030e+00  1.2343584342e+00  4.6695217779e+00  2.2551112863e+00  2.1260118948e+00  6.8504064541e+00 -2.2150782471e-01 -6.3939605993e-01  2.5349466827e+00  1.4545332515e+00  1.1578272637e+00  4.7117828003e+00 -1.0166031465e+00 -1.6077936530e+00  2.3016001683e+00 -7.4361680332e-01 -1.8633727347e+00  1.4489716700e+00  4.7331354627e-01 -9.2407453719e-01  1.9243448843e+00 -1.3929354876e+00  1.0569142734e+00  1.5968441342e+00 -2.4262008674e+00 -3.5862030538e-01
ENERGY -4.101870489406e+02
GRADIENT -3.2862855096e-07 -3.1337900093e-06 -1.9267840532e-06 -3.4555569390e-06  3.5514625218e-06  3.4081005888e-06  2.0097126565e-06  2.8561223326e-07  2.3129033223e-06  9.3665940935e-06 -1.8131907413e-06  7.8634954789e-06 -4.9846990246e-06  9.1776174237e-06  3.6405265896e-06 -1.1767275912e-03  1.7202854765e-03  1.1574616098e-03  1.7759891033e-03 -1.9154990391e-03 -9.7123478364e-04 -1.0894732719e-03 -1.2104459045e-03 -2.2353453868e-03  4.7898075255e-04  1.4238415817e-03  2.0418490512e-03  6.1611630973e-07 -2.6543383856e-06 -1.8400802366e-08  2.1736938954e-06 -7.8530723182e-07  1.5013762729e-06 -5.3819308140e-07 -1.7131179752e-06  5.1728474111e-08  2.7968895027e-06  1.7846903882e-06 -1.2841091244e-06 -1.7703125947e-06  1.5706638120e-07 -7.1208902066e-07 -2.6110677921e-06 -9.5708874682e-06  3.0334237184e-07  8.7487196865e-06  4.9520968734e-06 -1.1100826545e-05 -4.1080723731e-06 -4.3286247137e-06 -1.1074325384e-07 -2.1295096693e-06  9.8364914201e-07  1.5866824335e-06

JOB 21
COORDS  5.8969439770e+00  1.0270782952e+00  7.9400697934e-01  4.6971056846e+00  1.5452013803e+00  1.2951169393e+00  5.8607885141e+00  8.9913083207e-02 -2.4262622043e-01  3.4735912090e+00  1.1276666565e+00  7.6512609150e-01  4.6333870270e+00 -3.2459227162e-01 -7.7117424594e-01  3.4257048498e+00  1.8750773679e-01 -2.7608617210e-01  2.0961559666e+00 -2.9425069122e-01 -8.1514544674e-01  1.5033721187e+00 -1.4173116240e+00  4.4282102871e-02  9.7727466425e-02 -1.3765566181e+00 -1.2794536758e-02  6.8487482198e+00  1.3542994811e+00  1.2043893257e+00  4.7154756038e+00  2.2791660534e+00  2.0968103310e+00  6.7866671215e+00 -3.1597435430e-01 -6.4238927555e-01  2.5460413865e+00  1.5390889362e+00  1.1588212274e+00  4.6140978215e+00 -1.0502855430e+00 -1.5818791039e+00  2.1864679275e+00 -6.1725209802e-01 -1.8564726793e+00  1.3743283331e+00  5.2891770327e-01 -7.9412257276e-01  1.7759570970e+00 -1.2848293256e+00  1.0954408197e+00  1.8201311472e+00 -2.4109979297e+00 -2.8668913290e-01
ENERGY -4.101891291063e+02
GRADIENT  4.6593834241e-04  1.5087427460e-04  1.9063262441e-04 -6.0251626033e-05 -4.3756197774e-04 -4.8416398516e-04 -1.0827199545e-04  4.8861744310e-05  7.4413063253e-05 -2.8180659220e-04  2.3715675254e-04  1.6146589497e-04 -5.7058522171e-05  1.0770572114e-04  9.5095058146e-05 -1.5076090823e-03  2.1256159228e-03  1.7857315961e-03  2.1175227149e-03 -2.3407391739e-03 -1.5365061630e-03 -4.2999470429e-04 -2.0530940133e-03 -3.0453784458e-03 -9.5276363723e-05  2.1644097489e-03  2.7844237190e-03  6.8166600272e-05  2.8747194573e-06 -1.0719690356e-05  1.2884760715e-05 -4.4876434310e-05 -5.3178208962e-05  5.1997677837e-06  3.5976003406e-05  2.7783963315e-05 -6.5099879386e-05 -2.4884789727e-05 -1.2882670626e-05 -3.9333431895e-06 -1.3630780574e-06  1.2555755163e-05 -2.1343679542e-05  6.1464712774e-05 -5.2363152921e-05 -7.4348093964e-06 -3.8647612001e-05 -8.6087570257e-06 -5.0270718962e-05  2.2038896346e-05  9.2338753748e-06  2.3304877139e-05 -1.4257934037e-05  4.2618964856e-05

JOB 22
COORDS  5.9055109663e+00  1.0022578248e+00  7.8769245308e-01  4.7173014497e+00  1.5311755492e+00  1.3040576440e+00  5.8502262523e+00  7.2704945681e-02 -2.5541544425e-01  3.4856620962e+00  1.1295835473e+00  7.7992576458e-01  4.6148947991e+00 -3.2583255138e-01 -7.7655542039e-01  3.4178052691e+00  1.9788084426e-01 -2.6749865070e-01  2.0783818478e+00 -2.6666542976e-01 -7.9702259502e-01  1.5153129448e+00 -1.4035188530e+00  5.3985558019e-02  1.5052627094e-01 -1.5852234231e+00 -2.3268183629e-01  6.8646832950e+00  1.3154986624e+00  1.1917267498e+00  4.7506129354e+00  2.2589014266e+00  2.1109692024e+00  6.7684514521e+00 -3.4004306525e-01 -6.6560696934e-01  2.5660621421e+00  1.5498668641e+00  1.1828438524e+00  4.5801914244e+00 -1.0461094845e+00 -1.5915681707e+00  2.1557062017e+00 -5.8950818401e-01 -1.8394830866e+00  1.3572157385e+00  5.5719196905e-01 -7.6231843709e-01  1.5891780687e+00 -1.1649716294e+00  1.1194971109e+00  2.0249973713e+00 -2.3531311759e+00 -1.3769550143e-01
ENERGY -4.101911387383e+02
GRADIENT  9.9488142130e-05  1.7168206637e-05  3.2090291435e-05  2.2598404336e-05  1.0951317726e-04  1.2198457109e-04 -2.7535441841e-04  1.3950491554e-04  8.1624380767e-05  7.8410818952e-05 -1.3441016425e-04 -5.2398163249e-05  4.2824405718e-05 -1.1727219464e-04 -1.9186608062e-04 -9.8397220516e-04  1.5006960396e-03  1.2762439236e-03  1.2912820377e-03 -1.8291686140e-03 -1.3669670881e-03  2.9542455330e-04 -1.4855360659e-03 -1.6766304494e-03 -5.2346964159e-04  1.5578564807e-03  1.5996232075e-03 -7.4603021796e-06  2.4543296522e-05  2.8028445252e-05  1.5638763882e-05  1.5519902732e-05  6.6982911188e-06 -3.0385360145e-05  9.8142860105e-06  5.5790589511e-06  2.1368560947e-05  1.5486101525e-05  2.8538370293e-06 -3.3797512335e-05 -1.9583349206e-05 -7.1450563886e-08 -9.1135187481e-05 -2.6604921598e-07  1.3892502910e-04 -1.3573129668e-05  2.0489178364e-04  4.3653011287e-05  8.4731864065e-05  8.3834278724e-05 -8.0063480816e-05 -1.6890515696e-05 -7.7757754948e-05  2.1764283142e-05

JOB 23
COORDS  5.9140843851e+00  9.7864562956e-01  7.7524177553e-01  4.7409432682e+00  1.5313888340e+00  1.2998896448e+00  5.8323202203e+00  4.6460396490e-02 -2.6434495158e-01  3.4966254794e+00  1.1521000339e+00  7.8798492391e-01  4.5853325059e+00 -3.2973377652e-01 -7.7278026109e-01  3.4025085242e+00  2.1873876318e-01 -2.5542539278e-01  2.0519071436e+00 -2.2692639611e-01 -7.7192567728e-01  1.5240209651e+00 -1.4014564333e+00  4.6271713139e-02  2.6971081165e-01 -1.8025144480e+00 -4.4649120988e-01  6.8826042128e+00  1.2749016899e+00  1.1696852259e+00  4.7953556022e+00  2.2603185784e+00  2.1045394849e+00  6.7389414734e+00 -3.8458650218e-01 -6.8146666862e-01  2.5887021016e+00  1.5912861035e+00  1.1970306220e+00  4.5296918410e+00 -1.0520861154e+00 -1.5848802095e+00  2.1205079724e+00 -5.3435527212e-01 -1.8203027011e+00  1.3267771758e+00  5.9151954875e-01 -7.1617721900e-01  1.3908239074e+00 -1.1277799639e+00  1.0978055371e+00  2.1931940953e+00 -2.2654669944e+00 -1.7854267935e-02
ENERGY -4.101919402191e+02
GRADIENT  1.2905585073e-04  3.7428896720e-05  4.8607580104e-05 -1.4585480780e-05 -9.6879021172e-05 -1.1031785364e-04 -6.7490461133e-05  3.5924813135e-05  3.5471055526e-05 -1.0866728736e-04  1.6821139428e-05  9.8791667609e-05 -4.7395934564e-06  6.2867640447e-05 -4.1796806897e-05  8.1760108624e-05 -7.2136762177e-05 -5.8068736122e-05  1.4652550870e-05  2.5223198303e-06 -1.6631659298e-05 -1.6472125091e-05  9.1260873675e-06  4.9120149822e-05  6.5350704577e-06 -7.8862557416e-08 -1.0279707578e-05  1.7344228849e-05  1.6248058466e-06  8.4951690593e-07 -1.4198666767e-08 -1.0507757613e-05 -1.1486046832e-05 -2.6581944274e-06  9.5446613016e-06  9.9978872614e-06 -7.4394234472e-06  1.1173199707e-05  1.5188165103e-06 -1.0483315430e-05 -1.2941684084e-05  5.9044830573e-06 -4.6556818051e-06 -3.2856833346e-05  3.1370286954e-05  8.1432830691e-06  2.5159027161e-05 -2.4349623587e-06 -4.4068662720e-06  1.4002017271e-05 -1.0184897402e-05 -1.0380070168e-05 -1.0623806212e-05  9.0086926440e-06

