JOB 0
COORDS -4.5284549850e-01 -1.7051967868e+00  1.5207150482e-01 -1.4911461297e+00 -2.6257524928e+00 -4.5681161662e-01  1.4462398414e-01  4.8049688062e-01  2.1514688857e+00 -1.0760784132e-01 -2.0127480721e+00  1.6020308361e+00  1.1038473149e+00 -1.1971842792e+00  3.5190584884e+00  5.0037471082e-01 -9.2237962560e-01  2.3528071820e+00  8.1229886607e-02 -8.1265911390e-01 -4.8432570906e-01  1.2176349064e+00 -2.3987900333e+00  3.7811747581e+00 -2.4847751467e+00 -2.3404886928e+00 -9.0096564748e-02 -1.4744131508e+00 -2.5354912217e+00 -1.5436949140e+00 -1.3259818704e+00 -3.6669367841e+00 -1.5993527083e-01 -9.4213646477e-01  6.1503689960e-01  2.2161532226e+00  6.2236200047e-01  1.0459774390e+00  2.9520527043e+00  4.9081723973e-01  8.2719501341e-01  1.1787221033e+00  5.9454812397e-01 -2.8554086061e+00  1.6060919309e+00 -9.9848873517e-01 -2.3802127931e+00  2.1313114172e+00
ENERGY -4.171915612790e+02
GRADIENT -1.6255547290e-03  5.5832263348e-04  5.3832022866e-04  1.7771301580e-05 -1.1189432993e-05 -1.9477816268e-05 -1.3712715870e-05  2.5285997581e-05 -2.7968714139e-05  1.4366882985e-03 -7.3006383956e-04 -3.0904768814e-04 -1.9108504500e-03  3.2713980860e-04  9.4838970835e-04  2.0186557509e-03 -1.4059325501e-04 -1.1603022384e-03  7.0743319668e-06 -7.0779962409e-06  6.8415961767e-06  4.6166532087e-05 -5.5047221973e-05  3.0022714057e-05  2.1745646690e-06  1.3648040249e-05 -6.2949888141e-06  4.9019801436e-06 -1.0572032781e-05 -3.4936778533e-06 -5.7159719795e-06  6.1281707409e-06  1.0192062844e-05  2.5532030578e-06 -3.1900104242e-06  5.6100186082e-06  3.4755962382e-06 -5.1717907716e-06 -8.1061049622e-06 -2.0319994719e-06  2.7548270273e-06 -6.8606993157e-06  3.4341913024e-05  1.0166925839e-05  8.2773525795e-06  3.0555722697e-05  2.5195945494e-06 -5.2138529352e-06

JOB 1
COORDS -4.0883944081e-01 -1.7339966630e+00  1.5651353827e-01 -1.4431451561e+00 -2.6292948936e+00 -4.9543121867e-01  1.0718658997e-01  4.8305503866e-01  2.1992953526e+00 -1.9685241522e-01 -1.9829659588e+00  1.6440788648e+00  1.2510228530e+00 -1.1932507002e+00  3.4236592420e+00  4.8814104348e-01 -9.1655155587e-01  2.3539396790e+00  2.1527789798e-01 -8.9256619559e-01 -4.6680582278e-01  1.4285055061e+00 -2.3917851056e+00  3.6569763500e+00 -2.4466462346e+00 -2.2864060785e+00 -2.1535244314e-01 -1.3426384679e+00 -2.5815075540e+00 -1.5805022435e+00 -1.3490812191e+00 -3.6649186671e+00 -1.5175960790e-01 -9.6561098932e-01  6.1104956149e-01  2.3912650517e+00  6.7236962915e-01  1.0544361746e+00  2.9363535891e+00  3.3955323785e-01  8.3073217535e-01  1.1925806774e+00  4.0569798155e-01 -2.8913809208e+00  1.7610092808e+00 -1.1627648343e+00 -2.2027629172e+00  2.1231007757e+00
ENERGY -4.171927347844e+02
GRADIENT -1.5549060481e-03  6.2982039792e-04  3.3173034982e-04  2.3553163500e-06  3.4799131017e-05 -4.2803576423e-05  1.8715238198e-06 -2.0530442076e-05 -1.7461001144e-05  1.5321595679e-03 -6.3601228523e-04  1.8670797292e-04 -1.5180869241e-03  1.7705021973e-04  1.1473631786e-03  1.4775979219e-03 -1.4637695720e-04 -1.6403238491e-03  3.9936918533e-07 -1.3241990480e-05  1.3200598371e-05  3.7902934353e-05  2.1910316832e-05  3.2538069314e-05 -1.1543980307e-06 -1.8408534193e-05 -8.4469983560e-07 -2.5262953464e-05 -8.4120152550e-06 -7.5906650771e-06  1.8501890304e-05  1.8944279393e-06  4.0556160609e-07 -1.7146759111e-06 -3.6552335998e-06 -3.6380619799e-06 -1.3496737340e-05  1.1279924734e-05  1.8739995746e-06  1.7968392814e-05  2.6002425115e-05  6.5206785519e-06 -2.4360007023e-05 -5.9620131885e-05 -1.7638027121e-05 -2.4079215567e-06 -2.7219468746e-05 -1.6596060890e-05

JOB 2
COORDS -3.8036624681e-01 -1.7891491409e+00  1.5384024190e-01 -1.3952458268e+00 -2.6857372352e+00 -5.2612187068e-01  8.9697205450e-02  4.7590580976e-01  2.2254541593e+00 -2.7569833828e-01 -1.9689055883e+00  1.6652539407e+00  1.3831915557e+00 -1.2102618727e+00  3.2835352362e+00  4.6771103824e-01 -9.2540876175e-01  2.3439128490e+00  3.0261018496e-01 -9.8707008507e-01 -4.5851949305e-01  1.6201206619e+00 -2.4079338520e+00  3.4584711774e+00 -2.4045806584e+00 -2.3048859130e+00 -3.2783851322e-01 -1.2239051088e+00 -2.6877370110e+00 -1.6033817668e+00 -1.3527885644e+00 -3.7074719116e+00 -1.3435926799e-01 -9.5717811461e-01  6.1557695648e-01  2.5226417669e+00  7.3233608850e-01  1.0453738385e+00  2.8978461461e+00  2.2658006034e-01  8.1913359449e-01  1.1986242439e+00  2.3783387710e-01 -2.9145067125e+00  1.8748611885e+00 -1.2854151352e+00 -2.0608572306e+00  2.0919412517e+00
ENERGY -4.171937440097e+02
GRADIENT -1.1138680297e-03  6.4445071791e-04  1.4394873898e-04  2.5010260417e-06  3.7476420418e-06 -1.0495502722e-05 -3.3641143849e-05 -2.3457506511e-05  5.8839096478e-05  9.6960557031e-04 -8.6221268951e-04  3.3647230129e-04 -1.0376075885e-03  1.4109615091e-04  1.1141287984e-03  1.2094471589e-03  4.5248888980e-05 -1.5780145055e-03  1.1837649846e-05 -7.6408888162e-06  3.3504598001e-05 -6.7598045074e-05  4.0205318190e-05 -3.2692400593e-05 -4.9275008387e-06 -1.2672857758e-06  4.4916512256e-06 -7.7802489381e-06  3.4931997722e-07 -4.8640728345e-07  6.6151685379e-06  7.8107926736e-06  5.2601757558e-06 -8.1867004390e-06  6.9260611906e-06 -1.7265119747e-05 -1.2763702021e-05 -5.7342867981e-06  6.4148084468e-06  1.7542889976e-05  1.3290156706e-05 -2.5575182253e-06  1.8403623310e-05 -1.6129035319e-05  1.6829745062e-05  1.5259166768e-05  1.3034675554e-05 -5.9566138763e-06

JOB 3
COORDS -3.9635386405e-01 -1.8202739456e+00  1.9891684583e-01 -1.3735638840e+00 -2.7363683826e+00 -5.0917784010e-01  5.2027756580e-02  4.8852079147e-01  2.3040355996e+00 -3.9202896922e-01 -1.9333520695e+00  1.7238064391e+00  1.4423808075e+00 -1.2312507947e+00  3.1762335185e+00  4.0043391397e-01 -9.2107181227e-01  2.3896477280e+00  3.3056155223e-01 -1.0452404806e+00 -3.9618610965e-01  1.7123741362e+00 -2.4313819865e+00  3.2648253208e+00 -2.3960319363e+00 -2.3729794833e+00 -3.4982987636e-01 -1.1626904956e+00 -2.7454225640e+00 -1.5793597716e+00 -1.3262635037e+00 -3.7540273430e+00 -1.0730709415e-01 -9.6248831056e-01  6.5482704647e-01  2.6860325953e+00  7.6346183513e-01  1.0407443653e+00  2.9192724964e+00  1.1455755990e-01  8.3171949793e-01  1.2688734114e+00  2.8166726433e-02 -2.9052192910e+00  2.0063867295e+00 -1.4276641729e+00 -1.9089200786e+00  2.0907433325e+00
ENERGY -4.171944750919e+02
GRADIENT -6.7987802346e-04  5.0284578352e-04  5.9688574580e-05 -3.2927552436e-06  6.7088275966e-06 -1.1093767778e-07 -3.3033424622e-06  1.4002193055e-05 -5.0571313220e-06  6.6975568812e-04 -7.3091676210e-04  3.0145070502e-04 -6.4603465360e-04 -5.1769943464e-05  8.2761269754e-04  6.7251595401e-04  2.9464229938e-04 -1.1640965925e-03  1.8168604315e-05  1.3633895830e-05 -3.4771205003e-06 -1.1084232853e-05 -1.6922620898e-06 -5.0571508968e-08  4.8369891200e-06 -1.8557341572e-06  3.5006488728e-06  9.9136903180e-06  1.2593240514e-05  2.5746134276e-06  1.1915698359e-05  2.7701273737e-06 -3.3104126855e-06  3.2979133635e-06  9.8537419793e-07  1.5567193622e-05  5.0003553754e-06 -2.3815855704e-06  3.6700513532e-06 -4.4373478644e-06 -2.7761943013e-06  1.0347136983e-05 -8.5347055224e-06 -5.7060651610e-06  1.0009276245e-05  5.0747725862e-06 -5.8998332142e-06  7.4937533722e-06

JOB 4
COORDS -7.1927689974e-01 -1.8089603795e+00  1.8978938926e-01 -1.5589042865e+00 -2.8708947911e+00 -4.8805520038e-01 -3.2167532099e-02  5.1014117508e-01  2.3555177800e+00 -7.5597819812e-01 -1.8289464793e+00  1.7229103202e+00  1.3168318974e+00 -1.3673797576e+00  2.9206102823e+00  1.9058739876e-01 -9.2691165089e-01  2.3430032837e+00 -5.7232127707e-02 -9.9453792614e-01 -4.2698901068e-01  1.5041771557e+00 -2.5863060252e+00  2.8661043528e+00 -2.5402560902e+00 -2.9708393186e+00 -1.2271376500e-02 -1.6747661036e+00 -2.6373996786e+00 -1.5473976236e+00 -1.0521382870e+00 -3.8384597612e+00 -3.8935774193e-01 -9.6140666218e-01  7.4857595383e-01  2.8864106470e+00  8.0931820783e-01  9.6951133603e-01  2.8757270291e+00 -8.5552934607e-02  8.9169925020e-01  1.3328181388e+00 -5.4286554955e-01 -2.8398995183e+00  2.0819508767e+00 -1.7732139069e+00 -1.5669491104e+00  2.0427043640e+00
ENERGY -4.171950316180e+02
GRADIENT -5.9302457206e-04  5.7156548392e-04 -1.8215222326e-05  1.3954533167e-06  3.1077490960e-05 -3.4641293259e-05 -1.3837938641e-05 -5.7253031585e-05  3.0555072230e-05  6.7388406873e-04 -1.0009334522e-03  5.4223688738e-04 -6.6022495070e-04 -1.5316164859e-04  9.7718202098e-04  5.7859087379e-04  5.6641720606e-04 -1.4564475416e-03 -3.5847744995e-05 -1.2745958478e-05  3.2996295007e-05  1.3177788732e-04 -4.7863242647e-05  2.7972212014e-06  1.9889746916e-05  6.0713475551e-06  6.2753134895e-06 -3.4190644552e-06 -1.2458578683e-05 -8.4549458469e-06  9.6143266041e-06 -5.5069675009e-08 -1.1030304726e-06  1.9247253401e-05 -5.8349918077e-06  3.7644597018e-05  2.1969870438e-05  1.9264354012e-05 -2.5336340018e-05 -2.1253548749e-05  1.3821025232e-05  1.2640175994e-05 -2.0335841231e-05  4.2809607556e-05  6.8458745708e-06 -3.1753018983e-05  3.0708777346e-05 -2.1348184936e-05

JOB 5
COORDS -7.2897891553e-01 -1.8220796563e+00  2.1066751216e-01 -1.4894440001e+00 -2.9476602865e+00 -4.5420893363e-01 -1.1089681925e-02  5.2232625868e-01  2.4392436834e+00 -8.4021718624e-01 -1.7669281944e+00  1.7421527093e+00  1.3443138000e+00 -1.4134181777e+00  2.7345915014e+00  1.5919812727e-01 -9.1974135545e-01  2.3575886348e+00 -7.6010179931e-02 -1.0015308044e+00 -4.0703895841e-01  1.4972910706e+00 -2.6225011552e+00  2.5307865736e+00 -2.4923388747e+00 -3.0574510465e+00 -2.7105308499e-02 -1.5536792245e+00 -2.7759156795e+00 -1.5295789534e+00 -9.5569298995e-01 -3.8879001174e+00 -2.7084763731e-01 -9.0965937471e-01  7.6772882212e-01  3.0160135716e+00  8.6591918083e-01  9.3029689670e-01  2.9434023855e+00 -8.9950866445e-02  9.5108993852e-01  1.4360110087e+00 -7.5097016754e-01 -2.7739073893e+00  2.1572441118e+00 -1.8352373884e+00 -1.3811466994e+00  1.9943588909e+00
ENERGY -4.171956046893e+02
GRADIENT -5.0970927456e-04  6.5459352788e-04 -3.0649501759e-05  1.7735447697e-05 -4.1905356189e-06 -5.1871359793e-06  1.9397224217e-05  7.6961387997e-06  1.0730768909e-05  5.4353224211e-04 -1.0018065821e-03  6.0370043787e-04 -4.3231445024e-04 -1.7577717672e-04  9.7694115354e-04  3.9287665294e-04  5.8324283909e-04 -1.4829549144e-03 -6.0476718358e-06  2.6194731623e-06 -9.2805657609e-06  3.9773152206e-06  1.1718128145e-05 -6.2202418943e-05 -1.1687226010e-05  1.7945310583e-06  9.4546064115e-07 -1.8906035464e-06  1.0313982145e-06  6.1051765930e-06 -1.6943604823e-05 -3.5452570806e-06  1.2029396450e-05 -1.8579436481e-05 -2.5741212698e-05 -2.3311501320e-05 -2.2990760506e-05  9.3549539666e-06  3.0741452995e-05  7.2294586604e-06  1.3953485637e-05 -1.6564409784e-06 -1.3956396909e-05 -1.0064300940e-05  1.4839940417e-05 -1.7106333136e-05 -4.3478444641e-05 -3.4622811299e-06

JOB 6
COORDS -7.6111400908e-01 -1.8206778770e+00  1.9361638674e-01 -1.3618331888e+00 -3.0645476117e+00 -4.1554125056e-01  7.6594497174e-02  5.1919595447e-01  2.5339635618e+00 -9.4034448094e-01 -1.6626921789e+00  1.7145042483e+00  1.3325146505e+00 -1.5055939318e+00  2.4936342894e+00  1.4662211416e-01 -9.1830148600e-01  2.3214070782e+00 -1.8388744643e-01 -9.6557174027e-01 -4.5273895930e-01  1.3758866800e+00 -2.6868659115e+00  2.1272519893e+00 -2.3833476483e+00 -3.2262333365e+00 -5.2492559198e-02 -1.3560134219e+00 -2.9944276798e+00 -1.5040893282e+00 -7.6516546756e-01 -3.9282485249e+00 -9.9719330987e-02 -7.4403085786e-01  7.6505664231e-01  3.2160840392e+00  1.0227968511e+00  8.3416902651e-01  2.9757790378e+00 -7.0836178272e-02  1.0346322175e+00  1.5799013260e+00 -1.0192715215e+00 -2.6418894385e+00  2.1927287529e+00 -1.8710099018e+00 -1.1130755427e+00  1.8894675426e+00
ENERGY -4.171961068903e+02
GRADIENT -3.0759690105e-04  4.1438775392e-04  5.1417284463e-05  6.8566412549e-05 -3.3586807207e-05  1.9828494505e-05 -2.1386814145e-05 -5.6609257580e-06  2.5464862540e-05  4.1751162483e-04 -5.3618547756e-04  3.9796270884e-04 -5.9816824790e-05 -4.4287521479e-04  6.3958021720e-04 -4.4311100815e-05  4.7771873810e-04 -1.1066254433e-03  4.0362422858e-05  4.2331692483e-05 -5.9523513057e-05  3.5460149849e-05  1.8267577398e-04 -1.1773573870e-05 -9.4962863011e-06  1.7651476548e-06  1.2708645400e-05 -1.3607617330e-05  2.2779105526e-05  6.6286400013e-06 -2.4221443986e-05 -8.4372968311e-06 -1.4264751577e-05  1.3217953558e-07 -3.7575804288e-06  1.8023348908e-05 -9.8441823951e-06  3.3947327642e-06  8.8671771159e-06 -2.4164790126e-05  1.4593167103e-05  1.0998220532e-05 -4.6279587376e-05 -3.3234926903e-05  1.1371212352e-05 -1.6867756166e-05 -3.6305215720e-05  3.2195110123e-06

JOB 7
COORDS -8.0180229631e-01 -1.8671827350e+00  2.0448460809e-01 -1.3066904954e+00 -3.1928025002e+00 -3.0961993867e-01  8.4258784628e-02  5.2243883580e-01  2.6105051095e+00 -1.0226324940e+00 -1.5862793376e+00  1.7045584300e+00  1.3095899038e+00 -1.4888877504e+00  2.2742050508e+00  1.1594569701e-01 -8.9958494002e-01  2.2981091242e+00 -2.8765333043e-01 -1.0192113065e+00 -5.0233668218e-01  1.2972380976e+00 -2.6344062354e+00  1.8029144265e+00 -2.3498899033e+00 -3.3522035509e+00 -1.1748787754e-02 -1.2200787411e+00 -3.2318241603e+00 -1.3962913747e+00 -7.1053844648e-01 -3.9938401304e+00  1.4023974740e-01 -6.8567324476e-01  7.2980563288e-01  3.3600996073e+00  1.0620827293e+00  7.9575559182e-01  3.0086881691e+00 -1.1714591278e-01  1.1049073993e+00  1.7055760586e+00 -1.2066984900e+00 -2.5191860559e+00  2.2447539430e+00 -1.8972858682e+00 -9.3893510796e-01  1.8098798881e+00
ENERGY -4.171958862828e+02
GRADIENT  6.7768504449e-04 -1.1077238588e-03  2.3721989334e-04 -6.7043854554e-05 -4.0358572011e-05  6.2425757614e-05 -4.0869715563e-05  7.9370194460e-05 -5.0992090913e-05 -9.2525782459e-04  1.9730689774e-03 -1.1341152991e-03  1.1351738139e-04  9.7851934265e-04 -1.4427622292e-03  1.3578055610e-04 -1.6647658763e-03  2.4484625840e-03 -3.6828569704e-05 -4.4444585905e-05  3.4659191114e-05  3.3604923950e-05 -1.9791976123e-04 -6.9933183796e-05  1.5284485150e-05  9.5586012545e-06 -2.3198811766e-05  3.4808753425e-05  1.4165138139e-05 -1.4002087405e-05  6.8340084369e-06  5.3918124186e-06 -2.3842395340e-05 -2.0022457115e-05  4.5511813130e-06 -1.1173161507e-05 -1.7010653008e-05 -3.3283306046e-05  1.6256331390e-05 -6.4321795241e-06 -1.1063960086e-05  2.7160130529e-06  3.9983491944e-05  2.7216404516e-05  2.3836395860e-05  4.0788681983e-05  2.5204830081e-05 -3.0309746944e-05

JOB 8
COORDS -7.9057943112e-01 -1.8895340178e+00  1.5847559958e-01 -1.2609704545e+00 -3.2628586768e+00 -2.5603585137e-01  7.5336648737e-02  4.9815410950e-01  2.7525585529e+00 -1.0699730494e+00 -1.4753355010e+00  1.6193752473e+00  1.2946231589e+00 -1.4343239925e+00  2.1080618828e+00  9.8774903503e-02 -8.7129843437e-01  2.2552296049e+00 -3.0608198296e-01 -1.0799275832e+00 -6.1255242946e-01  1.2688281562e+00 -2.5324255988e+00  1.5371673305e+00 -2.3379553056e+00 -3.3640897660e+00 -7.2072282827e-02 -1.0565776586e+00 -3.4197737546e+00 -1.3159031388e+00 -7.4857099015e-01 -4.0223931878e+00  3.4140692901e-01 -6.5927847810e-01  5.9640021172e-01  3.5576265274e+00  1.0688392877e+00  7.2865146609e-01  3.1383710576e+00 -1.7294187528e-01  1.1950769958e+00  1.9450007582e+00 -1.3965419083e+00 -2.3421758732e+00  2.2039093157e+00 -1.8693254203e+00 -7.3084580436e-01  1.6202451508e+00
ENERGY -4.171939797089e+02
GRADIENT  1.0967789555e-03 -3.4771798568e-03  1.1759753222e-03  1.3803428982e-05  1.2992886810e-05 -2.9371622691e-05 -8.6425949509e-06 -7.5962159538e-05  3.1289086993e-06 -1.1135208942e-03  6.0227722677e-03 -3.3306598826e-03  9.2913793577e-04  2.3762201726e-03 -3.8902170926e-03 -8.4935206454e-04 -5.0078657565e-03  5.9889139923e-03  8.6006987219e-06  2.0428730455e-07 -8.0880756134e-07 -1.7491509384e-05  1.4874992040e-04  7.5595172726e-05  1.7192970547e-06 -7.6681501703e-06  8.7241459794e-06 -2.9024772361e-06 -2.5483491487e-06  2.4376826659e-06  1.4473164000e-07  4.0194137052e-06  3.4413369270e-06  9.0985753067e-06  6.5710177380e-07  1.7449174987e-05  8.7281355784e-06  9.8147499222e-06 -4.0536000532e-06 -9.2472678175e-06  4.4920734355e-06  6.4821541439e-06 -3.1779501062e-05 -1.4523916429e-05 -7.8725020114e-06 -8.5419497283e-07 -7.7065412652e-06  7.3141839955e-06

JOB 9
COORDS -8.2845954535e-01 -1.8963457377e+00  1.0388772172e-01 -1.2302874650e+00 -3.3316053733e+00 -1.4664342941e-01  6.6266793087e-02  4.5281639906e-01  2.8935888060e+00 -1.1114999340e+00 -1.3230151560e+00  1.5110856725e+00  1.2889774065e+00 -1.3422657421e+00  1.9460849625e+00  9.2380455638e-02 -8.1868998541e-01  2.1815639384e+00 -4.5118614760e-01 -1.1414115158e+00 -7.7668054430e-01  1.2726651974e+00 -2.3778231039e+00  1.2694602687e+00 -2.3248324621e+00 -3.4113773825e+00 -1.1250934857e-01 -8.8492362027e-01 -3.6397559356e+00 -1.1343540938e+00 -8.1842382526e-01 -3.9923067554e+00  6.1960359128e-01 -6.4496272680e-01  4.0536334060e-01  3.7241108452e+00  1.0671882343e+00  6.3821332817e-01  3.2839400355e+00 -2.2054860144e-01  1.2669549648e+00  2.2191431203e+00 -1.5877023687e+00 -2.0796977893e+00  2.1457779204e+00 -1.7964727548e+00 -4.7983898132e-01  1.3975291779e+00
ENERGY -4.171909153584e+02
GRADIENT  6.8487497642e-04 -4.1657867968e-03  1.7739656067e-03  2.0768682107e-05  4.4075508582e-06  1.2291012691e-05  5.2205451705e-05 -7.2879349683e-05  2.2944746547e-05 -6.2847628447e-04  7.5574364930e-03 -4.4834789046e-03  8.1041892851e-04  3.6724719203e-03 -4.1647114378e-03 -9.6820313043e-04 -7.0773324872e-03  6.8124356725e-03  1.5483948858e-05  1.8964101806e-05 -1.1295546706e-05  1.1059476915e-05  2.2866718251e-05  1.7423670077e-05  3.9453000680e-06 -9.4179828483e-06  1.9021974181e-06 -1.1153642417e-05 -1.6324645320e-06 -6.8594566030e-06  1.0759187490e-05  8.2383799329e-06 -7.5448960934e-06  2.3413224292e-05 -2.6018812693e-06  2.5029267842e-05  1.1656278524e-05  2.3533744691e-05 -1.8432470793e-05 -1.7276101654e-05 -3.9589168604e-06  6.1041278499e-06 -1.0641475496e-05 -3.2083389222e-05 -3.4822327904e-05  3.3840588073e-05 -9.7374476892e-07  2.4922234589e-05

JOB 10
COORDS -1.2325372769e+00 -1.5664381582e+00  3.8819003880e-01 -9.2289274207e-01 -1.8524377470e-01 -1.5586089369e-01  1.3804127626e-01 -1.3283703267e+00  4.0063353170e+00 -1.2591324693e+00 -1.7624929026e+00  1.9121365645e+00  1.0708267548e+00 -1.3148203792e+00  1.7612975341e+00  6.4407561448e-03 -1.4314622720e+00  2.5546450637e+00 -1.5533191725e+00 -2.4903068191e+00 -3.3724459735e-01  2.1300745506e+00 -1.0848553323e+00  2.3519155452e+00 -1.2988644173e-02 -2.4008163578e-01 -7.5825593468e-01 -1.7440976994e+00  1.2162539608e-01 -8.1081699584e-01 -7.7556163657e-01  5.5908054356e-01  6.2999745307e-01  8.3351526008e-01 -2.0880030847e+00  4.3753853624e+00  5.3295896981e-01 -3.4589300056e-01  4.2807015686e+00 -8.4549190615e-01 -1.4751099605e+00  4.4530595394e+00 -1.5357202801e+00 -2.8026003240e+00  2.1130825819e+00 -2.0413726689e+00 -1.1092538793e+00  2.3215075689e+00
ENERGY -4.171900097492e+02
GRADIENT  3.7861367508e-04 -1.4650328508e-03  3.0660725033e-04  7.2999525670e-05  5.7827454965e-05 -1.5076728011e-04 -4.5292695171e-05 -1.4219775451e-05  1.6952847688e-04 -2.5367266878e-04  2.5497933757e-03 -9.4957007808e-06 -1.9299372469e-04  1.4977264548e-03 -2.7158211777e-04  4.0501175260e-04 -2.5860450878e-03  2.1107425923e-04 -7.7277346347e-05 -7.8161249994e-05 -2.0427712925e-04 -8.8976565310e-05 -4.3770551131e-05 -3.9906106410e-05 -1.5352895247e-05  1.7430295304e-05  2.6951039413e-05 -3.5911300729e-05 -4.9841545172e-05  6.3014211406e-05 -4.7966860106e-07  5.6573726300e-05  2.0951556508e-05  1.5832557188e-05  2.0310569870e-05 -4.2927819649e-05 -1.9059250594e-05  9.8918994557e-06 -2.2595814250e-05  2.3048377596e-06  7.9724470106e-06 -4.1150276423e-05 -1.0710002044e-04 -1.5862908445e-05 -3.8285952170e-05 -1.1738123358e-04 -2.9945264258e-05  4.7958170188e-05

JOB 11
COORDS -1.1989627743e+00 -1.7322003346e+00  4.4434552944e-01 -7.5868464214e-01 -4.0052827681e-01 -1.2953602601e-01 -5.9057962985e-02 -1.8475015522e+00  4.1451238706e+00 -1.3883439776e+00 -1.8384252618e+00  1.9682108689e+00  9.9113159263e-01 -1.7022903880e+00  1.9566138914e+00 -1.1786836639e-01 -1.8110947462e+00  2.6861484110e+00 -1.4982694501e+00 -2.6771567466e+00 -2.6243922116e-01  2.0354320909e+00 -1.6467209291e+00  2.6126263684e+00  5.0885967243e-02 -5.6985928108e-01 -8.4245863713e-01 -1.6033612612e+00  3.4957893004e-02 -6.7572000220e-01 -4.2295261257e-01  3.0182163714e-01  6.3578707279e-01  5.8171525363e-01 -2.6714063547e+00  4.4706133354e+00  3.6292165713e-01 -9.1527740878e-01  4.5338827959e+00 -1.0704474354e+00 -1.9880971130e+00  4.5274244552e+00 -1.9115507868e+00 -2.7765507078e+00  2.1749268682e+00 -2.0122153284e+00 -1.0010806917e+00  2.3105814980e+00
ENERGY -4.171890745081e+02
GRADIENT  1.4375319170e-04 -1.3467120295e-03 -1.0386325201e-04 -3.7059757550e-05  3.1197123670e-06 -4.3467335064e-05 -1.0597092120e-04 -1.0463325030e-05 -8.9896663504e-05 -4.7488228125e-04  2.5572033736e-03  2.5750628563e-04  2.7637516254e-04  1.6353181104e-03  3.2262962037e-05  3.0871403966e-04 -2.8559094464e-03 -6.8950415676e-06 -1.4672560806e-05  3.7442355909e-05 -1.5292076206e-05 -1.7140704048e-04  4.0310081085e-05 -6.6766745435e-05  3.0816073394e-05  1.9734093197e-05  2.8246968678e-05 -7.5520638932e-06 -7.6062935538e-06  7.7267433495e-06 -1.0579344247e-05 -1.8510473301e-05 -9.8959027049e-07 -7.7577961396e-06  6.3232047130e-06 -1.0692297994e-05 -8.5650684766e-06  1.5782367868e-05 -4.8018086759e-07 -1.5285571666e-05 -8.5055780292e-06  2.4178850523e-05  8.4365740610e-05  1.7790597064e-05 -6.0991715233e-05  4.9398266939e-05  2.8310865617e-06  2.7552020631e-05

JOB 12
COORDS -1.9593596480e+00 -9.9045048891e-01  7.1100286809e-01 -1.3377717647e+00  6.7666439793e-02 -1.7971754225e-01  1.1312366327e+00 -2.3966704518e+00  2.5826323409e+00 -1.0488211092e+00 -2.0855459783e+00  1.2882068984e+00 -7.9664983216e-02 -2.8988451529e-01  2.5077892979e+00  3.1695924265e-02 -1.5572923710e+00  2.1115672783e+00 -3.1607968274e+00 -1.0535690704e+00  8.9893363426e-01  8.2877868671e-01  9.9088594337e-02  3.2475147823e+00 -2.6792482340e-01 -8.4186536092e-02 -3.3950910449e-01 -1.8623863329e+00  6.4341721246e-02 -1.1401144712e+00 -1.4853716762e+00  1.0469907283e+00  2.8182542476e-01  1.0067904481e+00 -3.3953654655e+00  2.1636162919e+00  2.0902550133e+00 -1.9743836286e+00  2.2688273160e+00  1.1241551279e+00 -2.4456746710e+00  3.6755408211e+00 -6.1030900474e-01 -2.6369525875e+00  4.4563315467e-01 -1.6745294027e+00 -2.7738177520e+00  1.8655791329e+00
ENERGY -4.171900077032e+02
GRADIENT -6.6829566036e-04 -4.2733521350e-04  1.4183654760e-03  3.3953127305e-05  3.4405197586e-05 -7.1115093297e-05  1.8928729651e-06 -2.0911347897e-04  1.6446289110e-04  1.5542986700e-03  7.5395120598e-04 -1.9895922150e-03  4.5178831687e-04  5.3213354420e-04 -1.1202338449e-03 -1.0958144756e-03 -6.1818615196e-04  2.0073307493e-03 -2.8179078299e-04  4.7075043645e-05 -8.4327563590e-05  7.2286842601e-06 -1.4256925155e-04 -1.4718086857e-04  4.6617513913e-05  3.5539620282e-05 -2.7052305550e-05 -7.2153401664e-06 -6.8914711745e-05  3.8512547439e-05  8.3827666243e-06 -1.3270216640e-05  1.8083249640e-06 -9.8831775528e-06  2.2581506922e-05 -5.8690880211e-06 -1.7365565711e-05  9.4942582244e-06 -4.1865023931e-05  9.1576280024e-07  5.2638658313e-05 -1.6483968626e-05 -2.8954674157e-05 -1.1118419737e-04 -7.8223058327e-05 -3.9729999176e-05  1.1804736230e-05 -4.7204890167e-05

JOB 13
COORDS -1.9253995235e+00 -1.0378253085e+00  7.2513666716e-01 -1.2423541294e+00  1.7223309031e-02 -1.2101614931e-01  1.2427087097e+00 -2.3533954522e+00  2.5173631682e+00 -1.0555722964e+00 -2.0938001499e+00  1.4244304305e+00 -6.7419176548e-02 -3.1065832153e-01  2.6347927463e+00  8.6982326353e-02 -1.5412578528e+00  2.1410856074e+00 -3.1373080945e+00 -1.1291342178e+00  8.0045772635e-01  8.6204739381e-01  7.9200323475e-02  3.3468402045e+00 -2.1992416200e-01 -2.6078742690e-01 -3.9085943513e-01 -1.8403017393e+00  1.9249707684e-01 -1.0183935746e+00 -1.1960146022e+00  9.4906775741e-01  4.4941810374e-01  1.1948324843e+00 -3.2969119947e+00  1.9734806304e+00  2.1656567190e+00 -1.8229646414e+00  2.2701563493e+00  1.2407362236e+00 -2.5444795788e+00  3.5955623693e+00 -6.7549562056e-01 -2.7621258349e+00  6.4216934430e-01 -1.7002149082e+00 -2.6776266504e+00  2.0897809554e+00
ENERGY -4.171907872894e+02
GRADIENT -5.5570569033e-04  6.6363096598e-05  7.6794915603e-04  5.1893586194e-07 -1.5772355408e-05 -5.7658433193e-06 -8.0725232845e-06 -1.8772041223e-05  3.2381973787e-05  8.9032903247e-04  6.7533144275e-05 -1.4015273973e-03  4.4471097136e-04  3.9126024175e-04 -8.9454066853e-04 -7.8711972028e-04 -5.4677584781e-04  1.4562508336e-03 -1.3471744062e-05 -2.1506620349e-05 -3.1399340746e-05 -1.3968193109e-05  9.2209395787e-05  5.2599290323e-05  1.0846698484e-05 -4.1941578922e-06 -1.1038495382e-05 -5.6756313607e-07 -2.8748077563e-06 -5.6647712267e-07  9.3492251375e-06 -3.3109650174e-06 -5.6724920410e-07 -5.8439516693e-06  4.1567573208e-06 -1.5190949962e-05 -1.5456389834e-05  6.9493726965e-06  8.8731456751e-06 -1.8213189982e-05  3.1269758175e-06 -7.9040366975e-07 -1.1272679219e-06 -2.0474866874e-06 -2.5341679275e-05 -3.1168607717e-06 -1.7143215646e-05 -2.7946251736e-05

JOB 14
COORDS -2.0363266170e+00 -1.1781913017e+00  6.0646444387e-01 -1.3089527429e+00 -1.1630294440e-01 -1.8885477272e-01  1.2120185446e+00 -2.2707763701e+00  2.3234822511e+00 -1.2091965018e+00 -2.1433932743e+00  1.4716325267e+00 -2.3868658233e-01 -3.5563581590e-01  2.6749784635e+00 -3.8817334326e-02 -1.5465939467e+00  2.1036632419e+00 -3.2404715793e+00 -1.3455218264e+00  5.3723598999e-01  7.2388686751e-01  7.5603221651e-02  3.3155302672e+00 -3.1833276389e-01 -4.5572098811e-01 -5.0745198223e-01 -1.9153913471e+00  1.6354943333e-01 -1.0519336807e+00 -1.1621351984e+00  7.6543993580e-01  4.4221741238e-01  1.1962277071e+00 -3.1828305882e+00  1.7269640964e+00  2.0587555513e+00 -1.6452151877e+00  2.0299255015e+00  1.3302304844e+00 -2.5214990992e+00  3.3830035786e+00 -8.5901545302e-01 -2.9341972352e+00  8.0009933064e-01 -1.8798056438e+00 -2.5998231532e+00  2.2063933783e+00
ENERGY -4.171912826592e+02
GRADIENT -3.3778940224e-04  3.7216236859e-04  1.8645056205e-04 -1.2330262155e-06 -1.9991011695e-05  7.5055180324e-05 -2.9612824133e-04  1.8967153282e-04 -6.2449476721e-05  5.0573460188e-04 -3.5176617034e-04 -5.9469256394e-04  2.7070222213e-04  6.0960365733e-04 -4.6998771011e-04 -9.0751054027e-05 -5.4438918505e-04  9.5981889171e-04  7.3936765010e-05 -6.6588504683e-05  4.9128342005e-05 -1.6878318010e-04 -1.8791164982e-04 -6.0309739942e-05 -2.0017498178e-05 -2.3315399028e-05  4.1644260823e-06  1.6040465853e-05  3.8057073301e-05 -1.4558040662e-05 -4.8256338876e-07  2.5784821004e-06 -8.6684113452e-06  5.3594424246e-05 -2.3954790727e-05 -3.2599586168e-06  5.6105792874e-05 -3.0195923262e-05 -9.1523829938e-06  1.3553393578e-05 -2.7734506521e-05  2.0651794368e-05 -3.6973912571e-06  7.3196577513e-05 -4.0131661001e-05  1.1831743576e-05  1.7825813355e-05  9.5706434742e-06

JOB 15
COORDS -1.9145296458e+00 -1.2650250722e+00  4.8181925161e-01 -1.0623719933e+00 -1.6789372778e-01 -1.1508218069e-01  1.2168487240e+00 -2.1568057204e+00  2.1273797009e+00 -1.3033202305e+00 -2.1627570619e+00  1.5735412164e+00 -3.4221712545e-01 -4.6976621883e-01  2.9060162845e+00 -1.3780802563e-01 -1.6216926668e+00  2.2621311896e+00 -3.0536807556e+00 -1.4943131535e+00  1.1828662260e-01  6.7480431432e-01  3.2283247234e-02  3.3952079189e+00 -4.8879613814e-02 -5.2519345609e-01 -3.2811605068e-01 -1.5337626321e+00  2.0080485940e-01 -1.0269340680e+00 -9.6645430696e-01  6.5447354035e-01  6.0134618572e-01  1.1680215940e+00 -3.0965135168e+00  1.5779619399e+00  1.8599046779e+00 -1.4449198041e+00  1.5989375954e+00  1.6497234212e+00 -2.3259248687e+00  3.1167092024e+00 -1.0145172790e+00 -3.1020920689e+00  1.0960401867e+00 -2.0976854098e+00 -2.3936845971e+00  2.2878105936e+00
ENERGY -4.171918796827e+02
GRADIENT -9.3616485509e-04  6.0303720505e-04  1.0700893155e-03  1.8775649421e-05  1.6762598369e-05  1.3061370578e-05  2.7907621096e-05  2.2831010225e-05  2.9416479160e-05  1.5168900293e-03 -5.9436007568e-04 -2.0965465428e-03  5.2825380792e-04  8.8748065530e-04 -1.4392651632e-03 -1.1446607646e-03 -9.2615574855e-04  2.4536415255e-03 -3.6105940619e-06 -7.3528599001e-06 -2.2338507316e-05 -1.5168620314e-05  7.7424075152e-06  1.5175649405e-05 -8.6778357139e-06 -4.4948119158e-06 -1.0480632455e-05 -8.4131419662e-06 -3.3308072670e-06  1.8035108501e-06 -3.3046300201e-06 -7.1157152389e-06  7.7665913939e-07 -4.1667684339e-06  4.5206162758e-06 -5.8666550043e-06 -7.2733186169e-06  4.9300859118e-06  1.0150685506e-05 -9.5320481109e-06 -4.1473254409e-06  3.7250815771e-06 -9.9345726494e-06 -1.1824492939e-05 -9.9787006504e-06  4.5786136415e-06 -1.7091228961e-05 -1.0255441449e-05

JOB 16
COORDS -1.6922484342e+00 -1.4992813371e+00  3.1824403149e-01 -1.1029888734e+00 -1.5113172351e-01 -2.4866032522e-02  1.1920866272e+00 -2.1824069385e+00  2.0524319337e+00 -1.3307402565e+00 -2.1457983043e+00  1.6705777629e+00 -2.6476652573e-01 -4.4503299916e-01  2.9194422458e+00 -1.3780814734e-01 -1.6443352722e+00  2.3362698504e+00 -2.4742723644e+00 -2.0881783693e+00 -4.0738209265e-01  8.0051286659e-01  7.0799919064e-02  3.2687893910e+00 -8.6493292720e-03 -2.0042302645e-01 -4.8580792854e-02 -1.4790658919e+00  1.7020058495e-01 -9.9668194497e-01 -1.3635453304e+00  5.8397773402e-01  7.4359460964e-01  1.0772723423e+00 -3.1706272745e+00  1.6071897509e+00  1.7430199934e+00 -1.5256596940e+00  1.3692516789e+00  1.7638065581e+00 -2.2538638732e+00  2.9800284190e+00 -1.2511409071e+00 -3.2242379053e+00  1.5284089166e+00 -2.1860907672e+00 -1.9659129548e+00  2.3304410980e+00
ENERGY -4.171934207735e+02
GRADIENT -1.5519760404e-03  1.9613162634e-03  1.3331020030e-03 -5.0662647691e-06  1.6569008697e-05  4.9621974347e-06 -8.1201417117e-05 -4.0375578314e-05 -2.1941421234e-05  2.6036502611e-03 -2.2838848992e-03 -3.0411737633e-03  8.0423291732e-04  1.4661898026e-03 -2.7192967607e-03 -1.8304615506e-03 -1.0969257125e-03  4.4554728025e-03  1.5463535651e-05  1.9563717542e-06  6.3046717480e-07 -2.1180184162e-05 -7.9656753185e-06 -3.3973261512e-06  2.4336885785e-06  5.3556713648e-07 -4.4807108902e-06 -2.0567967812e-06  5.6726864168e-06  4.3541274163e-06  5.4222127452e-06  1.4205891612e-06  4.8263045511e-06  7.0436506835e-06 -8.3287849138e-07  9.0257941412e-08  5.0887689540e-06 -2.3161988218e-07 -6.3233727072e-06  4.3160304599e-06  4.4766129003e-06 -8.6581345037e-07  3.2920437588e-05 -9.4630510778e-07  4.2834238600e-06  5.3521801580e-06  7.0261503889e-06 -2.5347306419e-06

JOB 17
COORDS -1.6340225121e+00 -1.5662199309e+00  2.8896308055e-01 -1.1238975351e+00 -1.8071279189e-01 -3.6755062764e-02  1.1571768999e+00 -2.1411542787e+00  1.9847602181e+00 -1.3776040023e+00 -2.1058861981e+00  1.7075740669e+00 -2.7984327059e-01 -5.0294615120e-01  3.0621581182e+00 -1.6273065363e-01 -1.6257367327e+00  2.3420699161e+00 -2.2658204899e+00 -2.2478816648e+00 -4.9904825459e-01  7.9313502794e-01 -2.1651107618e-02  3.4362280478e+00 -2.8186988621e-02 -1.7572891824e-01 -6.0578346716e-02 -1.5078990110e+00  1.3028703930e-01 -1.0088946093e+00 -1.4208818119e+00  5.3278610356e-01  7.3900393037e-01  1.0246807635e+00 -3.0525153173e+00  1.4013310342e+00  1.7187740134e+00 -1.4017900794e+00  1.4034511713e+00  1.7279506252e+00 -2.3562294702e+00  2.8912998562e+00 -1.3882917637e+00 -3.1970936441e+00  1.6729125342e+00 -2.2183569749e+00 -1.7781705015e+00  2.3284626640e+00
ENERGY -4.171948516077e+02
GRADIENT -5.7599668682e-04  8.9755167672e-04  4.9193684985e-04  2.8695498484e-05  1.7593784019e-05  3.0401794625e-06  2.5789687379e-05  7.9386443092e-05 -1.3589923209e-05  1.0492794185e-03 -1.0358028648e-03 -1.1975478998e-03  3.3309328448e-04  8.0901508211e-04 -1.1852003318e-03 -7.3840285190e-04 -8.2328965767e-04  1.8772112988e-03 -3.0540983735e-05  6.9909470264e-06  7.2054687391e-06 -1.4539878260e-05 -5.4459882227e-06  2.0095577115e-05  8.5558557426e-06 -2.9173221526e-06  1.3760498824e-05  3.8915483820e-06  1.5654628092e-06 -3.6814815041e-06 -1.4712965565e-05 -5.3444714421e-06 -1.2013747400e-05 -2.5654750320e-06  4.6360882530e-06 -6.4788532117e-07  9.2981723165e-06  3.5259856168e-06  6.3511419689e-06  2.3443976841e-06 -1.8766186483e-05 -1.2772494819e-06 -2.5962221951e-05  1.0781655943e-05 -1.0683882861e-05 -1.6268332504e-05  1.7878375198e-05  8.8949746775e-06

JOB 18
COORDS -1.6705308196e+00 -1.5624749030e+00  3.3704809806e-01 -1.1458473155e+00 -1.9448132655e-01 -3.8771359429e-02  1.1082707214e+00 -2.1163630136e+00  1.9346855374e+00 -1.4373151284e+00 -2.0323627849e+00  1.7818865835e+00 -2.5592951325e-01 -5.9708598278e-01  3.2585945051e+00 -1.8430838556e-01 -1.5870664673e+00  2.3615223515e+00 -2.2848524042e+00 -2.2773298039e+00 -4.3511146487e-01  8.3821035126e-01 -2.0896456765e-01  3.6773726096e+00 -5.3803626966e-02 -2.2601816433e-01 -1.2854605227e-01 -1.5725757489e+00  1.1244056086e-01 -9.9442703181e-01 -1.3746668265e+00  5.4054068978e-01  7.3991046349e-01  9.3379420632e-01 -2.9003872700e+00  1.1971871896e+00  1.7231290555e+00 -1.3218212110e+00  1.5006310771e+00  1.6476297060e+00 -2.5246918145e+00  2.7939794433e+00 -1.5175557133e+00 -3.1223320361e+00  1.8083627376e+00 -2.2388562918e+00 -1.6127408864e+00  2.3991127466e+00
ENERGY -4.171952196310e+02
GRADIENT  3.0344143096e-05  8.6823081382e-06 -6.4348294049e-05 -1.1764463915e-05 -3.0938221531e-05 -6.8367264170e-06 -2.5107528208e-05  3.1198131015e-05 -3.3256638817e-05 -9.1231869381e-05 -7.0965891005e-05  2.0641739570e-05  8.4480653016e-06 -4.2129547615e-05 -2.1944261760e-05  3.2294344128e-05 -3.2924436878e-05  1.1473515276e-05  4.0262860488e-05  6.1605649663e-06  1.7971384183e-05  1.5919437465e-05  5.0704360513e-05  4.2913792925e-05 -1.2521560233e-06  7.8826521250e-06 -2.0852618045e-06  7.8506215805e-06  1.1711501974e-05 -4.5988730735e-06 -9.9357249384e-09  1.4469895727e-06 -2.6307275106e-06  8.3557816029e-06  6.2747333643e-07 -2.3776645881e-06  1.0692285842e-05  8.3140946582e-06  2.3147162962e-05  8.3874905870e-06 -1.2343895987e-05 -1.7426894702e-06  2.2726592386e-05  9.7639063670e-06 -4.3513775743e-06  1.8730774810e-05  3.6329959410e-05 -1.4400641132e-05

JOB 19
COORDS -1.5611625387e+00 -1.6211464556e+00  2.7878283693e-01 -1.0526609868e+00 -2.5923043471e-01 -1.4110641762e-01  1.1654432532e+00 -2.0598910699e+00  1.9053556534e+00 -1.3792293641e+00 -2.0147013491e+00  1.7510355379e+00 -2.3312379433e-01 -7.3060429326e-01  3.3882730385e+00 -1.3458494081e-01 -1.5494793372e+00  2.3332389785e+00 -2.1200790004e+00 -2.3875777410e+00 -4.8616666292e-01  8.4849177352e-01 -4.1976438994e-01  3.8930779556e+00  4.0853940804e-02 -2.7795882367e-01 -2.1430004768e-01 -1.4678093658e+00  3.2332608865e-03 -1.1150594696e+00 -1.3043016845e+00  5.0216359367e-01  6.0436762764e-01  1.0145024091e+00 -2.7187113336e+00  1.0494748333e+00  1.8257178593e+00 -1.2328496289e+00  1.6301929693e+00  1.6409154447e+00 -2.6123695112e+00  2.7217779355e+00 -1.4744141192e+00 -3.1025238721e+00  1.8280165143e+00 -2.1881516841e+00 -1.5559234165e+00  2.3296480363e+00
ENERGY -4.171948691589e+02
GRADIENT  4.2555174946e-04 -7.9795362982e-04 -2.7145840091e-04  7.4952993338e-06  1.4950263280e-06 -9.6603617236e-06  1.9760355023e-06  1.3378394912e-05  3.3915293236e-05 -5.7363466984e-04  7.7736408981e-04  6.6006959382e-04  9.5521862333e-05 -8.3776996237e-04  7.4880248538e-04  1.0152289666e-04  8.8168827195e-04 -1.1618357494e-03 -5.3992576330e-06  1.1387793988e-05  4.9366520392e-06 -3.8378835634e-05 -5.8819592662e-06 -2.0326213835e-05 -2.5042306558e-06 -2.8786568010e-06 -4.3688214972e-06 -8.5404596696e-07  4.1783443651e-06 -2.7361832528e-06  1.2989869133e-07  1.4404296848e-06 -2.4025633095e-06 -2.2050284782e-06  2.6787398614e-06 -2.8665664719e-06  6.4088952112e-07  1.1621558974e-06 -3.2558737318e-06 -1.0129055555e-06 -2.3478202701e-06 -1.9730634973e-06 -4.1954818425e-06 -1.2884933886e-06  2.5638212217e-06 -8.0650679234e-06 -1.1183851207e-05 -1.1746553704e-06

JOB 20
COORDS -1.5439457439e+00 -1.6353358500e+00  2.8848564119e-01 -1.0722380381e+00 -2.8238894534e-01 -1.9999342468e-01  1.1549674959e+00 -1.9882545272e+00  1.8716631285e+00 -1.3884832887e+00 -1.9341717330e+00  1.7835232645e+00 -2.0736145239e-01 -8.2467860744e-01  3.5135468877e+00 -1.2888504305e-01 -1.4642940589e+00  2.3357993803e+00 -2.0542458996e+00 -2.4640624181e+00 -4.4515341867e-01  8.8105564861e-01 -6.1726636464e-01  4.0524924739e+00  2.2579204700e-02 -2.6234188434e-01 -2.4352695377e-01 -1.4694072581e+00 -9.3977480073e-02 -1.1983316513e+00 -1.3728802085e+00  5.1165454721e-01  4.9129289577e-01  9.9422094912e-01 -2.5307150130e+00  9.3943165062e-01  1.8597270914e+00 -1.1690198070e+00  1.7103671054e+00  1.5835110011e+00 -2.6597520833e+00  2.6231146460e+00 -1.5125191707e+00 -3.0134416603e+00  1.9265892139e+00 -2.1851002695e+00 -1.4191392108e+00  2.3307928578e+00
ENERGY -4.171938272137e+02
GRADIENT  8.7905293923e-04 -1.8307902670e-03 -4.3326152006e-04  6.8498646938e-07  9.4947933075e-06  1.6248920898e-05  3.7106617214e-05  2.4786732206e-05  2.4824313605e-05 -1.1107260369e-03  1.7541859751e-03  1.0651830189e-03  3.4941715098e-04 -2.1243266650e-03  1.1270133317e-03 -1.5959201045e-04  2.1864087380e-03 -1.7773566448e-03  5.4003386322e-06 -7.1800162988e-06 -1.0390129224e-05  2.2314299353e-05  3.1791132132e-06  1.3504884730e-05  4.7439399935e-06  1.3715170355e-06 -9.5378983803e-07  3.7995048821e-06  8.8433655369e-07  1.5649492891e-06 -6.7274357340e-07 -3.9599333466e-07  5.2981012418e-07 -1.8137290233e-06 -3.0520689544e-06  4.9827592777e-06 -7.6888686344e-07  3.8253686257e-07 -3.2729723841e-06  1.8643477113e-06  1.0752155346e-05  6.7739808324e-06 -7.9020892125e-06  2.6026576618e-06 -6.4219945060e-06  8.4705804926e-07  3.5589928283e-06  4.6948162800e-06

JOB 21
COORDS -1.1192266644e+00 -1.5862936148e+00  5.4682903765e-01 -1.2527560135e+00 -2.6091894591e+00 -5.6322692052e-01  7.3762224922e-01  3.6732455794e-01  1.9926010866e+00 -1.7639894099e-01 -1.9875355715e+00  1.6737184655e+00  5.4569431812e-01 -1.1253634877e+00  3.8235842782e+00  2.5248253894e-01 -8.9772413673e-01  2.5332581794e+00 -1.7325874593e+00 -5.3280854596e-01  5.4387108110e-01  2.9404844506e-01 -2.2607747131e+00  4.2358895426e+00 -1.3289942158e+00 -3.6257521341e+00 -1.6288133149e-01 -2.1254266991e+00 -2.3787679600e+00 -1.1756885538e+00 -3.5627503525e-01 -2.5775635925e+00 -1.1943751695e+00 -7.2495920766e-02  9.0517445675e-01  1.4998911289e+00  1.1231917347e+00  9.4932238680e-01  2.8303201340e+00  1.5483892696e+00  1.9065514400e-01  1.2745739759e+00  6.9629352552e-01 -2.5117300578e+00  1.2561325543e+00 -6.8726959185e-01 -2.7211011975e+00  2.3084105811e+00
ENERGY -4.171927346066e+02
GRADIENT  1.3409982636e-03  1.5490862059e-04 -1.0522756924e-03 -3.9347522323e-05  4.5750659905e-05 -3.3877023976e-05 -2.8922202373e-05  1.1042272200e-05 -9.1571944409e-06 -9.3013194549e-04 -2.5430759250e-04  1.3767132436e-03  1.8277224123e-03 -3.8131000144e-04 -5.0219724598e-04 -2.1475950727e-03  4.8092623185e-04  1.3487868610e-04  1.2015999751e-05 -2.4131291971e-05  9.1549462558e-06 -7.0842785140e-06  1.1846335090e-05  6.6831899328e-05 -1.0224582436e-05  9.4605497478e-06  1.4986580509e-05  8.4663190577e-06 -1.3442442606e-05 -2.7652606125e-05 -2.8424415330e-06 -1.8961842140e-05  1.0025543322e-06  2.1585843679e-06  2.7366497531e-05  1.3070736042e-05  1.3128246999e-05  5.7709944955e-06 -1.0048209694e-05 -4.5247588024e-06 -9.9545096574e-06  6.2179615895e-07 -1.8277852282e-05 -2.2214651340e-05 -8.7389364071e-06 -1.3413968942e-05 -6.1602967413e-05 -2.7257163575e-05

JOB 22
COORDS -1.0872792805e+00 -1.5683296750e+00  5.0582686379e-01 -1.1941590907e+00 -2.6245392910e+00 -5.7553234956e-01  6.7674948430e-01  3.8323274570e-01  1.9927440279e+00 -2.6832199190e-01 -1.9864015399e+00  1.7185578288e+00  7.0466957721e-01 -1.1818073216e+00  3.7703635133e+00  2.4502292127e-01 -8.9995535863e-01  2.5419826095e+00 -1.6421659217e+00 -4.8607238475e-01  4.1799595449e-01  5.1208131259e-01 -2.3413650364e+00  4.1497005002e+00 -1.3585272878e+00 -3.6191577314e+00 -1.4735895609e-01 -2.0027780811e+00 -2.3709191009e+00 -1.2622213655e+00 -2.5092540916e-01 -2.6666339349e+00 -1.1337104929e+00 -1.7684085670e-01  9.4497807117e-01  1.6157405633e+00  1.1650147044e+00  9.2570804309e-01  2.8028855610e+00  1.3956046564e+00  2.3086452076e-01  1.1783648136e+00  5.5759612270e-01 -2.6418319804e+00  1.4068182557e+00 -9.0709778760e-01 -2.6147160090e+00  2.3512527087e+00
ENERGY -4.171915612765e+02
GRADIENT  1.4709584974e-03  1.9766350124e-05 -9.5766669477e-04  3.3215360990e-05 -4.0528075401e-06 -5.6602132919e-06 -8.1321776893e-05 -2.4520894726e-05 -1.2940734602e-04 -1.2742922152e-03 -1.8738918006e-04  1.1645565076e-03  1.7802153037e-03 -5.2395953391e-04 -8.2807917057e-04 -1.8771686701e-03  7.8706277983e-04  7.7302568306e-04 -1.3428359369e-05  6.1738682575e-06 -5.1062508408e-06  1.5656163451e-06 -2.4425189530e-05  1.2190909627e-05 -1.6068809710e-05 -2.5118372758e-06  6.5115617789e-06 -1.2895031505e-05 -6.9547059767e-06  7.4674123717e-06 -1.0874200499e-05  1.4765170835e-06  2.1333470832e-06 -3.2090235929e-06 -1.8102342015e-06  4.8663727469e-06 -4.0765342223e-06 -4.2835487784e-06  2.8731350467e-06 -1.0075606558e-05 -1.7516019059e-07  2.3600267304e-06 -9.7986696137e-06 -1.4667906665e-05  3.4872522247e-06 -5.7935697697e-06 -2.1331273024e-05 -1.7115914383e-05

JOB 23
COORDS -1.0275227457e+00 -1.5417212743e+00  4.5431619251e-01 -1.1613645632e+00 -2.6471215649e+00 -5.7345514463e-01  6.1687837206e-01  4.2042606228e-01  2.0402002773e+00 -3.4603673562e-01 -1.9693738306e+00  1.7471090076e+00  8.9471634229e-01 -1.2677820050e+00  3.6761542748e+00  2.8864028258e-01 -9.1633977924e-01  2.5347041080e+00 -1.4693003590e+00 -4.2103575356e-01  2.6573027875e-01  7.3482723156e-01 -2.4488787107e+00  4.0064201600e+00 -1.4584718260e+00 -3.5921120929e+00 -1.0616115607e-01 -1.8851029119e+00 -2.3587723138e+00 -1.3368312002e+00 -1.8703857375e-01 -2.8170325366e+00 -1.0477923573e+00 -2.8749139698e-01  9.9452910476e-01  1.8437858036e+00  1.2146173910e+00  8.9748463651e-01  2.8174550474e+00  1.2035649790e+00  3.6164470011e-01  1.1171611701e+00  3.9325089183e-01 -2.7544895832e+00  1.5428274606e+00 -1.1080257918e+00 -2.4604474301e+00  2.3674250616e+00
ENERGY -4.171902931347e+02
GRADIENT  1.5470357987e-03 -1.9512983002e-04 -8.6944241049e-04 -1.8088914333e-05 -3.9388886658e-05  5.1913131454e-05  7.5741011581e-05  6.8713216338e-05 -4.1392080053e-05 -1.6931443230e-03 -2.4385964763e-05  6.6894348245e-04  1.6912112766e-03 -1.8096697141e-04 -1.0701443372e-03 -1.7454649988e-03  3.6156086290e-04  1.2675129472e-03  2.9996720820e-05  2.8304812831e-05 -7.2210223036e-06  5.4820478756e-05 -7.0703055942e-05 -3.7684912013e-05  2.3823631640e-05 -7.3369774739e-06 -6.5189694718e-06  4.4615305098e-06  1.1587949170e-06  1.2015769236e-05  1.6520562547e-05  9.5663180010e-06 -9.4246249031e-06 -6.5751822603e-06 -2.9115196265e-05  1.7122180316e-07 -3.9743017982e-06 -1.8861521293e-05  3.6241235541e-06 -1.0884630738e-05  7.7138508916e-06 -8.0089292492e-06  2.8442229542e-05  4.0946220215e-05  5.6165549773e-05  3.4880868948e-06  4.5901798839e-05  1.0862850733e-05

