JOB 0
COORDS  4.6254220082e+00 -3.9823680652e+00  6.1936361956e+00  4.2215398393e+00 -4.3002529813e+00  4.8919398347e+00  4.3016401394e+00 -2.7396019504e+00  6.7486311117e+00  3.5033618762e+00 -3.3719716616e+00  4.1395411908e+00  3.5925875161e+00 -1.7880646350e+00  6.0105195590e+00  3.2330362508e+00 -2.1244175533e+00  4.7034763248e+00  2.1952802168e+00 -5.6452104934e-02  3.8359499488e+00  1.2415882568e+00  3.8300862866e-01  2.7891008336e+00  2.8112674707e+00  9.3008516240e-01  4.7576891644e+00  2.4495080291e+00 -1.3089284008e+00  3.8347370539e+00  5.1777949634e+00 -4.7082035794e+00  6.7824882266e+00  4.4530865751e+00 -5.2712222688e+00  4.4658435614e+00  4.5900797951e+00 -2.5057427640e+00  7.7686818728e+00  3.1631591900e+00 -3.5948307080e+00  3.1332354636e+00  3.3168587555e+00 -8.5505642588e-01  6.4804590568e+00  1.7737305213e+00  1.0323806805e+00  2.0807070938e+00  7.9831561785e-01 -4.5986397835e-01  2.2601155650e+00  4.6389411629e-01  1.0068586802e+00  3.2457900886e+00  2.2649427440e+00  9.3121235703e-01  5.7102622273e+00  3.8573863005e+00  6.9186987568e-01  4.9656822371e+00  2.7251636470e+00  1.9312204970e+00  4.3325557816e+00
ENERGY -4.246038944856e+02
GRADIENT -1.1444476525e-05  1.0951936036e-05 -1.4722917466e-05 -4.5478284303e-06  1.2498779440e-06 -2.3288937190e-06 -1.1343162120e-05  2.2743372297e-06  1.8269295463e-05 -2.1110908602e-03 -9.0340696007e-04  9.2667865003e-04 -1.2058637945e-06  8.9116898002e-05  1.2945008940e-05  1.2360405943e-03  8.2623296391e-04 -1.9250564111e-04 -2.7276491079e-03 -5.6572146114e-04  1.9366405710e-03 -2.0736468788e-06 -9.2124786710e-06 -3.7739927202e-06  1.0325787696e-05  7.3767188229e-07  3.2686337746e-06  3.6300274293e-03  5.4045593757e-04 -2.6681960551e-03  2.5075492173e-07  2.2889609434e-06 -7.3811132396e-07 -4.5148697364e-06  7.7248600453e-07 -2.5941190888e-06 -2.6349047439e-06  1.1981136350e-06  2.4440070726e-06 -9.8511493765e-07  2.5757532536e-06 -2.9391444013e-06 -5.8355433596e-06 -1.0096679779e-05  2.4942527192e-06 -2.1490029456e-06  4.8616361404e-06 -5.7210827492e-07  1.1533245023e-06  3.1441599618e-06  1.5750494091e-06  6.2103048626e-06  5.5373084952e-06  4.6380600304e-06 -1.4635321591e-05  9.9348101976e-06 -1.1458411923e-05 -5.7717704602e-06  2.9453942668e-06  6.3058516089e-06  3.2489830363e-06  3.1020218170e-06  4.8757611620e-06

JOB 1
COORDS  4.6180686599e+00 -3.8896277427e+00  6.1904527091e+00  4.3393910974e+00 -4.1723852440e+00  4.8482674866e+00  4.1192712828e+00 -2.7264371590e+00  6.7870912622e+00  3.5706884203e+00 -3.2850515559e+00  4.0938430580e+00  3.3593137742e+00 -1.8161410786e+00  6.0472192857e+00  3.1368249559e+00 -2.1094855171e+00  4.7023563005e+00  2.1552384992e+00 -4.1179786833e-02  3.8469033200e+00  1.1199358039e+00  4.5975818528e-01  2.9115792471e+00  2.9766336798e+00  9.0063454143e-01  4.6465890618e+00  2.2974418002e+00 -1.3116470899e+00  3.8616686654e+00  5.2063121373e+00 -4.5868614306e+00  6.7790917517e+00  4.7054144620e+00 -5.0863530244e+00  4.3913495107e+00  4.3053603067e+00 -2.5280810609e+00  7.8379626094e+00  3.3202393816e+00 -3.4872839655e+00  3.0571850451e+00  2.9307279349e+00 -9.4869786798e-01  6.5338966838e+00  1.6196354807e+00  1.0112743235e+00  2.1036186852e+00  5.2315695015e-01 -3.4981459373e-01  2.4928192774e+00  4.8218137802e-01  1.1876978395e+00  3.4263036506e+00  2.4602136926e+00  1.1211172921e+00  5.5902411000e+00  3.9625735910e+00  4.9571695837e-01  4.8821254428e+00  3.0610116933e+00  1.8472177070e+00  4.1076152016e+00
ENERGY -4.246056239412e+02
GRADIENT -1.2730675666e-04  1.8686065407e-04 -7.9345134186e-05  1.6305703036e-04 -5.2182450426e-04 -2.3664213935e-04  4.2658091839e-05 -8.6281261909e-05 -1.3132241341e-04 -2.0349463421e-03 -1.2347915037e-03  1.3689355184e-03 -9.0069043814e-05  1.8516203180e-04  5.7220395576e-05  1.4925081928e-03  1.7865941802e-03 -6.6114565825e-05 -2.3991367183e-03 -2.8794594260e-04  2.0665044595e-03 -9.9471992294e-05  6.7473634385e-06 -2.4744842968e-05  2.5197657345e-05 -1.3400309202e-04  1.4392582916e-04  3.1652170286e-03  1.2600063408e-04 -3.0119877445e-03 -1.6970785779e-05 -2.2607586580e-05 -3.4102387709e-05  6.5887499368e-05 -2.1373418527e-05 -2.5564689246e-05 -5.3895664657e-06  2.4529808662e-05 -2.1833936190e-05 -4.2227464865e-07 -3.9589101410e-05  6.2283895577e-05 -8.6127063020e-05  1.9273502208e-06  1.9913738172e-05  1.0298472535e-05  1.6154062371e-05  4.9423652997e-05 -9.6932836542e-06  2.6253210582e-05  6.5437834334e-07 -7.0877128080e-05 -1.1282104017e-05 -2.5016542478e-05 -1.9514017041e-05 -2.7433560180e-05 -2.9292946540e-05  4.4260077942e-05  4.1433179748e-05 -1.0926765816e-05  1.4659329488e-05 -2.4813050114e-05 -4.2985736039e-05

JOB 2
COORDS  4.6349534756e+00 -3.8321624967e+00  6.2019310610e+00  4.4464407364e+00 -4.0661080077e+00  4.8348736410e+00  4.0017268945e+00 -2.7543560825e+00  6.8306533668e+00  3.6294141342e+00 -3.2184796817e+00  4.0826969075e+00  3.1904642575e+00 -1.8846166353e+00  6.0959543072e+00  3.0555789929e+00 -2.1316739934e+00  4.7325909819e+00  2.1409975312e+00 -6.7463119406e-02  3.8594010202e+00  1.0770280531e+00  4.9725242364e-01  2.9972400174e+00  3.1153230603e+00  8.1221626154e-01  4.5495415190e+00  2.1669211981e+00 -1.3444834171e+00  3.9223183187e+00  5.2613541814e+00 -4.5019932404e+00  6.7829321214e+00  4.9223479009e+00 -4.9144542469e+00  4.3532456657e+00  4.1235202725e+00 -2.5934587149e+00  7.8972513729e+00  3.4488826066e+00 -3.3887608285e+00  3.0258816114e+00  2.6603986582e+00 -1.0766513849e+00  6.5890625500e+00  1.5539728331e+00  9.4053634465e-01  2.1120459136e+00  3.5888337515e-01 -2.6102249791e-01  2.6867815660e+00  5.7807202874e-01  1.3221776170e+00  3.5178565158e+00  2.6908228008e+00  1.1323173127e+00  5.5103640809e+00  4.0620036368e+00  3.0755182499e-01  4.7497311837e+00  3.2648563518e+00  1.7180419870e+00  3.9569269549e+00
ENERGY -4.246069810897e+02
GRADIENT -1.5914272369e-05  9.9834364147e-06 -1.7511304864e-05  1.9008348580e-05 -1.9607245531e-05 -4.1169105090e-06 -2.9589521625e-07  1.2445344244e-05  2.6848488097e-05 -1.2514555142e-03 -9.1638646836e-04  4.8133868557e-04  2.3936680786e-06 -3.4045436066e-05 -2.8085069788e-06  1.0863013319e-03  1.3443421580e-03  1.2559508783e-04 -1.2889516704e-03  6.5337709962e-05  1.4468275789e-03  2.8248590829e-05 -3.1406086693e-05 -3.7958812370e-05 -2.0004252871e-05  4.6879001489e-05 -2.7458549127e-05  1.3971036544e-03 -4.3163022936e-04 -2.0186819927e-03 -2.7739155502e-06  2.3115441584e-07 -1.8590224779e-06 -3.8069883855e-06 -3.5477433362e-06  3.0034682089e-09 -3.3922115137e-07 -1.1792026539e-06  3.8347918159e-06  1.2231670034e-06  2.0055841173e-06  2.4539441580e-06  7.7769281655e-06 -5.8762703280e-06  2.5975368750e-06  2.3439252217e-06  1.3175461229e-05  1.0087179834e-05  8.9718846024e-08  2.9696633167e-06 -4.5796004830e-06 -4.5455109125e-06  1.2996148566e-06  8.1591952210e-06  3.2694631590e-05 -3.9102228682e-05  2.5999177215e-05  1.8057292690e-05 -5.9963503653e-06 -1.4852220887e-05 -2.1321329835e-05  3.2932727117e-06  2.4752626354e-05

JOB 3
COORDS  4.6473269144e+00 -3.7775645962e+00  6.2172676529e+00  4.5314087187e+00 -3.9468737137e+00  4.8328655677e+00  3.9010727406e+00 -2.7949976116e+00  6.8772347384e+00  3.6713300486e+00 -3.1302733160e+00  4.0917659059e+00  3.0419699257e+00 -1.9589408943e+00  6.1568077783e+00  2.9757494885e+00 -2.1459998202e+00  4.7809496474e+00  2.1306953917e+00 -9.3146799186e-02  3.8654662618e+00  1.0520545129e+00  5.3036720374e-01  3.0663554338e+00  3.2342860822e+00  7.1422123793e-01  4.4383131333e+00  2.0468755065e+00 -1.3617452925e+00  4.0020616413e+00  5.3098973391e+00 -4.4228796226e+00  6.7857299120e+00  5.1008042238e+00 -4.7196394965e+00  4.3260108570e+00  3.9743472077e+00 -2.6818773758e+00  7.9543806128e+00  3.5487052594e+00 -3.2537310404e+00  3.0201849151e+00  2.4299258290e+00 -1.2172391667e+00  6.6611948573e+00  1.4926689741e+00  9.0007447108e-01  2.1300558813e+00  2.5006654959e-01 -1.7299884647e-01  2.8446607831e+00  6.6934063058e-01  1.4140056224e+00  3.5893689029e+00  2.9275531269e+00  1.0719260565e+00  5.4306384540e+00  4.1492578437e+00  1.3273012780e-01  4.5640602626e+00  3.4025693478e+00  1.5987356298e+00  3.8199972890e+00
ENERGY -4.246076691072e+02
GRADIENT  5.0417055149e-06 -3.1787814617e-06  1.6066847590e-05 -8.3108758184e-06  1.0872172750e-05 -4.8861528998e-06  3.0798614462e-06 -7.9602937207e-06 -1.3340837551e-05 -4.6158381779e-04 -4.3179012440e-04  1.1548077018e-04 -1.4815244941e-05  1.2403418964e-05  2.5353185681e-06  4.5834534599e-04  6.3976448486e-04  1.2169421555e-04 -4.3392607592e-04  9.9385165806e-05  6.1289002673e-04  2.1062159092e-05 -1.9296438320e-05 -3.3622718244e-05  1.3046841490e-05 -1.6913894888e-06 -3.1883385913e-05  4.3841705695e-04 -3.3805977642e-04 -8.1974065463e-04  1.5490999141e-06 -2.8568013037e-06 -2.4097324191e-08  3.1005141262e-06 -4.1656773627e-08  4.0060683213e-06 -3.7036364627e-06 -1.3558534713e-06 -3.3156361861e-07  2.6543302918e-06  1.1435834347e-06 -1.3834707740e-06 -1.3459054310e-06 -2.0627298877e-06  1.0895731994e-06 -2.2043166473e-06  2.3212374576e-05  1.4803469048e-05  6.9600014588e-06 -6.2136414208e-06 -7.4603057570e-06 -1.5630724578e-05 -9.9461870804e-06  1.4948309182e-05 -4.7109007435e-06 -1.1564984010e-06  2.9518205933e-06 -3.8557707442e-06 -3.1814534031e-06  6.2332208250e-06 -2.2184299019e-06 -5.4098479377e-07  5.0790286548e-06

JOB 4
COORDS  4.6543487069e+00 -3.7363121058e+00  6.2326593057e+00  4.5988584711e+00 -3.8224501143e+00  4.8371051592e+00  3.8128460333e+00 -2.8580127496e+00  6.9240081008e+00  3.7033826329e+00 -3.0256631142e+00  4.1148936661e+00  2.9128393974e+00 -2.0460027877e+00  6.2249297178e+00  2.9043972939e+00 -2.1537721762e+00  4.8408355660e+00  2.1165242803e+00 -1.2228436962e-01  3.8607544010e+00  1.0330414056e+00  5.4051417272e-01  3.1030773542e+00  3.3188209067e+00  6.1857596658e-01  4.3107947745e+00  1.9427853322e+00 -1.3669025881e+00  4.0957459679e+00  5.3475561039e+00 -4.3640144335e+00  6.7840170877e+00  5.2450382945e+00 -4.5134389632e+00  4.3047564892e+00  3.8455386836e+00 -2.8063141253e+00  8.0078526786e+00  3.6285821039e+00 -3.0882202919e+00  3.0335246153e+00  2.2322399229e+00 -1.3785661572e+00  6.7454953623e+00  1.4303617956e+00  8.1478728387e-01  2.1157158672e+00  1.6284422030e-01 -1.0446804367e-01  2.9852174176e+00  7.6525300931e-01  1.4838429897e+00  3.5922560714e+00  3.1407528145e+00  9.6234326314e-01  5.3395824384e+00  4.2067701706e+00 -1.6230620605e-02  4.3327109310e+00  3.4726831518e+00  1.5035536052e+00  3.6911263855e+00
ENERGY -4.246078266099e+02
GRADIENT  9.5350513211e-06 -6.5031798845e-06  3.1208094528e-05 -2.6184182164e-05  2.0285688050e-05 -1.3788940117e-05  7.1535183096e-06 -9.4204083926e-06 -1.9845412423e-05  1.2302401573e-04  6.2499342008e-05 -3.3287171226e-05  6.2917462062e-06  1.0535593297e-05  2.1074835936e-06 -1.6754549692e-04 -9.3696502876e-05 -4.9605878297e-05  1.0245896945e-04  5.1002956669e-05 -1.5775238744e-04  7.9947197943e-05  2.0934458011e-05  1.4206264423e-05 -1.3477000679e-05 -1.4710653793e-05  2.5095516762e-05 -3.8265889667e-05 -6.1612023789e-06  2.0823600229e-04  2.9303640769e-06 -3.5218448019e-06 -2.7539638878e-06  2.1729950090e-06  5.1696530081e-07  2.9117262907e-06 -5.6294164991e-07 -2.8300546210e-06 -1.7657238733e-06 -5.1753096604e-06  4.4212233000e-06 -3.6424663235e-06 -4.9486938935e-06 -1.1308765943e-06 -3.0635730430e-06 -2.4521121778e-05 -2.3239683152e-05 -3.5990304408e-07 -2.0666372217e-05  2.1782336350e-06 -5.9051279163e-06 -2.9189581558e-05 -1.2220179039e-05  9.9127565332e-06  1.2187427624e-07  3.2092814249e-08  2.1605502690e-06  6.2257977134e-06  6.7629904531e-06 -5.7635810199e-07  8.1836701187e-06 -4.1568095047e-06 -6.8586857770e-06

JOB 5
COORDS  4.5874577443e+00 -3.7366919225e+00  6.2385068809e+00  4.5843407912e+00 -3.7046456090e+00  4.8399379654e+00  3.6833285603e+00 -2.9575574046e+00  6.9689203582e+00  3.6817083050e+00 -2.8831861917e+00  4.1545482114e+00  2.7692721639e+00 -2.1292435046e+00  6.3078153357e+00  2.8193681757e+00 -2.1126346124e+00  4.9209841958e+00  2.0899159272e+00 -1.0106530327e-01  3.8651702772e+00  9.9088349328e-01  6.0241077872e-01  3.1708203765e+00  3.4016006046e+00  5.4523950636e-01  4.1100790867e+00  1.8384513714e+00 -1.3021249202e+00  4.2234231009e+00  5.2885044223e+00 -4.3802239082e+00  6.7609281586e+00  5.2751779303e+00 -4.3234622400e+00  4.2757664216e+00  3.6780328532e+00 -2.9963657059e+00  8.0537831149e+00  3.6449001287e+00 -2.8621434735e+00  3.0693346315e+00  2.0434136729e+00 -1.5334488301e+00  6.8532256022e+00  1.3741040626e+00  1.0544219450e+00  2.2483667719e+00  1.4697786398e-01 -5.5653301669e-02  2.9666601698e+00  6.7084825056e-01  1.4412769337e+00  3.8044760725e+00  3.8059083324e+00  2.8250993108e-01  5.0902317965e+00  4.1110776332e+00  1.5841729486e-01  3.3645270937e+00  3.3301188092e+00  1.6259667501e+00  3.9860781357e+00
ENERGY -4.246076673398e+02
GRADIENT -4.5610809937e-06  4.5651990214e-06 -3.6944190661e-07  4.0676272680e-05 -3.7789514763e-05 -3.0094549290e-05  3.7181374473e-06  2.6768789370e-06 -5.9368896560e-05 -4.3487938563e-04 -4.6717058213e-04  6.1297260752e-05 -7.4625200364e-05  1.9284305536e-05  2.5075345242e-05  6.0058530265e-04  7.7150327377e-04  2.9391239475e-04 -2.2599259614e-04  2.3935456329e-04  6.2299461187e-04 -3.0755266801e-05  2.5625259044e-05 -1.9143016481e-05 -1.5674607600e-05 -1.1727717031e-05  2.9868688328e-05  1.1326505271e-04 -5.5237709341e-04 -8.9954452047e-04  3.6488445279e-06 -3.4693073593e-06 -8.0561154559e-06  5.3202539113e-06 -4.4981366267e-06 -5.8539759100e-07 -9.0495234042e-07  3.3292032333e-06 -5.5390233381e-06  7.1168977682e-06 -7.9454803975e-06  4.9514950155e-06  5.7373701945e-07  6.6434339017e-06 -7.4884674443e-07  2.2732150059e-06 -5.6402601378e-06 -1.4083333238e-06  5.1796395042e-06 -2.4907826666e-06  5.4341596286e-07  5.5588101414e-06 -2.9514474040e-06 -5.3255340072e-06  4.6677308861e-06  5.1237123077e-06 -1.4282830629e-05  5.6162087438e-06 -5.0892627290e-06 -9.5297024505e-06  5.7305576571e-07  9.7904206776e-07 -1.3374825963e-05

JOB 6
COORDS  4.5738416761e+00 -3.7453007116e+00  6.2621140384e+00  4.6369512352e+00 -3.5949604093e+00  4.8724617606e+00  3.5992216865e+00 -3.0722208158e+00  7.0072481192e+00  3.7306957015e+00 -2.7570614099e+00  4.2136091166e+00  2.6770494348e+00 -2.2342673482e+00  6.3705481420e+00  2.7918859609e+00 -2.0957303336e+00  4.9946294626e+00  2.0806667917e+00 -1.2091872253e-01  3.8483907625e+00  9.5758660751e-01  5.7990089620e-01  3.1881362227e+00  3.4303560775e+00  4.8514345686e-01  3.9376388025e+00  1.8018487963e+00 -1.2690896384e+00  4.3367593891e+00  5.2796147196e+00 -4.3992192564e+00  6.7648996373e+00  5.3820923963e+00 -4.1334415104e+00  4.2951510271e+00  3.5465631774e+00 -3.2010468820e+00  8.0838245673e+00  3.7451121129e+00 -2.6508166492e+00  3.1328161596e+00  1.9001815353e+00 -1.7156660140e+00  6.9239683067e+00  1.2910141136e+00  9.9438267620e-01  2.2304484101e+00  9.0836211317e-02 -6.7710049270e-02  3.0596145866e+00  6.8629172038e-01  1.4424938450e+00  3.8132890656e+00  3.9658144561e+00  1.6591871751e-01  4.8337196806e+00  4.0146337967e+00  1.4795091994e-01  3.0699515354e+00  3.3587070304e+00  1.5727253843e+00  3.8775979726e+00
ENERGY -4.246078285114e+02
GRADIENT -2.4343961052e-04  2.1750341423e-04 -1.3590424315e-04  3.1984897553e-04 -2.2835737502e-04 -2.3671843097e-04  2.1380297546e-05 -2.4740051286e-05  1.0090259156e-04  1.6285735823e-05  1.7835769700e-05  3.1027547720e-04 -2.0659728636e-05  6.0123911252e-06 -3.1598729704e-06 -8.7292082514e-05 -6.1855112315e-05 -7.2935598352e-05  1.6769013790e-05 -4.1779445777e-05 -7.0528134614e-05  2.0682968723e-05  9.6622245018e-06 -4.6535550257e-05 -1.2741219825e-07  8.9358988056e-06  7.9637163997e-06 -4.7707804109e-05  1.2934118311e-04  1.5293497919e-04 -9.3513231313e-06  1.0731286839e-05 -3.9816089889e-05  2.5667633408e-05 -2.0068187373e-05 -2.1230612825e-05 -2.0893698872e-05  1.7366588256e-05  1.2865377392e-05  1.8782299429e-05 -2.2427705655e-05  3.1726612914e-05  2.9542396495e-06  4.0003118963e-06 -8.2736795484e-07  5.5643415524e-07  1.6314125080e-05  1.5293579545e-05  3.9814207140e-06 -1.6493368612e-06 -1.1599196430e-05 -1.1944799803e-05 -1.5898869097e-05  2.4504152065e-05  4.0928495625e-06  5.3593219189e-06 -8.9806156052e-06 -1.7242616921e-06 -6.6014353316e-06 -1.0744115528e-05  8.2191174679e-06 -1.8743363950e-06 -1.5444704043e-05

JOB 7
COORDS  4.5465921139e+00 -3.7741374131e+00  6.2890788345e+00  4.6876348398e+00 -3.4990651706e+00  4.9244238781e+00  3.5117562056e+00 -3.1888272326e+00  7.0276459451e+00  3.8042980415e+00 -2.6219644110e+00  4.2872172615e+00  2.6085948758e+00 -2.3177892433e+00  6.4109442176e+00  2.8005918010e+00 -2.0505183715e+00  5.0617000385e+00  2.1035126963e+00 -9.8571387321e-02  3.8373391495e+00  9.4729434240e-01  6.0326982878e-01  3.2348796971e+00  3.4738745515e+00  4.6033141627e-01  3.7484567073e+00  1.8232253087e+00 -1.1856957883e+00  4.4495072113e+00  5.2368314895e+00 -4.4568698308e+00  6.7749148359e+00  5.4769222165e+00 -3.9716580307e+00  4.3481537500e+00  3.3983038054e+00 -3.4134529523e+00  8.0835333030e+00  3.8818066390e+00 -2.4300670081e+00  3.2214609855e+00  1.7879863327e+00 -1.8635069181e+00  6.9575373852e+00  1.1928717300e+00  9.1043111057e-01  2.2122089648e+00  4.4651849425e-02 -6.5360556307e-03  3.2557219736e+00  7.8118254408e-01  1.5316152795e+00  3.7989132686e+00  4.1134694973e+00  1.2546346924e-01  4.5664764107e+00  3.9295763358e+00  1.2815678437e-01  2.8058644201e+00  3.4192401907e+00  1.5507127482e+00  3.7034594641e+00
ENERGY -4.246075123093e+02
GRADIENT  6.7407083318e-05 -7.2873340543e-05  5.3075683194e-05  1.3232075341e-04 -7.0620797309e-05 -8.0518166199e-05  1.9549771584e-05  9.4160995966e-05 -3.4397207956e-04  5.5370692643e-04  7.7351833565e-04  3.7311792294e-04 -2.0234789852e-04  1.1055400382e-04  1.9657380638e-04 -8.5113216053e-04 -1.4721638100e-03 -7.9594418279e-04  9.3015686702e-05 -6.3927195003e-04 -9.3369860883e-04  6.0698400485e-05  5.9072418076e-05 -2.4397698888e-05 -3.6528314954e-05  2.1534887855e-05  7.5406068163e-07  1.5564824954e-04  1.1762389619e-03  1.6882945886e-03  2.2041350589e-05 -9.8543484942e-06 -2.2177965295e-05  1.1217778821e-05 -1.7822296766e-05  5.3512787343e-06  1.0692766292e-06  1.4358857710e-05 -2.3472401088e-05  1.2982897498e-05 -1.5032263617e-06  1.4250015779e-05 -2.6291336828e-05  3.2189220113e-05 -2.0356023925e-06 -1.3232874521e-05  2.0312465387e-06 -1.8523930265e-05  1.9822113262e-05 -2.7933331524e-06  2.2857274972e-05  1.7894398218e-05  1.0793993439e-05 -1.8260649151e-05 -1.9581259356e-05 -2.1074298285e-05 -1.5161149125e-05 -1.1212432475e-05  2.5399974909e-05 -3.0759652275e-05  5.7437136341e-06  1.4661693720e-05  1.1922886483e-05

JOB 8
COORDS  4.5102650178e+00 -3.8005093723e+00  6.3212139492e+00  4.7428240056e+00 -3.4082958102e+00  4.9983230387e+00  3.4134495391e+00 -3.2941560832e+00  7.0281159866e+00  3.8952897091e+00 -2.4895668180e+00  4.3723601528e+00  2.5439828086e+00 -2.3863160719e+00  6.4194902092e+00  2.8235181564e+00 -1.9979947390e+00  5.1133979802e+00  2.1134846347e+00 -5.9518627439e-02  3.8316245618e+00  9.1545218536e-01  6.4520294670e-01  3.3178428077e+00  3.4771912477e+00  4.5384681781e-01  3.5541964974e+00  1.8676322391e+00 -1.0893355247e+00  4.5486165017e+00  5.1767141882e+00 -4.5137198768e+00  6.7964024331e+00  5.5785932687e+00 -3.8225778682e+00  4.4431559707e+00  3.2267324880e+00 -3.6094374696e+00  8.0498069424e+00  4.0491700732e+00 -2.2222032027e+00  3.3328389642e+00  1.6779367682e+00 -1.9883374175e+00  6.9390520473e+00  1.0492514042e+00  8.7243961516e-01  2.2542678945e+00  3.8853868706e-03  7.1619963494e-02  3.4824542146e+00  8.4118563836e-01  1.6148862705e+00  3.8291468440e+00  4.1986385775e+00  1.5500667501e-01  4.3163115612e+00  3.8192530015e+00  6.3395341099e-02  2.5865607075e+00  3.4352877796e+00  1.5412575141e+00  3.4535832436e+00
ENERGY -4.246065995463e+02
GRADIENT  7.8849554179e-06 -1.5119880140e-05  1.5256642268e-05 -4.0106451241e-06  4.1301935378e-06 -1.4033504345e-06  1.0369832918e-05  2.0527598254e-06 -2.2159017783e-05  1.1762779560e-03  1.5952112682e-03  6.3279801529e-04  6.6504864212e-06 -4.2468184642e-06  5.1762299239e-06 -1.8501661690e-03 -3.1686658505e-03 -2.0169144229e-03 -1.1736630713e-04 -1.3727748326e-03 -2.0022710706e-03 -7.7864972126e-06  4.1752523749e-06  2.5936538827e-05  9.0320479858e-06  5.1723514020e-07  1.1705797235e-05  7.7251150729e-04  2.9239746857e-03  3.3616289976e-03  3.7804823659e-06 -3.6721715810e-06 -1.4342238873e-06  1.0411099523e-06 -3.6962879868e-06  2.3360464747e-06 -4.4613163632e-07 -3.0818797291e-06 -2.7476709795e-06  2.7555326430e-06 -8.8045900763e-07  2.4096489103e-06 -6.5045515337e-07 -2.0540201809e-06 -8.1109637171e-07 -1.2669374372e-06 -2.1080974631e-05 -7.5353490916e-06 -7.6583496153e-07 -1.6213758699e-06  3.2166988786e-06  7.1145984890e-06  5.6700852403e-07 -1.7757421521e-05  1.8322248511e-06 -1.1003889239e-06 -1.9939167308e-06 -2.9490467628e-06  2.1432729626e-06 -6.1524908345e-07  3.3143891831e-06 -1.9218002036e-06  4.2993519231e-06

JOB 9
COORDS  4.4867187104e+00 -3.8548502885e+00  6.3550834521e+00  4.8234891651e+00 -3.3555908658e+00  5.0921527725e+00  3.3249397539e+00 -3.4173424879e+00  7.0014532500e+00  4.0206430407e+00 -2.3974964865e+00  4.4668088650e+00  2.4991574156e+00 -2.4728854233e+00  6.3911388265e+00  2.8760439849e+00 -1.9773422043e+00  5.1443402453e+00  2.1365682933e+00 -4.4517237379e-02  3.8244057144e+00  9.0508043787e-01  6.7831163068e-01  3.4256594358e+00  3.4672649350e+00  4.1198793284e-01  3.3527966790e+00  1.9471612132e+00 -1.0256719332e+00  4.6217578967e+00  5.1232736402e+00 -4.5959139980e+00  6.8286715090e+00  5.7108294045e+00 -3.7156896547e+00  4.5809645308e+00  3.0561089107e+00 -3.8133470211e+00  7.9755858782e+00  4.2677701655e+00 -2.0598587636e+00  3.4687347982e+00  1.5871650371e+00 -2.1217618891e+00  6.8635624664e+00  9.1140523546e-01  8.4486094725e-01  2.3424717995e+00  3.8181972670e-03  1.4842245369e-01  3.7321168699e+00  9.2445902133e-01  1.6754065665e+00  3.8870154552e+00  4.2558048386e+00  2.0642200446e-01  4.0795558240e+00  3.7191487736e+00 -1.0502204966e-01  2.4172666716e+00  3.4194856707e+00  1.4781971579e+00  3.1213178314e+00
ENERGY -4.246051260541e+02
GRADIENT  4.3173571594e-06  4.2099810767e-06 -1.0408420867e-05  1.5280141888e-06 -5.0896377766e-06  2.2728063425e-06 -1.1570889595e-05  1.3148851388e-06  7.7349028368e-06  1.4639493181e-03  2.1001569827e-03  1.1708948985e-03 -1.0399431359e-05  9.9298611270e-07  4.5392795932e-06 -2.5920140065e-03 -4.3716418000e-03 -3.3175638570e-03 -5.8490547527e-04 -1.9902614513e-03 -2.6135442652e-03  5.4861559958e-06 -1.1107104127e-05 -1.8305902087e-05 -9.9544316369e-07 -8.2822241393e-06 -3.0533016730e-06  1.7420607720e-03  4.2729126772e-03  4.7726383064e-03 -1.8268165676e-06 -8.1253216429e-07  1.9867939779e-06 -1.0196689692e-06 -2.5450707030e-06 -1.3877763797e-06  3.3446185052e-06  7.3347092557e-08  2.2995290035e-06  7.4356650775e-07 -5.3889170603e-07  1.0803785765e-06  1.9290576405e-06  1.9308472376e-06  2.7731613420e-07  6.4465758626e-06  1.6001126630e-05  7.6165964968e-06  1.0011240880e-06 -1.0856062232e-06 -4.8179513349e-06 -4.7095450196e-06 -4.1876535924e-07  1.7525180240e-05  3.7495448679e-06 -2.8352811286e-06 -1.6036202935e-06  4.0083050875e-07 -4.2977409873e-06 -1.7040047012e-06  5.1119910825e-07 -2.0497005947e-06 -2.0178563953e-06

JOB 10
COORDS  4.4683044356e+00 -3.9314169139e+00  6.3969869520e+00  4.9159677831e+00 -3.3091461859e+00  5.2267666117e+00  3.2389531059e+00 -3.5702269197e+00  6.9597634900e+00  4.1579575453e+00 -2.3100780125e+00  4.6100651329e+00  2.4586955843e+00 -2.5842165275e+00  6.3581118951e+00  2.9379053319e+00 -1.9699438706e+00  5.1997954760e+00  2.1458934927e+00 -4.1338460557e-02  3.8622587083e+00  8.9501327938e-01  7.0921692746e-01  3.5970856529e+00  3.4126570648e+00  3.3756073828e-01  3.1878381690e+00  2.0283138717e+00 -9.8598067367e-01  4.7149311653e+00  5.0734227855e+00 -4.7027902363e+00  6.8634075604e+00  5.8614097785e+00 -3.6019476201e+00  4.7808968250e+00  2.8841485582e+00 -4.0563532276e+00  7.8629247775e+00  4.5144802566e+00 -1.8756348770e+00  3.6879175567e+00  1.4990587652e+00 -2.2868379927e+00  6.7687976291e+00  7.0411034295e-01  7.1328934665e-01  2.5162383389e+00  4.4204086306e-02  2.8883988814e-01  4.1319183538e+00  1.0425214475e+00  1.7591105726e+00  3.8814454810e+00  4.2576655043e+00  3.1095714778e-01  3.8814977002e+00  3.6208121980e+00 -3.6733836946e-01  2.3724126554e+00  3.3148180637e+00  1.3313878262e+00  2.7498157226e+00
ENERGY -4.246036293993e+02
GRADIENT  1.8188503855e-04 -2.7030433414e-04  1.6235003926e-04 -3.5515045960e-05  4.7109791160e-05 -1.9158711930e-06  1.6526350316e-04  2.7069012908e-04 -4.2007101023e-04  1.0209288118e-03  1.3993804951e-03  1.2626670139e-03 -2.9462473617e-04  6.0622961579e-05  1.3934958787e-04 -2.0422677497e-03 -3.3944672720e-03 -3.1054203967e-03 -7.1245096031e-04 -1.5375511698e-03 -2.0404053975e-03 -4.4357135157e-05 -8.1233112419e-05  2.3133824166e-04  1.1489882697e-04  8.2557393687e-05  8.5283456931e-05  1.6394754564e-03  3.6167084313e-03  3.7252373771e-03  3.5133059247e-05 -2.1550585816e-05 -1.3328683064e-05 -1.8792710346e-06 -1.9162117053e-05  2.8571395698e-05  1.3883335595e-05  2.2879188863e-05 -3.7838541094e-05  4.3090472460e-07 -9.1396903159e-05  7.4286114461e-05 -3.6822888505e-05  3.0391762535e-05 -1.1880307602e-05 -2.4366585104e-05 -1.0250354064e-04 -1.8763711022e-05 -4.6873310172e-05  3.1228821952e-05  2.1508828369e-05  2.9104126663e-05 -4.0150576315e-05 -7.4478513595e-05  1.8651933859e-05  1.1227085493e-05 -3.2450036626e-05 -1.1914450287e-05  2.5489544464e-05 -1.2053659665e-05  1.8058734207e-05 -2.3041476891e-05  1.1732064139e-05

JOB 11
COORDS  4.4403295094e+00 -3.9501333700e+00  6.3867533409e+00  4.9919311203e+00 -3.1924961120e+00  5.3482181308e+00  3.1455472428e+00 -3.6806574759e+00  6.8439911090e+00  4.2684438714e+00 -2.1578909778e+00  4.7490836351e+00  2.4035857527e+00 -2.6541773623e+00  6.2630241117e+00  2.9779350530e+00 -1.9127840020e+00  5.2277043134e+00  2.1505210662e+00 -1.3698773248e-02  3.8519909071e+00  9.3437877228e-01  8.2388220664e-01  3.7184413751e+00  3.3262468582e+00  2.1805330963e-01  2.9761407408e+00  2.0808102834e+00 -9.1180268972e-01  4.7581377318e+00  5.0202061904e+00 -4.7493621303e+00  6.8381030994e+00  5.9964752543e+00 -3.4028536905e+00  4.9945608918e+00  2.7129542741e+00 -4.2656943735e+00  7.6492912177e+00  4.7281840064e+00 -1.5969485302e+00  3.9503773629e+00  1.3972819676e+00 -2.4208081622e+00  6.5957072774e+00  5.5894582568e-01  7.4446666687e-01  2.6898879355e+00  1.5927701698e-01  5.3776953800e-01  4.4282535209e+00  1.2105521422e+00  1.8771814233e+00  3.8576282455e+00  4.2082481514e+00  4.5970849027e-01  3.5803404077e+00  3.5530509562e+00 -6.8417031329e-01  2.3967125214e+00  3.1271915161e+00  1.0413190727e+00  2.2906235027e+00
ENERGY -4.246029744914e+02
GRADIENT  1.1234067719e-05 -2.4386335137e-05  1.8859332159e-05 -2.2670129196e-05 -2.8007267653e-06 -9.0146920549e-06  9.8369059786e-06  5.7193000320e-07 -3.1832960164e-07  1.6313502239e-05  2.6721412817e-05  6.2229180471e-05  3.3279650274e-05 -6.3875347636e-06 -2.6798492519e-05 -1.4676911862e-06 -1.4010719906e-05 -1.5385681806e-05 -3.3356232377e-05 -2.2485392388e-05 -5.0739504010e-06 -1.0079060583e-05 -5.7716091646e-06  3.2172775222e-05  2.0027272603e-05 -1.9104321191e-05 -1.6714072183e-05 -2.7741097427e-05  8.6425970316e-05 -5.2383528295e-05  3.1972157178e-06  2.8488553479e-06  6.4563629249e-07  9.0927319516e-07  3.3155704299e-06  6.0467765211e-06 -1.7124358075e-07 -4.2996053492e-06 -7.0675339809e-06 -1.5257405407e-05 -3.3912669844e-05 -1.8242011373e-05  7.3165891955e-06  7.8443698730e-06 -1.2479002911e-06  7.6364383552e-06  2.6341320521e-06 -2.4940156730e-06  2.1456262715e-06  8.7618465479e-06  1.6563145468e-06  5.4845956283e-06  4.6845144500e-06 -1.1702863198e-05 -5.2762600494e-06  1.1848989093e-05  1.4612917855e-05  3.5461209601e-06  2.7889874930e-05 -8.9263740566e-06 -3.7957111261e-06 -1.1087641476e-06 -8.9847405357e-06

JOB 12
COORDS  4.4463601639e+00 -3.9696416811e+00  6.3573448213e+00  5.0525217809e+00 -3.0713712327e+00  5.4726335544e+00  3.1034107674e+00 -3.8062478523e+00  6.7155034991e+00  4.3299603007e+00 -2.0104680918e+00  4.9199712399e+00  2.3635451041e+00 -2.7498592474e+00  6.1866851170e+00  2.9904767596e+00 -1.8782531972e+00  5.2945337168e+00  2.1554237694e+00 -2.4524702773e-02  3.8795477358e+00  1.0201982957e+00  9.2753080385e-01  3.8228145956e+00  3.2270030880e+00  1.4311417337e-02  2.8532486749e+00  2.1000651770e+00 -8.6088391880e-01  4.8442570128e+00  5.0234162046e+00 -4.7898828114e+00  6.7732104679e+00  6.0989749501e+00 -3.1882590288e+00  5.2086866868e+00  2.6316535148e+00 -4.4960561020e+00  7.4079742976e+00  4.8370678840e+00 -1.3138206580e+00  4.2690248865e+00  1.3220249388e+00 -2.5950847012e+00  6.4498927032e+00  4.8478338366e-01  7.8738791171e-01  2.8748835104e+00  3.3896316845e-01  8.0280609216e-01  4.6636455054e+00  1.4146973785e+00  1.9514770221e+00  3.7980231770e+00  4.1190339946e+00  4.9946183816e-01  3.2704160547e+00  3.5088192574e+00 -9.9236997793e-01  2.5321524006e+00  2.8978065372e+00  6.0514568187e-01  1.9978737110e+00
ENERGY -4.246036293115e+02
GRADIENT  1.7901159196e-04 -2.7363182420e-04  1.5992092424e-04 -2.8212847969e-05  2.4389419360e-05 -2.8386463865e-05  2.0146440803e-04  3.3137605181e-04 -3.5967683031e-04 -5.7076400685e-04 -1.3516814822e-03 -1.5460165774e-03 -3.0727820003e-04  2.6682470851e-05  1.0827177664e-04  1.6626280802e-03  3.0847770172e-03  3.5749883819e-03  1.2174350607e-03  1.8302468277e-03  1.4537477218e-03 -1.0843785567e-04 -1.8641336754e-04  1.0636207390e-04  4.9002553411e-06 -1.1769592426e-04 -1.0890061270e-04 -2.3675436374e-03 -3.3720160710e-03 -3.5088313272e-03  4.3582234447e-05 -8.4741379412e-06 -1.1385348723e-06 -4.2973236760e-06 -2.8039887665e-05  2.1419271374e-05  1.8316854782e-05  2.9296891397e-05 -3.0487237623e-05  5.6765629067e-06 -7.6905938005e-05  7.8676195696e-05 -3.4522063385e-05  3.4598421604e-05 -1.1066749779e-05  7.6133308045e-05  4.6415793466e-05  1.0883992103e-05 -5.7340784528e-05  8.0679309749e-06 -2.5649308510e-06  3.8782866719e-05  1.1740242234e-05  9.8733210053e-05 -1.1972017446e-05  1.8317566733e-05 -1.4801645233e-05  2.2592076644e-05  2.2316259398e-05 -2.3601304237e-05  1.4964091586e-05 -2.1409402213e-05  1.1573016037e-05

JOB 13
COORDS  4.4514874181e+00 -3.9548614871e+00  6.2931086814e+00  5.0762686729e+00 -2.9410876542e+00  5.5585783605e+00  3.0812511419e+00 -3.8854894040e+00  6.5698543086e+00  4.3408506576e+00 -1.8573452340e+00  5.0705190960e+00  2.3285139888e+00 -2.8060868490e+00  6.1066046928e+00  2.9760464097e+00 -1.8257542667e+00  5.3570031252e+00  2.1570847396e+00 -9.0297969515e-03  3.9241557006e+00  1.1143288190e+00  1.0437532604e+00  3.8772003384e+00  3.1304410175e+00 -1.5900440616e-01  2.8143067723e+00  2.1019688277e+00 -7.7211093156e-01  4.9483801548e+00  5.0365030005e+00 -4.7918530273e+00  6.6617070266e+00  6.1440076693e+00 -2.9832975793e+00  5.3675039919e+00  2.5979996092e+00 -4.6650119516e+00  7.1502305645e+00  4.8484844544e+00 -1.0568670920e+00  4.5482391403e+00  1.2664273330e+00 -2.7202055813e+00  6.3135125612e+00  4.2279745787e-01  8.1034534038e-01  3.0559016533e+00  5.6340490392e-01  1.1142443465e+00  4.8144554681e+00  1.5750669766e+00  2.0049207399e+00  3.6218686470e+00  4.0246416344e+00  4.4068376219e-01  3.0303999098e+00  3.4406662976e+00 -1.1965771597e+00  2.6748024169e+00  2.6942563711e+00  2.4341395860e-01  1.8975502768e+00
ENERGY -4.246051265800e+02
GRADIENT  1.3665451517e-05  1.1626206095e-05 -6.8198249107e-06  5.3300604386e-06 -1.0729922722e-05 -3.5421330220e-06 -2.1935753677e-05  7.3783614147e-06  3.7383940334e-06 -5.3827231161e-04 -1.3954026558e-03 -2.3822985628e-03  2.2672477567e-05 -5.1572138204e-05  1.0672904004e-06  1.8187929067e-03  3.4849979134e-03  4.6784960261e-03  1.8149484876e-03  2.1973473850e-03  1.7203930409e-03  2.3083173102e-05 -2.3774161574e-06  3.0476920950e-06  1.0252490866e-05  8.6814984466e-06  4.1171536919e-06 -3.1285740962e-03 -4.2543545772e-03 -4.0012156355e-03 -2.5240706279e-06 -1.5508869634e-06  1.1026664807e-06  2.6277733190e-06  2.2179893006e-06  5.2650680927e-06  2.0617962839e-06 -5.4329880715e-06 -3.1289411334e-06  4.1886498256e-07 -4.1694712198e-06 -6.9602349760e-06  4.1697590960e-07  3.9069414122e-06 -4.9848522797e-07 -3.5746237718e-06 -5.5371035217e-06 -4.7079754940e-06 -1.1077489092e-07 -4.8857836211e-06 -2.7087928418e-06 -3.0448549060e-06 -5.2486481890e-06 -9.2194421457e-06 -1.9782262449e-06  3.0108730198e-06 -1.1968711808e-06 -2.9110044766e-06 -1.6315465333e-06  1.5602943806e-06  3.0896052512e-06 -3.2125352860e-06 -5.7328927891e-06

JOB 14
COORDS  4.4591496735e+00 -3.9276868564e+00  6.2312826253e+00  5.0898853708e+00 -2.8302686610e+00  5.6347479550e+00  3.0725872602e+00 -3.9304679461e+00  6.4223473946e+00  4.3412707923e+00 -1.7316071378e+00  5.2026423848e+00  2.3048612904e+00 -2.8381346760e+00  6.0124151874e+00  2.9631106939e+00 -1.7782903919e+00  5.3974601938e+00  2.1444713613e+00 -6.8852595330e-03  3.9496413094e+00  1.1923118872e+00  1.1269993855e+00  3.8892453065e+00  3.0183825542e+00 -3.3067922002e-01  2.7956695659e+00  2.1110201040e+00 -6.8243687232e-01  5.0347587590e+00  5.0517611208e+00 -4.7753151930e+00  6.5613836453e+00  6.1683448000e+00 -2.8187170234e+00  5.5117018404e+00  2.5862675858e+00 -4.7766832425e+00  6.8972503505e+00  4.8357344109e+00 -8.6239332211e-01  4.7833874071e+00  1.2299580947e+00 -2.8073688756e+00  6.1607149197e+00  4.1879445612e-01  8.8776523726e-01  3.1465957488e+00  7.2786407717e-01  1.3204566963e+00  4.8556294869e+00  1.7059825300e+00  2.0198997511e+00  3.5154515227e+00  3.9314410127e+00  2.7658643487e-01  2.8536195328e+00  3.3092184821e+00 -1.3821093517e+00  2.7743683342e+00  2.5108591225e+00 -4.1678567906e-02  1.8719371099e+00
ENERGY -4.246065990635e+02
GRADIENT -4.9803729218e-06 -3.2610849795e-05  2.2594433513e-05  8.2449233089e-06  9.0494115473e-06 -1.1338820334e-05  3.1238340231e-05  1.1598099499e-06 -2.0393683785e-05 -2.4945953775e-04 -8.5162968122e-04 -1.8665617730e-03  1.6469074787e-05  1.5257051769e-05  9.4751939923e-06  1.1989767468e-03  2.0831184764e-03  3.4120736825e-03  1.5302953095e-03  1.5074723026e-03  1.0308499418e-03 -1.5772981888e-05  1.9603054521e-06  2.9435240676e-06  1.0721727287e-05 -3.1638867735e-05  1.8844365342e-05 -2.5354978472e-03 -2.7445025945e-03 -2.5780350349e-03  9.9862117761e-06  1.8049999835e-06  3.0143466465e-06  1.1767846343e-06 -8.4456473489e-06 -1.9285145409e-07  5.7993730887e-07  2.3323530722e-06  3.0750279786e-06 -1.4250670574e-06  4.7439927405e-06 -5.2100521325e-06  5.0437856895e-06  8.6671341231e-07  1.9340466323e-06  3.0645537113e-05  7.1350445987e-06 -2.0886150229e-06  9.7028070745e-07 -9.8177464909e-07  3.4007106703e-06  1.1914389817e-05  1.8161073263e-05  2.3528744789e-05 -4.4266162139e-07  1.4094941541e-05 -2.4220040781e-06  4.3661595117e-06  2.9613894531e-06  3.3937966024e-06 -2.9607611924e-06 -1.0256485856e-05 -6.7796130941e-07

JOB 15
COORDS  4.4762881872e+00 -3.9011693101e+00  6.1769130647e+00  5.1203013165e+00 -2.7464947824e+00  5.7189246537e+00  3.0812855966e+00 -3.9444997992e+00  6.2825810384e+00  4.3737270699e+00 -1.6248118054e+00  5.3446901607e+00  2.3140960693e+00 -2.8316392929e+00  5.9257479119e+00  2.9901147285e+00 -1.7153760885e+00  5.4502164790e+00  2.1408169231e+00  6.1351934697e-03  3.9978701731e+00  1.2633631230e+00  1.1958997708e+00  3.9159214578e+00  2.8978724356e+00 -4.7580427657e-01  2.8177252981e+00  2.1684566263e+00 -5.7328360132e-01  5.1374422167e+00  5.0650533114e+00 -4.7664078635e+00  6.4654569630e+00  6.2036006091e+00 -2.7087833963e+00  5.6601306918e+00  2.5866209490e+00 -4.8384057440e+00  6.6493458911e+00  4.8637429716e+00 -7.1100225424e-01  5.0230092516e+00  1.2319990827e+00 -2.8316820187e+00  6.0128693642e+00  4.1074340908e-01  9.4569629665e-01  3.2693126518e+00  9.0305488061e-01  1.5049274969e+00  4.8966118802e+00  1.7938081211e+00  2.0129167472e+00  3.4143357254e+00  3.8569834222e+00  5.7725061374e-02  2.7728580948e+00  3.1115401803e+00 -1.5445795444e+00  2.8691710499e+00  2.3527346001e+00 -2.1961367269e-01  1.9061928855e+00
ENERGY -4.246075122080e+02
GRADIENT -2.3809279940e-04  5.0681589412e-04 -1.6395291276e-04  2.9964280419e-04 -8.5720695001e-05  2.5547286247e-06 -2.2889507770e-04 -2.8118660495e-04  1.1979168875e-04 -8.5108127253e-05 -1.8674288521e-04 -1.0296269787e-03 -9.8834877706e-06 -7.4860993039e-05  1.2132908253e-05  5.5705920587e-04  7.7467480271e-04  1.5937225375e-03  8.2716066228e-04  7.4554719886e-04  2.8470967126e-04 -2.1148335572e-05 -3.7418582377e-05  5.1777727548e-05 -3.3113923770e-05 -1.1418318026e-04  4.8093796270e-05 -1.1357013895e-03 -1.3581627561e-03 -9.2660737009e-04 -3.7905283874e-05  2.8689249408e-05 -1.3630985818e-05  2.6569663736e-05  5.2662970939e-05 -7.4536427569e-06 -3.9323712348e-05 -2.1086504908e-05  3.0524925858e-06  3.3461050474e-05 -1.2986258916e-05 -2.3699115208e-05 -6.7350798344e-06 -3.3947591159e-05 -2.7818004479e-08  3.2340572121e-06  1.4575434398e-05 -1.4946592312e-05 -1.5905648274e-05 -7.6694905083e-06 -7.5752535571e-06  9.2634636587e-06  1.1075168564e-06 -2.5291460393e-06  2.4806411803e-05  4.2197225121e-05  2.8484797740e-05  2.5711557508e-05 -1.6635489333e-06  1.3600106159e-05  1.3987638263e-05 -2.0705021050e-06  8.7869873287e-06

JOB 16
COORDS  4.4919571605e+00 -3.8865047147e+00  6.1335129782e+00  5.1509429720e+00 -2.6921635660e+00  5.8215675553e+00  3.0942682981e+00 -3.9519432876e+00  6.1279605620e+00  4.4174425089e+00 -1.5488297989e+00  5.4867728305e+00  2.3383830764e+00 -2.8199159057e+00  5.8034628596e+00  3.0335573873e+00 -1.6641176442e+00  5.4772514175e+00  2.1272065277e+00 -1.9777672869e-03  4.0162823365e+00  1.3011873297e+00  1.2205306847e+00  3.9075099512e+00  2.7640958974e+00 -6.1890244763e-01  2.8286125539e+00  2.2425368818e+00 -4.8468333216e-01  5.1944102798e+00  5.0706474585e+00 -4.7672703479e+00  6.3940339486e+00  6.2350500586e+00 -2.6413222560e+00  5.8457277504e+00  2.5867445701e+00 -4.8773104931e+00  6.3820175825e+00  4.9102721240e+00 -6.0526240773e-01  5.2711721769e+00  1.2528862810e+00 -2.8385780470e+00  5.8097476673e+00  3.7646980014e-01  9.5407457618e-01  3.3760556803e+00  1.0562676297e+00  1.6363461442e+00  4.8844019041e+00  1.8103282968e+00  1.9573433989e+00  3.2767363278e+00  3.7765972448e+00 -2.0282889793e-01  2.7295305479e+00  2.8660432858e+00 -1.7007876206e+00  2.9317207450e+00  2.2137369369e+00 -3.5043795894e-01  1.9249376525e+00
ENERGY -4.246078259816e+02
GRADIENT -3.8735453184e-04  4.8664285416e-04 -1.4595345941e-04  1.5020675777e-04  2.2581436613e-05  2.5606863684e-05 -2.2794945517e-04 -6.6831433546e-04  1.9139565834e-04  4.8614857135e-05  1.3984895093e-04 -1.6852118307e-04  3.1085983959e-04  1.2323096098e-04 -5.1664405989e-05  1.2459705286e-04 -1.1842142607e-04  1.2137215187e-04  9.0775513531e-05  8.8608736686e-06  1.6595019674e-05 -3.0888854763e-05  5.2678895539e-05  3.7031169740e-05 -1.3594937852e-05 -1.0983558129e-04  6.4639598272e-05 -1.0754310821e-04  4.3287618690e-05 -1.6804201577e-04 -4.7835304805e-05  3.1883298267e-05 -5.5735727233e-06  1.2594292681e-05  4.5270176958e-05 -2.3576236846e-05 -5.7011804619e-05 -4.0317514532e-05  3.0971160517e-06  2.0940618217e-05  2.5872048295e-05  1.8556701956e-05  4.2070259836e-05 -6.6328066178e-05  2.6966736619e-05 -9.9872476984e-06 -2.1195708943e-05  2.9442985941e-05  1.3190611704e-05  2.4972955623e-05 -4.0381709177e-07 -6.8975679217e-06 -2.3119810119e-05 -6.6961724858e-06  2.0489246021e-05  2.5252849003e-05  1.1288771944e-05  3.3669500369e-05 -5.7199367607e-07 -7.2409719314e-07  3.2780173313e-05  2.8617662208e-05  1.2992307463e-07

JOB 17
COORDS  4.7596035627e+00 -3.9888846683e+00  6.4903222335e+00  3.6431026520e+00 -4.3222411482e+00  5.7161793204e+00  5.4284259755e+00 -2.7767071854e+00  6.2870460011e+00  3.1754495375e+00 -3.4406126390e+00  4.7346992866e+00  4.9822145045e+00 -1.8786493179e+00  5.3108339507e+00  3.8572523552e+00 -2.2417379410e+00  4.5836006842e+00  2.5295902843e+00 -4.5048078641e-01  3.7342980369e+00  2.1935899091e+00  3.9399567671e-01  2.5687324381e+00  1.8609956716e+00 -2.7611064124e-01  5.0461330799e+00  3.4198422407e+00 -1.3449631954e+00  3.5306344152e+00  5.1171436485e+00 -4.6811605709e+00  7.2462598437e+00  3.1368107157e+00 -5.2710401842e+00  5.8642677258e+00  6.3037016566e+00 -2.5276396903e+00  6.8789283483e+00  2.3260653652e+00 -3.6903988889e+00  4.1056879178e+00  5.4989695031e+00 -9.4273554605e-01  5.1201475270e+00  2.5028490602e+00  1.4238126110e+00  2.7960915316e+00  2.6825376247e+00  4.9651677765e-02  1.6580665793e+00  1.1047120854e+00  4.2932148531e-01  2.4463709779e+00  1.1076702695e+00 -1.0703192952e+00  5.1480987885e+00  2.5598793545e+00 -4.0137328252e-01  5.8762908284e+00  1.3526268532e+00  6.8695416532e-01  5.0966417757e+00
ENERGY -4.246076669446e+02
GRADIENT -7.1196525987e-06 -2.9872112756e-05  1.0088209893e-05 -6.2119893473e-06 -1.4726373793e-05  1.2194072225e-05  1.5431518147e-07  2.4252069112e-05 -5.6296074263e-06  4.4836254844e-04 -2.9303220379e-04 -3.4586905626e-04 -7.3465278458e-06 -6.9008789337e-05  2.8736936629e-05 -3.7601450896e-04  7.3846055599e-04  4.5904830443e-04  4.9990540277e-04  4.6830242406e-04  1.2904544626e-04 -2.2991288716e-05 -8.0224094238e-06  8.4344977652e-06 -8.4502519704e-05 -6.8488070513e-05 -1.6291171480e-05 -5.3118710535e-04 -8.2815010752e-04 -3.2155158575e-04 -9.3567997693e-07  1.5716433057e-06  3.4364393335e-06  4.2213442551e-06 -6.6407553361e-06  5.8002726393e-07 -1.1619791682e-06 -9.3778914017e-06  4.1444121439e-06 -1.5186503449e-06  1.4343082337e-05  5.7442955372e-06 -1.2185897701e-05  1.1660551203e-06  1.4885880260e-08  1.7192152483e-05 -3.8003930418e-06 -7.9666827226e-06  6.9801975813e-06  3.2660601241e-06 -3.1929802073e-06  7.9241665998e-06 -1.5310296268e-06  9.7605321197e-06  1.8925530656e-05  1.2937487120e-05  1.9715989963e-05  8.6550953638e-06  1.9082833596e-05 -9.7772828198e-07  1.8892584258e-05  1.8694392958e-05 -3.2760903713e-07

JOB 18
COORDS  4.4906640583e+00 -3.7941645612e+00  6.3258854709e+00  3.4314199138e+00 -4.1651211202e+00  5.4901879483e+00  5.0719305645e+00 -2.5261772514e+00  6.2167845249e+00  2.9353540743e+00 -3.2690365273e+00  4.5365590344e+00  4.5902872166e+00 -1.6097054055e+00  5.2754393967e+00  3.5278601307e+00 -2.0156697483e+00  4.4792677447e+00  2.2870841500e+00 -1.1610850890e-01  3.7295322212e+00  1.8986811175e+00  7.2428908966e-01  2.5759830202e+00  1.8158635570e+00  1.8106088452e-01  5.1029164444e+00  3.0477345365e+00 -1.1069324380e+00  3.4578026523e+00  4.8721919280e+00 -4.4998117241e+00  7.0573406437e+00  2.9909682645e+00 -5.1540460183e+00  5.5703821403e+00  5.9051467496e+00 -2.2475064360e+00  6.8544148164e+00  2.1269395315e+00 -3.5404360062e+00  3.8644928936e+00  5.0456267422e+00 -6.3086383224e-01  5.1563494834e+00  2.0074262395e+00  1.7830523022e+00  2.8353216293e+00  2.4653135672e+00  4.7478198069e-01  1.6793957674e+00  8.2630094241e-01  5.6626026892e-01  2.3925054055e+00  1.7010676452e+00 -7.2342085308e-01  5.7031073520e+00  2.5772617235e+00  8.0329644874e-01  5.5945519823e+00  8.9227206843e-01  7.6151172792e-01  5.0687534652e+00
ENERGY -4.246078244822e+02
GRADIENT -1.0363031884e-04  6.4446690992e-05 -1.3918591578e-04  9.1307052464e-05  1.4309645754e-04  2.1103376814e-05  2.8122778185e-04  1.1069018775e-04  2.1559153915e-04 -2.9811141039e-04 -2.6309739111e-06 -8.8827086388e-05 -1.1519917813e-04 -2.0746868092e-04 -2.7316347597e-06  1.4403555499e-04 -1.6809274654e-04 -6.5323311446e-05 -9.6562864685e-05 -1.0788580907e-04 -9.8108536938e-06  2.1052961398e-05  5.5358851505e-05  1.0420396066e-05 -3.4163157065e-05 -4.7636997565e-05 -8.0578393862e-06  4.1774792845e-05  1.1334406236e-04  5.8664955105e-05  2.1896981691e-05  3.8704685767e-05  6.2124331435e-06 -1.6905346214e-05  1.5902638814e-05 -2.8819597467e-05  2.2879115160e-05 -2.2797157720e-06  1.7991398299e-05 -2.2761518336e-05 -9.6999319190e-08 -1.0823453402e-05  1.3054143527e-05 -2.5302248049e-05  3.4640751125e-05 -2.4054884852e-05 -9.2352374100e-06  4.8476631388e-06  1.2666949271e-05  1.3677510622e-05  3.5299625739e-06  2.3202933247e-06 -3.7095944003e-05 -1.5370019647e-05  1.6193041972e-05  1.3432237131e-05  1.0555822938e-05  1.5008864552e-05  1.8986030202e-05 -6.3685720062e-06  1.4058114698e-05  1.6830351156e-05  5.5956382725e-06

JOB 19
COORDS  4.4995766319e+00 -3.8321315928e+00  6.3035926620e+00  3.5101672406e+00 -4.2527028506e+00  5.4074478752e+00  4.9699749104e+00 -2.5146763937e+00  6.2756498357e+00  2.9760653119e+00 -3.3560920758e+00  4.4766171924e+00  4.4435930233e+00 -1.5970920166e+00  5.3606891129e+00  3.4459912576e+00 -2.0498611760e+00  4.5050743682e+00  2.2717005142e+00 -9.6227302548e-02  3.7484386571e+00  1.8647648512e+00  6.9788155924e-01  2.5675423243e+00  1.9148659113e+00  3.2707946702e-01  5.1236589022e+00  2.9245677325e+00 -1.1650881489e+00  3.4906358731e+00  4.9160430003e+00 -4.5373826085e+00  7.0161497177e+00  3.1577879111e+00 -5.2793077599e+00  5.4222771346e+00  5.7547284626e+00 -2.1978238013e+00  6.9555043507e+00  2.2219819062e+00 -3.6614252628e+00  3.7578091964e+00  4.8255318360e+00 -5.8222974068e-01  5.3038083746e+00  2.0964284027e+00  1.7555079303e+00  2.7361681367e+00  2.3300169309e+00  3.3444809270e-01  1.6518241904e+00  7.7114612018e-01  6.3792657774e-01  2.4781880996e+00  1.8447934307e+00 -5.1726601420e-01  5.8113955933e+00  2.7003059172e+00  9.9821398647e-01  5.4973495970e+00  9.8834743368e-01  9.0521035083e-01  5.1017240763e+00
ENERGY -4.246076683323e+02
GRADIENT -2.4145139888e-05  1.9270441288e-04 -8.7218169484e-05 -1.5773169299e-04 -3.4016450248e-04 -5.9108319657e-05  8.3220542082e-05 -1.7541582241e-05  8.4467054505e-05  7.3750473381e-04 -1.2646515992e-04 -9.3873777208e-05 -4.5352208375e-05 -1.5903556159e-04  1.0450199474e-05 -4.4101976402e-04  6.8854911541e-04  2.5580918327e-04  6.5998033833e-04  3.6052022056e-04 -2.9668267436e-05 -5.5764880514e-05  4.9474234045e-06  8.1821503876e-05 -1.4868851026e-04  3.4613645231e-05 -3.3122671864e-05 -6.6173834303e-04 -7.2798284053e-04 -1.3602815088e-04 -2.0223960116e-05 -9.7006630171e-06 -2.5659839208e-05  2.2670537868e-06 -3.3962406822e-05  2.6881299371e-05  1.4989773021e-05  1.6044749350e-05  3.1702392823e-06  2.4486359958e-05  1.9077982828e-05  1.4192731725e-05 -1.4894347993e-06 -4.7525002907e-05 -1.0292283724e-05  1.3855829139e-05  9.0155333699e-06  7.1348143826e-06  9.2468663939e-08 -2.6854886193e-05  1.5152744245e-05  4.5845514094e-06  3.0618517162e-05  5.5963350868e-06  1.9300324654e-05  2.8466414492e-05 -3.7344947920e-05  9.5508853108e-06  4.7790760489e-05 -9.5398553753e-06  7.4984187044e-06  2.0720262402e-05  1.2783427137e-05

JOB 20
COORDS  4.5207779973e+00 -3.8887692959e+00  6.2770448151e+00  3.6017713459e+00 -4.3327813274e+00  5.3191895391e+00  4.8779519932e+00 -2.5375029674e+00  6.3430335680e+00  3.0253613616e+00 -3.4277667139e+00  4.4245259081e+00  4.3041232284e+00 -1.6110132823e+00  5.4673506534e+00  3.3695713465e+00 -2.0868213425e+00  4.5517992950e+00  2.2557111719e+00 -8.4822442801e-02  3.7705868154e+00  1.8112242411e+00  6.3932007012e-01  2.5571385192e+00  2.0276110241e+00  4.7633906814e-01  5.1242953539e+00  2.8026011707e+00 -1.2205086974e+00  3.5548718807e+00  4.9740008308e+00 -4.5996702340e+00  6.9610317844e+00  3.3410145901e+00 -5.3845371782e+00  5.2563351280e+00  5.6147682212e+00 -2.2000357665e+00  7.0652289476e+00  2.3263491522e+00 -3.7484728102e+00  3.6583929886e+00  4.6142666660e+00 -5.7157570372e-01  5.4843778071e+00  2.1295128663e+00  1.6862602514e+00  2.6146516664e+00  2.1772510665e+00  1.6899306125e-01  1.6450882011e+00  7.1253012054e-01  6.5577698268e-01  2.5512364494e+00  1.9676940428e+00 -2.9841517662e-01  5.8906096859e+00  2.8610231900e+00  1.1439099403e+00  5.3803464509e+00  1.1258072026e+00  1.0932352788e+00  5.1108888293e+00
ENERGY -4.246069800906e+02
GRADIENT  5.4995247821e-05 -6.1488576970e-05  7.3315514343e-05  9.7249003230e-06  9.2747467671e-05 -2.5120914706e-05  2.6017325589e-05 -2.2825736511e-06  2.6006938128e-05  1.3120851144e-03 -2.6669146065e-04 -8.7003836976e-04 -7.0494698941e-05 -1.0402920750e-04  1.0665534406e-06 -1.0275964979e-03  8.4645019916e-04  1.1200015719e-03  1.7899914223e-03  8.7268438079e-04 -2.6994152976e-04 -1.1313807105e-04 -4.2378111216e-05 -1.8342919228e-05  7.3996566636e-06  3.3895430807e-05 -2.5798996099e-05 -2.0037385103e-03 -1.3098929166e-03 -6.5281528036e-05  1.1072855943e-05  7.0223414845e-07  8.7601979388e-06  7.7487602073e-06  7.0930374949e-06  6.0999245226e-06  4.8156895669e-06 -1.6307787940e-05  4.9146396086e-06  7.6669982464e-06  2.2030004856e-05 -1.8539947077e-06 -1.5114976097e-05 -4.6103732487e-06 -5.4875140244e-06  1.0022227276e-05  4.7314458425e-06  7.1309522054e-06 -1.1306058467e-05  1.2693956690e-06  2.0236766200e-05 -1.9187411670e-05  4.8470851234e-05 -1.3892910172e-05 -9.1289063621e-06 -4.6027530783e-05  1.8250614800e-05  2.4499373337e-05 -5.4625529439e-05  2.4866779180e-05  2.8350658135e-05  1.9178185728e-06 -7.7900084437e-06

JOB 21
COORDS  4.5477410419e+00 -3.9359259729e+00  6.2392385051e+00  3.7031490859e+00 -4.3796777817e+00  5.2150478442e+00  4.7885441100e+00 -2.5687703324e+00  6.4139354171e+00  3.0847986810e+00 -3.4589609043e+00  4.3681172486e+00  4.1691179306e+00 -1.6271909270e+00  5.5873614035e+00  3.3025398873e+00 -2.1036511290e+00  4.6043423006e+00  2.2324539327e+00 -6.4836369446e-02  3.7859424101e+00  1.7413555359e+00  5.7772559243e-01  2.5438028408e+00  2.1367555373e+00  6.3548489156e-01  5.0902948056e+00  2.6828935333e+00 -1.2520326709e+00  3.6359728016e+00  5.0359568157e+00 -4.6562823144e+00  6.8883875459e+00  3.5356180031e+00 -5.4413083186e+00  5.0637234050e+00  5.4725624383e+00 -2.2275753706e+00  7.1846897346e+00  2.4414601201e+00 -3.7751686838e+00  3.5529634303e+00  4.4062183048e+00 -5.7590721326e-01  5.6949389547e+00  2.1357130586e+00  1.5980827682e+00  2.4769460841e+00  2.0022114542e+00  1.5488164107e-03  1.6566777066e+00  6.4950325597e-01  6.7735635507e-01  2.6143521205e+00  2.0512385232e+00 -5.7534525904e-02  5.9291029946e+00  3.0357157256e+00  1.2483750947e+00  5.2396294441e+00  1.2896000309e+00  1.3250114392e+00  5.0641186632e+00
ENERGY -4.246056270967e+02
GRADIENT  3.9913728533e-05 -4.2655722898e-05  6.9503893541e-05  1.7792661649e-05  2.3460146490e-04 -4.2941901781e-07  1.0908541261e-04  1.8839995417e-05  1.2114478426e-04  2.0925264728e-03 -2.0261707948e-04 -1.5694523949e-03 -7.5194620738e-05 -2.4350117074e-04 -1.8514196572e-05 -1.3040765515e-03  1.0564613512e-03  1.3686815078e-03  2.9746337352e-03  1.0919739557e-03 -8.2047536287e-04  3.9354871262e-05  1.2925711136e-04  8.0262076798e-05 -4.4135179918e-05  9.5584855473e-07 -3.8099913318e-05 -3.9123679199e-03 -2.1877962243e-03  8.9893399527e-04  1.6775882535e-05  1.0683368889e-05  1.1985204246e-05 -5.1382804810e-06  1.5215265616e-05  1.0703802901e-05  5.1958753563e-06 -1.3311359403e-05  2.1763728041e-05 -5.8831751126e-06  2.9573049725e-05 -1.9671843771e-05  2.3434788990e-05 -6.9143823730e-06 -2.0377778913e-05  5.4998847699e-06  2.1388953922e-05 -3.4169856729e-05  1.4555864619e-05 -1.3217526113e-05  2.3761860488e-05  2.6793206862e-05 -3.1523250684e-06  3.6290402238e-05 -2.1411925467e-05  3.3651519547e-05 -5.1464692796e-05  2.5672198829e-05  3.0516491824e-05 -2.7605783592e-05 -2.5337455217e-05  1.2927511279e-05  2.2771868563e-05

JOB 22
COORDS  4.5796537012e+00 -3.9947955013e+00  6.2192459017e+00  3.8334774169e+00 -4.4059261991e+00  5.1089405954e+00  4.6821557412e+00 -2.6359086747e+00  6.5358587928e+00  3.1796786301e+00 -3.4601269987e+00  4.3205227306e+00  4.0267112721e+00 -1.6697843149e+00  5.7677561865e+00  3.2638789089e+00 -2.1159995696e+00  4.6862039399e+00  2.2108723431e+00 -5.2196246537e-02  3.8271849202e+00  1.6158194636e+00  4.8493200302e-01  2.5798073401e+00  2.2942109524e+00  7.8926992442e-01  5.0467312034e+00  2.5894708953e+00 -1.2707987690e+00  3.7564431683e+00  5.0953633846e+00 -4.7306074677e+00  6.8286095741e+00  3.7689166957e+00 -5.4575526132e+00  4.8484278589e+00  5.2852750032e+00 -2.3163203220e+00  7.3799566985e+00  2.6062090601e+00 -3.7465429969e+00  3.4446494234e+00  4.1610692701e+00 -6.2507328646e-01  6.0083811547e+00  2.0829038610e+00  1.4478097296e+00  2.3405102462e+00  1.7163576590e+00 -2.0983148129e-01  1.7467731019e+00  5.5424135748e-01  7.0024056151e-01  2.7624892313e+00  2.0928927278e+00  2.1130283677e-01  5.9521584427e+00  3.3034311801e+00  1.2140863778e+00  5.1296019409e+00  1.5962257856e+00  1.6237442120e+00  4.9636874462e+00
ENERGY -4.246038944858e+02
GRADIENT -9.7888239404e-06  7.7992892510e-06 -1.2160594180e-05  7.2870098387e-07  4.9736119824e-06 -4.9516057908e-06  1.8000528740e-05  1.0970002386e-05 -2.6953294940e-07  2.0343945044e-03  2.2409849532e-04 -1.3923676470e-03 -2.3549112757e-05  8.3104876575e-05  2.8037375818e-05 -1.0260735734e-03  2.1078732073e-04  1.0700803813e-03  2.9887285261e-03  9.9441024743e-04 -1.2602232871e-03  4.8750167077e-07 -9.8507525382e-06 -5.1396287956e-06  1.9030945701e-06 -3.6056128971e-06  1.1167019776e-05 -3.9701681248e-03 -1.5296776100e-03  1.5799472132e-03 -1.1141005351e-06  1.5780847347e-06  3.3417399285e-07 -7.0679921211e-07  1.9475197990e-06 -4.2874657771e-06  2.6231132151e-06  2.3002294621e-06 -3.8322838913e-07 -2.9608021358e-06  2.3190240006e-06 -2.2397901973e-06  8.9292370821e-06 -5.9771994616e-06 -6.1626419557e-06 -8.6609530615e-07  3.7173052016e-06  8.6282302784e-06 -1.2451359347e-07  2.8681152600e-06  2.0656883527e-06 -1.0937977082e-06  5.2562409639e-06 -1.2696717823e-06  4.8924777546e-06  6.7318941733e-06 -6.0657895372e-07 -7.2993227131e-06  1.2349804991e-05 -1.5547395999e-05  2.3493760833e-07  2.5952811599e-06  5.6430520310e-06

JOB 23
COORDS  4.5953171022e+00 -4.0039833105e+00  6.1863818510e+00  4.0092492778e+00 -4.3580763373e+00  4.9660079297e+00  4.5012077513e+00 -2.6902360864e+00  6.6575656292e+00  3.3297621598e+00 -3.3988652199e+00  4.2177437511e+00  3.8253865281e+00 -1.7099088646e+00  5.9260921309e+00  3.2505133373e+00 -2.0943627762e+00  4.7110889646e+00  2.1956335854e+00 -2.0150938449e-02  3.8345245417e+00  1.4150137416e+00  4.2523241292e-01  2.6552612650e+00  2.5399455321e+00  9.3615367427e-01  4.9162431986e+00  2.5235806434e+00 -1.2549735085e+00  3.8198220943e+00  5.1250922680e+00 -4.7498822796e+00  6.7709440981e+00  4.0796601989e+00 -5.3759487254e+00  4.5960217279e+00  4.9564366683e+00 -2.4171368221e+00  7.6044638191e+00  2.8647058068e+00 -3.6425252723e+00  3.2679303198e+00  3.7746342045e+00 -7.0793221800e-01  6.3228553928e+00  1.9470969023e+00  1.2523359528e+00  2.1675894639e+00  1.2425525972e+00 -3.8482497580e-01  1.9477736827e+00  4.5944751605e-01  8.4274898597e-01  2.9984843665e+00  2.1237081703e+00  5.9604890169e-01  5.8713930148e+00  3.6278594598e+00  1.0058900640e+00  5.0298489013e+00  2.1415799381e+00  1.9236654951e+00  4.6850724642e+00
ENERGY -4.246029745751e+02
GRADIENT  1.5830992161e-05 -4.2935324568e-06 -2.1781262892e-06 -1.6166765105e-05  9.4482225754e-06  2.6174052844e-05 -5.5191997219e-06 -1.1439100977e-05  2.9648876178e-06  5.6249447646e-06  2.8138681467e-05 -2.3465136021e-05 -8.4454972297e-06  5.9064193927e-06 -2.1076575281e-05  4.1839140907e-05 -4.3015697926e-05  4.5792088561e-05 -5.1054169272e-06 -3.8925002378e-05 -1.3319155123e-05  2.8250814778e-05  8.3532086176e-08 -2.3854639027e-05 -7.6604881807e-06  1.3736581700e-05  3.2489354669e-05 -4.7891473125e-05  6.0196468944e-05 -2.4750224330e-05 -5.3140406121e-06  2.2875376583e-06  5.5242574801e-06  7.7669361490e-06  8.0661685652e-06 -8.4060092959e-06  7.9339804838e-08  2.9928280782e-06 -1.9115601631e-06 -8.8562133445e-06 -3.2308735405e-06  4.4245963946e-06  1.0665496697e-06  2.5092689173e-06  4.1648954122e-07 -1.3056100719e-05  1.0735300498e-05  6.9441427753e-06 -1.4143925370e-06  3.3473009399e-06  4.3792119202e-06 -2.9881912518e-06  5.5901882612e-06  9.7676512373e-06  7.0637880987e-07  1.2495650375e-05 -9.5280085681e-06  3.8599592915e-06 -2.2008264611e-06 -7.6845722431e-06 -1.5731235677e-06  3.7227285069e-06 -4.2253611150e-06

