JOB 0
COORDS -6.5025263939e-01 -4.9188825535e+00 -4.5443233099e+00 -9.7571652903e-01 -3.9091978301e+00 -3.5887973017e+00  6.5508062279e-01 -5.3307106432e+00 -4.4601522946e+00 -5.2908930479e-01 -1.3603613571e+00 -1.5478473606e+00  1.3294662999e-01 -2.5791228496e+00 -1.7136957928e+00  8.8462275669e-02 -3.5581856612e+00 -2.7841830224e+00 -5.4281023997e-02 -8.4918841388e-01 -3.0397532932e-01 -1.8911268459e+00  6.5143044981e-01 -2.3179156531e+00 -4.1371887610e-01  4.2343514791e-01  4.0424503614e-01 -1.5710789982e+00 -8.1780809607e-01 -2.4933569371e+00  8.4328251280e-01 -1.6779889926e+00  2.4415928853e-01  9.5175590248e-01 -2.7058560844e+00 -6.2564604648e-01 -2.9389641516e+00  1.0988081740e+00 -1.8971580720e+00 -8.6519375325e-01  1.4506484362e+00 -2.7157102809e+00  1.5167263871e+00 -4.4735231421e+00 -3.2248935027e+00 -1.3580322216e+00 -5.3285753822e+00 -5.2573627474e+00 -1.9664456773e+00 -3.4840260238e+00 -3.4760116275e+00  1.1636355210e+00 -6.0801136213e+00 -5.0530320505e+00 -1.4962904869e+00  5.2980289468e-01  5.1961401489e-01  4.4752398346e-02  4.2358947709e-01  1.3954401512e+00 -4.9222711014e-02  1.2989872393e+00 -1.4253915376e-01 -2.5211323954e+00 -1.3444652875e+00 -2.3669590260e+00 -1.2373780770e+00 -9.7174345753e-01 -3.5258971751e+00  1.5218313047e+00 -3.5042339969e+00 -3.7885318160e-01 -1.1643112218e+00  2.3693854084e+00 -2.5729050728e+00
ENERGY -1.045315895117e+03
GRADIENT -1.8627568017e-06 -1.6751240066e-06 -6.0791119908e-06 -7.0153464174e-06 -2.6466022473e-05  2.0582794544e-05  3.3478502464e-08  1.3412038104e-05 -7.3093712428e-06  2.1142118706e-03  1.5787891922e-03 -1.3979016255e-03 -1.9135201681e-03 -1.2418276179e-03  1.3795884421e-03  6.2907222715e-05  3.7669977158e-05 -5.0383253434e-05  2.6095868177e-05  4.9773982624e-05 -2.1045486413e-05 -1.5746767045e-03 -4.8903804508e-04  1.4222866038e-03  6.5968125193e-06  3.5867669228e-07 -1.9879107814e-06  1.2739566937e-03  9.7757881011e-05 -1.3051637669e-03 -4.3339438128e-05 -3.3737659779e-05  1.0726276618e-05  5.9450076972e-05  1.6181025382e-05 -5.3287801513e-05  2.3741057533e-05 -2.3169176459e-05  1.2851195873e-05  4.3941822058e-05  1.9681482992e-05 -1.5484587796e-05  4.9452221758e-06 -1.0651939972e-06  4.0876532133e-06 -5.1254626862e-06 -3.7369570688e-06  3.9415976269e-06 -1.5100493579e-06  1.0347449425e-05  2.0188886303e-06 -1.4039039840e-06  5.9115705630e-06 -9.9740020070e-06  2.9016396495e-06 -2.1045954062e-06  1.2350284823e-06  1.3450241438e-05  1.4894049409e-06 -7.4936559792e-06 -4.3131006993e-06  9.1685301003e-06 -5.0481386273e-06 -1.5408629375e-05  7.7556952250e-06  7.9737332274e-07  4.8587469026e-06 -1.1710058519e-05  1.1565819671e-05 -1.2423112455e-05 -1.3339128013e-05  5.7576377891e-06 -7.7836246089e-07 -4.9119161182e-06  3.4807091652e-06

JOB 1
COORDS -6.8540577754e-01 -4.9447667385e+00 -4.5304958408e+00 -1.0043926836e+00 -3.9840680516e+00 -3.5234599181e+00  6.5069670356e-01 -5.2522425472e+00 -4.5674418253e+00 -5.4875027296e-01 -1.4158235941e+00 -1.5016165634e+00  1.5005054081e-01 -2.6037613731e+00 -1.7173361707e+00  9.5150686649e-02 -3.5649847601e+00 -2.8040464854e+00 -5.6504154783e-02 -9.1820236586e-01 -2.5979865968e-01 -1.7313523232e+00  6.5521045637e-01 -2.3942011267e+00 -4.4628326978e-01  3.3204676156e-01  4.6994195852e-01 -1.6263731633e+00 -8.5657298366e-01 -2.3900828120e+00  8.8432745475e-01 -1.7254893225e+00  2.4364116075e-01  1.0050834024e+00 -2.7273568157e+00 -6.5633290958e-01 -2.7278879983e+00  1.2916693352e+00 -2.1153209689e+00 -5.7339955988e-01  1.2501843509e+00 -2.7857170059e+00  1.5465795583e+00 -4.3543105127e+00 -3.3866688543e+00 -1.4179931934e+00 -5.3963715339e+00 -5.1912502729e+00 -2.0114560018e+00 -3.6428741163e+00 -3.3102926373e+00  1.1624454813e+00 -5.9480491240e+00 -5.2199692114e+00 -1.5331017482e+00  4.2437639504e-01  5.5784084589e-01 -1.3668128608e-02  3.1930989980e-01  1.4726761855e+00 -8.0241637976e-02  1.2240854524e+00 -4.9439700043e-02 -2.6152622996e+00 -1.2276549470e+00 -2.1060475917e+00 -1.4384280300e+00 -1.1725031146e+00 -3.4227942281e+00  1.6038909356e+00 -3.5142977369e+00 -4.4330563842e-01 -7.4592435371e-01  2.2113483060e+00 -2.7773399541e+00
ENERGY -1.045317157661e+03
GRADIENT -3.5071635219e-05 -4.4607560388e-05 -9.7766001694e-06  4.0441582394e-05  9.6349531596e-06 -1.1952679945e-05 -1.7780383672e-05  3.3172635925e-05  6.0105899729e-06  1.6028983092e-03  1.3739780044e-03 -1.0362486975e-03 -1.2765082392e-03 -9.2776674251e-04  9.6595105971e-04 -3.1682785134e-05  3.3397110495e-05 -3.0750707020e-06 -3.9325985146e-05 -6.5269991044e-05  1.3636069387e-05 -9.7374562549e-04 -5.6708808046e-05  1.2430505179e-03  3.9191461527e-05  1.7292084979e-05 -9.1056009946e-06  6.5447934922e-04 -3.8918558260e-04 -1.1241727395e-03  2.1636809528e-05 -1.2465159784e-05  5.3738623112e-05  2.4378112072e-05  9.6528677632e-05 -2.1039171835e-05 -2.3404987177e-05  1.2655907827e-05 -5.9955650895e-06 -7.3953897067e-06 -2.9052512559e-05 -3.4839395505e-05  8.2171438409e-06 -1.4350997269e-05  2.6664297197e-05 -5.6731787537e-06 -1.6502020128e-06  1.4437042283e-06  3.9402263188e-07 -6.3202646715e-06 -3.1892865328e-06 -4.7979642177e-06  7.7117177645e-06 -4.9496348129e-06  1.3073058772e-05  2.2541732384e-06 -5.7280944715e-06 -4.6138603009e-06 -4.5554754082e-06  6.5874916706e-06  1.5828360922e-05 -1.0313422455e-05  2.1374994558e-07  1.8560221911e-05  3.1581503866e-05 -1.2781396915e-05  3.1261902694e-05 -2.2552162735e-05 -1.0358224806e-05  4.5095515670e-06  6.9789141036e-06 -1.5496764958e-06 -2.2125175700e-05 -2.9109740880e-05  4.8285820455e-06

JOB 2
COORDS -7.0681184975e-01 -4.9175444607e+00 -4.5226019434e+00 -1.0318313154e+00 -4.0091041616e+00 -3.4698596380e+00  6.4453291337e-01 -5.1069710250e+00 -4.6620088139e+00 -6.1301179743e-01 -1.4187419735e+00 -1.4480626921e+00  1.2950721233e-01 -2.5671898183e+00 -1.7166902361e+00  7.7566822869e-02 -3.5103127378e+00 -2.8204640960e+00 -9.4888966289e-02 -9.2286218210e-01 -2.1686674134e-01 -1.6321436850e+00  6.6560318043e-01 -2.4781259689e+00 -5.1502708219e-01  3.0455476755e-01  5.3293506159e-01 -1.7144787737e+00 -8.3754637700e-01 -2.2873884797e+00  8.9515035739e-01 -1.6979903116e+00  2.3819353754e-01  1.0257287245e+00 -2.6759766131e+00 -6.8780927302e-01 -2.5374331637e+00  1.4495269725e+00 -2.2723970964e+00 -4.1787622819e-01  1.0607395087e+00 -2.9430878427e+00  1.5442339019e+00 -4.1588881136e+00 -3.5244215915e+00 -1.4444360675e+00 -5.4182779958e+00 -5.1409909835e+00 -2.0455434674e+00 -3.7610724669e+00 -3.1740781012e+00  1.1644895227e+00 -5.7434724497e+00 -5.3665767626e+00 -1.6013581410e+00  3.4180755304e-01  6.6277122622e-01 -4.2526060747e-02  3.1623810670e-01  1.5175165807e+00 -2.1919913659e-01  1.2155924314e+00  9.8541224232e-04 -2.7030520601e+00 -1.0397052045e+00 -1.8657383252e+00 -1.6826388074e+00 -1.2873566221e+00 -3.2860728675e+00  1.6608139234e+00 -3.4432730182e+00 -5.1133042101e-01 -4.7190494060e-01  2.0293596313e+00 -3.0548389706e+00
ENERGY -1.045317882970e+03
GRADIENT -2.5607131057e-05 -1.5019175375e-05 -2.7117630978e-05  6.7093872278e-05 -2.1848243235e-05 -3.4118994529e-05 -8.2678075381e-06  1.1004065040e-05 -5.4324715121e-06  5.1930047563e-04  6.9770916690e-04 -3.8204806842e-04 -4.3372676029e-04 -3.5332580971e-04  4.0902440980e-04 -5.6312316776e-05  4.0219487325e-05  4.6916550939e-05  9.2314548572e-05 -6.4504188518e-05 -7.8989485273e-05 -2.9108549711e-04  7.6921388561e-05  3.5183850868e-04 -2.2138420450e-05 -7.1894411905e-06 -2.2320837263e-05  1.4653772881e-04 -3.1147312185e-04 -4.4535171430e-04  2.8582564496e-05 -6.0245280786e-05  4.9867165783e-05 -1.4440408678e-05  3.0430981552e-05  6.1351565565e-05 -3.2063981601e-05 -4.2933364989e-05  3.6451237709e-05  3.9787050772e-05  5.6685724653e-06  2.1092721874e-05 -2.4652552221e-05  6.1010421641e-06  2.1438373783e-05  5.2091638538e-06 -5.0550120914e-06 -4.8715529349e-06  1.1626615757e-05 -2.1597582596e-06 -1.3849108215e-07  2.0819622609e-06  6.1947363905e-07  5.2246179554e-07 -1.7834726534e-07 -9.6786152168e-06  9.0913789963e-06  1.2421521944e-05  1.0560014663e-06 -6.6789112984e-06 -1.4608550116e-05  5.1864647871e-06 -6.7543480553e-06 -9.5560069452e-07 -3.2905777600e-05  1.4395579861e-06 -9.3347171582e-06  4.9587396009e-05 -2.2111877136e-05  2.4222424478e-05  2.3046273863e-05 -5.6490188327e-06  1.4147612507e-05  2.2766154011e-05 -1.0306788639e-05

JOB 3
COORDS -7.3960208559e-01 -4.8240425996e+00 -4.6400060628e+00 -1.0697499061e+00 -4.0318775055e+00 -3.4986260066e+00  6.0875886538e-01 -4.8572114404e+00 -4.8905124326e+00 -7.0911100210e-01 -1.5119987674e+00 -1.3491247333e+00  7.5246805066e-02 -2.6000964784e+00 -1.7263513254e+00  3.1618161705e-02 -3.4638952311e+00 -2.8952880093e+00 -1.7081048791e-01 -1.0805047407e+00 -1.0187651044e-01 -1.5791433435e+00  5.7522524698e-01 -2.4409049394e+00 -6.2136468175e-01  7.0501759575e-02  7.4546201706e-01 -1.8367927613e+00 -8.8633285037e-01 -2.1204072330e+00  8.6666984487e-01 -1.8404880096e+00  2.6446560923e-01  1.0093992272e+00 -2.7406553989e+00 -7.3630358776e-01 -2.2205910703e+00  1.5163339759e+00 -2.0169764344e+00 -5.2070824180e-01  7.3156768645e-01 -3.2786337713e+00  1.4955267839e+00 -3.9004688491e+00 -3.7505868723e+00 -1.4696044718e+00 -5.3564723395e+00 -5.2407186014e+00 -2.0762742363e+00 -3.9130391577e+00 -3.1115060590e+00  1.1323740299e+00 -5.3835051296e+00 -5.6784269231e+00 -1.7054067008e+00  5.1981030251e-02  8.9645522320e-01 -1.2746247240e-01  2.9547777860e-02  1.7187490786e+00 -3.8210457738e-01  1.0311127142e+00  2.7671699342e-01 -2.7782603517e+00 -9.2553449949e-01 -1.5662882424e+00 -1.9712824027e+00 -1.4172063336e+00 -3.0671712448e+00  1.6792934563e+00 -3.4919027652e+00 -6.3497163750e-01 -4.2227601744e-01  1.6927432412e+00 -3.4196908802e+00
ENERGY -1.045318063408e+03
GRADIENT  7.3296613992e-06  2.6184851280e-05 -1.4093486014e-06 -6.7896361607e-05 -3.8566132966e-05  9.7117966217e-05 -1.1502383609e-05 -2.0715005501e-05  9.0449043328e-05  1.1820217967e-04  5.3347090886e-04 -1.6023498642e-04 -2.7875114629e-04 -3.1500294775e-04  2.1855991078e-04  8.3974289054e-05  4.7729111253e-05 -1.9550017539e-04 -2.0874375374e-05 -2.5282815786e-04  8.6022502970e-05 -1.7466745960e-04 -2.9990747418e-05  1.3116113041e-04 -7.6342449656e-05  3.5130825213e-05 -6.2923695825e-05  3.3684854302e-04 -2.2352248157e-04 -1.8031472094e-04  1.0891236621e-04  8.3138603842e-05 -1.4687603749e-05 -2.3770742879e-05  5.3697457100e-05 -4.7225589678e-05  1.7430859035e-05  1.8418549380e-05  5.6312404275e-05  3.2578740499e-05  1.5394900730e-07 -7.5433372187e-06  9.5270555194e-05  2.2934713184e-05 -4.8060018418e-06 -9.8804853783e-06  1.1552274204e-05  6.1243682073e-06 -1.4637411629e-05  8.9253040503e-06 -5.3820064659e-06  9.2193441839e-06  9.5576068063e-06  7.3291214040e-06  2.5640961089e-05  2.3773239155e-05 -9.6894624394e-06 -4.8894672564e-06  7.3221132410e-06  1.8117633993e-05  7.1437834276e-05 -9.6990051164e-06 -1.1917501771e-05 -8.6050376252e-05  8.0609303664e-06 -2.6941526224e-05 -7.4646816356e-05  4.6959348768e-06  3.2576842608e-05 -1.8246673176e-05 -9.4419608997e-06  3.0542295533e-05  2.5540156028e-05  3.1210702607e-05 -1.7495019637e-05

JOB 4
COORDS -6.9040333042e-01 -4.7491783048e+00 -4.5939277533e+00 -1.0352094120e+00 -4.0002752403e+00 -3.4279863647e+00  6.5210899760e-01 -4.7069789527e+00 -4.8734058494e+00 -7.2907002922e-01 -1.4846615736e+00 -1.2448272381e+00  7.5136963796e-02 -2.5493424720e+00 -1.6473847976e+00  4.8207432022e-02 -3.3903622769e+00 -2.8345668747e+00 -1.9561681868e-01 -1.0674567228e+00  1.0036609112e-02 -1.4039875345e+00  5.0935265372e-01 -2.5597314125e+00 -6.7593035005e-01  4.7417524222e-02  8.8837823589e-01 -1.8483983168e+00 -8.3641490661e-01 -2.0144793911e+00  8.5504866815e-01 -1.8176639971e+00  3.5913819504e-01  1.0116012650e+00 -2.6943768647e+00 -6.6077239239e-01 -1.6299033137e+00  1.5900552378e+00 -2.0509445971e+00 -6.7623908250e-01  3.7605106238e-01 -3.6994531550e+00  1.5129867303e+00 -3.7314366552e+00 -3.7300229588e+00 -1.4052410119e+00 -5.3053496449e+00 -5.1913675756e+00 -2.0382235313e+00 -3.9399286836e+00 -3.0187271701e+00  1.1843571504e+00 -5.1885802416e+00 -5.6838177762e+00 -1.7297252944e+00 -9.0006112524e-02  1.1560482500e+00 -8.4557473294e-02  7.5707146722e-02  1.8060573145e+00 -5.9894133555e-01  1.0149938134e+00  3.8348479800e-01 -2.7141097692e+00 -6.5650776024e-01 -1.3726619759e+00 -2.1495833593e+00 -1.4705834122e+00 -2.8503637766e+00  1.6980745354e+00 -3.4329881351e+00 -5.7897250807e-01 -3.9329126274e-01  1.2759624623e+00 -3.9520079054e+00
ENERGY -1.045318316614e+03
GRADIENT -7.2217161843e-06  1.6208465446e-05 -7.5164990409e-06 -2.5345334341e-06  1.1855075263e-05  6.3196794278e-06  1.3897806352e-05 -2.7700016229e-05  1.7398481102e-05  1.1981962835e-04  8.6435891070e-05 -1.2167083596e-05 -1.0610349191e-04 -1.0935806223e-04  4.5862218782e-05  1.8032378947e-05 -2.3502038187e-05 -8.0188678068e-06  1.5799050350e-05  1.0592964220e-05 -4.7113079599e-05 -2.8227836600e-05  3.6473331190e-05  3.3474291058e-05 -1.1565357895e-05 -6.3694368127e-06  2.1659297500e-05 -4.0998682061e-05 -7.1029755507e-05 -6.8440910853e-05  3.4587426786e-05  2.8854150358e-05  1.5785842939e-05 -1.2747622986e-05  3.9605310977e-05 -1.3975631919e-05  2.0282735131e-05  8.6425636119e-06 -7.0240258268e-06 -1.9486604002e-05 -1.2296802219e-06  3.2416120612e-05 -1.4582151566e-05  4.1518094738e-05 -3.1046662487e-05  2.9038902399e-07 -2.6254109335e-06  9.5812489622e-07 -3.7773029898e-06  2.7267367808e-06  2.0216434726e-06 -3.1584723019e-07 -1.4469608194e-05  8.5569128086e-06 -5.0662211669e-06 -2.4503296170e-06 -1.4751479916e-05 -1.1085432728e-05  2.7799925064e-06  2.0215354063e-06  1.1171129832e-05  3.2594324865e-06  4.6918350694e-07  1.4279190579e-05 -1.7620853547e-06 -2.7589402608e-06  1.9979287911e-05 -1.0960634101e-05 -1.5535144759e-05 -2.7735798815e-05 -2.0252117503e-05  2.2894603523e-05 -9.5870613936e-06 -7.9469862526e-06 -4.2561835729e-06

JOB 5
COORDS -5.6906395450e-01 -4.5888214175e+00 -4.6122172746e+00 -9.5401318106e-01 -3.9095736780e+00 -3.4167733157e+00  7.7546163270e-01 -4.4922780534e+00 -4.8675801399e+00 -7.5965919567e-01 -1.4932770779e+00 -1.1132517692e+00  8.5140610473e-02 -2.5114425560e+00 -1.5525725778e+00  1.0079259190e-01 -3.2988665893e+00 -2.7760278439e+00 -2.4048530787e-01 -1.0980673051e+00  1.5367816557e-01 -1.3201395923e+00  3.8447513159e-01 -2.6154968203e+00 -7.4985355644e-01 -1.1989224616e-02  1.0512936940e+00 -1.8715564411e+00 -8.1970670906e-01 -1.8730516995e+00  8.3182008389e-01 -1.8255736851e+00  4.8357572766e-01  1.0199548002e+00 -2.6617468160e+00 -5.6526507220e-01 -1.2867162332e+00  1.5223473740e+00 -2.1891218031e+00 -8.1372695604e-01  4.1357727891e-02 -3.8287999367e+00  1.5888326960e+00 -3.5507860733e+00 -3.6624859346e+00 -1.2577216623e+00 -5.1347778741e+00 -5.2485892785e+00 -1.9657268273e+00 -3.8952446391e+00 -3.0253632613e+00  1.3342515681e+00 -4.9165837557e+00 -5.6920103886e+00 -1.7836840814e+00 -2.0605070213e-01  1.3598303227e+00 -1.2856922493e-01  5.0716239012e-02  1.9472020339e+00 -7.3789635762e-01  9.5609173011e-01  5.4076885502e-01 -2.6407397750e+00 -4.5862582588e-01 -1.1875647462e+00 -2.3273615048e+00 -1.5034586074e+00 -2.5909650477e+00  1.7317523810e+00 -3.3783691575e+00 -5.0720147513e-01 -4.3008950106e-01  8.5598172362e-01 -4.2071292648e+00
ENERGY -1.045318100275e+03
GRADIENT -2.9117311075e-05 -4.7136549369e-05 -2.8270226692e-05  2.0211452731e-05 -6.0252857280e-06  3.5441428886e-05 -2.2388091807e-05  3.2312376051e-05  3.6078182876e-05 -7.4311678709e-04 -1.1182011644e-03  2.1878454613e-04  5.0474680388e-04  5.4994950428e-04 -2.6507341434e-04  2.4880175862e-05  2.4669086994e-05 -5.6730831535e-05 -1.0130374290e-04  5.4834620788e-05  5.5125123325e-05  1.3169497442e-04 -3.6993524739e-04 -4.6733249968e-04  3.6764125482e-05 -3.9784137088e-06  1.2426433851e-05  1.6610349985e-04  8.4970402557e-04  4.8867423700e-04 -3.6238787030e-05  1.1085746303e-05 -2.8453544443e-05  2.2033572606e-05  1.5068514124e-05 -1.5458242335e-05  2.3117664085e-05  3.0799420425e-05 -5.4404479020e-05 -4.1513021144e-05 -5.4156666530e-06  2.9924520813e-05  3.3140941518e-05  1.3122752603e-05  4.7712899799e-06 -1.0255159718e-05 -2.1073371659e-06 -2.1877528927e-06 -6.9315179202e-06  3.6264936376e-06 -6.5487989661e-06 -8.8217376523e-06  1.5315411877e-07 -1.0397126077e-06 -3.1353957999e-06  1.4502191241e-05 -3.7385003902e-06 -2.8666918467e-06  1.1174813739e-05  1.3108533758e-06  3.6308903695e-07  2.4408443935e-06 -9.8683329644e-06  1.4020094144e-05  2.2446242206e-05 -2.4511387971e-05 -1.1562348427e-05 -4.7859699594e-05  7.0300810252e-06 -1.0159338502e-05 -8.6033400376e-06 -9.4811441564e-06 -1.5188678419e-05 -6.4657261330e-06  1.6223392185e-05

JOB 6
COORDS -3.0116368492e-01 -4.3943204797e+00 -4.6254712799e+00 -7.8634203042e-01 -3.6939045489e+00 -3.4801032982e+00  1.0678784504e+00 -4.4777231670e+00 -4.6565296570e+00 -7.3600311577e-01 -1.4541431846e+00 -1.0306866738e+00  1.1002485197e-01 -2.4949961052e+00 -1.4109558113e+00  2.1906051868e-01 -3.2466885570e+00 -2.6499183606e+00 -3.1012795388e-01 -1.0895983246e+00  2.7586257894e-01 -1.2119716859e+00  1.7342347397e-01 -2.8994131133e+00 -8.4814389256e-01  6.1531537371e-03  1.1450876396e+00 -1.7824747902e+00 -7.8129610547e-01 -1.8604805495e+00  7.1029693539e-01 -1.8517295177e+00  6.8520741025e-01  9.5638213715e-01 -2.6836893096e+00 -3.5356551672e-01 -7.7194811438e-02  5.9528480715e-01 -2.9495794686e+00 -2.1708333983e+00  5.4076364263e-01 -3.7968044295e+00  1.7871041417e+00 -3.6781187333e+00 -3.2988223236e+00 -9.4105155137e-01 -4.8263378837e+00 -5.3878364063e+00 -1.8389768177e+00 -3.5537790349e+00 -3.2603931089e+00  1.6954508547e+00 -4.9532575051e+00 -5.3994048029e+00 -1.9221874509e+00 -1.1434942400e-01  1.3263681379e+00 -3.3416865020e-01 -8.3467088210e-05  2.1086367384e+00 -6.9740527348e-01  9.8735428487e-01  6.8116796937e-01 -2.4465540203e+00 -1.8420756147e-01 -1.2249627484e+00 -2.4353484803e+00 -1.4870354669e+00 -2.3794918477e+00  1.6489181673e+00 -3.4137591606e+00 -2.4946138278e-01 -1.7414953657e+00  1.1663045205e+00 -4.4118258665e+00
ENERGY -1.045317741007e+03
GRADIENT  8.7972437116e-06  1.7915693134e-05 -1.6835046649e-05  1.4519996110e-05 -9.0268249057e-06  1.5845863449e-05 -7.8829595095e-06 -4.7042580950e-05 -4.0585756575e-06  3.0149040902e-04  3.8278659764e-04 -7.1209161980e-05 -2.2898423463e-04 -2.4790571154e-04  1.2368025420e-04  1.7985672653e-05  3.9468406533e-05 -1.4329312005e-05 -1.3645797523e-05 -3.7983960439e-06  3.3461905831e-06  1.3958859869e-05  1.6658254305e-04  1.7329241391e-04 -6.6713403307e-06 -2.5210125879e-06 -1.1083677861e-06 -1.5164365223e-04 -3.7286082212e-04 -1.7059394638e-04  1.1699993804e-05 -2.7761189583e-06 -3.5641223103e-05  4.2507573854e-05  3.2722562656e-05  6.2124401968e-06 -1.6765727026e-05  1.5234983568e-06 -3.4892286149e-05  6.1779525933e-06  5.1129089602e-07  1.1625730238e-05 -3.2001916200e-05  2.2819075404e-05 -1.1739558369e-05 -2.1076849071e-06 -7.1298494484e-06  2.9146541881e-06 -2.1940574693e-06  7.5303346856e-06 -7.0587065455e-06  3.8908220070e-06  8.6017338973e-07 -8.9867343635e-07  2.4984940048e-06  1.0322030913e-05 -1.0968649710e-05 -6.2503462940e-07  1.9393222285e-06 -2.5829798768e-06  1.2488301773e-05  6.0797291405e-06 -1.6445238112e-06  4.9332499358e-06  2.2543427113e-06 -4.1553413047e-06  1.0489737327e-05 -1.3767712626e-05 -4.9807571860e-06 -5.6511198608e-06 -4.1402626915e-06  8.4760193291e-06 -7.1891162555e-06 -2.8021139059e-06 -7.8692863090e-06

JOB 7
COORDS -4.4114224114e-01 -4.1251068139e+00 -4.7548970148e+00 -8.7587922332e-01 -3.4224858502e+00 -3.5912405490e+00  9.0113638644e-01 -4.4068229795e+00 -4.7363569864e+00 -7.3474520913e-01 -1.4265971140e+00 -9.9172950972e-01  7.7815419641e-02 -2.4751758707e+00 -1.4245193798e+00  1.4216641736e-01 -3.1739079549e+00 -2.6944782550e+00 -2.8756029053e-01 -1.1294529041e+00  3.2396758346e-01 -1.2993404544e+00 -6.2574031936e-02 -3.0403433362e+00 -7.9435797715e-01 -6.7405021063e-02  1.2524105350e+00 -1.8071619715e+00 -7.3036793636e-01 -1.7702662746e+00  7.1882913133e-01 -1.9327878081e+00  6.8833397318e-01  9.2925721735e-01 -2.7296252811e+00 -3.8538309878e-01 -1.9256640432e-01  3.9784701633e-01 -3.2158979541e+00 -2.2778121911e+00  5.0611017457e-04 -3.9879729598e+00  1.6614972126e+00 -3.7941453415e+00 -3.3052701390e+00 -1.0987187273e+00 -4.4157378974e+00 -5.5675345965e+00 -1.9055796699e+00 -3.1338340739e+00 -3.4143423136e+00  1.4899211114e+00 -4.9279796089e+00 -5.4802818449e+00 -1.8585366284e+00 -2.0232642849e-01  1.4762893796e+00 -2.3878601998e-01 -1.0391323863e-01  2.1918871604e+00 -6.6990799300e-01  9.3120005367e-01  8.1877664873e-01 -2.2406719933e+00  7.2138144196e-02 -1.1621995410e+00 -2.6405544202e+00 -1.3885187594e+00 -2.0305433897e+00  1.6143189558e+00 -3.4712524001e+00 -3.2236521963e-01 -1.8856362641e+00  4.6850097779e-01 -4.7504904045e+00
ENERGY -1.045318168809e+03
GRADIENT  5.7147677210e-06 -8.0120468430e-06  2.9920837624e-06  2.9835168928e-06  1.9631723234e-06  5.4467306923e-06 -9.4531323228e-06 -1.5188233184e-05 -8.7206517815e-06  6.4093528480e-04  7.3927594353e-04 -2.1730450897e-04 -3.6195443827e-04 -3.5511251033e-04  1.7056508822e-04  3.5403635448e-06  2.0291340159e-05 -1.6091770275e-05 -1.7057138754e-05 -2.6474483628e-05  1.1148699643e-05  9.4994355223e-05  3.5915319067e-04  2.4302370270e-04 -1.4468761195e-05 -1.5320291142e-05  2.2408205993e-06 -3.4755280962e-04 -7.6428199923e-04 -2.2068246860e-04  7.7249327049e-05  4.7391159900e-05 -2.1803261871e-05 -9.3758695182e-05 -2.5772747715e-05  6.0277954083e-05 -8.5921171068e-06  5.4411994023e-06 -2.0253517222e-05  7.1523145527e-06  1.1108957754e-05  5.6239377165e-06 -6.9436583266e-06  2.6889967478e-06  3.4832625068e-06 -1.3739114831e-06 -2.0699143463e-06  1.2277330768e-06 -2.0114422100e-06  3.0188332260e-06  4.2375707407e-06  4.0771138990e-06  4.8325409317e-06 -4.9007376336e-08 -2.5365818017e-06  5.9183897436e-06  1.7111459782e-06 -1.4432224771e-07  2.9760372553e-06  2.9953335979e-07  4.1281840851e-06 -3.0983405938e-06 -4.3227131204e-06 -3.5041492954e-06  1.5118673463e-06  4.5936110296e-06  3.3244159722e-06 -6.6361545556e-07 -4.1845697854e-06  2.7402439196e-06  4.3754880944e-06 -1.5393575702e-06 -3.6152416687e-06  1.5949705132e-07 -3.8925870222e-06

JOB 8
COORDS -4.5315148452e-01 -4.0852034285e+00 -4.7458234708e+00 -8.8870446293e-01 -3.4319965315e+00 -3.5539189811e+00  9.0644913302e-01 -4.2656669569e+00 -4.7861993373e+00 -7.3271529674e-01 -1.3819083544e+00 -9.8942420304e-01  7.5489406262e-02 -2.4329337980e+00 -1.4215253758e+00  1.4626750207e-01 -3.1185664814e+00 -2.6988971158e+00 -3.2475797281e-01 -1.1291795101e+00  3.4947118960e-01 -1.2525437765e+00 -2.1436870310e-01 -3.1718566691e+00 -8.4380085755e-01 -8.3113000004e-02  1.2891273118e+00 -1.7452798702e+00 -6.1872192948e-01 -1.7898469085e+00  6.5276853206e-01 -1.9619073442e+00  7.2579949311e-01  8.8663238043e-01 -2.7319033775e+00 -3.6245891830e-01 -1.3659482914e-01  1.6777519213e-01 -3.4492769705e+00 -2.2512486064e+00 -2.8712966746e-01 -4.0966878235e+00  1.6794650843e+00 -3.6154327328e+00 -3.3790380161e+00 -1.1209601689e+00 -4.4169152316e+00 -5.5340434446e+00 -1.9273092333e+00 -3.2208344981e+00 -3.3244601238e+00  1.4992734153e+00 -4.7358961579e+00 -5.5603669311e+00 -1.9169343637e+00 -2.0499870884e-01  1.4736399862e+00 -3.1984100830e-01 -1.5334840363e-01  2.2447307491e+00 -6.8939073965e-01  9.2495256355e-01  8.8744132802e-01 -1.9899638695e+00  3.1537173282e-01 -1.2712203167e+00 -2.6891824050e+00 -1.1608375558e+00 -1.9016119907e+00  1.5513976038e+00 -3.4916339962e+00 -2.9786936230e-01 -1.8591152676e+00  1.4135095560e-02 -4.9392137244e+00
ENERGY -1.045318002879e+03
GRADIENT  2.2068852887e-05  5.5850369754e-06  5.4458331313e-05 -1.8907404989e-05  3.2750103599e-05 -6.1308794567e-05  4.0010899342e-05  7.4768022697e-06 -3.6652992069e-05 -1.5684955531e-03 -1.5914741569e-03  3.0785736115e-04  9.0973106799e-04  8.8034630780e-04 -3.2124194394e-04 -8.6858180159e-05 -7.1328466059e-05  4.4700924878e-05  1.7022534993e-04 -8.4966903567e-05 -4.7418374923e-05 -3.9268872193e-04 -8.0292922355e-04 -3.6843517091e-04 -1.0239040442e-06 -8.8495633560e-06 -1.3823231059e-05  1.0018752171e-03  1.5296058656e-03  2.9376362641e-04  1.4508919104e-05 -3.9100255176e-05  1.5781757744e-04 -7.5379470279e-05  1.1047868909e-04 -1.4009039406e-05  4.7437861036e-05  1.8481598331e-05  3.1027059851e-05  6.1850014316e-06 -2.0234832544e-05 -1.0398560041e-05 -1.3848217026e-05 -5.1356004528e-06 -1.2114836172e-05  1.2890552381e-05 -4.1527611114e-07  1.8317570918e-06  8.4924097839e-06  1.4345844544e-05  1.9069089373e-05  6.7397329615e-06 -5.7525868616e-06  2.0114106660e-06  9.1823982958e-07 -1.0851909298e-05 -8.1545335766e-06  2.7405987905e-07 -7.4649724253e-06  2.6998417141e-07 -2.9060338083e-06  1.2198511102e-06  8.9785246962e-06  1.3077758235e-05  1.3896297396e-05  1.0616974181e-05 -3.0085914931e-06  2.7918862715e-05 -1.0012816790e-05  1.1175368938e-05  2.3596435329e-05  1.0966137234e-05  3.9708702356e-06  8.5791101995e-07  5.7261149359e-06

JOB 9
COORDS -4.6710590318e-01 -4.0783558675e+00 -4.7389376239e+00 -9.0980782473e-01 -3.4754686337e+00 -3.5230325230e+00  9.0091859306e-01 -4.1354469696e+00 -4.8343602282e+00 -7.3737618192e-01 -1.3393372449e+00 -9.8316624580e-01  4.3514954974e-02 -2.4078480936e+00 -1.4204326358e+00  1.2756014789e-01 -3.0757930198e+00 -2.7092428542e+00 -3.7786540394e-01 -1.1560601141e+00  3.8234984563e-01 -1.2600573067e+00 -2.9594149640e-01 -3.2339104777e+00 -8.9132293127e-01 -1.2045340132e-01  1.3360281317e+00 -1.6679825890e+00 -4.6790335704e-01 -1.7794695887e+00  5.4600477568e-01 -2.0440569192e+00  7.6584761376e-01  7.9479208221e-01 -2.7818539503e+00 -3.4025209545e-01 -1.5937602071e-01  2.6130770844e-02 -3.6270683825e+00 -2.3060957280e+00 -5.0436265220e-01 -4.0813493160e+00  1.6695948749e+00 -3.4317811141e+00 -3.4517453483e+00 -1.1338465072e+00 -4.4649996035e+00 -5.5027392489e+00 -1.9516364367e+00 -3.3540863521e+00 -3.2469937546e+00  1.5006462116e+00 -4.5469644588e+00 -5.6363005074e+00 -1.9769103641e+00 -1.9493716491e-01  1.4642678858e+00 -4.1826778213e-01 -2.4929732732e-01  2.3118675727e+00 -6.7087567781e-01  8.9276493860e-01  9.7986110680e-01 -1.6734316251e+00  5.3840391538e-01 -1.3456870090e+00 -2.7000977919e+00 -8.3013159121e-01 -1.7447831741e+00  1.4183309406e+00 -3.5760823373e+00 -2.7945540502e-01 -1.9536233481e+00 -3.5982374913e-01 -4.9810579458e+00
ENERGY -1.045316912232e+03
GRADIENT  2.7341977323e-05 -3.4319690191e-05  5.6796477490e-05 -1.1045655859e-04 -1.1597610624e-05  8.8501003643e-05  7.4784037707e-06  7.8170673877e-05  9.5503214535e-06 -3.3957438766e-03 -3.0144846039e-03  5.8473179989e-04  1.8332377594e-03  1.5826871294e-03 -3.8456779566e-04  1.0195110458e-04  1.8168111716e-05 -1.1932557263e-04 -1.9456126121e-04 -3.8250392398e-08  1.5860486154e-05 -1.1395962197e-03 -1.4953725610e-03 -5.9764044810e-04 -1.2934692816e-05  9.7970055066e-06 -9.1106915688e-06  2.6524325555e-03  3.2247409231e-03  4.3480799067e-04  5.0816732214e-05  4.9448080690e-05 -2.3184777028e-04  1.5456992265e-04 -2.6875382274e-04  7.5385447929e-05  5.1219306916e-05 -3.3319715518e-05  8.3314478283e-05 -7.7737870724e-05 -1.1342144679e-05 -3.1053608703e-05  8.8436768371e-05 -6.3697310338e-05  1.6819515953e-05 -6.1408199331e-06 -3.9181230975e-06  1.3066161295e-05 -1.3307353894e-05 -1.8282569646e-05 -3.4763789021e-06  7.1586719761e-06  1.9864026005e-05 -6.0659137591e-06  1.0064317363e-06  1.2644057775e-05  1.0848461584e-05  3.1507098210e-06 -1.7386833523e-06 -1.0868604867e-07  1.1064063639e-05 -6.7931001530e-06 -7.5345075137e-06 -1.3465493958e-05 -4.4410296723e-06 -3.3628776943e-05  1.4101867211e-05 -2.7720198343e-05  1.0089562846e-05  7.3942542313e-06 -2.4378456722e-05 -1.5211370017e-05  7.8069493953e-06 -5.4356122451e-06  1.7147529079e-05

JOB 10
COORDS -1.0392005126e+00 -4.3751006017e+00 -4.6698062846e+00 -3.8961416523e-01 -3.2641881123e+00 -4.0503786500e+00 -1.5855739923e+00 -5.2450381410e+00 -3.7585178755e+00 -2.4766028652e-01 -9.9209519219e-01 -1.4475447072e+00  6.3400521742e-02 -2.3234052823e+00 -1.7168963453e+00 -4.5652069098e-01 -3.2967871089e+00 -2.6764355048e+00  6.2709233484e-01 -6.1687341367e-01 -3.8603548935e-01 -1.9688450346e+00 -6.1150093360e-01 -3.2781037212e+00  7.0991046684e-01  7.1225527659e-01  3.0004386701e-01 -1.3200287932e+00 -9.2909886643e-02 -2.0125937747e+00  1.4169780308e+00 -1.6326256489e+00 -2.4446040612e-02  1.0534097405e+00 -2.6538542998e+00 -8.2953105998e-01 -1.6236753290e+00 -3.3448264796e-01 -4.4098036325e+00 -3.0091151673e+00 -1.4411885506e+00 -3.0109745207e+00 -1.3280924453e+00 -4.7134056909e+00 -2.1319470276e+00 -1.0874029915e+00 -4.5274051137e+00 -5.7430448800e+00  9.6233927844e-02 -2.4604611358e+00 -4.5917862322e+00 -2.1155061226e+00 -6.1697687783e+00 -3.9500856064e+00 -2.3808238391e-01  9.7174512973e-01  7.8557589854e-01  1.4916285645e+00  6.8909403540e-01  1.0622569291e+00  9.4244437170e-01  1.5136324691e+00 -4.1061817934e-01 -8.8823297152e-01  8.8106530609e-01 -2.2574516880e+00 -2.1001059606e+00  6.3873637730e-02 -1.2593691014e+00  1.5615107319e+00 -3.5278214531e+00 -7.9212160636e-01 -3.3146998456e+00 -1.7877103087e+00 -3.8714716852e+00
ENERGY -1.045315907047e+03
GRADIENT  1.5321703882e-05  2.5728427866e-05  7.1603550525e-06  2.9292058472e-05  1.4686382597e-06 -5.5637377872e-05  4.5789200362e-06  2.7066121885e-05  3.1875814639e-05  8.2527494103e-04  3.9964260047e-04 -8.2169589270e-04 -3.4844847390e-04 -1.4346801921e-04  4.1363814927e-04 -2.5075459426e-08 -9.6332675717e-05  2.6311274905e-05 -8.3445686237e-05  5.5282820328e-05  7.9305369294e-05  3.0517672150e-04  2.0407083642e-04 -2.8308327641e-04  3.2453478973e-05  2.9831146268e-06 -2.7204525809e-06 -6.7596118041e-04 -4.4730141076e-04  6.4954658553e-04 -2.9971500034e-05  6.0288467324e-05 -7.3993239284e-05 -3.0691240239e-05 -1.3554662537e-04 -1.4480847899e-05  1.2013450647e-05 -1.4497796604e-05  2.3981265656e-06  1.1054250593e-05  1.7455504457e-05  1.3344545239e-05 -2.2709902603e-05 -3.3320513131e-06  1.9126610175e-05  1.1276280755e-05 -6.0039514776e-06  4.8188644136e-06  4.1784840372e-06  6.4432799065e-06  4.0640232138e-06 -3.2521614612e-06  2.0438570697e-06  1.2226318100e-05  3.8208219145e-07  6.3984233653e-06  9.9752674935e-06  8.7741029839e-09  8.0454587729e-06  2.7319909767e-06 -8.9277448781e-06 -6.7112403933e-06 -3.6068398934e-06 -1.0919285544e-05 -1.1719695033e-06 -1.6037614900e-05  8.1746454605e-06  4.2178790987e-06  7.0859054868e-06 -3.3328025471e-06 -4.4106124268e-06  9.3828310787e-06  1.7502731638e-05  1.1035811136e-05 -2.5087203550e-06

JOB 11
COORDS -1.0005612198e+00 -4.3509303523e+00 -4.6979155159e+00 -4.0104495465e-01 -3.2238652483e+00 -4.0575784576e+00 -1.4745048572e+00 -5.2791453026e+00 -3.8045902953e+00 -2.0541194316e-01 -9.8471471295e-01 -1.4853061800e+00  5.3773612047e-02 -2.3367234768e+00 -1.7041805448e+00 -4.3530028581e-01 -3.3011302127e+00 -2.6840864887e+00  5.9946982991e-01 -6.3408248255e-01 -3.6148375092e-01 -2.0243927178e+00 -6.4067765783e-01 -3.2454599509e+00  6.9177651298e-01  7.0239997939e-01  3.0862357776e-01 -1.1746638078e+00 -3.7296458461e-02 -2.1477838135e+00  1.3024061778e+00 -1.6805607082e+00  8.1422417075e-02  9.4911647344e-01 -2.6994176831e+00 -7.3202230770e-01 -1.8961635314e+00 -4.2184833130e-01 -4.4340072148e+00 -2.9859086815e+00 -1.4605439402e+00 -2.7510420798e+00 -1.2144091916e+00 -4.7814084915e+00 -2.1664613750e+00 -1.0655596392e+00 -4.4713859761e+00 -5.7742292171e+00  3.3312681711e-02 -2.3832674621e+00 -4.5863959877e+00 -1.9549839680e+00 -6.2266624179e+00 -4.0140021551e+00 -2.7844460815e-01  1.0140258852e+00  7.1341824888e-01  1.4083111117e+00  6.5732396814e-01  1.1314844675e+00  1.0166185403e+00  1.4791355846e+00 -3.9296921620e-01 -6.3881449441e-01  8.0400837701e-01 -2.5955877210e+00 -1.8501649530e+00  3.6844005247e-01 -1.3855293116e+00  1.4132842695e+00 -3.5939446858e+00 -6.4400844075e-01 -3.4409973666e+00 -1.8487797793e+00 -3.5228891002e+00
ENERGY -1.045316383737e+03
GRADIENT -9.5070101604e-06  3.4874937399e-07  7.3905162664e-06  2.9402505991e-05 -2.6601290399e-05  2.6583215486e-05  8.9111475164e-07 -3.2348626654e-05 -1.5966104989e-05  1.8103133728e-03  6.9432221834e-04 -1.8387259164e-03 -8.5734344498e-04 -2.9933197834e-04  9.1009222852e-04 -7.7783697095e-05  3.8079654501e-05  2.2819631570e-05 -2.0051992308e-05 -1.0983134137e-04  4.4320480225e-05  7.1827652115e-04  2.0836107360e-04 -6.8422013565e-04 -1.2405502648e-05  1.3185216128e-05 -3.5297509074e-05 -1.6339762417e-03 -5.2114084367e-04  1.5532262953e-03  2.9606493715e-05 -3.2818568768e-05  3.4380996711e-05 -1.5708933224e-05 -1.1626200838e-06  5.0639008287e-05  5.1944426389e-06 -5.0199714022e-06 -1.8048837552e-05 -7.4008679660e-07  3.5623871042e-05 -1.0072880466e-05  3.1240035857e-05  1.3819315811e-05 -8.2436233442e-06  1.6412126118e-06 -3.7922153088e-06  1.4790358903e-06  4.0648064326e-06  9.0254398184e-07  6.4750373082e-06 -1.1015464439e-05  3.4235804161e-06  1.6455856720e-06 -2.2898974515e-06  7.4286343987e-06  9.5109293046e-06 -1.7129140418e-06 -9.9090779895e-06 -8.2387484650e-06 -8.8115193585e-06  2.0476757669e-06 -6.4111797580e-07 -5.5161805749e-07  1.1552875256e-05 -1.9176214103e-05  3.4519251871e-05  8.3893592448e-06  2.0195970305e-06  2.9798948811e-05  1.1222899455e-05 -1.3658807233e-05  1.2301746209e-05  9.2872756160e-06 -2.8579247676e-07

JOB 12
COORDS -9.6323943497e-01 -4.3214276973e+00 -4.7284336510e+00 -4.0636833239e-01 -3.1870199820e+00 -4.0635069651e+00 -1.3730908051e+00 -5.2995265071e+00 -3.8576791523e+00 -1.6867546509e-01 -9.8772081932e-01 -1.5226739344e+00  5.2653836472e-02 -2.3535032773e+00 -1.6952066342e+00 -4.0789694483e-01 -3.3091920073e+00 -2.6923647009e+00  5.6674656671e-01 -6.4206379465e-01 -3.5155889341e-01 -2.0840216839e+00 -6.7098362992e-01 -3.1942948904e+00  6.6263703222e-01  7.0262787476e-01  3.0201134180e-01 -1.0482377497e+00 -3.4962597388e-02 -2.2894966838e+00  1.1964652335e+00 -1.7038076284e+00  1.6075572273e-01  8.6184305211e-01 -2.7279986863e+00 -6.5531955679e-01 -2.1670037391e+00 -4.9452838449e-01 -4.3939617400e+00 -2.9580843590e+00 -1.4482705476e+00 -2.5070293574e+00 -1.1073398778e+00 -4.8402847986e+00 -2.2083082582e+00 -1.0460335847e+00 -4.4097685057e+00 -5.8065619318e+00 -1.8278609680e-02 -2.3140500362e+00 -4.5757803795e+00 -1.8125512529e+00 -6.2618643938e+00 -4.0880984977e+00 -3.2154965204e-01  1.0583319545e+00  6.2943009595e-01  1.3136392720e+00  6.4448217588e-01  1.1768826946e+00  1.0694933346e+00  1.4533666808e+00 -3.8468987691e-01 -4.5626207689e-01  6.3274260639e-01 -2.9217364186e+00 -1.5903131428e+00  5.9494621325e-01 -1.5739193928e+00  1.2871477982e+00 -3.6353619620e+00 -5.1680920216e-01 -3.5603516408e+00 -1.8358371365e+00 -3.1706136376e+00
ENERGY -1.045317210509e+03
GRADIENT  2.5832158319e-05 -1.2080651522e-05 -5.1472708068e-06  1.9012430402e-06  1.9884847562e-05  1.6581456547e-05 -3.7804804957e-05  1.9630426870e-05  9.9610748783e-06  2.6058833849e-03  5.8663314103e-04 -2.2783327566e-03 -1.3583856487e-03 -3.4606269371e-04  1.1265534552e-03 -6.2182154397e-05  3.6491214374e-05  1.1743508638e-05  4.7270378426e-06  5.7293852050e-05 -2.0359800517e-05  9.3330249935e-04 -4.1485155002e-05 -1.0640045902e-03 -2.0379980892e-05  2.8850519215e-07  1.8598457326e-05 -2.1722576249e-03 -1.7848087437e-04  2.2182236886e-03 -1.0288810746e-05  5.6030420110e-06 -7.0600525033e-05 -2.0422967808e-05 -1.2234465986e-04  7.9192092579e-05  8.5669788110e-06  2.0936922654e-05  8.2999652933e-06 -1.0109738155e-05  7.5365290214e-06  8.8617856090e-06  7.8117645074e-05 -5.3249502062e-05  1.3044893900e-05  5.8397398694e-06  2.1004427244e-07  1.7023881867e-07  7.7003383501e-06 -1.1785644430e-05 -8.4060843518e-06 -1.2872704809e-05  7.2245216021e-06  3.8326420960e-06  1.3943885968e-06  3.0323394753e-06  1.3151248266e-06  1.3730057034e-06 -2.9627001397e-07  1.6491402988e-06  4.8312572554e-06  8.9118294813e-07  4.2186692548e-06  8.1313749277e-06 -7.9592581804e-07 -3.8328075881e-07  9.3840493069e-06  6.5309820742e-07  1.6404116652e-06  2.6910383198e-05  2.0621566989e-08 -1.9999266686e-05  4.4414588706e-06  1.4010392138e-06  5.8345227464e-06

JOB 13
COORDS -9.3559142900e-01 -4.2789990422e+00 -4.7817605635e+00 -4.2038002388e-01 -3.1417239019e+00 -4.0893708985e+00 -1.2710349777e+00 -5.3079569847e+00 -3.9388016054e+00 -1.3768905076e-01 -9.9661160676e-01 -1.5655408116e+00  5.9054094701e-02 -2.3700736930e+00 -1.7076421878e+00 -3.7651764833e-01 -3.3133761199e+00 -2.7234536327e+00  5.2340373185e-01 -6.5416369664e-01 -3.5158162686e-01 -2.1303507704e+00 -6.5559561785e-01 -3.1413663211e+00  6.1265036425e-01  6.9453593820e-01  2.9557609968e-01 -9.3147327834e-01 -5.6401118730e-02 -2.4295091074e+00  1.0902163451e+00 -1.7251432725e+00  2.1415034350e-01  7.8687003264e-01 -2.7512357956e+00 -6.1317446644e-01 -2.3863611419e+00 -4.9851552681e-01 -4.3192264268e+00 -2.9343197396e+00 -1.3599402116e+00 -2.3065243826e+00 -9.8930350835e-01 -4.8932474998e+00 -2.2797486667e+00 -1.0441759988e+00 -4.3321941738e+00 -5.8598558132e+00 -8.7669224558e-02 -2.2346302313e+00 -4.5811595167e+00 -1.6687537321e+00 -6.2822961983e+00 -4.1929630325e+00 -3.8107894769e-01  1.0822788701e+00  5.4890802062e-01  1.1965191672e+00  6.2521030097e-01  1.2158348262e+00  1.0918875443e+00  1.4255534129e+00 -3.6498982372e-01 -3.1794983554e-01  4.0802796376e-01 -3.2068196316e+00 -1.3159905218e+00  7.5830063955e-01 -1.8042446822e+00  1.1725157514e+00 -3.6681771432e+00 -4.2921128949e-01 -3.6630030569e+00 -1.7041959861e+00 -2.8576448869e+00
ENERGY -1.045318140747e+03
GRADIENT -2.0886201683e-05 -2.8464124586e-06 -7.7067763672e-07 -3.5808329000e-05 -4.6647412822e-05  1.0304092671e-05  2.4025762250e-05 -3.3301074732e-05 -1.6399250604e-05  2.3871797356e-03  2.4655451462e-04 -1.7975953383e-03 -1.3272507707e-03 -3.2902987203e-04  8.4862952349e-04  7.4141069478e-05  1.4540413565e-05 -1.4019060578e-05 -3.5500712390e-05 -2.7906793044e-05  5.2559682214e-05  6.8748934600e-04 -2.7002320660e-04 -9.5974735606e-04  2.1603312414e-05 -9.5663970380e-06  5.4811584370e-06 -1.7496720797e-03  1.8548576261e-04  1.8608558246e-03  6.4641269979e-05  2.3106328992e-05  6.3374705831e-05 -2.8262542418e-05  1.7435260528e-04 -7.1990589441e-05  1.9021650445e-05 -1.0139845698e-05 -8.8035574046e-06  3.6250877380e-06 -2.6856407166e-05  2.6460484589e-05 -4.0744821830e-05  5.0556065239e-05 -1.9880066206e-05 -8.1934385775e-06 -1.0986862202e-05  4.5405831909e-06 -6.1707995447e-06  4.3434437963e-06  1.4223093271e-05  9.9816828587e-06 -1.0592347047e-05  3.6380996546e-06 -2.0167863560e-06  1.6001685889e-06  7.5274569851e-07 -1.3744720477e-06  7.9133991258e-06  6.4748061461e-07 -5.9545536152e-06 -4.9035270932e-06 -7.3838008787e-06 -2.0137549515e-05  6.9739052831e-07  5.4627854302e-06 -1.7354398283e-05 -2.1194059120e-06  1.0907688490e-05 -3.3158098655e-05  2.8797734056e-06  2.3039498103e-05  1.6934876894e-06  7.2233000922e-07  1.1886661708e-06

JOB 14
COORDS -9.1348816610e-01 -4.2880771742e+00 -4.7964919992e+00 -4.6356535979e-01 -3.1321473434e+00 -4.0905586045e+00 -1.1173477421e+00 -5.3680675178e+00 -3.9760842259e+00 -1.0961776140e-01 -1.0204970055e+00 -1.5940343102e+00  7.6220617749e-02 -2.3989217983e+00 -1.7101829518e+00 -3.3324577081e-01 -3.3416963924e+00 -2.7343347765e+00  4.8218906167e-01 -6.7182753494e-01 -3.4831211734e-01 -2.1664802084e+00 -5.9272396089e-01 -3.0549977819e+00  5.5300659174e-01  6.8181982018e-01  2.9149364201e-01 -8.2562632111e-01 -9.8661320952e-02 -2.5379435814e+00  1.0008938288e+00 -1.7436838671e+00  2.6133289197e-01  7.3409017796e-01 -2.7763908646e+00 -5.7183694782e-01 -2.5524269812e+00 -4.7140065079e-01 -4.2013849426e+00 -2.9283047858e+00 -1.1538449528e+00 -2.0837486815e+00 -7.8842141027e-01 -4.9821865587e+00 -2.3186083087e+00 -1.0735992295e+00 -4.3162234056e+00 -5.8690874276e+00 -2.3453099240e-01 -2.1875833585e+00 -4.5702641644e+00 -1.4476206494e+00 -6.3636468219e+00 -4.2436431128e+00 -4.4790961591e-01  1.0884935671e+00  4.7628421365e-01  1.0742696015e+00  6.1024372546e-01  1.2484434273e+00  1.0891035388e+00  1.3979383429e+00 -3.4112558676e-01 -2.2957197418e-01  1.4631350342e-01 -3.4213807117e+00 -1.0252128986e+00  8.5025875374e-01 -2.0265138286e+00  1.0976386558e+00 -3.6946150272e+00 -3.5260732534e-01 -3.7602864644e+00 -1.4261234847e+00 -2.5162509334e+00
ENERGY -1.045318754141e+03
GRADIENT  1.7746052853e-05  1.7647677976e-05  1.6152031508e-05 -2.4902644356e-05  5.6025498533e-05 -3.2391760639e-05 -2.9609970830e-06  1.2902273925e-05  3.0430965946e-05  9.6729833289e-04  3.9477571644e-05 -5.6391470141e-04 -5.8442707022e-04 -1.1411443896e-04  2.8810690347e-04  4.6708497051e-05 -6.4734675215e-05  6.2180085756e-07 -2.5836815503e-05  1.4461232280e-04  1.6290486790e-05  2.3074769497e-04 -1.6584402979e-04 -3.7531206736e-04  2.1244161825e-05 -8.0000536727e-06  3.8976342438e-05 -5.5587526488e-04  1.7543976429e-04  6.5658308819e-04 -5.2417911338e-05  9.2618162385e-05 -9.3078264083e-05 -3.2503705944e-05 -1.6190259214e-04 -2.5117407186e-05  5.9030639722e-06 -2.5288677888e-05 -8.6796338296e-06 -4.5527694374e-06  6.5511746990e-06  1.7851453224e-05  1.5238508860e-05 -4.7456236683e-05  1.2054451329e-05  6.4614490836e-06  2.2269061139e-06  1.9313999186e-06  6.8943953086e-06 -5.6573365858e-06 -4.6257119687e-06  1.3076731177e-06  1.6237412439e-07  7.3555032905e-06  2.4475876884e-06  3.1036621162e-06  2.4606146575e-06  5.2479462068e-07  1.5869757478e-05  8.3023490369e-06  2.0386483987e-06 -4.4562014195e-06 -1.8383395811e-06 -2.9399368282e-07  1.9004077855e-05  1.5287239806e-05 -2.2643274998e-05  2.8538227572e-06  2.1181917177e-05  4.8107206822e-06 -4.0464974793e-06 -2.7933376753e-06  9.3843014838e-07  6.0783845267e-06 -6.8061291359e-06

JOB 15
COORDS -8.9235969485e-01 -4.3874732997e+00 -4.7729151266e+00 -5.7736941398e-01 -3.1914333023e+00 -4.0613375140e+00 -8.4347715469e-01 -5.5083030106e+00 -3.9849923968e+00 -1.1614311707e-01 -1.0666073514e+00 -1.6127867132e+00  6.6429313927e-02 -2.4495789177e+00 -1.7027464486e+00 -2.9073012956e-01 -3.4106220882e+00 -2.7294844989e+00  4.0222728953e-01 -7.0560558019e-01 -3.3937542379e-01 -2.1889557209e+00 -4.5716371512e-01 -2.9662313935e+00  4.4042381457e-01  6.5609577478e-01  2.8566160346e-01 -7.4272355254e-01 -1.4630931763e-01 -2.6187440726e+00  8.7974005109e-01 -1.7711245786e+00  3.1257029624e-01  6.5927154588e-01 -2.8124354014e+00 -5.2388639419e-01 -2.6425370823e+00 -4.8686466326e-01 -4.0938356283e+00 -2.9523659401e+00 -6.7003236017e-01 -1.8655446729e+00 -4.3284460819e-01 -5.1169472180e+00 -2.3473936960e+00 -1.1441704436e+00 -4.4119930124e+00 -5.8278580305e+00 -5.6720837419e-01 -2.2124761886e+00 -4.5241478070e+00 -1.0362089797e+00 -6.5368999697e+00 -4.2614025575e+00 -5.6877354217e-01  1.0644132724e+00  4.0987706695e-01  9.0976236313e-01  5.9611998604e-01  1.2698687722e+00  1.0121623196e+00  1.3636729891e+00 -3.2526449046e-01 -1.9371957096e-01 -1.1830794314e-01 -3.5629733107e+00 -7.3368765418e-01  8.7418915899e-01 -2.2197547748e+00  9.9861091684e-01 -3.7293263873e+00 -2.6442337032e-01 -3.8553377452e+00 -8.4961824848e-01 -2.1909410289e+00
ENERGY -1.045318742130e+03
GRADIENT -9.1554108000e-05 -9.2458332813e-06  5.1622740012e-05  6.5257690129e-05  4.0505778114e-05 -4.3720776870e-05  9.0824313281e-05  5.0858840483e-06 -4.6260618553e-05 -2.8906247675e-04  7.5320176941e-05  1.3254875777e-04  2.7017042548e-04  1.4535327953e-04 -3.7008897401e-05 -1.4259671713e-04 -7.6914936742e-05 -2.1879070148e-05 -2.7403322947e-05 -9.1213391909e-05  3.1178107978e-05 -6.2457703959e-05  5.1795427232e-05  1.4347318732e-04 -4.4453109274e-06  1.4233504147e-05 -3.2628003021e-05  1.5304288716e-04 -1.4817319693e-04 -2.2356551458e-04  2.2771697658e-05  2.6836280217e-05 -6.0156453162e-06  5.6321076137e-06 -7.1008106630e-05  2.3653077724e-05  1.6842828575e-05 -9.1526953076e-06 -3.0491159335e-05  9.8300404195e-06  1.6120757764e-05  5.0824060869e-06 -1.8377802402e-05  1.6346685753e-05  4.5227653558e-05  2.6496971136e-05  4.0426181423e-06 -2.9780387661e-06 -3.0249432093e-05  4.1847953308e-05  2.8853116007e-05 -2.3272484646e-05  3.0914669786e-06  1.5888165297e-05 -3.4193312896e-06  7.0548118245e-06  1.5133965436e-05  1.8979400356e-06 -1.1390543255e-06 -4.3525982887e-06 -1.3618934311e-05 -3.7944943961e-07 -8.6073667792e-06 -2.1049650121e-06  1.7454947525e-05  6.5797414511e-06 -8.4646661990e-06  2.0614539947e-05 -6.0289831324e-06 -1.8110332086e-05 -2.5591576536e-07 -4.6402137278e-06  2.0691478832e-06  4.6550447895e-06 -4.6512896747e-06

JOB 16
COORDS -9.4629769044e-01 -4.6165793494e+00 -4.6933294458e+00 -1.0440911611e+00 -3.4611222748e+00 -3.8597316500e+00 -5.9855734355e-02 -5.5493727656e+00 -4.2201106963e+00 -9.1014596883e-02 -1.1584476814e+00 -1.6494796400e+00 -2.9183169615e-02 -2.5562511529e+00 -1.6869238499e+00 -2.2314230430e-01 -3.5244617613e+00 -2.7530809617e+00  2.9443364887e-01 -8.0336651177e-01 -3.2552466562e-01 -2.1057248890e+00 -2.0765325647e-01 -2.7908855941e+00  3.7533989083e-01  5.7002969724e-01  2.6795161563e-01 -5.8983394538e-01 -2.1104265103e-01 -2.7057986316e+00  6.0086148075e-01 -1.8842300503e+00  3.9782016589e-01  4.0579379963e-01 -2.9271082213e+00 -4.4299451410e-01 -2.7763192563e+00 -7.3352481584e-01 -3.6591628088e+00 -2.6666411370e+00  4.6150929018e-01 -1.7500029813e+00  6.9510579833e-01 -5.0217965472e+00 -2.7528991206e+00 -1.5205900037e+00 -4.7513871531e+00 -5.6040401735e+00 -1.7149953192e+00 -2.6328365588e+00 -4.0547931186e+00  2.0101803306e-01 -6.5094456636e+00 -4.6468737855e+00 -5.9895974562e-01  1.0686785661e+00  2.3728734839e-01  7.0283147032e-01  5.0391692112e-01  1.3076601540e+00  1.0878713131e+00  1.2003307656e+00 -2.7667284418e-01 -2.1568227917e-01 -4.8800559533e-01 -3.6949284006e+00 -2.5360662731e-01  8.0367201624e-01 -2.4774345621e+00  5.3428422481e-01 -3.8692280805e+00 -9.7692493117e-02 -3.6341731764e+00  3.8354654766e-01 -1.8588983050e+00
ENERGY -1.045321172189e+03
GRADIENT  1.2459519575e-06 -1.0401896020e-05  9.5791025640e-07  6.0411357975e-05  2.2468017636e-05 -2.5073267198e-05 -1.1787231121e-05 -7.9880614583e-06 -1.1602763709e-05  6.9929161086e-03 -8.0019039439e-04 -3.7506549915e-03 -4.3512614321e-03 -2.4432066441e-04  1.7148333784e-03 -4.9758657396e-05  3.1010506263e-06  5.7281412062e-05  3.6663538740e-05  1.4576914817e-04 -8.3112891646e-07  1.2894562352e-04 -2.6739266820e-03 -2.4883368432e-03  3.2694134338e-05 -7.9773323985e-06  9.3312983728e-06 -2.7702643242e-03  3.5314748330e-03  4.5257612585e-03 -1.0525151030e-04  1.8699542323e-05  3.5960767720e-05  4.2230970320e-05  1.6770062874e-05 -3.8101179779e-05  1.8562705805e-05 -2.5150344036e-05 -8.6087259978e-06 -3.5381473650e-06  8.9830371713e-06  1.2730227998e-05 -6.2770746891e-06  5.7184694748e-06 -1.6763366263e-05 -1.5252812214e-07  2.6255841792e-06 -5.4534152249e-08 -7.3756993489e-06  2.3934040134e-06  1.6529501976e-06 -5.5256444935e-06 -3.3885725230e-07 -1.0028492602e-06  6.9550203301e-06 -1.4214483801e-05 -7.9053827933e-06 -1.1324403610e-06  2.3439088372e-06  1.0236813088e-05  7.1147884742e-06  5.9735993456e-06  1.1929333105e-05 -6.5419368944e-06  3.2303204852e-05 -4.8108453758e-06  2.0415814899e-05 -4.6527650646e-06  3.8810404558e-07  1.6275369669e-05  5.6531904689e-06 -8.8971724265e-07 -2.4901193287e-06  2.5230187104e-06  1.8095661542e-06

JOB 17
COORDS -9.6660319091e-01 -4.6452137466e+00 -4.6641403335e+00 -1.0942555585e+00 -3.5342242250e+00 -3.7757126196e+00  4.6113880807e-02 -5.5010245990e+00 -4.3131868080e+00 -1.3070896800e-01 -1.2139340171e+00 -1.6202604493e+00  1.6093024001e-02 -2.6020445218e+00 -1.6742485209e+00 -1.6721916999e-01 -3.5549408907e+00 -2.7545601596e+00  2.3653763158e-01 -8.4946221006e-01 -2.9352772431e-01 -2.0829354211e+00 -1.2504852568e-01 -2.7148783829e+00  2.6675012454e-01  5.2315270086e-01  3.0606997593e-01 -5.7483900069e-01 -2.9695601867e-01 -2.7262630281e+00  5.9333028132e-01 -1.9220102454e+00  4.2026068917e-01  4.6197454260e-01 -2.9659457702e+00 -4.3309549630e-01 -2.8768023062e+00 -7.6386618986e-01 -3.3797906275e+00 -2.4813623255e+00  8.2913080638e-01 -1.8327403821e+00  8.8305459356e-01 -4.9527626929e+00 -2.8983522616e+00 -1.6099690044e+00 -4.8073841447e+00 -5.5227334292e+00 -1.8564509513e+00 -2.7673300155e+00 -3.8626361544e+00  3.5384638800e-01 -6.4166227578e+00 -4.8020678685e+00 -7.2195055066e-01  9.9078570137e-01  2.7003124949e-01  5.9558555431e-01  4.6548747353e-01  1.3458565838e+00  9.5799201530e-01  1.1781955298e+00 -2.3727312940e-01 -3.0057612382e-01 -7.0957146547e-01 -3.6996605606e+00 -1.0672015219e-01  6.8433613090e-01 -2.6106130881e+00  6.1706148318e-01 -3.9057281011e+00 -9.2386578216e-02 -3.4581038122e+00  8.3484430928e-01 -1.8553423626e+00
ENERGY -1.045322751786e+03
GRADIENT  1.9216331977e-05 -2.2186183749e-06  8.3597013463e-06  2.4121709898e-05 -1.3153764821e-05  1.6743107926e-05  1.2553267409e-05 -2.6660207481e-05 -4.3821369392e-05  1.0952820808e-03 -9.6944513084e-05 -4.4486881622e-04 -6.6664614336e-04 -6.8154140696e-05  2.1889236394e-04 -3.3908550400e-05  5.4776465748e-05  2.4329342624e-05  5.0805523894e-05  1.0370778838e-04 -2.7327205032e-05 -4.7039123048e-05 -4.6976782310e-04 -4.1061147063e-04 -6.4397394040e-06 -2.8188919966e-06  8.3264661686e-06 -3.2506999396e-04  6.3022551656e-04  6.5291926712e-04 -2.0631590932e-05  5.4452706392e-06 -5.8748264724e-05 -4.2648584136e-05 -8.1402893059e-05  3.7678398097e-05 -1.8445658968e-05  1.4938217344e-06  1.7837060125e-05  6.6586793721e-06 -1.3698473817e-05 -3.9559102291e-06 -5.6556845485e-05 -5.2363707908e-06  5.8888560832e-06 -3.1011192162e-06 -6.9295221728e-06  6.4039063599e-06 -2.3547473431e-06 -4.2470817080e-06  6.8656144925e-06 -4.2888181929e-06 -3.5367662417e-06 -2.9040115758e-06 -3.1033507251e-06  1.1178800275e-06  1.1185837143e-05  1.1771804579e-05  4.4049001071e-06 -5.3308078828e-06 -1.2213382742e-05  1.2029324330e-05 -6.7678608573e-06  5.7737778044e-08  6.5488620841e-06  1.2050857319e-06 -3.2726006867e-06 -3.6269351703e-06  1.1214684112e-05  2.4933354861e-05 -3.5025625047e-06 -1.0483710231e-05  4.4409969557e-06 -3.9312509306e-07 -3.2766439373e-06

JOB 18
COORDS -9.7968153058e-01 -4.6626726453e+00 -4.6586479155e+00 -1.1173686181e+00 -3.5906013720e+00 -3.7252964663e+00  1.1586712481e-01 -5.4506272156e+00 -4.4117449501e+00 -1.8861758500e-01 -1.2620599400e+00 -1.6126584777e+00  6.1062152080e-02 -2.6324627641e+00 -1.6859945887e+00 -1.1500169816e-01 -3.5730527249e+00 -2.7774624057e+00  1.6347970896e-01 -8.8905108974e-01 -2.8308789820e-01 -2.0576809568e+00 -9.3069057793e-03 -2.6793988272e+00  1.3112921921e-01  4.7685779390e-01  3.3150645597e-01 -5.8483714393e-01 -3.6554547015e-01 -2.7538669589e+00  5.8670400630e-01 -1.9469584326e+00  4.1695199940e-01  5.2819259319e-01 -2.9864255763e+00 -4.5078891030e-01 -2.9611919563e+00 -6.5560712745e-01 -3.1758495318e+00 -2.2855311372e+00  1.1184395665e+00 -1.9557458824e+00  1.0168283431e+00 -4.8834950111e+00 -3.0438924469e+00 -1.6732368456e+00 -4.8483060212e+00 -5.4721972162e+00 -1.9357099658e+00 -2.8773012089e+00 -3.7248377598e+00  4.4948622470e-01 -6.3273468990e+00 -4.9521882342e+00 -8.8091386093e-01  8.9189708832e-01  3.2714269838e-01  4.9310545400e-01  4.2748909882e-01  1.3606366932e+00  7.6655729833e-01  1.1750289558e+00 -2.2594534428e-01 -4.1641753063e-01 -8.7242061241e-01 -3.7053643690e+00  4.7264396274e-03  5.5584382185e-01 -2.7312050597e+00  7.1982571450e-01 -3.9216328281e+00 -1.1615750010e-01 -3.2553146766e+00  1.2353409572e+00 -1.9294460924e+00
ENERGY -1.045321955631e+03
GRADIENT -3.1450327443e-05 -1.8730771735e-05 -1.1391492873e-05  4.6266742342e-05 -6.6661793320e-05 -2.8432201241e-07 -1.0061338089e-05 -1.8859752530e-05 -5.7910329615e-06 -4.9784212352e-03 -2.1395100351e-04  1.7518004776e-03  3.3368025113e-03  6.4707591512e-04 -6.7614677998e-04  6.0952574720e-06  4.6288699487e-05  2.3630879640e-05 -8.5939905369e-05  1.0258427609e-04 -5.7415875122e-06  6.0750564268e-04  2.2718469664e-03  1.5362427725e-03  7.0473198355e-06  1.7503622023e-05 -2.4713626642e-06  1.0524894401e-03 -2.7451487207e-03 -2.4904258059e-03 -3.4775557866e-05  9.0021962241e-06 -8.0412837780e-05  1.0765214814e-04 -9.1303445443e-05  4.7641123337e-06  1.1904362838e-05 -3.7933442046e-06  2.1843787401e-05  1.3385133000e-05  2.8000059949e-07  1.8034292709e-05 -2.5606203038e-05  6.1927756591e-05 -2.1411151564e-05  1.4788336541e-06 -5.4536372394e-06 -1.1393437680e-06  1.6555390208e-05  6.4524337928e-06  2.3367128129e-06  5.9498616036e-07  7.5974713528e-07 -1.4147757735e-06 -2.2745881996e-06  1.2489239284e-05  3.5789414718e-06  6.7926036123e-06  8.0860343906e-06 -8.6541011980e-06  1.1207337488e-05  2.4748593746e-06 -6.9735748125e-06 -1.4483405153e-05 -3.3641493841e-06  2.4344133752e-06  6.1314163592e-06  9.6583295315e-07 -1.1758836152e-05 -5.4693134057e-06 -6.1076395684e-06  3.5283733299e-07  7.7215269924e-06 -1.9794770618e-06  1.4736415209e-06

JOB 19
COORDS -9.4687349852e-01 -4.7878491471e+00 -4.5865733678e+00 -1.1147373013e+00 -3.7335557709e+00 -3.6381820203e+00  2.3187416931e-01 -5.4704399305e+00 -4.4222396465e+00 -2.2245247974e-01 -1.3105175722e+00 -1.6158189662e+00  1.0545493232e-01 -2.6633728499e+00 -1.6849490619e+00 -5.3700114653e-02 -3.6222666675e+00 -2.7641344056e+00  1.3179290242e-01 -9.1035990451e-01 -2.9365414999e-01 -2.0175523325e+00  1.4496080001e-01 -2.5769354383e+00  2.7501476860e-02  4.5142283789e-01  3.2247206576e-01 -6.3023932400e-01 -4.3740126138e-01 -2.7717695936e+00  6.2221514327e-01 -1.9396564409e+00  4.0532960028e-01  6.1002343437e-01 -2.9852693775e+00 -4.5584999617e-01 -3.0579686451e+00 -4.5002712826e-01 -2.7816975732e+00 -1.9897714925e+00  1.4267911526e+00 -2.1242756491e+00  1.1710806763e+00 -4.8225475000e+00 -3.1173889832e+00 -1.6765303427e+00 -5.0375778595e+00 -5.3498074610e+00 -1.9937964445e+00 -3.1001206253e+00 -3.5710810908e+00  6.0483155711e-01 -6.3137116587e+00 -4.9895188140e+00 -1.0168600514e+00  7.5031308846e-01  4.5762533209e-01  5.2050351380e-01  4.5375988461e-01  1.2969595283e+00  4.9555319396e-01  1.2112430727e+00 -3.1224770465e-01 -6.4750992558e-01 -1.0246019744e+00 -3.6910999002e+00  8.4034318328e-02  3.8284356777e-01 -2.8942940773e+00  8.4852173023e-01 -3.9082769615e+00 -1.1748358062e-01 -2.9221309359e+00  1.6958163202e+00 -2.0095494352e+00
ENERGY -1.045319361340e+03
GRADIENT -7.6281580939e-06 -5.6176501890e-05 -7.0076375905e-06  1.7718558942e-05  9.6193393216e-06  2.4414463163e-05 -1.5293626155e-05  3.8829516733e-05 -7.8644059351e-06 -6.5153578987e-03 -7.3098707114e-04  2.0647723862e-03  4.5615037209e-03  1.2083156211e-03 -8.9397751616e-04  3.0091902910e-05 -1.2096122769e-05 -3.3053873259e-05 -5.8230002713e-05  1.9292521278e-04  1.7386818511e-06  1.5570683492e-03  3.1718256589e-03  1.8397188646e-03  4.5473002688e-05 -4.0729937130e-05 -3.1325380348e-05  3.7387418741e-04 -3.7901428738e-03 -2.9188506359e-03 -7.7000613367e-05 -2.3517057804e-05 -4.6522873113e-05  1.0466817337e-04 -1.6385677776e-05 -3.7481482737e-05  2.0438118427e-05  2.0248079093e-05 -6.4007688031e-05  2.7131075832e-06 -1.1745054027e-05  2.5446583238e-05  3.9860198644e-05 -9.5484874519e-06  1.2246874535e-05  5.0366472613e-06  1.8434610733e-05 -1.4463245628e-05 -3.6182242687e-06 -1.8306078591e-06  5.0323510790e-06  2.8967941671e-06  6.1994735491e-07 -3.4400670023e-07 -1.3022696680e-05  3.9479660377e-06  1.5463838655e-05  6.0107642849e-06  9.8605561635e-06 -6.4956499152e-06 -2.7979590227e-05  9.1836207535e-06 -1.5397155581e-05 -7.5710069611e-07  2.6995795933e-06 -7.2580999126e-06 -2.9026527401e-06  9.1541063848e-06 -3.4665599446e-05 -5.6527262697e-05  1.2356821518e-06  3.2950866724e-05  2.6116823127e-06  1.0387790395e-06 -3.1500037998e-06

JOB 20
COORDS -8.3324404628e-01 -4.8042933806e+00 -4.4620766838e+00 -1.0863439919e+00 -3.7886848487e+00 -3.4904632186e+00  4.3373493262e-01 -5.3225017373e+00 -4.3706121224e+00 -3.0690536650e-01 -1.2443285893e+00 -1.4963286247e+00  9.7637400500e-02 -2.5742495845e+00 -1.5881609693e+00 -5.7665899386e-03 -3.5387955946e+00 -2.6722077510e+00  7.1130374225e-02 -8.3473065264e-01 -1.8330983915e-01 -2.0339446537e+00  4.3696253660e-01 -2.3049433816e+00 -9.9566822176e-02  5.1170060149e-01  4.5023230077e-01 -7.9749022344e-01 -3.8320155072e-01 -2.6188252113e+00  6.4614549561e-01 -1.8373252192e+00  4.8861111670e-01  6.6623762662e-01 -2.8748595334e+00 -3.8069000788e-01 -2.7930518490e+00  2.8297275458e-01 -1.3708178258e+00 -2.2252357679e+00  1.4055782723e+00 -3.2449476705e+00  1.3468118911e+00 -4.5613446797e+00 -3.1098432261e+00 -1.5645342694e+00 -5.1461350497e+00 -5.1870993609e+00 -2.0399715776e+00 -3.2857662941e+00 -3.3676945514e+00  8.8352676233e-01 -6.1054294860e+00 -4.9678672301e+00 -1.1585662541e+00  7.3490141688e-01  6.0879193365e-01  4.1823177164e-01  5.3678014634e-01  1.4115452351e+00  3.1277434160e-01  1.3046120786e+00 -1.8508697956e-01 -1.0249600473e+00 -9.8521370040e-01 -3.5043315084e+00 -2.0284264594e-02  3.2123182833e-01 -2.9403882304e+00  9.7124109922e-01 -3.7847892011e+00 -6.1076106477e-02 -3.0459095374e+00  1.8705914339e+00 -2.9919637364e+00
ENERGY -1.045317906228e+03
GRADIENT  5.7979268205e-06  2.2823929502e-05 -1.0029275567e-05 -1.7100592394e-05 -1.9283710624e-05  2.5840365103e-06  5.1906425435e-06 -1.0777831283e-05  6.3465025037e-06 -4.0563858427e-03 -6.3530829612e-04  1.2571026148e-03  2.9298672247e-03  9.3308605201e-04 -5.2169502776e-04  1.0299945300e-05 -1.8652194892e-05  7.7674424501e-06  6.4006817785e-05  1.5486408380e-05 -2.2847877238e-05  1.5193729591e-03  1.9031456075e-03  8.0717096150e-04 -1.8191282642e-05 -6.4359250960e-06 -1.4622608852e-06 -4.2587545844e-04 -2.1454645677e-03 -1.5294018506e-03 -4.2966869482e-05 -1.5514174849e-05 -1.3303756979e-05  8.0793180062e-05 -3.8946847390e-05 -3.2596112886e-05 -1.7031275694e-05  1.2783053424e-05  1.1319998539e-05 -6.2624062768e-06 -7.3696332172e-06  9.9509246000e-06  2.4505136649e-06  1.6233208191e-05 -2.3384812419e-05 -2.9177619573e-07 -5.0092609270e-06 -1.6045135194e-06  2.3971212503e-06  9.2290998292e-06 -4.0512780268e-06 -4.8460793783e-06 -8.1705534174e-06  1.6533446962e-06 -8.9919294460e-06  2.3064608975e-06 -2.5092984048e-05 -1.5464954661e-05 -8.4914891170e-06 -4.0218577784e-06  1.1509534161e-05  1.0118416203e-05  6.3493273408e-06 -1.0349883280e-05 -3.0158868050e-05  3.2612568443e-07 -1.1290046676e-05 -1.7851623301e-05  1.1676220678e-05 -2.9353054121e-05 -1.2175905814e-05  1.0081656403e-05 -3.3502355194e-06  6.1198405445e-06 -1.0109549583e-05

JOB 21
COORDS -8.2104239414e-01 -4.9308523785e+00 -4.4782310288e+00 -1.1019617091e+00 -3.9351933327e+00 -3.4937244570e+00  4.8331790204e-01 -5.3550581140e+00 -4.4468223471e+00 -3.8396839699e-01 -1.3260550397e+00 -1.5392779053e+00  7.9124936920e-02 -2.6365249278e+00 -1.6436276938e+00 -6.1342462428e-03 -3.6064276855e+00 -2.7256754828e+00  1.6758786877e-02 -8.9819996739e-01 -2.3807321327e-01 -1.9610009063e+00  5.3153547839e-01 -2.2654823987e+00 -1.8069403257e-01  4.3871851523e-01  4.1007922844e-01 -9.1752535268e-01 -4.9150191540e-01 -2.6684899227e+00  6.5335976036e-01 -1.8759902458e+00  4.1636971419e-01  6.9230734631e-01 -2.9115212969e+00 -4.5261824873e-01 -2.8250092660e+00  3.8574826795e-01 -1.4252928091e+00 -1.8522958112e+00  1.6705053874e+00 -3.0045486397e+00  1.3955140878e+00 -4.5286553420e+00 -3.2275315400e+00 -1.5583368553e+00 -5.3256318881e+00 -5.1694918588e+00 -2.0829172492e+00 -3.5021414035e+00 -3.3273125942e+00  9.6080224680e-01 -6.1034697425e+00 -5.0664252610e+00 -1.2375903563e+00  6.1788023642e-01  6.2705981692e-01  3.8582209873e-01  4.7982475175e-01  1.3429653776e+00  1.6463698731e-01  1.2515765891e+00 -2.3918118291e-01 -1.3839944390e+00 -1.1253155178e+00 -3.4293712315e+00 -1.0455517267e-01  3.8007338968e-02 -3.1767196575e+00  1.0509321497e+00 -3.8060477229e+00 -1.4517600042e-01 -2.5836246271e+00  2.2506290512e+00 -2.7164640459e+00
ENERGY -1.045315916644e+03
GRADIENT -1.4665603758e-05 -1.9681675747e-05 -5.8692322409e-06  1.4404326109e-05 -8.2684487402e-07  3.5423217681e-06  2.2227995885e-06  1.8824131617e-05  2.1668512635e-06 -4.3718836090e-03 -1.0312737365e-03  1.2999618171e-03  3.5692712137e-03  1.2969813269e-03 -7.6310497417e-04 -3.2229877994e-05 -5.3044878048e-06  1.2484096887e-05 -1.2662283955e-05 -2.5621604877e-05 -3.5493507141e-06  2.2375854922e-03  2.0328639045e-03  5.2387297507e-04  3.1764677297e-06  1.4278936570e-05  5.1363630715e-06 -1.3485128943e-03 -2.3520347844e-03 -1.0891774462e-03  6.7796000639e-05 -5.5666774324e-06  3.6860552753e-06 -9.6934570533e-05  1.0469048850e-05  3.6356446223e-05 -1.6653117833e-05  4.7480069784e-05 -1.6483302403e-05 -1.9803055629e-05 -1.8501552421e-05  9.1341259582e-06  3.4544283833e-06 -7.6013367365e-06 -1.4983476056e-07 -2.1257149626e-06 -2.0533097327e-06  1.0258997225e-07 -4.1537743577e-07 -7.3531539151e-06 -1.0205222008e-06 -1.7643344318e-06  7.0598184606e-07 -2.8603432988e-06  3.3771410495e-06 -2.2316734345e-06  4.0657609461e-06 -1.8385597603e-06 -9.8002781638e-06 -2.6233058663e-06 -9.5971409991e-06 -8.9885376605e-06  1.9617268132e-06  2.3868041140e-05  1.5584238608e-05  1.1672952907e-07  1.2582592183e-05  1.5502775172e-05 -1.2021046701e-05  1.1102942479e-05 -4.3452732336e-07 -8.6358199280e-06  2.3541961747e-06  2.7084663558e-06  1.2470369102e-05

JOB 22
COORDS -7.7815686346e-01 -4.9775318278e+00 -4.5186700207e+00 -1.0679803752e+00 -3.9716566707e+00 -3.5474647256e+00  5.3910890086e-01 -5.3607342940e+00 -4.5098374798e+00 -3.8492427586e-01 -1.3124926089e+00 -1.6311468373e+00  1.2092451173e-01 -2.6081284592e+00 -1.7433636938e+00  3.3188653206e-02 -3.5942138041e+00 -2.8102821484e+00  7.1067735544e-02 -8.4885977379e-01 -3.6103420448e-01 -1.8452821733e+00  6.5933691511e-01 -2.2701268106e+00 -1.4116133561e-01  4.8044139112e-01  3.0123485922e-01 -1.0859062514e+00 -5.6426929867e-01 -2.7404775266e+00  7.8799724845e-01 -1.7909434055e+00  2.6515967249e-01  8.1851669053e-01 -2.8358068476e+00 -5.8974759956e-01 -2.8711546170e+00  6.4453736904e-01 -1.6206491033e+00 -1.2557505256e+00  1.8181942483e+00 -2.6714695067e+00  1.4519109625e+00 -4.4821798640e+00 -3.3284059268e+00 -1.5182192960e+00 -5.4073017324e+00 -5.1856604969e+00 -2.0590246854e+00 -3.5670450843e+00 -3.3716047726e+00  1.0263082580e+00 -6.1042357579e+00 -5.1277440640e+00 -1.2011340034e+00  6.6067296004e-01  5.0317267071e-01  4.0330041286e-01  4.9931101213e-01  1.2477616357e+00  2.2463389022e-01  1.3019981453e+00 -3.2342412927e-01 -1.8241202951e+00 -1.2097368021e+00 -3.2210802532e+00 -3.6451544829e-01 -2.6222485155e-01 -3.5054829922e+00  1.2403937350e+00 -3.7071025831e+00 -2.9578468009e-01 -1.8147361136e+00  2.5414225974e+00 -2.3259226885e+00
ENERGY -1.045314187473e+03
GRADIENT  1.9324772168e-05 -7.7950794322e-06  2.2065613170e-06  4.5896117182e-05 -1.9360238003e-06 -5.4157518176e-06 -1.5788285934e-05 -3.7734153926e-05 -4.6614588544e-05 -1.9671059305e-03 -6.6092027697e-04  8.6236959787e-04  1.4756325713e-03  6.0198749382e-04 -5.3000004195e-04  2.4638661933e-05  8.4700536044e-05  3.5084212572e-05  6.9225346774e-05  4.9716194220e-05 -1.0092865648e-04  1.1761013583e-03  7.6346401217e-04 -1.8392897313e-04 -3.5607630425e-05 -3.8236834568e-05  1.5554452060e-05 -9.0042430593e-04 -7.9939196727e-04 -1.0611585573e-05 -3.1428881010e-05 -7.4310625824e-05 -3.6743155716e-06  6.3559227926e-05  6.2763452449e-06  3.1809994979e-05  7.8186061625e-05 -2.5793097353e-06 -2.5329064648e-05 -1.1033385210e-05  2.5858247364e-05  2.9079503765e-06 -3.9731808618e-05  1.8994966997e-05 -4.4744270559e-06 -5.6092763216e-06 -8.7016241395e-06  9.7279918510e-06  3.4964599202e-06 -3.3511470987e-06  8.9168541454e-08  1.9660393068e-06  2.8536900452e-06 -7.5526851933e-06  9.2108432297e-06 -2.6318718411e-06 -2.0908391852e-05  6.1003007522e-06  2.1044498046e-06 -3.3824339781e-06  1.5674723570e-05  1.7689931179e-05  8.4162229777e-06 -1.8348569744e-05  4.1460556814e-06 -2.8738593146e-07 -1.0271255761e-05 -3.3797673267e-05  8.6212096119e-06  1.8732081734e-05  8.6800298691e-06  8.0226914064e-06 -5.7352442402e-06  4.7456266183e-05  4.7668170921e-06

JOB 23
COORDS -6.5866592926e-01 -4.9208785986e+00 -4.5898532598e+00 -9.5699897232e-01 -3.8575663318e+00 -3.6851966292e+00  5.8975624632e-01 -5.4530596517e+00 -4.3944886415e+00 -4.5164220292e-01 -1.3305920181e+00 -1.6163252457e+00  1.3541696052e-01 -2.5929872553e+00 -1.7475882038e+00  6.9606143378e-02 -3.5867401262e+00 -2.8041026046e+00  3.8115428662e-02 -8.2357968673e-01 -3.7604957540e-01 -1.9262196843e+00  6.4331449391e-01 -2.2616198723e+00 -2.3849441700e-01  4.8334437677e-01  3.0780761328e-01 -1.4200010179e+00 -7.3884668013e-01 -2.6139615243e+00  8.6870743561e-01 -1.6991498601e+00  2.0535345852e-01  9.2238125546e-01 -2.7498032976e+00 -6.4022053887e-01 -2.9711222855e+00  8.8549309939e-01 -1.6923810936e+00 -1.0771439428e+00  1.6224430504e+00 -2.6743748207e+00  1.4326096495e+00 -4.6463132283e+00 -3.1134825668e+00 -1.3458754966e+00 -5.2798758791e+00 -5.3488516933e+00 -1.9067664181e+00 -3.3365596553e+00 -3.6680591579e+00  1.0682882769e+00 -6.2626553600e+00 -4.9304026945e+00 -1.3082163878e+00  6.2922833135e-01  4.8303273385e-01  2.7660265944e-01  4.9468702117e-01  1.2706903882e+00  1.2295726051e-01  1.3284692563e+00 -2.8618177916e-01 -2.3149242472e+00 -1.3624469971e+00 -2.6793722360e+00 -9.5719638180e-01 -7.0486230347e-01 -3.6062104954e+00  1.4385419777e+00 -3.5762224899e+00 -3.6822032230e-01 -1.4814077806e+00  2.4683694426e+00 -2.3998609923e+00
ENERGY -1.045314467803e+03
GRADIENT  8.3527601308e-06  3.7910335475e-06 -1.3195024831e-05  1.1442666346e-05 -5.2696063616e-06  1.1903569935e-05 -1.0715801370e-05 -1.1348501855e-05 -1.6364937825e-06  2.0388164773e-03  1.1331488119e-03 -1.4146593266e-03 -1.8493812184e-03 -9.9668311596e-04  1.2284178614e-03  2.5655506956e-05  4.4301258620e-05 -1.8794572039e-05  5.2193535282e-05 -6.1348199197e-05 -2.5645564191e-05 -1.5373880747e-03 -8.0185368680e-04  9.9721425850e-04  1.2297215817e-05 -8.5026566707e-06  3.3315357019e-06  1.2120733082e-03  6.3868931372e-04 -7.9728912486e-04  1.1835942867e-05 -3.6440294432e-05  7.4257181550e-05  2.3330704695e-05  9.9555141089e-05 -1.7050363599e-05  2.8747613176e-05 -4.8840349365e-06 -1.1630345772e-05  2.6541164916e-05  2.1645382758e-05 -6.8933083238e-06 -3.8254401428e-06  9.5774800748e-06  7.7587692122e-07  1.2356702866e-06  1.8837510317e-06 -6.0715699614e-07  1.1146018709e-06  8.5374535410e-06 -2.5726625988e-06  1.9232428940e-06  1.5115065942e-06  2.3101484477e-07  3.1277298107e-06 -6.4369136305e-06  4.1354446540e-06  6.6909326654e-06  2.1169909782e-07 -1.5029790391e-06 -7.7864855701e-06 -6.1009413944e-07  2.1441351511e-06 -6.3632580033e-06 -4.7814343229e-06  3.6550462213e-06 -8.3508813384e-07  3.8360990589e-06 -1.2961665445e-06 -1.7106332087e-05 -1.0439057220e-06  2.1148639614e-05  4.3411018187e-06  2.2660357426e-06  1.0225426839e-06

