JOB 0
COORDS  4.0451598006e-01 -1.4307769402e+00 -1.6188000160e-01  2.6951172997e-01  9.6861092549e-01 -8.6925706530e-01 -1.2041332040e+00  9.9073756214e-02  1.0070679326e+00 -5.3556785475e-01 -2.1847945058e-01 -3.3500333696e-01  1.7899820550e-01 -2.5461785121e+00 -9.0102333307e-01  1.3262477501e+00 -1.3293119601e+00  6.4444767883e-01 -1.8888226082e+00 -5.4286585118e-01 -1.5679696441e+00 -3.6428471654e-01  1.8573747938e+00 -9.2583114024e-01  1.1024846789e+00  1.1617004689e+00 -1.8845692687e-01  6.6989431906e-01  7.5811285051e-01 -1.8641060523e+00 -1.6179033097e+00 -7.9698832552e-01  1.4753638914e+00 -4.6483644294e-01  5.5000759751e-01  1.6735293111e+00 -2.0093981065e+00  8.2137809345e-01  8.5417670087e-01  7.9871694569e-01 -3.3342613920e+00 -7.6413432914e-01 -5.9508754584e-01 -2.6154020923e+00 -1.5467596373e+00
ENERGY -7.474717148580e+02
GRADIENT  3.0382069570e-04 -2.4413795062e-04  2.2415319147e-04 -1.7211522513e-04 -2.3439885088e-04 -4.9812985261e-05  7.5742753012e-04 -2.6992368996e-03  1.1804715887e-03 -1.5187236590e-04 -1.8747743016e-03  1.2443775362e-04 -1.5502247054e-04  1.8421286188e-04 -1.0306643708e-04 -2.4385102915e-05  6.3758600989e-05  3.5014087877e-05  3.0905477278e-05  1.9816638478e-03 -4.2721765595e-04  4.2767704314e-05  4.8597573729e-05  4.0797325461e-05  2.4679838294e-05  5.6425893233e-05  2.2842726657e-05  1.5443571354e-05  2.4409080655e-05  8.1773007656e-06  9.2998516268e-05 -9.0368030647e-05  1.1001670740e-04 -7.6559446135e-04  2.9232850237e-03 -1.1090085388e-03  4.8553595821e-05 -1.2750033382e-04 -4.2149835168e-05  4.8029796342e-05  6.8857949218e-05  8.5735967948e-05 -1.6768114316e-05 -3.0883219784e-05 -1.6630003473e-05

JOB 1
COORDS  3.7241624082e-01 -1.4554176544e+00 -1.8119157537e-01  2.8812077894e-01  9.5116219235e-01 -8.6239414233e-01 -1.2080556333e+00  9.9548454442e-02  1.0079936590e+00 -5.4340050516e-01 -2.2476362854e-01 -3.4079999474e-01  1.3579258623e-01 -2.5547811945e+00 -9.4059296129e-01  1.2873176958e+00 -1.3825314392e+00  6.3605717003e-01 -1.8918449338e+00 -5.0421062494e-01 -1.5936078147e+00 -3.2685537644e-01  1.8538694248e+00 -9.0615542920e-01  1.1254621210e+00  1.1163701934e+00 -1.7975662726e-01  6.8172073179e-01  7.4490558215e-01 -1.8608243505e+00 -1.4278081144e+00 -8.0030001573e-01  1.5853123672e+00 -5.5383051504e-01  7.5738050659e-01  1.5849798059e+00 -2.1398517360e+00  6.4281438989e-01  8.3650354905e-01  7.4284174952e-01 -3.3545322473e+00 -8.1501157025e-01 -6.3059315820e-01 -2.5980857222e+00 -1.5976649089e+00
ENERGY -7.474694769056e+02
GRADIENT -9.3986709975e-05  3.5196048809e-05 -4.3675996734e-05  2.6721112132e-05  1.9212374707e-05  2.4848226113e-05  2.6377708745e-03 -3.7803247283e-03  2.1964264780e-03 -4.7424870447e-04 -2.8279276291e-03  4.8011574088e-04  4.1382836758e-05 -7.3411721109e-06  8.9815530999e-05  6.8625744600e-05  5.7185150021e-06  6.2074537036e-06  1.2202266061e-05  2.7650881876e-03 -6.8380229664e-04 -7.1280612900e-06 -8.1824304306e-06 -1.8627049540e-05 -1.0725749996e-05  2.8982297943e-06  1.2691844430e-05  7.1372629692e-06 -5.8978955154e-06  1.2571137775e-05  2.2210375114e-05 -5.8400617358e-06  9.5223803132e-06 -2.1473931317e-03  3.9071328997e-03 -2.0053192150e-03 -1.4682149573e-05 -2.6687408728e-05  1.0283738810e-06 -5.0009700901e-06 -2.9427856441e-05 -1.5674157011e-05  3.0710314833e-05  7.7632022635e-06  1.3987581116e-05

JOB 2
COORDS  8.6911583325e-01 -1.0994308354e+00 -2.7309317345e-01 -5.4572909034e-01  6.7305767567e-01 -1.2964689653e+00 -7.4191874312e-01  1.9373341953e-01  1.1992883451e+00 -5.0626180495e-01 -4.0213148203e-01 -2.0330733744e-01  9.6413136281e-01 -2.2841448046e+00 -9.3319409844e-01  1.8376246064e+00 -5.1349585562e-01  2.0348158484e-01 -1.8928587681e+00 -1.5852301702e+00 -5.8753532749e-01 -1.4913917102e+00  1.2194132004e+00 -1.2494202616e+00  2.7922467855e-01  1.3712851050e+00 -1.1276922899e+00 -4.4008846981e-01  2.3334549304e-01 -2.2912472278e+00 -8.0744922345e-02 -2.5257409185e-01  1.9424150194e+00 -5.7220947784e-01  1.2729090898e+00  1.1769829419e+00 -1.7774749989e+00  3.8801998777e-02  1.5057152510e+00  1.8689872709e+00 -2.7375850557e+00 -9.4102692347e-01  1.4112755295e-01 -2.8131423131e+00 -1.1874877668e+00
ENERGY -7.474672260715e+02
GRADIENT  2.4968235986e-05 -3.1386487900e-05 -1.0265492684e-05 -7.6942532541e-06 -1.2603982624e-05 -1.0919008701e-05  3.8348034685e-03 -5.2985702602e-05  7.0453111165e-04  6.7122070070e-04 -1.9877615444e-03  9.9306085898e-04 -5.0935213770e-05 -1.1055156616e-05 -6.0929809203e-05 -2.2303938343e-05 -3.4053153861e-05  3.8946688766e-05 -1.1090002673e-03  1.5467378420e-03 -8.0793771958e-04 -1.2339557060e-05 -1.9583147785e-05 -2.0273873276e-05 -1.8151775094e-05  1.6180036612e-05  2.5048672682e-05  3.6679197366e-05  5.5206483523e-06  3.5311100090e-06 -9.1433998824e-06 -1.7999331425e-05 -7.4441982811e-06 -3.4081922928e-03  5.1541180199e-04 -8.1569823561e-04 -2.2322262446e-05  1.2114459316e-05 -1.8288737894e-05 -8.6409854412e-06  2.5537016368e-05  1.5962621491e-05 -1.7627868836e-05 -1.0516290065e-05 -4.1366895916e-06

JOB 3
COORDS  8.2161821280e-01 -1.1393566898e+00 -2.6117044521e-01 -5.2173186591e-01  6.7890909797e-01 -1.2912357541e+00 -7.7752752383e-01  1.8875033434e-01  1.2039132992e+00 -5.3712113742e-01 -4.0092310106e-01 -2.0309396269e-01  8.9180531315e-01 -2.3171325611e+00 -9.3623039435e-01  1.8027751735e+00 -5.8833913148e-01  2.3097920929e-01 -1.9397340235e+00 -1.5553488520e+00 -6.1532569795e-01 -1.4641497047e+00  1.2323187480e+00 -1.2821551138e+00  3.0030097295e-01  1.3697607419e+00 -1.0815536647e+00 -3.7452526517e-01  2.4419121378e-01 -2.2830064496e+00  5.5758089298e-02 -5.2869920609e-02  1.8646804792e+00 -8.5159077162e-01  1.2777736341e+00  1.1477448755e+00 -1.7006280420e+00 -1.9286235185e-01  1.6400416623e+00  1.7854820502e+00 -2.7920870482e+00 -9.4391720887e-01  5.8688782651e-02 -2.8209343491e+00 -1.2076935280e+00
ENERGY -7.474663275402e+02
GRADIENT -5.1317406398e-05 -7.8723153109e-06  1.5231947234e-05 -4.4748230849e-06  2.1067114142e-05 -1.1502324796e-05 -1.9249956174e-04 -6.4986116268e-05 -3.1236350197e-05 -3.0213173343e-05  1.2657007836e-04 -3.7049682686e-05 -2.2184210155e-05 -4.0158874257e-05 -4.3787291306e-05 -9.7271737617e-06 -9.8250199063e-06  2.8279331095e-05  2.9607444416e-05 -7.5809824837e-05  7.9164017689e-05 -1.3174663996e-05 -2.4555825739e-05 -2.4734228024e-05 -2.5864193742e-05  1.9034064217e-05  2.4409831914e-05  3.9128838475e-05  2.6037461051e-06  1.1111485194e-05 -3.1989030990e-06 -2.8152723727e-05 -6.3020958064e-06  2.0934878510e-04  1.3746066576e-05  1.9367838861e-05 -2.6402857900e-05 -3.8449517856e-06 -9.3142122763e-06 -1.3376109503e-05  1.2234276506e-05  1.0947280769e-05 -1.1505881214e-05 -7.3282055079e-06 -5.9823389265e-06

JOB 4
COORDS  8.5189053452e-01 -1.1224703077e+00 -2.6301922031e-01 -4.6746928373e-01  7.1358533122e-01 -1.2952376657e+00 -7.5476102752e-01  2.0244704380e-01  1.1913621574e+00 -5.0530387287e-01 -3.7228604211e-01 -2.1597717892e-01  9.1448843234e-01 -2.3135550970e+00 -9.1428954116e-01  1.8390434622e+00 -5.7012901847e-01  2.1575961309e-01 -1.9037998254e+00 -1.5269743919e+00 -6.3623669332e-01 -1.4127371216e+00  1.2616493304e+00 -1.3086109634e+00  3.4511894162e-01  1.4070442461e+00 -1.0585758839e+00 -2.8972251834e-01  2.8634500909e-01 -2.2852894462e+00  1.8919662635e-01  2.1584879000e-01  1.7399121263e+00 -1.0953530187e+00  1.2389967024e+00  1.1235716097e+00 -1.4825685410e+00 -3.8601059157e-01  1.7496163276e+00  1.8063958978e+00 -2.7917540741e+00 -9.1817624568e-01  7.9315059633e-02 -2.8148818184e+00 -1.1834355516e+00
ENERGY -7.474674472873e+02
GRADIENT -2.0456968883e-04 -4.1225623310e-05 -1.0303432212e-05  6.3083940692e-05  1.6261864192e-05 -2.2163149447e-05 -4.3424161102e-03 -2.2526098185e-03  1.9026333532e-04 -7.4259291625e-04  2.9144186071e-03 -1.2463417652e-03  1.7821323518e-04 -6.7001935711e-06 -4.3273003056e-05 -9.1452778461e-06 -7.2034527151e-05  2.6299541018e-05  1.1764308414e-03 -1.7623581146e-03  9.5830295699e-04  8.4041774866e-06  1.5215619904e-05  2.2377637867e-05  1.2465657387e-05 -1.7378502690e-05 -4.9952255129e-06 -1.6499999210e-05 -5.0173863657e-06  8.8425910744e-07 -6.9730643536e-06  3.2679793658e-05 -3.7566627671e-05  3.7717256809e-03  1.2325053506e-03  1.2792509511e-04  1.8434045230e-05 -6.5858549712e-05  2.0665534706e-05 -2.5150838565e-05 -5.6659106444e-05 -1.4083099101e-05 -9.2197255283e-06 -3.3943617214e-07  1.7719869488e-05

JOB 5
COORDS  6.5796153117e-01 -1.2334547058e+00 -2.2936247301e-01 -4.1659975802e-01  7.6886613462e-01 -1.2505234210e+00 -1.0246492246e+00  7.5404251099e-02  1.1261505327e+00 -6.4632161100e-01 -3.9576714434e-01 -2.8480954911e-01  6.8603768896e-01 -2.4447039751e+00 -8.4197712310e-01  1.6395902691e+00 -7.3828939325e-01  3.1933788798e-01 -2.0579766398e+00 -1.4102640394e+00 -9.4751060117e-01 -1.3200294600e+00  1.3789234469e+00 -1.3245344920e+00  4.0190758725e-01  1.3825056789e+00 -8.6341156978e-01 -1.4725441188e-01  4.1107853687e-01 -2.2474536982e+00 -1.0254682953e-01  2.3258264735e-01  1.6912419290e+00 -1.5405848402e+00  1.0381629552e+00  1.0797373282e+00 -1.6417386483e+00 -6.5572242453e-01  1.6497575743e+00  1.5450354040e+00 -2.9764022389e+00 -7.8421913634e-01 -1.4898862545e-01 -2.8760530497e+00 -1.2127713094e+00
ENERGY -7.474697878555e+02
GRADIENT -2.6992584126e-04  7.0096365663e-05  3.4116716994e-05  4.5266526482e-05  7.1439701467e-05 -5.1358120111e-05 -4.7499030100e-03 -3.6762586073e-03  5.0448390802e-05 -4.2253754797e-04  3.7187990405e-03 -1.4421381198e-03  1.2382358483e-04 -7.9191117580e-06 -6.3038155484e-05  5.9801566541e-05 -1.4483288649e-05  6.4109924096e-05  1.1522001473e-03 -2.3451042559e-03  1.0704424275e-03  2.5872584232e-05  2.3336810329e-05  4.4132391913e-05  2.6288601340e-05 -3.6267656213e-05  4.1311379897e-06 -4.6131581467e-05 -7.3519942563e-06  1.2473810086e-06 -5.0384453959e-05 -3.4950476087e-05 -3.9349317748e-05  4.1756694843e-03  2.2655684658e-03  3.4169698120e-04 -8.5844519812e-05 -2.4600499516e-07 -2.0220245822e-05 -1.5411208872e-05 -3.6592793331e-05  9.9927736317e-07  1.2624520430e-07  2.1535787726e-06  1.3424418654e-05

JOB 6
COORDS  7.7990701584e-01 -1.1262402335e+00 -1.6490576689e-01 -2.7723252294e-01  8.9180379970e-01 -1.1953573273e+00 -1.0115001869e+00  9.0841894677e-02  1.1053665662e+00 -5.3318698160e-01 -3.1525085821e-01 -2.9116484846e-01  8.2327267411e-01 -2.3906800729e+00 -6.5518247878e-01  1.7440008970e+00 -5.7862983951e-01  3.6539060121e-01 -1.8843067122e+00 -1.3258256256e+00 -1.0715534260e+00 -1.1908810191e+00  1.4815503197e+00 -1.3015384228e+00  5.0160439117e-01  1.5089963283e+00 -7.3977611603e-01  5.8766137745e-02  5.7863246423e-01 -2.1870738299e+00 -1.5314755450e-01  4.7925507154e-01  1.6598638125e+00 -1.7572957283e+00  8.8677977739e-01  1.0321382222e+00 -1.4304329646e+00 -7.5773979131e-01  1.6499680915e+00  1.6932829435e+00 -2.8994678461e+00 -5.6588209787e-01  1.7714480539e-02 -2.8330828402e+00 -1.0746138682e+00
ENERGY -7.474719058015e+02
GRADIENT -3.1505373324e-04  4.9223463042e-05 -9.4732285992e-05  6.9377377268e-05  1.4953766033e-04 -6.1166253765e-05 -2.3004470267e-03 -3.0765191674e-03  2.5534164150e-04 -3.4746528567e-04  2.4544135698e-03 -9.6429815595e-04  9.2357899657e-05 -3.0373682992e-05  3.6757592215e-05  9.0346183887e-05  2.8869476883e-05  5.4085058271e-05  7.3988600414e-04 -1.4974321774e-03  7.4033206189e-04 -1.1687231443e-05 -4.7113212794e-05 -1.6907667007e-05 -4.3343931593e-05  1.6363913022e-05  4.2909185932e-05  4.6279075159e-05 -8.4387050458e-06  2.9481736718e-05 -4.0515138281e-05 -3.3438663302e-05 -6.4764350538e-05  2.1812419763e-03  2.0679192471e-03  1.1103288631e-04 -1.0584319429e-04 -1.3180463781e-05 -1.0495741058e-05  1.1379022527e-05 -5.7945717647e-06 -3.6078703754e-06  2.7071204562e-05  1.9213834514e-05  4.7392404686e-06

JOB 7
COORDS  7.5307245546e-01 -1.1623414028e+00 -1.8865083849e-01 -2.6410044005e-01  8.9049381675e-01 -1.1998169930e+00 -1.0116981202e+00  7.7091584881e-02  1.0888717434e+00 -5.3999146755e-01 -3.2309122931e-01 -3.1020874863e-01  7.6110271115e-01 -2.4293016594e+00 -6.7434577715e-01  1.7298174294e+00 -6.3718557119e-01  3.4074262137e-01 -1.9209274698e+00 -1.2822091851e+00 -1.1022800091e+00 -1.1527452436e+00  1.5239005879e+00 -1.2585031721e+00  5.5986348739e-01  1.4624664614e+00 -7.6535642638e-01  1.6757146428e-02  5.8342961778e-01 -2.2104226431e+00 -2.1767257736e-01  6.4864806889e-01  1.5762679967e+00 -1.9109315756e+00  6.9412626524e-01  1.0191984687e+00 -1.2340219041e+00 -8.0327334487e-01  1.6967684842e+00  1.6144984896e+00 -2.9640687582e+00 -5.7651944988e-01 -5.7788816619e-02 -2.8516781887e+00 -1.0888781359e+00
ENERGY -7.474726750855e+02
GRADIENT  4.5172564790e-04 -1.2774638565e-04  1.3881312108e-04 -6.4668911798e-05 -2.0852015225e-04  8.7081928847e-05 -7.4694753626e-05 -2.3505527263e-04  7.6780196141e-05 -5.4611589913e-05 -5.9044129435e-05  1.8566783090e-06 -2.1934561143e-04  9.4076638467e-05 -1.1767801539e-04 -9.7611376938e-05  4.7129388691e-05  9.2835091074e-06 -1.9009523545e-05  9.8417300270e-05 -6.6156453159e-05  2.8712911267e-05  4.8281188181e-05 -5.4543537332e-07  4.4249611462e-05  2.3360695039e-05 -2.2225897693e-05 -1.2406457111e-05  5.0237961522e-05 -2.1436980613e-05 -2.4931132158e-05  2.0322048803e-04  1.1522680416e-05 -1.7322795627e-05  4.6309193987e-06 -1.9603604504e-05  1.0794584427e-04  8.4239844169e-05 -8.1501579461e-05  4.1133928532e-05  1.0339559890e-04  6.7053697510e-05 -9.5805105839e-06 -4.7413573469e-05  3.2811818182e-06

JOB 8
COORDS  7.7604276430e-01 -1.1497511019e+00 -1.5841942215e-01 -2.1579377147e-01  9.1101353336e-01 -1.1788621288e+00 -1.0024462436e+00  9.9167044828e-02  1.0962411258e+00 -5.0898940017e-01 -3.0593945443e-01 -2.9724932032e-01  7.8974423106e-01 -2.4118547731e+00 -6.5669383475e-01  1.7416569869e+00 -6.3290930243e-01  3.9873293800e-01 -1.8854979849e+00 -1.2436204129e+00 -1.1229440693e+00 -1.0931723596e+00  1.5612604523e+00 -1.2249816771e+00  6.2119519694e-01  1.4639426748e+00 -7.4480076277e-01  5.1518227922e-02  6.0822442836e-01 -2.1944107367e+00 -3.2825346736e-01  8.4855555523e-01  1.5167242969e+00 -2.0182904656e+00  4.9521058361e-01  1.0338472363e+00 -1.0227535856e+00 -7.6368747091e-01  1.7674654360e+00  1.6368487988e+00 -2.9534935210e+00 -5.4293477119e-01 -2.2989105204e-02 -2.8266587795e+00 -1.0907237412e+00
ENERGY -7.474716884742e+02
GRADIENT  3.7072713087e-04 -9.1062044080e-05  7.5128243167e-05 -3.0555973585e-05 -1.5592648056e-04  5.3217414883e-05  1.3113375479e-03  4.1252986008e-03 -7.2802250503e-04  5.3807728384e-04 -3.0027352820e-03  1.1770461702e-03 -6.9058356559e-05  9.9734799081e-05 -3.6537631668e-05 -1.7625554328e-04 -1.0487848904e-05 -3.9182522943e-05 -6.9508411113e-04  1.7201048454e-03 -7.6541616335e-04  3.2071139208e-05  4.9991017858e-05  5.7745149484e-06  4.7824926218e-05  3.5224286458e-05 -3.1285068727e-05 -1.2759870101e-05  4.6535145908e-05 -2.0998966183e-05 -8.3412570014e-05  1.8726234814e-04 -1.8954622282e-05 -1.2346155377e-03 -3.0243855231e-03  4.2504877656e-04  4.0793177935e-05  8.1646601188e-05 -8.1754650759e-05  3.2872511648e-05  4.7404329999e-05  3.6945731898e-05 -4.4715294712e-06 -3.0882368766e-05  5.8280947598e-06

JOB 9
COORDS  7.9854051278e-01 -1.1146655449e+00 -7.5225690904e-02 -1.5552752276e-01  9.3461466880e-01 -1.1404062965e+00 -1.0271163007e+00  1.4897322111e-01  1.1157972799e+00 -4.8196998768e-01 -2.7544452911e-01 -2.5887654229e-01  8.6164451549e-01 -2.3490093898e+00 -6.3553980955e-01  1.7220566677e+00 -6.1307032970e-01  5.6170181653e-01 -1.8237611374e+00 -1.2152737504e+00 -1.1416395858e+00 -1.0310200394e+00  1.5838072079e+00 -1.2239844589e+00  6.6350207257e-01  1.4918709382e+00 -6.7815493608e-01  1.5008405888e-01  6.2417019299e-01 -2.1427715971e+00 -5.2802801915e-01  1.0602621276e+00  1.4504853173e+00 -2.1067070892e+00  2.9922047289e-01  1.0663531401e+00 -8.4513168479e-01 -6.2974134728e-01  1.8611699560e+00  1.7074972251e+00 -2.8865699293e+00 -4.9599761268e-01  7.6268354806e-02 -2.7574585255e+00 -1.1227474589e+00
ENERGY -7.474694237294e+02
GRADIENT  6.2219373997e-05 -1.0104124063e-04 -5.8484489993e-05 -5.4529768841e-05 -1.2110536865e-04  6.5789980255e-05  5.4211658792e-04  6.9170834278e-03 -1.8977051857e-03  1.2237238150e-03 -4.3909297700e-03  1.8630322046e-03 -4.3882003436e-05 -1.2262245906e-05  8.7565200654e-05 -9.9984919542e-06  1.0224288876e-05  3.6817758462e-05 -1.0279184611e-03  2.4282491349e-03 -1.1706984713e-03  6.2379362152e-06  1.7239495072e-05 -1.2873262836e-05  7.5285094164e-07  2.2670737081e-05  1.6130880119e-05  3.3744582998e-05  1.5815570828e-05  2.1497566697e-06 -1.6878547671e-05 -5.2875315777e-07 -7.4368972743e-06 -7.3602065260e-04 -4.7876466783e-03  1.1776469751e-03 -1.6711047470e-05 -1.7029984297e-05 -2.0321826705e-05  3.1784372382e-05  4.9397747726e-05 -1.0329291646e-05  3.7727901683e-05  2.7881482790e-05 -2.8103302287e-05

JOB 10
COORDS  7.4239866962e-01 -1.2283507195e+00 -1.0496831173e-01 -1.8423805794e-01  8.2263482532e-01 -1.1673019397e+00 -9.5364047641e-01  1.5967998527e-01  1.1709413334e+00 -5.1374645798e-01 -3.3883871661e-01 -2.2158457125e-01  7.8951301775e-01 -2.3872837091e+00 -8.1243831479e-01  1.6784188114e+00 -8.1356422353e-01  5.7377714354e-01 -1.9368455850e+00 -1.2545680267e+00 -9.9865865390e-01 -1.0338288739e+00  1.5078009280e+00 -1.2279610918e+00  6.8114138881e-01  1.3600594299e+00 -7.6902680863e-01  5.3161475969e-02  4.6335031813e-01 -2.1716976343e+00 -6.2240882205e-01  1.1885150899e+00  1.3266565023e+00 -2.0374514621e+00  1.0549575833e-01  1.2764988837e+00 -5.1150414982e-01 -4.5377853281e-01  1.9581878278e+00  1.6119403845e+00 -2.9666501630e+00 -7.0187874004e-01 -3.1613340903e-02 -2.7661869773e+00 -1.2638192313e+00
ENERGY -7.474671783633e+02
GRADIENT  6.5045009469e-05 -1.9940730389e-05  4.7937698777e-05 -1.5319728773e-05 -7.6043617567e-05  3.2011834859e-05 -6.2892939605e-04  4.7353964009e-03 -1.9142413170e-03  9.1589309901e-04 -3.1943290195e-03  1.4161720241e-03  2.2475146089e-05  3.3151391431e-05  1.0988578201e-05 -5.6915823853e-05 -3.1075917397e-05 -5.0173499274e-06 -6.4407848748e-04  1.7639738398e-03 -8.3390368340e-04  3.0125150700e-05  5.8508311100e-05  4.2167458783e-05  4.0297108868e-05 -2.5341802467e-05 -1.6395846509e-05 -5.1311725983e-05  1.2974418885e-05 -1.6154062899e-05 -1.2956963155e-05 -7.3779696462e-07  4.5814213352e-06  2.6291996397e-04 -3.2576622842e-03  1.2494896474e-03 -3.3557865344e-05 -7.9776020256e-06 -1.2513424248e-05 -1.4307355490e-05 -1.4656750559e-05 -1.1809290635e-05  1.7666578455e-06 -3.9243523885e-07  1.2848825208e-07

JOB 11
COORDS  5.7078787558e-01 -1.2432061837e+00 -5.3140224220e-02 -1.3801965409e-01  8.9284125650e-01 -1.1048052153e+00 -1.1924022283e+00  1.7331251085e-01  1.1092524982e+00 -6.2745901746e-01 -2.8410165845e-01 -2.5338634680e-01  6.7427026889e-01 -2.3317673003e+00 -8.6068458312e-01  1.4282759492e+00 -9.3543943349e-01  7.7070321491e-01 -1.9890710632e+00 -1.1129788726e+00 -1.2173989887e+00 -9.5331298993e-01  1.6028823983e+00 -1.2650567593e+00  6.7252605387e-01  1.3942440207e+00 -5.6771323021e-01  2.3532605967e-01  5.5552486042e-01 -2.0748992122e+00 -1.1012807853e+00  1.2580706439e+00  1.2082095020e+00 -2.2468626604e+00 -8.4952826722e-02  1.2065565330e+00 -6.3357728785e-01 -2.8347367882e-01  1.9266599966e+00  1.4556133917e+00 -2.9533637298e+00 -6.9531847986e-01 -1.0074987144e-01 -2.6456393560e+00 -1.4284446561e+00
ENERGY -7.474663281122e+02
GRADIENT  6.5847131948e-05 -1.5249481010e-04  3.6023897544e-06  5.9579860202e-05  3.4628451965e-05  2.9829317940e-05  2.5338816796e-04 -5.8732734172e-04  2.1894977625e-04 -1.4692158209e-04  4.8603202517e-04 -1.5375584601e-04 -1.3328649917e-04 -1.9215201801e-04 -2.4948244841e-04  6.6280238374e-05  2.0771212578e-05  6.8902982596e-05 -8.4319483720e-05 -1.2757598609e-04  7.7259054370e-05 -3.2207797019e-05 -2.1352197325e-05 -1.5862183777e-05 -3.6981492396e-05 -3.6971862592e-05  3.2762072669e-05  1.3416670216e-05 -2.7519352737e-05  2.4001355373e-05 -1.0060247673e-04 -2.6076836650e-06 -3.0780493316e-05 -1.2764905476e-04  3.8404695869e-04 -1.5407732381e-04  2.3497308808e-05  8.7120978449e-06 -1.7501604904e-05  1.9504209720e-05  1.8481324403e-04  1.7194813106e-04  2.6384957424e-05 -1.6053977459e-05 -3.5669819895e-05

JOB 12
COORDS  6.1779450445e-01 -1.2270008366e+00 -4.4846687104e-02 -7.7808312793e-02  9.1898408200e-01 -1.0869709079e+00 -1.1459057578e+00  1.8246010789e-01  1.1151128053e+00 -5.7788826674e-01 -2.6030534136e-01 -2.4777600695e-01  7.0087276398e-01 -2.3334899672e+00 -8.2930057694e-01  1.4891652244e+00 -9.1168312218e-01  7.6147396585e-01 -1.9357487810e+00 -1.0921985787e+00 -1.2112121158e+00 -8.9481148831e-01  1.6209486281e+00 -1.2710731420e+00  7.1290172979e-01  1.4286200677e+00 -5.2832145309e-01  3.2656100586e-01  5.8437700336e-01 -2.0456034496e+00 -1.3319631051e+00  1.2604287043e+00  1.1051227426e+00 -2.0994909353e+00 -3.0189675911e-01  1.3268533085e+00 -4.2678625651e-01 -3.0920717003e-02  1.9066451519e+00  1.4808458529e+00 -2.9569105915e+00 -6.6459745309e-01 -7.9923576140e-02 -2.6477158307e+00 -1.3886850374e+00
ENERGY -7.474674173496e+02
GRADIENT  1.7481075148e-04 -5.1138799619e-05 -8.1054893035e-05  3.5759661159e-05 -7.7222460554e-05  1.0827897585e-05  2.3768040866e-03 -4.3812068696e-03  2.4643943781e-03 -1.2644593213e-03  3.5928049862e-03 -1.6998999317e-03 -1.4204589748e-04 -9.0532859622e-05 -1.9751317804e-04 -8.9885342184e-05 -1.7876835995e-05  5.8919461084e-05  5.6230763651e-04 -1.9950212194e-03  8.6294935501e-04 -4.0033277747e-06 -1.7039353699e-05  2.2300393819e-06 -3.7742711663e-06 -1.6769913893e-05  1.8071550821e-05  4.0739137791e-05  2.5084150275e-05 -9.3366001264e-06  1.2479841855e-05 -4.9018739514e-05  4.4361872026e-05 -1.8065373277e-03  2.8969573645e-03 -1.6805282902e-03  1.4672163005e-05  5.0199239807e-05  5.0349396290e-05  4.7974764635e-06  1.1158574723e-04  1.1977603770e-04 -3.5834676134e-05 -1.9539936790e-05 -2.3305947777e-05

JOB 13
COORDS  3.9844669558e-01 -1.3033978185e+00 -9.2274990662e-02 -3.9954837330e-02  9.6394597094e-01 -1.0255506406e+00 -1.3983469628e+00  1.2240616500e-01  9.6288862766e-01 -7.0179735262e-01 -2.4293377810e-01 -3.5642664446e-01  4.2841204172e-01 -2.4236815615e+00 -8.5879747972e-01  1.2406492375e+00 -1.0584033087e+00  7.6823682146e-01 -1.9916646444e+00 -8.9959046463e-01 -1.5230840837e+00 -7.8735865881e-01  1.7324574617e+00 -1.2369504437e+00  7.1037051745e-01  1.3698623650e+00 -3.4110659460e-01  4.5176581338e-01  6.8055242010e-01 -1.9595826855e+00 -1.7635681691e+00  1.1525743459e+00  9.1085491784e-01 -2.2677604052e+00 -5.1224101820e-01  1.1428146604e+00 -6.8684467330e-01  4.3482706928e-02  1.7863559278e+00  1.1475502653e+00 -3.1066210515e+00 -6.5782750651e-01 -3.1877257877e-01 -2.6537835277e+00 -1.4987836461e+00
ENERGY -7.474697074509e+02
GRADIENT -1.3600054963e-04  1.0769068002e-04 -1.1790098848e-05  9.9399444397e-05  1.0041266068e-04  5.4737576706e-06  3.6423102130e-03 -4.7758311919e-03  3.1974034001e-03 -1.3795648861e-03  4.2865913216e-03 -1.8249436513e-03  1.3498013746e-04 -1.5192676150e-05 -4.0815447208e-05 -1.1978829168e-05 -3.6463457212e-05  2.1178204787e-05  4.6918365976e-04 -2.5926436194e-03  9.3709861137e-04  8.5472832412e-06  6.5534306690e-06  3.2888213198e-05  2.3070620035e-05 -5.1149314211e-05  8.5684624975e-07 -4.3603845397e-05  4.3137541682e-06 -1.5804027783e-05  1.7180564138e-05 -4.0131018283e-05 -1.5914355979e-05 -2.7968230802e-03  3.1224411722e-03 -2.3527605048e-03 -2.7575737835e-05 -5.8268812472e-05  4.2719616594e-05 -2.5895989820e-05 -3.7305688954e-05 -3.2776761478e-06 -4.9297086547e-06 -1.0932181003e-05  2.6300302105e-05

JOB 14
COORDS  4.9821011760e-01 -1.2243635772e+00  1.5023599619e-03  7.6799066419e-02  1.0588241738e+00 -9.2698034335e-01 -1.3792756777e+00  1.4497836339e-01  9.5041630149e-01 -5.9434512638e-01 -1.7674771097e-01 -3.2471755428e-01  4.8134087560e-01 -2.4179681592e+00 -6.4350562735e-01  1.3513725608e+00 -9.2269804198e-01  8.3317079760e-01 -1.8062087438e+00 -8.2463515671e-01 -1.5764003809e+00 -6.7519165600e-01  1.8136811728e+00 -1.1689202900e+00  7.7694353997e-01  1.4668500102e+00 -1.9330418819e-01  6.2894370820e-01  8.0576662051e-01 -1.8356201210e+00 -1.9630137475e+00  1.0581867483e+00  8.0339736279e-01 -2.0774868825e+00 -6.5784417559e-01  1.1975569362e+00 -6.7756971923e-01  2.9660797896e-01  1.7736173250e+00  1.2115966317e+00 -3.0821728412e+00 -4.2143311257e-01 -2.2847919722e-01 -2.6527365880e+00 -1.3228952392e+00
ENERGY -7.474718392063e+02
GRADIENT -1.5696947593e-04  5.5364381139e-05 -1.6731935227e-04  1.0275220415e-04  1.3121940200e-04 -1.4406281346e-06  2.9055354017e-03 -2.3491519646e-03  2.2749833383e-03 -9.0837401919e-04  2.7490871887e-03 -1.0194789110e-03  1.1755744262e-05 -8.2749243776e-05  8.4490960771e-05  5.1053111355e-05  1.8591941923e-05  3.1821630946e-05  2.0894188139e-04 -1.7912188787e-03  5.6427905340e-04 -1.6900998478e-05 -4.8538476961e-05 -6.0808446836e-05 -5.0077755272e-05  1.5191810218e-05  2.9090999657e-05  3.1480268584e-05 -1.5936502028e-05  3.6389591908e-05  6.4007913055e-05 -3.4309206269e-05 -3.2135391489e-06 -2.2400902167e-03  1.4040322394e-03 -1.7376033602e-03  1.8624450362e-05 -3.0392415371e-05  7.1676498662e-05  2.7345789795e-05  1.4240514006e-05 -5.0398951822e-06  3.6986904872e-05  2.1520848379e-05 -1.9889121527e-06

JOB 15
COORDS  5.2112785799e-01 -1.2076503842e+00  3.5362475279e-02  1.1225844459e-01  1.0827193041e+00 -8.9272475289e-01 -1.3713181309e+00  1.5543918725e-01  9.5075749894e-01 -5.6278220017e-01 -1.6017661788e-01 -3.0907618814e-01  5.0033147177e-01 -2.4076002853e+00 -5.9806516132e-01  1.3656719393e+00 -9.0415799770e-01  8.7499080923e-01 -1.7567323824e+00 -7.8860046789e-01 -1.5862768611e+00 -6.3529857892e-01  1.8504473218e+00 -1.1071667311e+00  8.2794831274e-01  1.4677048428e+00 -1.6190718542e-01  6.4714553430e-01  8.4419969296e-01 -1.8154912492e+00 -2.1183285516e+00  9.2334351092e-01  7.3522695599e-01 -1.8798111684e+00 -7.3603499869e-01  1.3265514818e+00 -6.8835739455e-01  5.2017836099e-01  1.7221324035e+00  1.2150535863e+00 -3.0811930330e+00 -3.5459341129e-01 -2.0684805545e-01 -2.6428541229e+00 -1.2802145424e+00
ENERGY -7.474726804491e+02
GRADIENT -4.6598158217e-05  6.5018042321e-05  1.8553830219e-05  4.0337812377e-05  4.3766901352e-05  2.4113694085e-05 -6.6762055356e-05  7.1351341897e-05 -3.0771048830e-05 -1.6094567341e-04 -1.1022944651e-04 -8.3376109668e-05  1.1736526652e-04 -2.9703869676e-06  2.3225966343e-05  2.9450591319e-05 -2.4504907466e-06  4.4738805931e-06  9.6486751036e-05  7.2734528600e-05  8.4915178823e-05 -6.2833492671e-06 -1.0283629285e-05 -2.5433980065e-05 -1.8718246277e-05  1.5933041667e-05  8.3583974797e-06  2.0002551698e-05 -3.1776307218e-06  1.4072156585e-05  4.1142354959e-06 -3.2834966110e-06 -9.9287830093e-06  7.5822155632e-05 -1.9970951805e-05  5.0727844683e-05  1.2256410773e-07 -4.5225918776e-06  2.4215593969e-06 -1.1053478733e-05 -4.9363561937e-05  3.0469469852e-06 -2.2359201294e-07  6.7527820555e-07  1.0193980349e-05

JOB 16
COORDS  4.8608556655e-01 -1.2419503197e+00  1.1073023433e-02  1.2678407278e-01  1.0691996149e+00 -8.8765640672e-01 -1.3832273757e+00  1.4992614718e-01  9.3610969437e-01 -5.7321390871e-01 -1.7029077259e-01 -3.2473046090e-01  4.4829940769e-01 -2.4289813009e+00 -6.4518700789e-01  1.3242923459e+00 -9.6976916694e-01  8.6747905175e-01 -1.7715995520e+00 -7.4282368342e-01 -1.6254663550e+00 -6.0134479928e-01  1.8660070889e+00 -1.0598325205e+00  8.7122867297e-01  1.4099921218e+00 -1.6366809068e-01  6.3100795889e-01  8.4368130588e-01 -1.8307140893e+00 -2.2523521362e+00  7.6242028250e-01  6.8860738835e-01 -1.7044851814e+00 -7.6272825293e-01  1.4444013323e+00 -7.4032831223e-01  6.9950586275e-01  1.6287297314e+00  1.1472454382e+00 -3.1207533900e+00 -4.0690275354e-01 -2.5382687606e-01 -2.6357526416e+00 -1.3417789469e+00
ENERGY -7.474717804309e+02
GRADIENT  3.4681839139e-04 -1.1017249319e-04  2.6175358677e-04 -1.0207766056e-04 -1.6203047588e-04  2.6316673055e-05 -3.2869594381e-03  7.6149779107e-04 -2.0908181511e-03  8.5730876266e-04 -2.5636987486e-03  8.8423425978e-04 -1.7316919115e-04  1.0058315968e-04 -8.2634214391e-05 -6.6173075307e-05  4.7732098989e-05 -2.3387637081e-05 -1.0703256385e-04  1.8803946192e-03 -4.8060494611e-04  2.6071756106e-05  3.8638406177e-05  2.3555234579e-05  3.0889703989e-05  3.4036686404e-05 -6.6242765977e-09  2.3180326760e-05  2.7997676074e-05  1.8350537993e-06 -1.3722304288e-04 -4.7513327639e-05 -2.0696209595e-05  2.6834541391e-03 -1.1225604296e-05  1.6705085730e-03 -6.6583807014e-05  1.6529855571e-05 -1.3190612951e-04  3.9100580967e-05  7.4698493900e-05  6.5279939912e-05  4.3154341079e-06 -2.8423903886e-05 -2.2198969709e-05

JOB 17
COORDS  3.8791854454e-01 -1.3663242505e+00 -3.9519726834e-02  8.5808468889e-02  9.3868635773e-01 -9.4454895096e-01 -1.3411432095e+00  1.4807398534e-01  1.0057957964e+00 -6.4135113082e-01 -2.4879313806e-01 -3.0241790849e-01  4.3082072313e-01 -2.4255145142e+00 -8.8978120583e-01  1.1706547152e+00 -1.2183167034e+00  8.9569093286e-01 -1.9507406723e+00 -7.7654024360e-01 -1.5158683002e+00 -6.0763946553e-01  1.7724021706e+00 -1.0825250432e+00  8.9616622376e-01  1.2527108800e+00 -2.8069443592e-01  5.0859763456e-01  6.6682823577e-01 -1.9148584764e+00 -2.3129991542e+00  6.0021839840e-01  8.0569548854e-01 -1.4454803719e+00 -7.0543815917e-01  1.6786676780e+00 -7.1571029968e-01  8.7584957354e-01  1.5299933361e+00  1.0901319785e+00 -3.1639295447e+00 -6.7897539856e-01 -2.9977014491e-01 -2.5876727836e+00 -1.5692778120e+00
ENERGY -7.474695948232e+02
GRADIENT  1.1456511622e-06 -6.6951336962e-06 -9.7614798375e-07  3.9498388622e-05  7.7572092321e-06 -3.5693689207e-05 -5.4299586046e-03 -3.0047231417e-04 -2.8117649216e-03  1.3521972817e-03 -3.2895320380e-03  1.7843236100e-03  1.3475293584e-06  4.4546085011e-05 -1.2707436397e-04 -7.1032484723e-05 -3.8281801965e-05  4.8463540108e-05 -2.2335470802e-04  2.5541324425e-03 -8.8046770187e-04  1.9715130302e-06 -1.2011747707e-05 -1.9477769303e-05 -1.1214663528e-05  2.3392095451e-05  2.0199478085e-05  3.4976614874e-05 -4.3456987161e-06  2.2022858924e-05  7.4522692604e-06 -3.4678653340e-06 -2.0958751560e-05  4.2413222846e-03  1.0212802944e-03  1.9532122502e-03 -5.0645602620e-07  6.9418288035e-07  1.0191256744e-05 -1.3101466619e-05  1.9840033680e-05  1.9451700761e-05 -3.0863174038e-05 -7.4259375680e-06 -7.6543888191e-06

JOB 18
COORDS  3.9931958363e-01 -1.3774885623e+00 -3.2474555303e-02  1.2633153119e-01  9.2670425584e-01 -9.3304656389e-01 -1.3141325179e+00  1.6164987311e-01  1.0268852250e+00 -6.2017161516e-01 -2.4755818711e-01 -2.8810455437e-01  4.4997585101e-01 -2.4187523783e+00 -9.0399353478e-01  1.1733041404e+00 -1.2503181004e+00  9.1294681802e-01 -1.9284594683e+00 -7.6446792761e-01 -1.5091541765e+00 -5.5762738647e-01  1.7654355501e+00 -1.0866721240e+00  9.3041886141e-01  1.2390804235e+00 -2.6060483438e-01  5.5952311545e-01  6.4234712660e-01 -1.8952099069e+00 -2.3714643120e+00  3.7106081215e-01  8.6620805327e-01 -1.1926934291e+00 -6.0535889258e-01  1.7931777072e+00 -8.4001582910e-01  1.0659971045e+00  1.4178342127e+00  1.1085296371e+00 -3.1604780089e+00 -7.0286171278e-01 -2.7399332998e-01 -2.5672609714e+00 -1.5935603157e+00
ENERGY -7.474673439708e+02
GRADIENT  5.1927568045e-05 -5.3062625565e-05 -2.8721450825e-05  2.3373973877e-06  2.0015994360e-06  4.8422246252e-06 -3.9763090253e-03 -1.2561732086e-03 -1.6759656621e-03  9.7139581055e-04 -2.3738753425e-03  1.2710644515e-03 -8.7478772765e-05 -1.1084615713e-05 -4.9254003340e-05 -2.9335474209e-05 -7.1826872353e-06  1.6923225634e-05 -1.6613762216e-04  2.0343684563e-03 -6.9101879998e-04 -4.8809852570e-06 -1.2282778221e-05 -3.5640155979e-05 -2.8196697419e-05  1.7153317733e-05  2.6168072816e-05  4.1342071023e-05 -1.1672410342e-05  2.3771123453e-05 -1.1280113663e-05  6.3387415388e-06 -2.2311406746e-05  3.1125891740e-03  1.6164560015e-03  1.1174097431e-03 -1.4484851391e-06 -5.1045292011e-06  5.5929565340e-06  3.7044331078e-06  4.4023869649e-05  3.1741887184e-05 -2.6919324992e-06  7.6511473449e-06 -2.9951334076e-05

JOB 19
COORDS  4.2063955344e-01 -1.3818590775e+00 -1.7257774329e-02  1.7356458431e-01  9.2302819551e-01 -9.1142382016e-01 -1.2754884996e+00  1.7712097126e-01  1.0569729274e+00 -5.9079639663e-01 -2.3770587977e-01 -2.6422506653e-01  4.6498134219e-01 -2.4134525595e+00 -9.0054221063e-01  1.1995433820e+00 -1.2709671161e+00  9.2605562771e-01 -1.9032658223e+00 -7.5509019678e-01 -1.4806113269e+00 -5.0409462405e-01  1.7605281954e+00 -1.0954769572e+00  9.6134157341e-01  1.2445616865e+00 -2.2385964606e-01  6.3055864528e-01  6.2162385148e-01 -1.8572954437e+00 -2.3600152924e+00  1.0060901511e-01  9.8022266698e-01 -9.3037858046e-01 -4.4988280052e-01  1.8798748072e+00 -1.0239412704e+00  1.2124007903e+00  1.3009639377e+00  1.1232622952e+00 -3.1582144066e+00 -7.1034047607e-01 -2.6058602743e-01 -2.5524920594e+00 -1.5902248655e+00
ENERGY -7.474663208470e+02
GRADIENT -1.0698732997e-05  1.2497905387e-05 -2.4703880986e-05  5.6227717676e-06  4.6074103903e-05  8.9584539943e-06 -1.5666306874e-04 -1.1461750977e-04 -7.7575489021e-05  8.9146136197e-07 -1.4198891307e-04  6.2803389710e-05 -6.4038487314e-05 -5.0420933946e-05 -1.8968133019e-05 -1.2002654122e-05  4.5667969910e-06  2.1310384597e-05 -3.7009639236e-05  1.2355046843e-04 -5.4907865195e-06 -3.8386197686e-06 -1.6360953040e-05 -4.2414627962e-05 -2.9895524026e-05  2.3249249979e-05  2.0138065911e-05  4.0945719873e-05 -1.7511376835e-05  3.1517909309e-05 -1.2788870644e-05  1.4879955637e-05 -3.8179861417e-05  1.0937422971e-04  7.4870559623e-05  2.4160233095e-05  3.5322036488e-05 -7.7759089135e-06  6.3467729515e-06 -2.0381706301e-06  2.4717767308e-05  4.7262219231e-06  5.6045693486e-06  1.0945636626e-05 -2.3544315005e-05

JOB 20
COORDS  3.7402239356e-01 -1.3990919276e+00 -3.7573932421e-02  2.0143207702e-01  9.2685791825e-01 -8.9588462752e-01 -1.2978230711e+00  1.8334891887e-01  1.0345236674e+00 -6.0505432475e-01 -2.2134918274e-01 -2.8157086416e-01  3.9437374192e-01 -2.4236736450e+00 -9.2958140706e-01  1.1525697261e+00 -1.3211311589e+00  9.0933767742e-01 -1.9129279064e+00 -7.0155863559e-01 -1.5166092591e+00 -4.5323548078e-01  1.7780992584e+00 -1.0983789586e+00  9.7084080857e-01  1.2295998154e+00 -1.7938199641e-01  6.8586938951e-01  6.2168872328e-01 -1.8267755783e+00 -2.3327270686e+00 -1.6162548863e-01  1.0519223034e+00 -7.7918005894e-01 -2.7502235170e-01  1.8777372549e+00 -1.2976234390e+00  1.2692415281e+00  1.1546736545e+00  1.0338191582e+00 -3.1859695815e+00 -7.4493573995e-01 -3.2743947672e-01 -2.5349555834e+00 -1.6279748657e+00
ENERGY -7.474673060653e+02
GRADIENT -4.2915171882e-05  5.8074966947e-06 -3.3155186031e-05  4.0528478621e-06 -1.1940174732e-05  8.1311058139e-07  2.7711909855e-03  2.9626031105e-03  5.8165705590e-04 -6.7803296326e-04  2.1531723545e-03 -9.9918226242e-04  1.2701110125e-05 -2.5515726375e-05  3.8276909847e-05 -1.9543358964e-05 -2.9298849085e-05 -3.2573197301e-06  9.0541607973e-05 -2.0330401349e-03  6.7374312563e-04  5.7954621872e-06  6.3891602930e-06  2.3719688946e-06 -3.1135400940e-06 -9.1326769756e-06  9.4826291199e-06  3.0963370005e-06  6.1660849131e-07  3.5675578585e-06 -7.5315597155e-06 -2.2874027050e-05 -1.6243546500e-05 -2.2311314809e-03 -3.0026941387e-03 -2.7842152322e-04 -1.6376071135e-05 -6.5191406423e-06 -1.2237978948e-05 -1.0270585879e-05 -1.1276239257e-05 -3.1138047029e-05  4.8650077425e-06  1.1249436767e-05 -1.1190157019e-05

JOB 21
COORDS  3.8046307562e-01 -1.4222424159e+00 -1.6761160236e-01  1.0990424724e-01  9.1815645446e-01 -9.7485137226e-01 -1.1841798073e+00  1.2549456897e-01  1.0745528859e+00 -6.2283829682e-01 -2.4694314056e-01 -3.0505039473e-01  2.6602324172e-01 -2.4809475195e+00 -1.0102582931e+00  1.2843326507e+00 -1.3194144134e+00  6.5820134890e-01 -2.0498478990e+00 -7.2067870549e-01 -1.3993813662e+00 -5.6744830304e-01  1.7667825649e+00 -1.0975368422e+00  9.4505706142e-01  1.2149533337e+00 -3.3377612258e-01  5.0152129450e-01  6.3222134587e-01 -1.9543023881e+00 -2.0769469314e+00 -4.6250464037e-01  1.2988273591e+00 -4.3901512423e-01 -1.1072325978e-01  1.8366855130e+00 -1.4483064205e+00  1.1847395125e+00  1.1151718721e+00  9.2610214237e-01 -3.2394790231e+00 -8.9679653707e-01 -5.3411806324e-01 -2.5976239729e+00 -1.6160913071e+00
ENERGY -7.474696521466e+02
GRADIENT  1.3671035473e-05  7.4970027165e-05  4.1148451709e-05  4.6224289040e-05  4.5494640442e-06  6.9047579225e-06  2.3963309102e-03  4.5590479748e-03 -2.2314137511e-04 -9.3683884248e-04  2.6985527834e-03 -1.1575179482e-03  3.8428845505e-05 -1.3030757851e-05 -1.0337508454e-05 -3.4685514294e-05 -5.1845880224e-05  2.8139411394e-05  3.5212975620e-04 -2.7456989764e-03  8.7416142364e-04  2.1453346030e-05  2.2894143737e-05  5.1426334593e-05  2.5939252645e-05 -3.9801729399e-05 -8.0297441240e-06 -3.7416486448e-05  1.3962959691e-05 -1.3462523009e-05 -2.1435724210e-05  1.2207086064e-05 -2.4681842739e-05 -1.9127142757e-03 -4.5304762633e-03  4.4210120851e-04 -3.0862940082e-06  1.0698409827e-05 -7.2644481952e-06 -1.7059264859e-05 -1.8031288100e-05 -2.0696843576e-05 -1.5235690887e-06  9.4540259485e-07 -4.9837081402e-06

JOB 22
COORDS  4.6390481625e-01 -1.3773491242e+00 -9.2254008794e-02  2.4661115079e-01  9.8695932303e-01 -8.7527536887e-01 -1.1973053496e+00  1.2870690091e-01  1.0372663389e+00 -5.2336746206e-01 -2.0178038662e-01 -2.9727568391e-01  2.9848026539e-01 -2.5103530334e+00 -8.2016267442e-01  1.3773412394e+00 -1.2258254975e+00  7.1586643335e-01 -1.8648101487e+00 -6.4309585385e-01 -1.5060898289e+00 -4.2842768419e-01  1.8321005806e+00 -1.0300720135e+00  1.0278687110e+00  1.2731439492e+00 -1.6608968401e-01  7.1530349486e-01  7.2963861932e-01 -1.8285260429e+00 -1.9423214398e+00 -6.2916726432e-01  1.2926368719e+00 -4.3737659115e-01  1.2801364200e-01  1.8224101697e+00 -1.6905760814e+00  1.1024202939e+00  9.8857359334e-01  9.5565828123e-01 -3.2649002152e+00 -6.6995159718e-01 -4.7176485686e-01 -2.6292391554e+00 -1.4629674545e+00
ENERGY -7.474718545844e+02
GRADIENT  1.8188399268e-05 -2.2990482272e-05 -4.7299461360e-05  3.5800590519e-06  1.9332290468e-05  1.7831260516e-05  7.3502587584e-04  3.2097094687e-03 -4.5438298121e-04 -3.0628815793e-04  1.7305163116e-03 -5.5577981226e-04  7.5477282411e-06  3.4080491136e-05  2.0859163785e-05  1.8524325813e-07  2.7196598299e-05  1.4322181298e-05  1.3156551678e-04 -1.7977844631e-03  5.1731388819e-04 -1.4510513921e-06 -2.0959104266e-05 -4.8448103745e-05 -2.0423266280e-05  3.1426937033e-05  2.5005202736e-05  5.3050311134e-05 -8.4315214920e-06  2.9905711558e-05 -1.2642345887e-05 -5.6180635440e-06  3.9953955313e-06 -5.4096128385e-04 -3.1517777966e-03  5.2423182332e-04  3.1792007854e-06 -4.6087481471e-06  1.8156139953e-06  7.0535290616e-06 -3.1624804255e-06  2.3925074042e-05  8.1099121517e-06 -5.0902690478e-06  1.1869265932e-05

JOB 23
COORDS  3.9029321045e-01 -1.4310497309e+00 -1.9683684683e-01  2.3560491478e-01  9.6786294967e-01 -8.9982727663e-01 -1.2089067192e+00  8.5181722234e-02  9.9591697199e-01 -5.5853041644e-01 -2.2098043633e-01 -3.5429177511e-01  1.5076568119e-01 -2.5532719975e+00 -9.2127990583e-01  1.3336036015e+00 -1.3221977257e+00  5.8349567494e-01 -1.9305787799e+00 -5.6474807685e-01 -1.5604090277e+00 -4.1185230477e-01  1.8439906481e+00 -9.8571850351e-01  1.0540876745e+00  1.1875548771e+00 -2.0972597398e-01  6.5632000295e-01  7.4265469074e-01 -1.8830476308e+00 -1.8027170964e+00 -7.6125571209e-01  1.3495051428e+00 -4.2089202908e-01  2.9141231279e-01  1.7246559692e+00 -1.8578465445e+00  9.6032545303e-01  9.0977162373e-01  7.8114496722e-01 -3.3353838082e+00 -7.9995948503e-01 -6.3544418726e-01 -2.6284310862e+00 -1.5512863549e+00
ENERGY -7.474726779574e+02
GRADIENT -2.1530192024e-04  1.5865978651e-04 -9.7383233720e-05  1.4914746606e-04  1.5954573399e-04 -1.5247847837e-05 -8.8993452889e-05 -4.4369327008e-04  1.8372495097e-05  3.3132495441e-05 -1.3268300224e-04  2.1388408336e-04  9.7822439679e-05 -8.5190800297e-05 -2.4751628024e-05  1.1204634931e-04 -2.3337753723e-05  7.0840133504e-05 -4.5661811006e-05  8.3589192608e-05 -6.0150270474e-05 -4.7985772679e-05 -4.2849468768e-05 -4.8202631691e-05 -5.6946349792e-05 -1.5509498963e-05  2.1397768889e-05  1.5446776305e-05 -3.5211143551e-05  2.5353597895e-05  5.3350301882e-05  5.2529638109e-05 -2.9018123307e-05  4.7955023394e-06  2.7633989651e-04 -5.8909279052e-05  5.1914902930e-05  9.7054051354e-05  2.8080209855e-05 -4.6327933827e-06 -1.5099832365e-05  1.5098829484e-06  2.9372624359e-05  8.9590041929e-06  4.7041293635e-05

