22
0 1 C8H10N2O2
C                    -1.317314782213    -1.039823724305    -0.742833921199
C                    -1.765164426088    -2.384929791165    -0.919484104979
C                    -0.002887503609    -0.754146328737    -0.500129472244
C                    -0.839515467971    -3.393703767672    -0.849594976159
C                     1.006134178840    -1.804062889231    -0.440379970148
C                    -1.076923858483    -4.856401653572    -1.125729527023
C                    -2.541450281893    -6.771849876114    -1.290518311472
C                    -3.229278144144    -4.906443338364     0.171420893135
N                     0.475221151396    -3.092218443213    -0.625842483117
N                    -2.297922918427    -5.401623315929    -0.840973169943
O                     2.213699511904    -1.643241970316    -0.257928363380
O                    -0.161335964510    -5.505595569698    -1.643676890066
H                    -2.042152582918    -0.231508546773    -0.807640276169
H                    -2.801881834498    -2.600952444505    -1.142471146835
H                     0.352474109934     0.262077635222    -0.366610559846
H                    -2.249688679994    -7.499736147507    -0.522597166895
H                    -1.962817512704    -6.968624848987    -2.191637224444
H                    -3.608300702101    -6.888959596579    -1.502778297692
H                    -4.178332012908    -4.592397109629    -0.279514039302
H                    -2.803380337429    -4.069300112932     0.720581150866
H                    -3.439531183379    -5.710836493123     0.885741625352
H                     1.146126256430    -3.855719889368    -0.695678844026

46.926869833617644
      -0.0095        0.0012        0.2330
      -0.0235        0.0005        0.2696
       0.0229        0.0116        0.0396
      -0.0113        0.0006        0.1506
       0.0430        0.0192       -0.1476
       0.0204       -0.0116        0.1662
       0.0643       -0.0150       -0.1490
      -0.2866       -0.0069       -0.3209
       0.0158        0.0159       -0.0131
      -0.0351       -0.0208       -0.0858
       0.0916        0.0434       -0.4668
       0.1440       -0.0362        0.4264
      -0.0080       -0.0016        0.1010
      -0.0135        0.0057        0.1071
       0.0100        0.0040       -0.0024
      -0.0361       -0.0068       -0.0248
       0.0804       -0.0035       -0.0036
       0.0330       -0.0012       -0.1174
      -0.0312        0.0505       -0.1662
      -0.0991       -0.0395       -0.0228
      -0.1785       -0.0189       -0.1409
      -0.0011        0.0017       -0.0340

82.9707739276331
      -0.0154       -0.0502       -0.1570
       0.0277       -0.0849        0.0134
      -0.0233        0.0135       -0.1893
       0.0564       -0.0482        0.1496
       0.0040        0.0476       -0.0228
       0.0366       -0.0379        0.1470
      -0.2223        0.2320       -0.4516
       0.1518       -0.1930        0.2664
       0.0443        0.0015        0.1806
      -0.0926        0.0959       -0.1028
      -0.0025        0.1328       -0.0509
       0.0412       -0.1082        0.2598
      -0.0096       -0.0221       -0.0822
       0.0128       -0.0457        0.0005
      -0.0130        0.0120       -0.0996
       0.0081       -0.0107       -0.2320
      -0.1517        0.1518       -0.2063
      -0.0845        0.0919       -0.0413
      -0.0145       -0.0977        0.1726
       0.0491       -0.0433        0.0537
       0.1561       -0.0838        0.0809
       0.0194        0.0046        0.0747

107.40199294682603
      -0.0671       -0.1082       -0.0194
       0.0261       -0.1410        0.0242
      -0.0870       -0.0207       -0.0254
       0.0840       -0.0838        0.0534
      -0.0205        0.0452        0.0069
       0.1010       -0.0784        0.0075
      -0.2805        0.0986       -0.0651
       0.0773        0.1436        0.0117
       0.0726       -0.0030        0.0522
       0.1478       -0.0736        0.1951
      -0.0376        0.1641       -0.0019
       0.0558       -0.0158       -0.1906
      -0.0347       -0.0457       -0.0141
       0.0117       -0.0604        0.0093
      -0.0425        0.0013       -0.0172
      -0.4984       -0.0177        0.0958
       0.1973       -0.0894        0.1874
      -0.0325        0.2298       -0.3892
       0.0979        0.2014       -0.0467
       0.0910       -0.0560        0.0999
      -0.1446        0.0168       -0.0751
       0.0358        0.0136        0.0163

124.45177009052877
      -0.1088       -0.1163        0.1829
       0.0398       -0.1150       -0.1510
      -0.1459       -0.0548        0.3044
       0.1191       -0.0497       -0.2832
      -0.0297        0.0376       -0.0017
       0.0798       -0.0756       -0.0538
      -0.1454        0.1038        0.0677
       0.1131        0.2391        0.0055
       0.1172        0.0246       -0.3485
      -0.0490        0.1561       -0.1203
      -0.0573        0.1608        0.0425
       0.0829       -0.3543        0.2625
      -0.0562       -0.0508        0.1164
       0.0161       -0.0509       -0.0450
      -0.0738       -0.0174        0.1838
       0.0546        0.0435       -0.0043
      -0.1429        0.0204       -0.0439
      -0.0639        0.0159        0.1405
       0.0358        0.1219        0.0328
       0.0839        0.0384        0.0083
       0.0148        0.0651       -0.0085
       0.0448        0.0178       -0.0927

161.94289186101494
       0.0293        0.0844        0.0472
      -0.0199        0.1211       -0.1557
       0.0255        0.0093        0.1732
      -0.0671        0.0748       -0.1383
      -0.0037       -0.0294        0.0003
      -0.0251        0.0371       -0.0226
      -0.0254       -0.0139        0.0115
       0.0827       -0.1896        0.1093
      -0.0714        0.0188       -0.0863
      -0.0787        0.0439       -0.1564
       0.0213       -0.1262       -0.0827
       0.0986        0.0273        0.2274
       0.0179        0.0348        0.0370
      -0.0053        0.0510       -0.0669
       0.0131       -0.0059        0.1009
      -0.2998        0.0421        0.1593
       0.2442       -0.1294        0.1942
       0.0430        0.0632       -0.2976
      -0.1164       -0.3562        0.1197
      -0.0940        0.1351       -0.1702
       0.3226        0.0076        0.1947
      -0.0308       -0.0051       -0.0286

167.37449663431187
       0.0183        0.0547        0.0206
      -0.0725        0.0462        0.2973
       0.0828        0.0510       -0.3157
      -0.0381        0.0446       -0.0645
       0.0216        0.0040       -0.1148
      -0.0186        0.0117        0.0556
       0.0147       -0.0052       -0.0707
      -0.0169       -0.1169        0.0596
       0.0349        0.0755       -0.5810
      -0.0066       -0.0360        0.0322
      -0.0510       -0.1076        0.4822
       0.0330        0.0079        0.1633
       0.0069        0.0193        0.0317
      -0.0458        0.0183        0.1989
       0.0361        0.0150       -0.1253
      -0.0584       -0.0147       -0.0091
       0.0597       -0.0009        0.0154
       0.0157        0.0183       -0.0913
       0.0124        0.0259        0.0219
       0.0167       -0.0826        0.0764
      -0.0446       -0.0690       -0.0346
      -0.0026        0.0095       -0.1520

220.93606474232436
       0.0196       -0.0901        0.0475
       0.1373       -0.1332        0.1671
       0.0085        0.0293       -0.0885
       0.1926       -0.0822        0.0888
       0.0884        0.1169       -0.0119
      -0.0042       -0.0529        0.0157
      -0.0986        0.0012        0.0795
      -0.2771       -0.0571       -0.1388
       0.2371        0.0261       -0.0599
      -0.0581        0.0099        0.0471
       0.0501        0.3670        0.1205
      -0.1976       -0.1364       -0.2277
      -0.0177       -0.0472        0.0141
       0.0435       -0.0584        0.0534
      -0.0150        0.0176       -0.0492
      -0.0207        0.0061        0.0257
      -0.0481       -0.0135        0.0139
      -0.0342        0.0062        0.0478
      -0.1699       -0.3475       -0.0825
      -0.2678        0.2018       -0.2330
       0.1368        0.0827        0.1393
       0.0837        0.0243       -0.0049

248.28896085079924
       0.0374        0.0674       -0.0668
       0.0096        0.0905       -0.2612
       0.0004        0.0133        0.2203
      -0.0331        0.0560       -0.1289
      -0.0008       -0.0009        0.0054
       0.0331       -0.0172        0.1571
      -0.0403        0.0682       -0.2085
      -0.1824       -0.0792        0.0276
      -0.0269        0.0530       -0.1959
       0.2563       -0.2429        0.5622
       0.0182       -0.0848       -0.0350
       0.0106        0.0484        0.0263
       0.0175        0.0265       -0.0081
       0.0012        0.0366       -0.0815
      -0.0065       -0.0044        0.1448
       0.0139       -0.1351       -0.2190
      -0.0862        0.1600       -0.1402
      -0.0324        0.1036       -0.0052
      -0.0254       -0.1196       -0.1210
      -0.1495        0.0564       -0.0369
      -0.0822        0.0365        0.0669
      -0.0130        0.0090       -0.0504

291.4110903245775
       0.1358        0.0940       -0.1022
       0.1487        0.0857       -0.2043
       0.0771        0.0872        0.1852
       0.0751        0.0335       -0.0657
       0.1014        0.1106        0.0551
      -0.1561       -0.0054        0.0190
       0.0615       -0.1417        0.0049
      -0.1749       -0.3448        0.1450
       0.1284        0.0676       -0.0469
      -0.2221       -0.0487       -0.0550
       0.1082        0.2916       -0.0074
      -0.2827       -0.1342        0.0184
       0.0395        0.0263       -0.0431
       0.0414        0.0229       -0.0562
       0.0150        0.0210        0.1073
      -0.0192       -0.0026        0.0526
       0.0997       -0.0531        0.0584
       0.0391       -0.0852       -0.0822
       0.0075        0.1236        0.0753
       0.0398       -0.2676        0.2377
      -0.1850       -0.2255       -0.1414
       0.0389        0.0214       -0.0001

338.49159880943154
      -0.1087       -0.2080       -0.0929
      -0.0286       -0.1982       -0.0621
      -0.1218       -0.2372        0.0287
       0.0859       -0.0367        0.0318
      -0.0040       -0.1500       -0.0101
      -0.0277        0.1774        0.0953
       0.4295        0.3050       -0.0624
      -0.1647        0.0739        0.1369
       0.1071       -0.1348       -0.1006
      -0.0628        0.3301        0.0914
      -0.0186       -0.0709       -0.0107
      -0.1491        0.1298       -0.0204
      -0.0277       -0.0585       -0.0417
       0.0052       -0.1050       -0.0307
      -0.0503       -0.0660        0.0257
       0.1001        0.1002        0.0029
       0.2553        0.1526        0.0543
       0.1609       -0.0011       -0.1502
      -0.0526        0.0040        0.0388
      -0.0837        0.0179        0.0752
      -0.0270       -0.0164        0.0028
       0.0161       -0.0456       -0.0446

398.3774821690761
      -0.0243        0.0804        0.3262
       0.0196        0.0923       -0.0514
       0.0650        0.1494       -0.2415
      -0.0138        0.0181       -0.2060
      -0.0199        0.0825       -0.1188
      -0.0331       -0.0752       -0.0710
       0.2736        0.0158       -0.1674
       0.0542        0.1385        0.0508
      -0.1026        0.0379        0.2322
       0.0310       -0.0340        0.1387
      -0.0385       -0.0451        0.0573
      -0.2665       -0.4748       -0.0101
      -0.0347        0.0095        0.2278
       0.0055        0.0518       -0.0399
       0.0258        0.0416       -0.0748
       0.0418       -0.0315       -0.0693
       0.1793        0.0840        0.0003
       0.1044       -0.0238       -0.1600
       0.0159        0.0354        0.0105
       0.0372        0.0629       -0.0369
       0.0125        0.0816        0.0604
      -0.0142        0.0130        0.1647

422.9504737651156
       0.1015        0.0925       -0.3011
       0.0083        0.0483        0.2162
      -0.0014        0.0296        0.2512
      -0.0738       -0.0574        0.2319
      -0.0617       -0.0103        0.1591
      -0.1029       -0.1113        0.0952
       0.1575       -0.1729       -0.1890
       0.1990        0.3013       -0.0186
      -0.0081       -0.0132       -0.1765
      -0.0831       -0.1530       -0.0276
      -0.0516        0.1046       -0.0822
      -0.2005       -0.1435        0.0035
       0.0545        0.0359       -0.2539
      -0.0110        0.0386        0.1043
       0.0254        0.0039        0.0399
       0.0428       -0.0627       -0.0665
       0.1197        0.0192       -0.0221
       0.0662       -0.0957       -0.1300
       0.0378        0.0826        0.0338
       0.1424        0.1336       -0.1471
       0.0806        0.1953        0.1233
       0.0041        0.0099       -0.1429

455.24856669978584
       0.0350       -0.0029        0.1852
       0.0171        0.0600       -0.1473
       0.1018       -0.2714       -0.1365
      -0.0682        0.0156       -0.0741
       0.0677       -0.2353       -0.1405
      -0.1866        0.0650       -0.0035
      -0.0267       -0.1731       -0.0926
       0.0542        0.1304        0.0376
       0.0749       -0.2998        0.0285
      -0.0931       -0.1694        0.0405
      -0.0639        0.4844        0.0999
       0.0401        0.3421        0.1396
       0.0283        0.0243        0.1746
       0.0044        0.0260       -0.0506
       0.0863       -0.1068        0.0177
       0.0071       -0.0736       -0.0557
       0.0025        0.0000       -0.0327
      -0.0038       -0.0638       -0.0394
       0.0132        0.0611        0.0321
       0.0811        0.0515       -0.0622
       0.0086        0.0973        0.0755
      -0.0453       -0.1387        0.0128

502.7519633923577
      -0.0765       -0.2245        0.0865
       0.0161       -0.1761       -0.2371
      -0.0693        0.1230       -0.0434
       0.0566       -0.0539        0.1886
       0.1562        0.2602       -0.1512
      -0.0934       -0.0376        0.2003
      -0.0273       -0.2231       -0.0922
       0.0156        0.1414        0.0332
       0.0328        0.2758       -0.0811
      -0.2006       -0.1257       -0.0748
       0.2421       -0.2624        0.0918
      -0.0528        0.2848       -0.0007
      -0.0738       -0.1010        0.1489
       0.0139       -0.0732       -0.0858
      -0.1511        0.0673        0.0999
       0.0178       -0.0538       -0.0267
       0.0188       -0.0288       -0.0186
       0.0019       -0.1113       -0.0467
      -0.0021        0.0778        0.0504
       0.0855        0.0489       -0.0670
       0.0033        0.1008        0.0767
       0.0332        0.0829        0.1402

552.3272795744945
      -0.0051       -0.2545       -0.0580
      -0.4323       -0.0880        0.0822
       0.0414       -0.2145        0.0053
      -0.1927        0.1144       -0.2203
       0.3227        0.0891        0.2109
      -0.0434        0.0498       -0.1507
       0.0063        0.0032       -0.0089
       0.0122        0.0149       -0.0025
      -0.1651        0.1885        0.0799
       0.0409       -0.0243        0.0522
       0.4533        0.1842        0.0180
      -0.0239       -0.0912        0.0569
       0.0747       -0.0118       -0.0932
      -0.1334        0.0047        0.0296
      -0.0769       -0.0145       -0.1221
      -0.0068       -0.0159       -0.0157
       0.0019        0.0103       -0.0044
       0.0009        0.0150       -0.0082
       0.0014       -0.0093       -0.0072
      -0.0056        0.0110       -0.0051
       0.0062        0.0114        0.0077
      -0.1061        0.0024       -0.0829

601.8735067185855
      -0.0321       -0.0255        0.0127
       0.1856       -0.1001        0.1970
      -0.0704        0.1606       -0.0165
       0.2239       -0.0254       -0.4465
      -0.0987        0.0603        0.2657
      -0.1449        0.0679       -0.2684
      -0.0281       -0.1606       -0.0733
      -0.1731        0.0970        0.1782
       0.1332       -0.0315        0.1346
      -0.1526       -0.0934        0.0991
      -0.0352       -0.1456       -0.1126
       0.1622        0.1926        0.1243
      -0.0388       -0.0453       -0.1392
       0.0621       -0.0629        0.0566
      -0.0069        0.0699       -0.2149
       0.0139       -0.0754       -0.0582
       0.0202        0.0240       -0.0203
       0.0024       -0.0822       -0.0568
      -0.0514        0.0401        0.0626
      -0.0131        0.0360        0.0128
      -0.0474        0.0555        0.0821
       0.1006        0.0628       -0.1214

641.3717846007208
       0.3845       -0.2111        0.0396
      -0.0016       -0.1082       -0.0223
       0.2662        0.1171        0.0523
      -0.1976       -0.2520       -0.0084
      -0.0978        0.0715       -0.0396
       0.0981       -0.2525       -0.0193
       0.0453        0.0755       -0.0033
      -0.2229        0.0963        0.2030
      -0.3096        0.0843       -0.0597
      -0.1516        0.0922       -0.0159
      -0.1576        0.1521       -0.0014
       0.3432        0.0322       -0.1550
       0.1024       -0.0699        0.0212
      -0.0270        0.0988       -0.0083
       0.0608        0.0365        0.0322
       0.0550        0.0312       -0.0078
       0.0510        0.0708        0.0114
       0.0296       -0.0565       -0.0343
      -0.0640        0.0198        0.0578
      -0.0695        0.0285        0.0627
      -0.0457        0.0063        0.0388
      -0.0593        0.0419        0.0338

707.5170428875327
       0.0708       -0.1257        0.3111
       0.0608       -0.0400       -0.3099
       0.0949        0.0676       -0.1444
      -0.0337       -0.0376        0.1041
      -0.1049       -0.0037        0.3882
       0.0014        0.0028        0.2409
       0.0060        0.0492        0.0224
       0.1178       -0.0567       -0.1136
      -0.0481        0.0243       -0.0578
       0.0388        0.0094       -0.0345
      -0.0637        0.0134       -0.0939
      -0.1613        0.0528        0.0083
       0.0290       -0.0376       -0.0081
       0.0177        0.0175       -0.1170
       0.0623        0.0481       -0.3538
      -0.0108        0.0255        0.0221
      -0.0127       -0.0142        0.0042
      -0.0043        0.0362        0.0257
       0.0369       -0.0068       -0.0324
       0.0354       -0.0207       -0.0287
       0.0243       -0.0157       -0.0343
       0.0177        0.0752       -0.5147

716.0747614971042
       0.3084       -0.3158       -0.0624
       0.1016       -0.1901        0.1121
       0.1387        0.0853        0.0738
       0.0206       -0.0825       -0.1457
      -0.1208        0.0828       -0.0836
      -0.2353        0.2453       -0.0944
       0.0148        0.1160        0.0578
       0.2520       -0.1178       -0.2359
      -0.1088        0.0612       -0.0086
       0.1498       -0.0470        0.0701
      -0.1924        0.0091       -0.0210
      -0.3036        0.1458        0.2299
       0.0517       -0.1279       -0.0088
       0.0138       -0.0022        0.0674
      -0.0127        0.0340        0.0793
      -0.0324        0.0159        0.0145
      -0.0292       -0.0003        0.0043
      -0.0101        0.1017        0.0455
       0.0705       -0.0407       -0.0738
       0.0571       -0.0363       -0.0549
       0.0595       -0.0273       -0.0634
      -0.0021        0.0231        0.2346

742.6976065485122
      -0.0579        0.0225        0.2057
      -0.0108        0.0368        0.0246
       0.0026       -0.0775        0.0022
      -0.0112        0.0038        0.1195
      -0.0457       -0.0666        0.2831
       0.0029        0.0162       -0.0698
      -0.0031       -0.0153       -0.0047
      -0.0128        0.0009        0.0239
       0.0417        0.0702       -0.3672
       0.0059       -0.0080        0.0095
       0.0096        0.0273       -0.1136
       0.0245       -0.0098        0.0004
       0.0474        0.0420       -0.2141
       0.0697        0.0126       -0.3435
       0.0748       -0.0076       -0.3125
      -0.0012       -0.0072       -0.0037
      -0.0005       -0.0033       -0.0014
      -0.0008       -0.0046       -0.0022
       0.0004        0.0104        0.0059
      -0.0045        0.0017        0.0054
      -0.0108       -0.0044       -0.0002
      -0.0183       -0.0671        0.6332

763.5390653291113
      -0.0165       -0.0154        0.0512
       0.0481       -0.0274       -0.0125
      -0.0231        0.0948        0.0361
      -0.0822       -0.0849        0.4544
       0.0613        0.0642       -0.1988
      -0.1925        0.1467       -0.5871
       0.0134        0.0386        0.0147
      -0.0303        0.0100        0.0561
      -0.0032       -0.0411       -0.0124
       0.0710       -0.0450        0.1134
       0.0387       -0.0136        0.0893
       0.0900       -0.1115        0.1571
      -0.0153       -0.0201       -0.0665
       0.0864        0.0026       -0.3619
      -0.0292        0.0387       -0.0073
       0.0021       -0.0168       -0.0217
       0.0061        0.0318        0.0014
       0.0049        0.0177       -0.0095
      -0.0074       -0.0109        0.0029
      -0.0334        0.0052        0.0317
      -0.0065       -0.0162       -0.0057
      -0.0072        0.0051       -0.2796

812.0897598594656
      -0.0202        0.0236       -0.0952
       0.0670        0.0188       -0.2165
       0.0151        0.0281       -0.2779
      -0.0481       -0.0617        0.2312
      -0.0466       -0.0423        0.4783
      -0.0927        0.0396       -0.2905
       0.0096        0.0437        0.0178
      -0.0200        0.0157        0.0145
       0.0241        0.0084       -0.1414
       0.0193       -0.0203        0.0496
       0.0595        0.0159       -0.1451
       0.0696       -0.0483        0.0541
      -0.0752       -0.0271        0.3218
      -0.0827       -0.0140        0.4437
      -0.0548       -0.0173        0.2717
       0.0092        0.0001       -0.0088
       0.0091        0.0301        0.0056
       0.0059        0.0031       -0.0074
      -0.0136       -0.0201        0.0015
      -0.0179        0.0028        0.0170
       0.0067        0.0016        0.0042
       0.0057       -0.0123        0.1320

862.3528243226392
       0.1513       -0.1247       -0.0609
      -0.0943        0.0061        0.1441
       0.1315       -0.2933       -0.1859
       0.1553        0.2649        0.0568
      -0.1684       -0.0364        0.1033
       0.1625        0.2099       -0.0052
      -0.0416       -0.2738       -0.1002
      -0.0989        0.0673        0.1182
       0.0526        0.3114        0.0369
       0.0734        0.0633       -0.0379
      -0.2408       -0.0502       -0.0752
      -0.0569       -0.1007       -0.0064
       0.1052        0.0279        0.1471
       0.0496       -0.0287       -0.2865
       0.0262       -0.1290        0.2734
      -0.0389       -0.0684       -0.0107
      -0.0385       -0.1259       -0.0365
      -0.0224       -0.0317       -0.0055
      -0.0293        0.0193        0.0358
      -0.0470        0.0238        0.0458
      -0.0236        0.0090        0.0230
       0.0534        0.1295       -0.0992

872.0169986802811
       0.0493       -0.0921        0.0970
       0.0344        0.0474       -0.3049
      -0.0012       -0.2253        0.2489
       0.0747        0.1315        0.1688
      -0.0513        0.0083       -0.2457
       0.0535        0.1418       -0.1478
      -0.0209       -0.1422       -0.0505
      -0.0735        0.0582        0.0711
       0.0389        0.1915        0.0560
       0.0538        0.0305       -0.0016
      -0.1440       -0.0420        0.0493
       0.0043       -0.0848        0.0171
       0.0914        0.0272       -0.1261
      -0.1068       -0.0255        0.5153
       0.0898       -0.0375       -0.4033
      -0.0166       -0.0394       -0.0100
      -0.0174       -0.0592       -0.0182
      -0.0099       -0.0209       -0.0085
      -0.0320       -0.0104        0.0224
      -0.0402        0.0135        0.0437
      -0.0035        0.0113        0.0189
       0.0323        0.0683        0.0616

966.4214371361996
      -0.0652        0.0979       -0.0062
       0.1697        0.0805        0.0532
      -0.0193       -0.4203       -0.0386
       0.0596       -0.0471       -0.0149
      -0.0457        0.0195       -0.0264
      -0.1541       -0.2397       -0.0722
      -0.0207        0.3171        0.1545
       0.0820       -0.1489       -0.1536
      -0.0198        0.3860        0.0644
      -0.2374       -0.1924        0.0813
      -0.0286       -0.0292        0.0017
       0.1021        0.0390       -0.0079
       0.0564        0.0950        0.0201
       0.0643        0.0005       -0.0287
       0.0680       -0.1543       -0.0017
       0.0778        0.0575       -0.0154
       0.0818        0.2354        0.0700
       0.0269       -0.0488       -0.0422
       0.0322        0.0351       -0.0108
       0.1427       -0.0459       -0.1378
      -0.0068        0.0341        0.0358
       0.1008        0.2076       -0.0480

991.1148920605061
      -0.0654       -0.0416        0.3856
       0.0274        0.0152       -0.0910
       0.0365        0.0115       -0.2556
       0.0036        0.0034       -0.0149
       0.0017        0.0042       -0.0282
       0.0005        0.0003       -0.0015
      -0.0010       -0.0006        0.0008
      -0.0012        0.0022       -0.0025
      -0.0031        0.0036        0.0303
      -0.0016        0.0004        0.0009
      -0.0011       -0.0019        0.0017
       0.0009       -0.0008       -0.0007
       0.1169        0.0437       -0.7075
      -0.0307        0.0077        0.1567
      -0.0772       -0.0375        0.4668
       0.0007       -0.0007       -0.0007
       0.0009        0.0020        0.0005
       0.0001       -0.0016       -0.0012
      -0.0025       -0.0038        0.0004
       0.0001       -0.0017        0.0026
       0.0020        0.0018        0.0014
       0.0014        0.0047       -0.0139

1022.4213921778997
       0.1299       -0.0099        0.0272
      -0.5704       -0.1183       -0.1036
       0.1292        0.2232        0.0368
       0.0654        0.1497        0.0542
      -0.0652        0.0450       -0.0068
      -0.0046       -0.0382       -0.0491
      -0.0472        0.1351        0.0894
       0.0152       -0.0881       -0.0798
       0.4469       -0.1420        0.0397
      -0.1427       -0.1152        0.0405
      -0.1664       -0.0671       -0.0284
       0.0739       -0.0230       -0.0217
       0.1760        0.1268        0.0299
      -0.1697       -0.0620       -0.0226
       0.0448        0.0647        0.0155
       0.0509        0.0094       -0.0237
       0.0533        0.1473        0.0449
       0.0113       -0.0656       -0.0439
       0.0047        0.0417        0.0180
       0.1027       -0.0275       -0.1003
      -0.0167        0.0463        0.0536
       0.1773        0.0063        0.0392

1074.0328028841352
       0.1409       -0.3488       -0.0104
       0.1225        0.3927        0.0534
      -0.1894       -0.1000       -0.0420
       0.0100        0.2113        0.0406
      -0.0103        0.1337        0.0200
       0.0584        0.0096        0.0145
       0.0201        0.0921        0.0301
      -0.0854       -0.1026        0.0083
       0.0920       -0.1919       -0.0170
      -0.0517       -0.0859       -0.0219
      -0.0589       -0.0428       -0.0149
       0.0639       -0.0632       -0.0471
       0.0213       -0.1292        0.0093
      -0.0167        0.4126       -0.0083
      -0.4426        0.1041       -0.0621
      -0.0049        0.0187        0.0075
      -0.0039        0.0103        0.0059
       0.0043        0.0251        0.0139
      -0.0044        0.0883        0.0425
       0.1257       -0.0255       -0.1203
      -0.0470        0.0666        0.1050
      -0.0326       -0.1072        0.0039

1084.9024705425338
      -0.0353        0.0759        0.0020
      -0.0201       -0.1003       -0.0149
       0.0461        0.0330        0.0115
      -0.0029       -0.0429       -0.0019
       0.0060       -0.0410       -0.0054
       0.0068        0.0381       -0.0215
       0.2871        0.1899       -0.0692
      -0.2762       -0.1341        0.1179
      -0.0335        0.0465        0.0023
       0.0666       -0.1829       -0.1387
       0.0157        0.0127        0.0040
      -0.0252        0.0003        0.0121
      -0.0174        0.0176       -0.0069
       0.0055       -0.1062        0.0164
       0.1129       -0.0245        0.0164
      -0.1657        0.0865        0.1082
      -0.1645       -0.3146       -0.0966
       0.0034        0.3512        0.2053
      -0.0332        0.2059        0.1103
       0.2554       -0.0276       -0.2469
      -0.1176        0.1860        0.2749
      -0.0040        0.0180       -0.0008

1127.0987567571435
      -0.0352       -0.0747       -0.0118
       0.1013       -0.0708        0.0011
       0.0742        0.1615        0.0283
       0.0966        0.3039        0.0537
       0.0380       -0.1590       -0.0018
       0.2130        0.2207        0.0040
      -0.1690        0.0006        0.1026
      -0.0689       -0.1601       -0.1387
      -0.2299        0.0130       -0.0379
      -0.1026       -0.0142        0.0823
       0.0067        0.0473        0.0028
       0.0607       -0.1081       -0.0616
      -0.2095       -0.2030       -0.0495
       0.0762       -0.2401        0.0253
       0.1644       -0.0003        0.0237
       0.0904       -0.0482       -0.0672
       0.0883        0.2056        0.0713
      -0.0003       -0.1846       -0.1123
      -0.0455        0.1257        0.1252
       0.2055       -0.0750       -0.1714
       0.0139        0.0828        0.1185
      -0.2753       -0.1833       -0.0245

1130.5632710862742
      -0.0017       -0.0079       -0.0010
       0.0039       -0.0087       -0.0017
       0.0082        0.0159        0.0031
       0.0159        0.0340       -0.0000
       0.0028       -0.0124        0.0004
      -0.0065        0.0250       -0.0242
      -0.1702        0.0990       -0.2520
       0.1425       -0.1504        0.2092
      -0.0190        0.0015       -0.0026
       0.0211        0.0030        0.0306
      -0.0022        0.0033       -0.0004
       0.0004       -0.0083        0.0183
      -0.0143       -0.0149       -0.0048
       0.0042       -0.0274        0.0123
       0.0142        0.0007        0.0025
       0.1578        0.4071        0.2062
       0.1088       -0.2074        0.0808
      -0.0347       -0.3454        0.0640
       0.2484       -0.0344       -0.3654
      -0.1091        0.1318       -0.0922
      -0.3299        0.1321        0.1519
      -0.0287       -0.0204       -0.0025

1166.6149519248556
      -0.0090       -0.0286       -0.0041
       0.0055        0.0023       -0.0036
       0.0151        0.0245        0.0053
       0.0129        0.0651        0.0161
       0.0033       -0.0276       -0.0020
       0.0209        0.0140       -0.0139
       0.1081       -0.0370        0.2740
       0.1406       -0.0999        0.2480
      -0.0054        0.0126       -0.0004
      -0.1231        0.0049       -0.3101
      -0.0037        0.0038       -0.0002
      -0.0260       -0.0032        0.0072
      -0.0626       -0.0631       -0.0147
       0.0021       -0.0103        0.0110
       0.0542       -0.0102        0.0075
      -0.1033       -0.3531       -0.1940
      -0.0761        0.2537       -0.0487
       0.0371        0.2508       -0.1134
       0.2393       -0.0580       -0.3617
      -0.1726        0.1529       -0.0405
      -0.3197        0.0897        0.0920
      -0.0274       -0.0193       -0.0022

1176.0040813620324
       0.0975        0.1136        0.0292
       0.0950       -0.0723        0.0019
      -0.0294       -0.0724       -0.0135
       0.1087        0.0576        0.0153
       0.0133        0.1641        0.0226
      -0.0009       -0.0081        0.0036
       0.0044        0.0053        0.0282
       0.0041       -0.0067        0.0120
      -0.2181       -0.1315       -0.0492
      -0.0092       -0.0118       -0.0279
      -0.0366       -0.0057       -0.0082
       0.0066       -0.0038       -0.0065
       0.4347        0.4016        0.0964
       0.1215       -0.4765        0.0244
      -0.4089        0.1204       -0.0538
      -0.0032       -0.0256       -0.0160
      -0.0023        0.0307       -0.0005
       0.0037        0.0166       -0.0126
       0.0136       -0.0011       -0.0217
      -0.0026        0.0086       -0.0106
      -0.0217        0.0127        0.0124
      -0.1783       -0.1409       -0.0147

1225.7647128394258
       0.0267        0.1623        0.0141
       0.0227       -0.1138       -0.0042
      -0.0876       -0.0015       -0.0130
      -0.1839       -0.3907       -0.0446
       0.0179       -0.1645       -0.0213
       0.2206        0.3091       -0.0049
      -0.1094       -0.1829        0.0370
      -0.0235       -0.2253       -0.0717
      -0.0030        0.0376        0.0078
       0.0121        0.3114        0.0949
       0.0723        0.0327        0.0161
      -0.0376       -0.0155        0.0129
       0.1201        0.1516        0.0295
      -0.0447        0.1965        0.0012
      -0.1942        0.0607       -0.0252
       0.0253       -0.1141       -0.0720
       0.0230        0.0786        0.0154
      -0.0092       -0.0863       -0.0854
       0.0415        0.1464        0.0172
       0.1353       -0.0223       -0.1942
      -0.0752        0.1186        0.1680
       0.2077        0.1966        0.0217

1254.203089527927
       0.1507        0.0459        0.0300
       0.0445       -0.0677        0.0075
      -0.0658        0.1755        0.0056
      -0.1570        0.1527       -0.0170
       0.0623       -0.6573       -0.0521
      -0.0312       -0.0611        0.0085
       0.0139        0.1036        0.0082
      -0.0084        0.1055        0.0462
       0.1124        0.3005        0.0489
       0.0226       -0.1943       -0.0897
      -0.0208        0.0712        0.0056
      -0.0121       -0.0096       -0.0031
      -0.0568       -0.0796       -0.0187
       0.0352       -0.1140       -0.0057
      -0.3975        0.1901       -0.0492
       0.0108        0.0437        0.0160
       0.0063       -0.0038        0.0111
       0.0045        0.0008        0.0154
      -0.0269       -0.0600        0.0045
      -0.0584        0.0104        0.0862
       0.0225       -0.0375       -0.0565
       0.0563        0.1097        0.0120

1287.8696018510702
      -0.0291        0.0285       -0.0035
       0.0215       -0.0257        0.0034
      -0.0126       -0.0442       -0.0060
      -0.0447       -0.1407       -0.0338
      -0.0138        0.1250        0.0077
       0.1736        0.2092        0.0418
      -0.1880        0.2161        0.1348
      -0.1928        0.1371        0.1675
      -0.0361       -0.0811       -0.0117
       0.3575       -0.4490       -0.3892
       0.0354       -0.0072        0.0045
      -0.1757        0.0291        0.0625
       0.0395        0.0523        0.0105
      -0.0087        0.0691       -0.0030
       0.0612       -0.0369        0.0073
       0.1662        0.0255       -0.0704
       0.1113        0.1476        0.1220
       0.0020       -0.1754       -0.1091
      -0.0793        0.0083        0.0865
      -0.0369        0.0094        0.0841
       0.0182       -0.0054        0.0151
       0.0743        0.0510        0.0081

1356.260676603342
       0.0155       -0.0471        0.0013
      -0.0413        0.3329        0.0114
       0.2142       -0.1123        0.0248
      -0.2438        0.0280       -0.0134
      -0.0426        0.1348       -0.0033
       0.0402        0.0011        0.0067
      -0.0059       -0.0203       -0.0057
       0.0029       -0.0188       -0.0210
      -0.0571       -0.2388       -0.0282
       0.0167        0.0510        0.0096
       0.0389        0.0139        0.0086
       0.0051       -0.0075       -0.0006
      -0.2240       -0.2261       -0.0541
       0.1153       -0.5037       -0.0004
      -0.1171        0.0292       -0.0151
       0.0013       -0.0046       -0.0023
       0.0044        0.0004        0.0007
      -0.0022       -0.0025       -0.0007
      -0.0034        0.0097        0.0106
      -0.0004       -0.0114        0.0059
      -0.0147        0.0326        0.0334
       0.4256        0.3214        0.0565

1433.5466982419055
      -0.0219       -0.1563       -0.0169
       0.0831        0.0266        0.0141
      -0.1827        0.1150       -0.0195
      -0.0678        0.0249        0.0005
      -0.0412       -0.0544       -0.0144
       0.2332        0.2920        0.0221
       0.1454        0.1657       -0.0255
       0.2171        0.0674       -0.1290
      -0.1032       -0.0933       -0.0221
      -0.3782       -0.2470        0.0925
       0.1223        0.0261        0.0204
       0.0606       -0.0796       -0.0480
       0.1859        0.1239        0.0421
       0.0290        0.0184       -0.0003
       0.1819       -0.0495        0.0254
      -0.2219       -0.0370        0.0240
      -0.1244       -0.1120       -0.0760
       0.0369       -0.1505        0.0784
      -0.0873       -0.1612        0.1271
      -0.1632       -0.0198        0.2005
      -0.1691        0.0881       -0.0094
       0.1372        0.1214        0.0173

1440.418594928491
      -0.0216        0.3430        0.0225
      -0.1365       -0.1356       -0.0323
       0.3731       -0.2219        0.0409
       0.2095       -0.1650        0.0092
       0.0653        0.1289        0.0230
       0.1208        0.1610       -0.0073
       0.0771        0.1298        0.0104
       0.0967        0.0406       -0.0453
      -0.0489        0.0068       -0.0065
      -0.1792       -0.1299        0.0463
      -0.1535       -0.0182       -0.0240
      -0.0040       -0.0062       -0.0015
      -0.3115       -0.1643       -0.0656
      -0.0848        0.1295       -0.0095
      -0.3529        0.0998       -0.0483
      -0.1234       -0.0618       -0.0272
      -0.1028       -0.1185       -0.0422
       0.0364       -0.1475        0.0011
      -0.0401       -0.0811        0.0538
      -0.0609        0.0029        0.0687
      -0.0760        0.0150       -0.0324
      -0.1142       -0.0870       -0.0182

1453.2705495614991
      -0.0002       -0.0574       -0.0042
       0.0101        0.0340        0.0041
      -0.0467        0.0362       -0.0043
      -0.0139        0.0345        0.0032
      -0.0097       -0.0280       -0.0044
       0.0023       -0.0858       -0.0214
       0.0476        0.2564        0.1172
      -0.1275        0.0466        0.1224
      -0.0048       -0.0064       -0.0010
       0.0331        0.1006        0.0508
       0.0241        0.0057        0.0040
      -0.0378        0.0322        0.0215
       0.0422        0.0197        0.0085
       0.0123       -0.0323        0.0040
       0.0473       -0.0110        0.0067
      -0.0745       -0.2651       -0.2412
      -0.2507       -0.4183       -0.0322
       0.1089       -0.4088       -0.2281
       0.0882       -0.0452       -0.2428
       0.2514       -0.0061       -0.1682
       0.1728       -0.1749       -0.1316
       0.0274        0.0233        0.0038

1482.891381949736
      -0.1602       -0.0554       -0.0317
      -0.0751        0.0051       -0.0134
       0.1398        0.0705        0.0286
       0.3760        0.0410        0.0613
      -0.0436       -0.1479       -0.0231
       0.0178        0.0927        0.0037
       0.0052       -0.0785       -0.0780
      -0.0998        0.1108        0.1473
      -0.3313       -0.1319       -0.0546
      -0.1026       -0.0842        0.0133
       0.0969        0.0683        0.0201
       0.0242       -0.0203       -0.0082
       0.0422        0.0723        0.0141
      -0.0555        0.1536       -0.0005
      -0.0554        0.0602       -0.0026
      -0.0750        0.0571        0.0885
       0.1473        0.1852        0.0290
      -0.0600        0.1032        0.2110
       0.0520       -0.1541       -0.2443
       0.2830       -0.0066       -0.1521
       0.1063       -0.2057       -0.1913
       0.1974        0.2169        0.0274

1490.965280640491
       0.1601        0.0925        0.0335
       0.0804       -0.0493        0.0092
      -0.1259       -0.0893       -0.0275
      -0.3895       -0.0878       -0.0614
       0.0405        0.1720        0.0235
       0.0680        0.2213        0.0621
       0.0239       -0.0177       -0.1002
      -0.0770        0.1091        0.0968
       0.2748        0.0811        0.0409
      -0.1206       -0.0534        0.0055
      -0.0780       -0.0629       -0.0168
       0.0671       -0.0832       -0.0541
      -0.0516       -0.0693       -0.0154
       0.0488       -0.1293        0.0038
       0.0414       -0.0594        0.0006
      -0.2033       -0.0537        0.0212
       0.1960        0.1485        0.0636
      -0.0666       -0.0311        0.3344
       0.0406       -0.1894       -0.2426
       0.2716       -0.0685       -0.0585
       0.0864       -0.1153       -0.1060
      -0.1366       -0.1644       -0.0163

1502.2813754559388
      -0.0367       -0.0257       -0.0081
      -0.0166        0.0149       -0.0032
       0.0284        0.0223        0.0064
       0.0869        0.0314        0.0165
      -0.0048       -0.0414       -0.0048
      -0.0450       -0.0921       -0.0170
      -0.0364        0.1465       -0.0967
       0.0225       -0.1005       -0.0485
      -0.0501       -0.0076       -0.0063
       0.0273        0.0539       -0.0406
       0.0106        0.0125        0.0027
      -0.0134        0.0277        0.0129
       0.0123        0.0149        0.0035
      -0.0096        0.0205        0.0038
      -0.0075        0.0134        0.0003
      -0.1321       -0.3423       -0.3107
       0.4015       -0.1724        0.2839
      -0.0881       -0.1128        0.4827
       0.0579        0.2607        0.0772
      -0.2483        0.0767        0.0335
       0.0963        0.0354        0.0735
       0.0188        0.0269        0.0014

1513.874319769063
      -0.0384       -0.0115       -0.0071
      -0.0152        0.0037        0.0018
       0.0385        0.0124        0.0066
       0.0738        0.0153        0.0099
      -0.0082       -0.0288       -0.0034
      -0.0226       -0.0906       -0.0282
       0.0321       -0.0044        0.0009
      -0.1277        0.0195       -0.1217
      -0.0340       -0.0023       -0.0052
       0.0622        0.0622       -0.0559
       0.0052        0.0090        0.0014
      -0.0370        0.0347        0.0261
       0.0051        0.0137        0.0032
      -0.0075        0.0397       -0.0214
      -0.0172        0.0151       -0.0015
      -0.1537       -0.0081        0.0531
      -0.0423        0.1150       -0.0555
       0.0136       -0.1345        0.0266
       0.0888       -0.0981       -0.3091
       0.1020       -0.3879        0.4744
       0.2635        0.3288        0.4350
       0.0030        0.0105        0.0003

1523.8735576008219
      -0.0059        0.0018       -0.0009
      -0.0025       -0.0013        0.0017
       0.0057       -0.0001        0.0007
       0.0115       -0.0104        0.0020
      -0.0018       -0.0014       -0.0001
      -0.0115        0.0315        0.0134
      -0.1198        0.0223        0.0178
       0.0466        0.0996       -0.0471
      -0.0081       -0.0010       -0.0017
      -0.0868        0.0378        0.0219
       0.0013        0.0012        0.0002
       0.0365       -0.0168       -0.0207
       0.0006        0.0031        0.0011
      -0.0010        0.0136       -0.0110
      -0.0037        0.0021       -0.0007
       0.4346       -0.0935       -0.2641
       0.1929       -0.3639        0.2205
      -0.0448        0.3303       -0.0515
      -0.1233       -0.3942       -0.0211
       0.2474       -0.1919        0.1286
      -0.2297        0.1300        0.0483
      -0.0027       -0.0004       -0.0004

1547.0938437094765
       0.0265        0.0406        0.0075
       0.0233       -0.0570       -0.0031
      -0.0133       -0.0238       -0.0040
      -0.0606       -0.0023       -0.0087
      -0.0000        0.0393        0.0029
       0.0624        0.2366        0.0576
      -0.0207        0.0035        0.0154
      -0.0479       -0.0328        0.0011
      -0.0028       -0.0287       -0.0041
      -0.2842       -0.1908        0.0789
       0.0043       -0.0050        0.0002
       0.0948       -0.0876       -0.0631
      -0.0122       -0.0066       -0.0032
       0.0013        0.0083        0.0050
      -0.0017       -0.0087       -0.0011
       0.2896        0.0902       -0.0248
      -0.0175       -0.1906        0.0324
      -0.0017        0.2891       -0.1437
       0.2345        0.3346       -0.2604
      -0.2198        0.0486        0.0919
       0.4861       -0.0938        0.0334
       0.0213        0.0116        0.0054

1597.573511226412
      -0.4165       -0.3257       -0.0948
      -0.0234        0.4202        0.0277
       0.3257        0.1317        0.0631
       0.0027       -0.3813       -0.0448
       0.1294       -0.1219        0.0091
       0.0268        0.1127        0.0231
      -0.0014        0.0009        0.0016
       0.0010        0.0038        0.0042
       0.1701        0.2032        0.0482
      -0.0303       -0.0332        0.0028
      -0.1774       -0.0054       -0.0253
       0.0038       -0.0104       -0.0083
       0.1191        0.1306        0.0327
       0.0428       -0.1222        0.0028
      -0.0064        0.0892        0.0070
       0.0075        0.0058        0.0034
      -0.0032       -0.0030       -0.0008
      -0.0007        0.0101       -0.0046
       0.0116        0.0109       -0.0153
      -0.0081        0.0083       -0.0005
       0.0223       -0.0142       -0.0106
      -0.1671       -0.1354       -0.0332

1657.7658529395633
       0.3793        0.0616        0.0700
      -0.2968        0.3684       -0.0228
      -0.3514        0.0062       -0.0571
       0.3652       -0.3795        0.0108
      -0.1712       -0.0970       -0.0313
       0.1038        0.0095       -0.0565
      -0.0000       -0.0038       -0.0044
      -0.0015        0.0046       -0.0015
      -0.0498        0.0919        0.0078
      -0.0420       -0.0310        0.0127
       0.1775        0.0231        0.0265
      -0.0800        0.0648        0.0486
      -0.0628       -0.1562       -0.0220
      -0.0351       -0.2035       -0.0130
       0.0464       -0.0653        0.0019
       0.0108        0.0084        0.0056
       0.0098        0.0023        0.0035
      -0.0043        0.0232        0.0084
       0.0095        0.0071       -0.0185
      -0.0056       -0.0007        0.0092
       0.0244       -0.0070       -0.0017
      -0.1335       -0.0815       -0.0285

1706.9889946481223
      -0.0390       -0.0151       -0.0105
       0.0483       -0.0257        0.0059
       0.0098        0.0077        0.0023
      -0.0973        0.0702        0.0122
       0.1266        0.0208        0.0182
       0.6227       -0.3393       -0.3250
       0.0096       -0.0298       -0.0380
      -0.0055        0.0094        0.0021
       0.0191       -0.0193        0.0001
      -0.1666       -0.0203        0.0877
      -0.1001       -0.0144       -0.0148
      -0.3874        0.2805        0.2217
       0.0106        0.0172        0.0035
       0.0112        0.0158        0.0067
       0.0105        0.0018        0.0036
       0.0468        0.0427        0.0291
       0.0478        0.0034        0.0100
      -0.0180        0.1014        0.0401
       0.0114        0.0002       -0.0416
       0.0125        0.0067       -0.0142
       0.0405       -0.0432       -0.0328
      -0.0116       -0.0163       -0.0070

1758.2543361200956
       0.1193        0.0280        0.0237
      -0.0577        0.0565       -0.0068
      -0.2545        0.0378       -0.0373
       0.1195       -0.0448        0.0123
       0.7504        0.0029        0.1049
      -0.0846        0.0336        0.0369
      -0.0015        0.0007        0.0037
      -0.0011        0.0006       -0.0014
      -0.1706       -0.0399       -0.0278
       0.0252        0.0042       -0.0119
      -0.4681       -0.0467       -0.0693
       0.0444       -0.0236       -0.0210
      -0.0077       -0.0341       -0.0045
      -0.0100       -0.0254       -0.0037
       0.1065       -0.0499        0.0135
      -0.0032       -0.0034       -0.0016
      -0.0053        0.0002       -0.0016
       0.0014       -0.0086       -0.0054
      -0.0010       -0.0009        0.0018
      -0.0021       -0.0052        0.0092
      -0.0011        0.0078        0.0087
       0.1167        0.1347        0.0214

3032.5720087366676
      -0.0003        0.0001        0.0001
      -0.0004       -0.0004        0.0004
       0.0001        0.0000       -0.0000
      -0.0002       -0.0001        0.0003
      -0.0002       -0.0000       -0.0000
      -0.0033       -0.0012        0.0012
      -0.0139       -0.0801        0.0295
       0.1450        0.0086       -0.0604
       0.0000        0.0001        0.0000
       0.0028       -0.0024       -0.0066
       0.0001        0.0000        0.0000
       0.0012       -0.0000       -0.0005
       0.0005       -0.0004        0.0000
       0.0012        0.0004       -0.0002
      -0.0000        0.0000       -0.0001
      -0.1044        0.2401       -0.2669
      -0.0764        0.0224        0.1234
       0.2305        0.0190        0.0495
      -0.5237        0.1807       -0.2675
       0.1104        0.2055        0.1326
      -0.0912       -0.4067        0.3555
      -0.0006        0.0001       -0.0001

3039.1737361574333
       0.0005       -0.0002       -0.0001
       0.0002        0.0001       -0.0002
      -0.0003       -0.0001       -0.0000
      -0.0003       -0.0005        0.0001
       0.0007        0.0001        0.0001
       0.0101        0.0035       -0.0031
      -0.0181       -0.1538        0.0555
      -0.0785       -0.0037        0.0348
       0.0000       -0.0004       -0.0001
      -0.0072       -0.0064        0.0011
      -0.0005       -0.0001       -0.0001
      -0.0027        0.0015        0.0017
      -0.0011        0.0010       -0.0001
      -0.0008       -0.0000        0.0002
       0.0001        0.0003        0.0001
      -0.1973        0.4631       -0.5022
      -0.1404        0.0448        0.2294
       0.3990        0.0364        0.0884
       0.2816       -0.0976        0.1408
      -0.0581       -0.1116       -0.0735
       0.0515        0.2168       -0.1936
       0.0009        0.0000        0.0003

3097.8040626365528
      -0.0000       -0.0000       -0.0001
      -0.0000       -0.0002       -0.0001
       0.0001        0.0001        0.0000
      -0.0004        0.0004       -0.0001
      -0.0003       -0.0000       -0.0001
      -0.0000        0.0017       -0.0010
      -0.0277        0.0063       -0.0189
      -0.1180        0.1957       -0.2073
       0.0002        0.0001        0.0002
       0.0004       -0.0011        0.0025
       0.0002        0.0000        0.0000
      -0.0003       -0.0002       -0.0001
       0.0004       -0.0005        0.0000
      -0.0006       -0.0012        0.0013
       0.0000       -0.0002        0.0000
       0.0149       -0.0400        0.0378
      -0.0090        0.0026        0.0122
       0.0906        0.0114        0.0168
       0.5461       -0.1694        0.2661
      -0.0007        0.0223       -0.0044
      -0.1391       -0.5244        0.4460
       0.0008       -0.0003       -0.0001

3116.6648721005345
       0.0001       -0.0001        0.0000
      -0.0001       -0.0000       -0.0000
      -0.0000       -0.0000       -0.0000
      -0.0002        0.0001       -0.0005
       0.0001        0.0001        0.0000
      -0.0008        0.0019       -0.0002
      -0.2258        0.0600       -0.1902
       0.0132       -0.0201        0.0273
      -0.0001       -0.0001        0.0000
       0.0014        0.0011        0.0016
      -0.0000       -0.0000       -0.0000
       0.0009       -0.0005        0.0001
      -0.0004        0.0004       -0.0001
       0.0004        0.0002       -0.0001
       0.0000        0.0000        0.0000
       0.1282       -0.3329        0.3623
      -0.1139        0.0391        0.1488
       0.7581        0.0795        0.1393
      -0.0550        0.0149       -0.0290
      -0.0048       -0.0149       -0.0071
       0.0158        0.0673       -0.0557
       0.0003       -0.0000       -0.0001

3189.18928488968
      -0.0245        0.0260       -0.0027
       0.0170        0.0038        0.0022
      -0.0006       -0.0065       -0.0005
       0.0005        0.0004       -0.0008
      -0.0001        0.0002       -0.0000
       0.0004        0.0006        0.0001
       0.0435       -0.0044       -0.0418
       0.1529        0.2195        0.1174
      -0.0006       -0.0001       -0.0000
       0.0017        0.0002       -0.0022
       0.0001       -0.0000       -0.0000
      -0.0004        0.0002        0.0001
       0.0797       -0.0891        0.0072
      -0.0535       -0.0104       -0.0112
       0.0074        0.0223        0.0030
       0.0094       -0.0165        0.0149
      -0.0915        0.0305        0.1430
      -0.0672       -0.0069       -0.0153
      -0.1582        0.0664       -0.0817
      -0.3542       -0.6836       -0.4364
      -0.0274       -0.1401        0.1288
       0.0003       -0.0002        0.0001

3191.7158706273194
       0.0887       -0.0975        0.0080
      -0.0148        0.0005       -0.0027
       0.0030        0.0235        0.0022
      -0.0010       -0.0003       -0.0002
      -0.0003       -0.0002       -0.0000
       0.0017       -0.0018       -0.0004
       0.1804       -0.0110       -0.1962
      -0.0189       -0.0232       -0.0153
       0.0005        0.0003        0.0001
       0.0004        0.0004        0.0001
       0.0003        0.0000        0.0000
       0.0005        0.0018        0.0007
      -0.2910        0.3260       -0.0259
       0.0523        0.0093        0.0108
      -0.0268       -0.0818       -0.0105
       0.0461       -0.0830        0.0835
      -0.4137        0.1375        0.6469
      -0.2599       -0.0227       -0.0555
       0.0198       -0.0075        0.0111
       0.0414        0.0807        0.0517
       0.0016        0.0114       -0.0092
      -0.0003        0.0001       -0.0001

3191.891150575584
      -0.1652        0.1820       -0.0148
       0.0221       -0.0025        0.0046
      -0.0057       -0.0441       -0.0042
       0.0008        0.0003        0.0003
       0.0006        0.0003        0.0001
       0.0008       -0.0018       -0.0003
       0.0902       -0.0055       -0.0992
      -0.0337       -0.0458       -0.0260
      -0.0006       -0.0005       -0.0001
       0.0001        0.0003        0.0003
      -0.0006       -0.0001       -0.0001
       0.0002        0.0012        0.0004
       0.5423       -0.6074        0.0483
      -0.0808       -0.0141       -0.0168
       0.0503        0.1536        0.0197
       0.0232       -0.0416        0.0422
      -0.2088        0.0693        0.3264
      -0.1286       -0.0110       -0.0273
       0.0351       -0.0143        0.0185
       0.0760        0.1472        0.0943
       0.0054        0.0286       -0.0253
       0.0002       -0.0004       -0.0000

3235.3426630297636
       0.0490       -0.0331        0.0060
      -0.0308       -0.0016       -0.0061
      -0.0979       -0.2663       -0.0361
       0.0019       -0.0008        0.0001
      -0.0088        0.0053       -0.0008
      -0.0002       -0.0001       -0.0000
      -0.0000        0.0001        0.0001
       0.0009        0.0012        0.0006
       0.0004        0.0013        0.0002
      -0.0000       -0.0000        0.0000
       0.0027       -0.0004        0.0003
       0.0000        0.0000       -0.0000
      -0.1164        0.1244       -0.0109
       0.1032        0.0205        0.0215
       0.3002        0.8773        0.1144
       0.0001       -0.0002        0.0002
       0.0004       -0.0001       -0.0006
      -0.0003       -0.0001       -0.0000
      -0.0008        0.0004       -0.0004
      -0.0020       -0.0037       -0.0024
      -0.0002       -0.0012        0.0009
       0.0005       -0.0012       -0.0001

3249.3955885768282
      -0.0228        0.0349       -0.0015
      -0.2766       -0.0528       -0.0578
       0.0117        0.0250        0.0038
       0.0075       -0.0109        0.0000
       0.0013       -0.0016        0.0000
      -0.0016       -0.0007       -0.0004
       0.0004       -0.0001        0.0000
       0.0071        0.0093        0.0062
       0.0033        0.0009        0.0007
       0.0005        0.0002        0.0002
      -0.0003        0.0003       -0.0000
      -0.0001        0.0007        0.0004
       0.0788       -0.0926        0.0068
       0.9047        0.1907        0.1890
      -0.0282       -0.0797       -0.0105
      -0.0001        0.0002       -0.0004
      -0.0003       -0.0000        0.0002
      -0.0007        0.0000       -0.0002
      -0.0061        0.0025       -0.0027
      -0.0171       -0.0319       -0.0202
      -0.0010       -0.0069        0.0049
       0.0002       -0.0009       -0.0003

3546.5169472103635
      -0.0018       -0.0016       -0.0004
      -0.0037        0.0037       -0.0003
       0.0006        0.0004        0.0001
      -0.0001       -0.0010       -0.0000
      -0.0012        0.0037        0.0002
      -0.0010        0.0006        0.0006
      -0.0001       -0.0001       -0.0001
      -0.0002        0.0004        0.0001
       0.1752       -0.1964       -0.0154
       0.0012        0.0002       -0.0005
       0.0016       -0.0005        0.0001
       0.0008       -0.0015        0.0000
       0.0000       -0.0004       -0.0001
      -0.0004        0.0005       -0.0003
       0.0001        0.0016        0.0001
      -0.0001        0.0001        0.0001
      -0.0002       -0.0000        0.0000
       0.0003       -0.0000       -0.0000
       0.0008       -0.0002        0.0001
      -0.0001       -0.0002       -0.0005
       0.0002       -0.0004       -0.0001
      -0.6419        0.7176        0.0587

