JOB 0
COORDS  4.3507804205e-01 -5.3986767188e-01  1.9007545547e+00  2.0952432579e+00  1.7743238134e-01 -8.3023267460e-02  1.5654234296e+00 -1.2150879458e+00 -3.7612317333e-01  7.5174642786e-01 -2.5004012779e-01  4.4836408370e-01  1.3218617989e+00 -1.0666589726e+00  4.1296620225e+00  1.5138769912e+00 -7.9658161595e-01  2.7084724730e+00 -7.2254961077e-01 -6.0312409873e-01  2.2968384061e+00 -3.2593567210e-01  3.1136393143e-01 -1.9544820701e-01  2.9385820540e+00  3.0232756210e-01  5.9016916842e-01  2.0573643608e+00  9.0162444639e-01 -8.9039993546e-01  1.1967824962e+00 -1.4095665947e+00 -1.3782223720e+00  2.0075970685e+00 -2.0641256077e+00  1.3539715342e-01  1.1058471277e+00 -1.5270227322e-01  4.6957459379e+00  4.7904898885e-01 -1.7484874766e+00  4.2504263259e+00  2.2249970826e+00 -1.5350216659e+00  4.5281118984e+00  2.4294545863e+00 -4.9316903462e-01  2.4093879616e+00
ENERGY -4.252200606208e+02
GRADIENT -2.5080417247e-05 -1.6940083602e-04 -8.0606059619e-06  2.3873807080e-05  5.3747071358e-05 -4.7819349011e-05 -5.7795998791e-05 -8.3905177877e-06  2.9404886190e-05 -1.4678791212e-06 -5.3211561989e-05  2.4031373703e-05 -1.4052974610e-06 -3.4437319438e-05 -2.5134491557e-05  2.5445288278e-05  2.1556551619e-04  3.7917521148e-05 -1.5097482651e-05 -7.2693514184e-07 -1.2221190296e-05  3.5439718679e-05  6.9156333485e-05 -1.3067552349e-05 -2.7028538032e-05 -2.2850361227e-05  3.4738964485e-05 -7.3942595824e-06 -6.4033171903e-06 -3.3545040510e-06  1.2489166480e-05 -1.4106117480e-05 -3.1614138950e-06  3.9083009328e-05 -3.4419408168e-06 -3.2647242371e-05  1.5920023859e-05  2.8759242241e-06  3.6068252545e-06 -1.2465189549e-05  1.6090666101e-05 -7.6804265754e-06 -7.4728106238e-06 -1.5379474587e-05 -1.6099295852e-06  4.9583501310e-06 -3.3469137708e-05 -1.0825026474e-05

JOB 1
COORDS  4.5850259114e-01 -6.0205136699e-01  1.9018243177e+00  2.1536953291e+00  9.0958826919e-02 -7.4280252692e-02  1.4814953541e+00 -1.2263279351e+00 -4.2605499211e-01  7.8783700836e-01 -2.3501245350e-01  4.6906098465e-01  1.3239072426e+00 -1.0399382329e+00  4.1563005492e+00  1.5279929094e+00 -6.9486980126e-01  2.7531748642e+00 -6.9034948666e-01 -8.6529007405e-01  2.2374349065e+00 -2.4710948735e-01  4.6210022214e-01 -1.1598501486e-01  3.0261898305e+00  7.7181841310e-02  5.7225436793e-01  2.1718364216e+00  8.6008820593e-01 -8.3975742668e-01  1.0704450753e+00 -1.3327036566e+00 -1.4249337784e+00  1.8570145619e+00 -2.1376199691e+00  2.8491836907e-02  9.0597221754e-01 -2.0248993360e-01  4.7273730797e+00  6.2489714989e-01 -1.8751904583e+00  4.2183334289e+00  2.2805084802e+00 -1.3361663369e+00  4.5931108522e+00  2.3762630954e+00 -2.0466704715e-01  2.5074538896e+00
ENERGY -4.252200438420e+02
GRADIENT -8.2225115862e-06 -2.2132222088e-04  2.9178091027e-06 -2.5013854222e-05  5.0057042288e-06 -2.0010799462e-05 -6.9052188285e-05 -3.3775687534e-05 -1.9891536562e-05  9.1601098864e-05  8.5390786001e-05  1.0913908436e-04 -7.1518563369e-06 -4.2492170309e-05 -3.5596785371e-05 -5.0936746635e-05  2.6400506945e-04 -3.3648426052e-06 -1.8740497908e-05  3.0198815219e-05  1.1601167152e-05  1.5578209732e-05  3.4462297497e-05 -4.5920203333e-05 -5.8149356869e-06 -6.2250611162e-06  2.8349034649e-05 -7.4189274575e-06  5.1171501505e-06 -4.3029445549e-06 -2.8583997198e-06 -3.8647192311e-06  2.9467269804e-06  1.3046766949e-05  8.8544082058e-06  4.9517235176e-06  4.4154989193e-06 -1.3224584152e-06  2.0243077759e-06 -1.5569554287e-07  7.1071125203e-07 -5.4697069337e-06  2.3685696836e-06  7.6582177659e-06  5.2995756859e-07  6.2958909410e-05 -9.1173820959e-05 -4.3957752394e-05

JOB 2
COORDS  4.9307709540e-01 -6.8627276526e-01  1.8814714718e+00  2.1962705980e+00  2.8068013756e-02 -7.6644774281e-02  1.4159092097e+00 -1.2059174354e+00 -5.1165274272e-01  8.1971653058e-01 -2.3992701556e-01  4.6820951239e-01  1.3262317108e+00 -9.8284101890e-01  4.1734259288e+00  1.5254629354e+00 -6.1241652093e-01  2.7765828182e+00 -6.1442717128e-01 -1.1301711401e+00  2.1627755725e+00 -1.7707836192e-01  5.7525268481e-01 -3.3093507181e-02  3.0709935749e+00 -1.1295772554e-01  5.5125607952e-01  2.2678171753e+00  8.4711094964e-01 -7.8521944491e-01  9.8200586118e-01 -1.2036804349e+00 -1.5065714011e+00  1.7309086347e+00 -2.1758055560e+00 -1.3963353811e-01  8.0419607610e-01 -1.9807374515e-01  4.7336686773e+00  7.2051111513e-01 -1.8891030455e+00  4.2139630989e+00  2.2972270814e+00 -1.1749044458e+00  4.6361300212e+00  2.2976023525e+00 -2.1849189153e-04  2.5520705170e+00
ENERGY -4.252199998715e+02
GRADIENT -4.6857408829e-06 -1.7054778810e-04 -4.9080818568e-05  2.0849527522e-05  3.7260105915e-05 -1.4573884104e-05 -8.7059288810e-05  1.3956321876e-05 -2.0140851556e-05  1.8136018155e-05 -1.1307477064e-04  3.4515911341e-05 -5.6320925369e-06  2.0796585788e-05  1.3976102856e-05  2.1969737039e-05  1.5837871065e-05  6.9837004785e-06 -4.1919167898e-06  2.7707426306e-05 -2.3826328469e-05  1.8997464504e-05  1.2496174670e-04 -2.9533262645e-05 -1.2318405544e-05 -7.9740035900e-06  2.1272600816e-06 -3.0543847872e-05  5.6299997884e-06 -3.9477589469e-06  1.3428837926e-05 -1.0072088154e-05 -8.6311933014e-06  1.5359602832e-05  8.6736164107e-06  3.4271032027e-06  6.2418770352e-06  6.7889784173e-06 -3.5727921001e-06 -1.5087273037e-05  1.0655769331e-05 -1.3084917915e-05 -7.5772341647e-06 -1.4502586578e-05 -9.1130372964e-06 -3.4375810693e-05  6.5770708250e-05 -1.1871316319e-06

JOB 3
COORDS  5.3354631924e-01 -7.7325471061e-01  1.8710978087e+00  2.2238586377e+00 -4.3523061966e-02 -8.1549710602e-02  1.3381258264e+00 -1.1798038152e+00 -5.8841000945e-01  8.4429759071e-01 -2.5523432284e-01  4.7584461574e-01  1.3118400967e+00 -9.1758666842e-01  4.2010140795e+00  1.5042339734e+00 -5.4316152883e-01  2.8050181761e+00 -5.0711542037e-01 -1.3774725282e+00  2.1078660503e+00 -1.0870240161e-01  6.6848905779e-01  7.7429051638e-02  3.0910328306e+00 -3.0134484866e-01  5.1947088838e-01  2.3496568167e+00  8.1609930945e-01 -7.3241472420e-01  8.8808370656e-01 -1.0644000536e+00 -1.5693710212e+00  1.5840412576e+00 -2.1981380002e+00 -3.0413065335e-01  6.9896825596e-01 -1.8431900085e-01  4.7385979769e+00  8.0101727811e-01 -1.8807004027e+00  4.2377153779e+00  2.2854214547e+00 -1.0041624969e+00  4.6894890178e+00  2.2134211717e+00  1.4221095290e-01  2.5821888429e+00
ENERGY -4.252199767763e+02
GRADIENT -1.4228306619e-04  6.9248487871e-05 -4.5147906254e-05  4.1928128801e-05  3.4693968964e-05 -1.6224133230e-05 -8.5606642151e-05  6.9877078725e-06 -1.9454236691e-05  2.0213869202e-04 -4.7831103610e-06  7.5173089326e-05 -9.2524174128e-06  5.0134678389e-05  2.9742913189e-05  1.1789543981e-04 -2.3142495752e-04 -2.4488176982e-05  1.4030480057e-05  7.4917534351e-06 -1.0831058789e-05 -8.3426887282e-05 -1.6436241367e-05 -6.3957424795e-05 -1.1187635838e-05 -7.8656499347e-06 -1.5008498367e-07 -1.9693622477e-05  7.1768584757e-06 -3.3822893112e-07  1.2123385952e-05 -1.0380637779e-05 -4.2958337469e-06  2.7663403236e-05  8.7091699621e-06  2.9517466215e-07  6.7642557723e-06  5.2119856196e-06 -2.1345274207e-06 -7.6394884197e-06  5.2324546944e-06 -1.4485467101e-05 -1.7509937326e-06 -1.3755712492e-05 -7.5637901337e-06 -6.4381731044e-05  9.3007740515e-05  9.7546124597e-06

JOB 4
COORDS  5.8773502831e-01 -8.6227860712e-01  1.8204877596e+00  2.2602828960e+00 -1.0161649933e-01 -1.1963027179e-01  1.2874556152e+00 -1.1358084521e+00 -6.9051122961e-01  8.8107428623e-01 -2.6857638846e-01  4.4950075061e-01  1.2649070816e+00 -8.6997327991e-01  4.1914757752e+00  1.4602310061e+00 -4.8384552855e-01  2.7998178320e+00 -3.5365632878e-01 -1.6275317540e+00  2.0038046580e+00 -2.4532243545e-02  7.4391099927e-01  1.5852972910e-01  3.1129434466e+00 -4.5814192526e-01  4.5125912640e-01  2.4364771143e+00  7.9079593860e-01 -7.1249418942e-01  8.3403382179e-01 -9.1234355624e-01 -1.6509965153e+00  1.4627009768e+00 -2.1881283738e+00 -4.9068863914e-01  5.7440451992e-01 -1.9264928402e-01  4.7080368728e+00  8.4187609792e-01 -1.8750220583e+00  4.2171552692e+00  2.2276884345e+00 -8.6760821856e-01  4.7085657481e+00  2.1042592275e+00  2.6643858217e-01  2.5868994602e+00
ENERGY -4.252201540136e+02
GRADIENT -4.6519817677e-04  4.2600930394e-04  6.5985204274e-05  9.3184615896e-06 -2.4587707300e-05  2.2698672851e-05  4.0773701293e-05 -2.3938877071e-05  2.4297012500e-05  4.7050616060e-04  3.6537846663e-04  1.5578288830e-04  1.9336208850e-05 -7.8586523824e-06  5.5770098997e-06  2.4505834661e-04 -3.9671071197e-04 -1.1112631163e-04  6.0422829783e-06 -8.6943577165e-06  6.2558269144e-06 -3.0089645114e-04 -3.3822091995e-04 -1.7829321090e-04  7.7916678939e-06  1.2986615214e-05  2.5244119734e-06  1.6329025922e-05 -3.7132006947e-06 -9.5757467279e-06  6.4793167659e-06  8.3201350601e-06  8.8184500822e-07 -1.8740035045e-05 -3.6614071994e-06 -1.6650231112e-05  5.3415006978e-06  5.9916192428e-06 -7.9229297913e-06 -5.3518144998e-06  6.6490508861e-06 -5.9712621635e-06  1.1168730042e-07 -8.5561154041e-06  4.3939752620e-06 -3.3581100786e-06 -1.8220730834e-06 -4.5977078235e-06

JOB 5
COORDS  6.7722075875e-01 -9.4159683123e-01  1.8187072325e+00  2.2983167097e+00 -1.9288033328e-01 -1.5367271504e-01  1.2206919937e+00 -1.1111655683e+00 -7.3813780521e-01  9.3579136795e-01 -2.8957194102e-01  4.6660843975e-01  1.2376097665e+00 -8.2847310287e-01  4.2197328692e+00  1.4410986011e+00 -4.3691406399e-01  2.8308125756e+00 -1.3433948735e-01 -1.8509860717e+00  1.9625971423e+00  9.6810773108e-02  8.0721460225e-01  2.8746054596e-01  3.1391511598e+00 -6.4367691665e-01  3.6570524457e-01  2.5216107026e+00  7.1692757611e-01 -7.0307077474e-01  7.5098105800e-01 -7.9281853247e-01 -1.6632652088e+00  1.3124694786e+00 -2.1841325583e+00 -6.0426082384e-01  4.3967487036e-01 -2.4488504950e-01  4.6943796822e+00  9.5526069467e-01 -1.8817086119e+00  4.2460981660e+00  2.1671268997e+00 -6.8820195939e-01  4.7770795590e+00  1.9893158658e+00  3.8995944264e-01  2.6315338415e+00
ENERGY -4.252206978122e+02
GRADIENT -1.5258027209e-03  9.8774911647e-04  1.5767521154e-04 -2.2503875509e-05  1.9662219163e-05 -5.3133063853e-05  1.8040809389e-05 -2.0563508901e-05 -2.1667130698e-05  1.4257790672e-03  6.7920004403e-04  7.0259276903e-04  1.3617146843e-05  4.5731457385e-06  4.1132813958e-06  9.0922215466e-04 -8.9761691407e-04 -2.4358869151e-04 -8.2065624787e-06  1.3426463372e-05  1.0279087359e-05 -8.4314388176e-04 -7.4706195955e-04 -5.6648154948e-04 -1.2561588795e-05 -1.1592424446e-05  4.7144571501e-06  1.4615035151e-05  9.1273074230e-06  1.5401805086e-05 -1.4744774973e-05  2.2967068613e-05  1.3438017592e-05  5.8311990090e-06  8.1848661728e-06  6.7682056451e-06 -1.9433214878e-06 -3.0555413962e-06  2.9495677324e-06  5.2049545297e-06  1.7788681487e-06  4.5786100139e-06  3.6887517842e-07  8.1217061749e-06  3.8077401468e-06  1.4476248799e-05 -7.9678888972e-06  4.3010404431e-06

JOB 6
COORDS  8.2791552494e-01 -9.4913801094e-01  1.8065336849e+00  2.3773580578e+00 -2.3205356560e-01 -2.1720053031e-01  1.1872611891e+00 -1.0114751780e+00 -7.8190471723e-01  1.0486359290e+00 -2.3812488741e-01  4.7844937310e-01  1.2576720255e+00 -7.9009410702e-01  4.2314740474e+00  1.4691538193e+00 -3.5680971570e-01  2.8558546229e+00  1.7586785895e-01 -1.9851127664e+00  1.9006849679e+00  3.0221350329e-01  9.3871684891e-01  4.1329925990e-01  3.1979740517e+00 -7.8138926708e-01  2.3502373556e-01  2.6548107502e+00  6.8467087769e-01 -7.2952291477e-01  7.0200156203e-01 -5.9901094878e-01 -1.6605149066e+00  1.1773276954e+00 -2.0933942394e+00 -7.0103953412e-01  3.5673565208e-01 -3.4155804079e-01  4.6673376792e+00  1.1418249300e+00 -1.8745425340e+00  4.2405863483e+00  2.1254644559e+00 -5.1406941999e-01  4.8356122980e+00  1.8774092763e+00  5.5508408243e-01  2.6924020661e+00
ENERGY -4.252219217508e+02
GRADIENT -3.5646110223e-03  1.6157012477e-03  2.7368003674e-04 -2.6052448544e-05 -6.0842733122e-05 -2.3300889282e-05 -6.9341628221e-07  2.0075959419e-05 -1.1773608062e-05  3.4945421902e-03  1.2368520109e-03  1.2560696822e-03 -1.1484361944e-05 -1.1531309949e-05 -6.6700116896e-06  2.1077987673e-03 -1.5357875378e-03 -4.1404126226e-04 -1.8838730425e-05  3.5525285504e-05  1.2419500059e-05 -2.0857634381e-03 -1.2918107317e-03 -1.1231652668e-03  6.8017028172e-07 -8.5592299826e-06 -1.0475745863e-05  1.6143531071e-05  5.2508325839e-06  1.1551116081e-05  8.9210972563e-06  5.9484155730e-06  1.7462591084e-06 -1.0365461687e-05 -2.1085316988e-06  2.6299193703e-05  1.9215759137e-06  1.7336743772e-06  2.9913052095e-06  1.2234947339e-05 -5.8830157434e-06 -7.6123513708e-07 -9.1428106316e-06  9.4012476766e-06  4.0585838608e-06  4.9009473183e-05 -2.9551546841e-05  8.5377439431e-08

JOB 7
COORDS  8.6783167943e-01 -9.8564186280e-01  1.8346228816e+00  2.3316996926e+00 -3.5949460633e-01 -2.6306843907e-01  1.0482055335e+00 -1.0157075727e+00 -7.6828583383e-01  1.0513425370e+00 -2.5996461488e-01  5.1259153976e-01  1.1514400179e+00 -7.6130716926e-01  4.2734645122e+00  1.3586225714e+00 -2.9690539760e-01  2.9068084942e+00  4.1247807774e-01 -2.1244615861e+00  1.9030489921e+00  4.0387630031e-01  9.7757171776e-01  5.1101934431e-01  3.1223007036e+00 -9.8730000718e-01  1.3712122797e-01  2.6617148590e+00  5.4290779904e-01 -7.6956739998e-01  5.5066148036e-01 -5.4131762216e-01 -1.6078309864e+00  9.4407436915e-01 -2.0931047478e+00 -6.9726345405e-01  1.6356107522e-01 -4.7933223613e-01  4.6578561767e+00  1.2293640035e+00 -1.8489662666e+00  4.2870004630e+00  1.9234672125e+00 -3.3612792805e-01  4.9195406486e+00  1.5706058928e+00  6.8280588331e-01  2.7610608397e+00
ENERGY -4.252241686293e+02
GRADIENT -6.7618117045e-03  2.1043858025e-03  1.8494359750e-04 -8.9430771347e-05  2.7862888346e-05 -3.2424106226e-05  4.1229997360e-05 -4.7603997036e-05  8.9022764029e-06  6.3315003018e-03  1.8445648356e-03  1.8469189512e-03 -4.6727317840e-05  8.0987368980e-06  4.6903020125e-07  4.1144213517e-03 -2.0534414271e-03 -5.3513377939e-04  1.3554853363e-05  2.6853622527e-05  3.9675746781e-05 -3.6195206525e-03 -1.8992976465e-03 -1.5102150799e-03 -6.9060036592e-06 -9.5724331398e-06  7.0347620161e-06  4.8306080998e-05 -1.8823989199e-05 -1.2066763694e-06 -1.0968822001e-06  3.4724360870e-05  1.3237159914e-05 -1.7892532248e-05  5.0837704067e-06 -2.7793339582e-06 -9.5064635502e-06 -3.6910096632e-06 -5.1940193130e-06  2.8601667268e-07 -7.6515702019e-06  1.1860086231e-05 -7.3374426225e-06  5.6775510354e-07  3.8794699390e-07 -2.6180416978e-05  1.1716337897e-05 -3.8373506570e-06

JOB 8
COORDS  9.5529394286e-01 -9.9403437719e-01  1.8539168444e+00  2.3360653288e+00 -4.5628468862e-01 -3.0658265319e-01  9.8091611111e-01 -9.9239629920e-01 -7.5162122987e-01  1.1108671918e+00 -2.5879317575e-01  5.3950728647e-01  1.0955932121e+00 -7.4789791404e-01  4.3024425834e+00  1.2674082684e+00 -2.3999986735e-01  2.9470703071e+00  6.9227485484e-01 -2.1944621780e+00  1.8981459608e+00  5.6779890397e-01  1.0278106603e+00  5.8180295414e-01  3.0866496046e+00 -1.1556737038e+00  4.8750997344e-02  2.7160497638e+00  4.2652003815e-01 -8.1221983878e-01  4.8028311428e-01 -4.6285312459e-01 -1.5555885904e+00  7.9339917722e-01 -2.0584385795e+00 -6.8316095050e-01  7.0499563491e-02 -6.0792019922e-01  4.6668929588e+00  1.3203348745e+00 -1.8149525629e+00  4.3042324241e+00  1.7879839091e+00 -2.3176077726e-01  4.9723393579e+00  1.3276018294e+00  7.6158518298e-01  2.8099891960e+00
ENERGY -4.252272111980e+02
GRADIENT -8.0702579022e-03  1.5009195450e-03 -1.8038145534e-05 -8.0444877519e-05  5.8927978468e-05 -2.2622031213e-05  3.6277256879e-05 -3.8761029336e-05  1.1254083570e-06  7.6700731148e-03  1.8260532774e-03  1.8971732186e-03  4.5063921542e-05 -4.1997015067e-05 -4.4615933049e-05  4.6194522141e-03 -1.4989343418e-03 -3.4175635125e-04 -2.1894280490e-05  1.0927259187e-05 -4.1628094263e-07 -4.3499392725e-03 -1.7907573552e-03 -1.5054130387e-03 -9.8693247359e-08 -1.1156974288e-05 -6.8395946142e-06  4.5412556667e-05 -1.9437393903e-05 -3.0554416291e-06  2.0310537584e-06  2.8239000796e-05  6.0754514497e-06 -7.6316324470e-06  4.0955902097e-06  1.9638534833e-06 -7.0816889097e-06 -1.0357955400e-05 -7.9319805704e-06  4.0616140738e-06 -1.4486129505e-05  4.4840512050e-06 -1.1862456515e-05 -1.5217461112e-06  1.0523174096e-06  1.2084518604e-04 -2.6992829373e-05 -3.7231811413e-06

JOB 9
COORDS  1.0650299277e+00 -9.8770290668e-01  1.8557512153e+00  2.3392962930e+00 -5.2765171609e-01 -3.7359212503e-01  9.2566130618e-01 -9.4719624886e-01 -7.4346207197e-01  1.1866115450e+00 -2.4321976123e-01  5.4900457955e-01  1.0547754194e+00 -7.4806187954e-01  4.3076607290e+00  1.1941023470e+00 -2.0501867469e-01  2.9629301334e+00  9.7138404051e-01 -2.2149781692e+00  1.8826710525e+00  7.5326656288e-01  1.0825055113e+00  6.3054246305e-01  3.0461927370e+00 -1.2911948381e+00 -6.4943321410e-02  2.7595961307e+00  3.3117519646e-01 -8.8804810882e-01  4.1950125668e-01 -3.6595513782e-01 -1.5073236474e+00  6.6243764891e-01 -1.9969870326e+00 -6.7407681765e-01  7.8086046050e-03 -7.7170487288e-01  4.6337728817e+00  1.4412780291e+00 -1.7678404532e+00  4.3133376658e+00  1.6336026049e+00 -1.3793331887e-01  5.0056938710e+00  1.1423418195e+00  7.9695590284e-01  2.8293630592e+00
ENERGY -4.252301407147e+02
GRADIENT -6.9835181593e-03  5.8920900573e-04 -3.0979857141e-04 -7.7497060935e-05  7.6606827684e-05  5.1703064163e-05  3.2911549098e-05  1.5674744031e-05 -2.7302523999e-05  6.5805665858e-03  1.1746785026e-03  1.3472022832e-03  6.9137135032e-05 -1.1510531092e-05 -2.0309744842e-05  3.8907296453e-03 -7.0019433311e-04 -4.2505559534e-05  3.1760629544e-05 -9.1048180830e-07  2.1117290994e-05 -3.7164795511e-03 -1.0969970500e-03 -1.0311578618e-03  1.9045803104e-05  7.0276444309e-06 -1.6385627511e-05  5.7458180979e-05 -3.4338972313e-05 -1.6731763603e-05 -1.2076863596e-05  2.6577608388e-05  2.0539416711e-05 -7.5231254643e-06  6.9697761545e-06 -5.9088759647e-06  2.9493411271e-06 -2.6716925155e-05 -1.3001983164e-05  2.7738274830e-05  3.4940554767e-06  1.2038523821e-05 -2.1660684297e-05  1.6605528711e-05  4.4298295002e-06  1.4237661975e-04 -8.8329892237e-06  2.2437304357e-06

JOB 10
COORDS  1.1920558661e+00 -9.5054519842e-01  1.8842939326e+00  2.3667091486e+00 -5.6054968179e-01 -4.0478838450e-01  9.2338781362e-01 -9.2410026049e-01 -7.0176670798e-01  1.2762013434e+00 -2.1710465402e-01  5.7202227619e-01  9.7322063396e-01 -6.8211786855e-01  4.3291080982e+00  1.0926236136e+00 -1.4969058933e-01  2.9795397400e+00  1.2775972752e+00 -2.1792729248e+00  1.9198850282e+00  9.1002730618e-01  1.1281517213e+00  6.5607079763e-01  3.0518142742e+00 -1.3510265849e+00 -1.1686697829e-01  2.7952537386e+00  2.7621927070e-01 -9.4757348856e-01  4.0203651064e-01 -3.2902167361e-01 -1.4446130508e+00  6.2384600858e-01 -1.9622172461e+00 -6.0810793005e-01 -5.1309150090e-02 -5.8867812756e-01  4.7080118850e+00  1.2426218083e+00 -1.7381231693e+00  4.3009616287e+00  1.6533141676e+00 -1.5423198105e-01  5.0046836404e+00  9.6269342485e-01  8.4120102153e-01  2.8218868836e+00
ENERGY -4.252321442195e+02
GRADIENT -3.9298207147e-03 -3.3116374994e-04 -4.0878572821e-04 -2.8797483959e-05 -3.8924055076e-06  7.4746439899e-05 -1.1140143136e-05 -2.0392251368e-05 -1.4717184658e-05  3.7314841974e-03  8.1712004704e-04  5.9105934709e-04 -1.8898984138e-05 -6.1827624773e-06 -1.3668238946e-05  2.2795981577e-03  6.7286029093e-05  1.6089667483e-04  2.0055287360e-05  2.4114049351e-06  1.3394377634e-05 -2.0636955151e-03 -5.4001505747e-04 -3.9958330307e-04  1.8292877182e-05  7.2304265643e-06 -1.8555685654e-05 -1.4366171634e-05  1.2260754431e-07 -1.2246830917e-05 -3.4682432128e-07 -6.8940233494e-06 -9.4442884472e-06  4.6885199366e-06  1.2685473168e-06  1.9283513538e-05  3.0265864867e-06 -1.1155575201e-06  4.3109884465e-06  4.7925255799e-06  5.1070981286e-06 -2.6393229301e-06  5.3389815057e-06 -3.9967498191e-06 -2.4247077757e-06 -7.7133089916e-06 -3.3488051813e-06  9.1239809831e-06

JOB 11
COORDS  1.2922209282e+00 -9.3497826632e-01  1.9806497193e+00  2.3390753193e+00 -6.5382527207e-01 -3.8248990820e-01  8.7142257930e-01 -9.7873827258e-01 -5.8469821909e-01  1.3229312709e+00 -2.4332907861e-01  6.4495005830e-01  8.9069730647e-01 -6.3186000265e-01  4.3993602238e+00  9.7044421687e-01 -1.3686113218e-01  3.0331938744e+00  1.5477585118e+00 -2.1380854490e+00  2.0627378622e+00  1.0132877362e+00  1.1172522415e+00  7.0451797858e-01  3.0114903677e+00 -1.4580019327e+00 -1.0378405065e-01  2.7606980783e+00  1.5036839627e-01 -9.7710669818e-01  3.2369590928e-01 -3.8861289355e-01 -1.3125894430e+00  5.4576944009e-01 -2.0037709018e+00 -4.4408367149e-01 -1.2139492892e-01 -5.1021927631e-01  4.8005782882e+00  1.1435745003e+00 -1.6922569275e+00  4.3877296754e+00  1.5976054559e+00 -1.0228314063e-01  5.0471401144e+00  7.7918820826e-01  8.3760802083e-01  2.8409411715e+00
ENERGY -4.252328408725e+02
GRADIENT  1.1203342473e-05  5.5987111301e-06  1.2868462127e-05 -1.5250176890e-05  2.8925928855e-05 -1.3171670144e-05  1.8571906425e-05 -2.6351701567e-05  1.9390289964e-05 -6.3093073320e-06 -4.2164959568e-06 -1.0177598439e-05  9.3174117361e-06 -7.6842516967e-06 -1.4101644314e-05 -1.7294296122e-05  8.7131542008e-06 -1.2438078373e-06 -3.0360391984e-06  6.2010347476e-06 -7.5104589405e-07 -1.1163860526e-06  5.0750574718e-06 -3.3440641628e-06 -6.9161367270e-06 -6.9399585014e-07  5.6807117643e-06  1.0999100391e-05 -6.0906412596e-06 -7.5058318115e-06  3.8549899339e-06  1.1559674948e-05  2.5926076684e-06 -1.1778967655e-05  2.5374545888e-06 -1.6751866890e-05 -3.1057270845e-07 -5.9756277412e-06 -3.8527861476e-06  2.4141343634e-06 -9.9181669130e-07  2.2015655172e-06 -2.2722333979e-06  1.5717543317e-06 -2.4702392882e-06  8.3219196470e-06  1.2863481211e-06  4.8226709500e-06

JOB 12
COORDS  1.3916282088e+00 -8.8580819783e-01  2.0091735449e+00  2.3027271460e+00 -6.7839504485e-01 -4.1786742798e-01  8.1765547613e-01 -9.7166788576e-01 -5.2780327768e-01  1.3627579204e+00 -2.2348892052e-01  6.5741860086e-01  8.2050602563e-01 -6.1565593615e-01  4.3958288088e+00  8.5317316961e-01 -1.4829792246e-01  3.0175293197e+00  1.8191796552e+00 -2.0349026387e+00  2.1324551380e+00  1.0987869329e+00  1.1472430358e+00  7.0904060569e-01  2.9710558579e+00 -1.4926772399e+00 -1.6003876727e-01  2.7053238646e+00  1.0237066651e-01 -1.0550957937e+00  2.3998575949e-01 -3.8302611267e-01 -1.2336461144e+00  4.7598945677e-01 -1.9861782007e+00 -3.5132105481e-01 -1.6358023143e-01 -4.2499950096e-01  4.8346606049e+00  1.0117472702e+00 -1.6889660869e+00  4.3940640881e+00  1.5860696830e+00 -1.2179782312e-01  5.0058356376e+00  5.9757274095e-01  8.0833126626e-01  2.8098289930e+00
ENERGY -4.252321444124e+02
GRADIENT  3.5462588127e-03  1.4824728058e-03  6.8613978209e-04  7.4759383363e-06 -6.7491893768e-06  1.0549609102e-05 -4.8317793863e-05  6.4665991716e-05 -2.0276762727e-05 -3.6668237300e-03 -1.0196304972e-03 -3.5609821652e-04  9.4615249365e-07 -8.0825258726e-06 -8.2648607867e-06 -2.0107366506e-03 -9.2253660284e-04 -4.0689268448e-04  6.7679904258e-06 -5.3339311805e-06 -3.7588185896e-05  2.1488365453e-03  4.3558736919e-04  1.2959761410e-04  7.6195993042e-06 -2.2007148016e-07 -1.1981771741e-05  2.0784533408e-07  1.6764960495e-06  8.5673350719e-06 -7.0150340155e-06 -1.2476183480e-05 -6.7079406533e-06  3.1100914132e-05 -4.5131680419e-06  8.2082763390e-06  1.7503402002e-06  3.8919640999e-07  2.7843806589e-07 -4.1556849331e-06 -5.5156980551e-06  2.6072378376e-06  1.4356161451e-06 -7.1383048748e-06 -3.1203644427e-06  5.3235318361e-07 -5.2036612265e-06 -1.6020014672e-06

JOB 13
COORDS  5.4906127028e-01 -4.2514553264e-01  1.9563716395e+00  2.5217606079e-01 -9.4665293754e-02 -6.0828293947e-01  8.7553186625e-02  1.2746587871e+00  3.0984948507e-02  9.6651780820e-01  2.3193037849e-01  6.6379044229e-01  1.1442063800e+00 -7.4816541831e-01  4.3249979011e+00  1.3624564853e+00 -1.5046104987e-01  3.0142619375e+00 -5.0470732105e-01 -1.0562782238e+00  2.0382765390e+00  2.3469453931e+00  4.2391620685e-01  5.6749511933e-01 -5.6545412068e-01 -8.0301249236e-01 -5.3208105987e-01  8.7069880275e-01 -1.5539170419e-01 -1.4978385307e+00  6.0118860739e-01  2.1109338111e+00 -4.3343459292e-01 -8.4630057857e-01  1.5077522808e+00  5.3258743464e-01  1.5454056797e+00 -8.5526571009e-02  5.0960635387e+00  7.1326619516e-02 -8.7077121004e-01  4.4771097186e+00  1.6220940211e+00 -1.7316255849e+00  4.4119056611e+00  2.2623288584e+00  2.6484066342e-01  2.8083692477e+00
ENERGY -4.252301426502e+02
GRADIENT  3.2635088227e-03 -6.0053365850e-03 -1.8985868043e-03 -1.4288577360e-04 -5.0388225886e-05 -6.0254821226e-05  1.2742447640e-04 -9.6615177982e-05 -7.1718692538e-05 -1.3670117069e-03  6.2996130296e-03  2.7467900581e-03 -4.9391342949e-06 -1.0311457439e-05 -1.9379582565e-05 -2.2491680142e-03  3.3752305838e-03  8.8663851333e-04 -1.4326059015e-06  1.1658945110e-05 -1.0869402406e-05  3.7180826731e-04 -3.5934653934e-03 -1.6612987845e-03 -1.6870714580e-05  4.5179281398e-05 -1.0369766280e-05  8.2081461183e-05  1.4539766333e-05  3.4711717474e-05 -4.2973295569e-05  3.9581802317e-06 -2.3477582227e-05  8.3945894887e-06  1.0093035660e-05  4.8868491728e-05  1.9970829263e-05 -6.2037347687e-06 -1.5562757255e-05 -2.1270005785e-06  2.4054678451e-05  1.0743745376e-05 -2.2092513546e-05 -1.2728531061e-05 -5.3243966449e-06 -8.7533900225e-06  4.2900702637e-05  3.3754451232e-05

JOB 14
COORDS  5.9056623109e-01 -5.2002446574e-01  1.9164468329e+00  1.9797481022e-01 -5.4361093769e-02 -6.1688245731e-01  1.6451726631e-01  1.2996560397e+00  8.1370880527e-02  9.8756790833e-01  1.6812473471e-01  6.2770421692e-01  1.1129853974e+00 -7.0774738177e-01  4.3171944824e+00  1.2911307018e+00 -9.3790336627e-02  3.0070381899e+00 -3.6322880204e-01 -1.2942226883e+00  1.9708631146e+00  2.3736538136e+00  2.5975266361e-01  4.7786802454e-01 -6.6357278120e-01 -7.0745947244e-01 -5.3011478631e-01  7.6480285432e-01 -1.2041307274e-01 -1.5397758661e+00  7.1697396377e-01  2.1136527013e+00 -3.7862378337e-01 -7.2711330730e-01  1.5858809679e+00  6.3072303412e-01  1.3984031878e+00  7.7741551823e-03  5.0923979244e+00  6.1420907627e-02 -9.6987644699e-01  4.4383056507e+00  1.7132206395e+00 -1.6189807988e+00  4.4294624099e+00  2.1442782857e+00  4.2188419892e-01  2.8281463067e+00
ENERGY -4.252272116448e+02
GRADIENT  4.8075204280e-03 -6.4717832706e-03 -1.9135340185e-03  4.3775801656e-05  2.9032726551e-05  1.2532533526e-05 -5.0400732437e-05  2.0006838475e-05  1.8569667455e-05 -1.3058672813e-03  7.1370655324e-03  3.4320363302e-03 -2.9008413903e-06 -1.6994208099e-05 -1.2189142155e-05 -3.5044812894e-03  3.6592604762e-03  8.2307201383e-04 -2.2303402499e-05 -1.2265211039e-05 -5.0593929147e-05  3.6533235000e-05 -4.3334229191e-03 -2.3279814999e-03  8.0987874513e-06 -1.0853848936e-05 -2.0176955772e-06 -2.2214412449e-05 -2.6240626268e-06 -1.6976978784e-05  1.1382507569e-05 -3.7711640618e-06  1.2924844089e-05 -6.6572957227e-06 -1.4619208901e-06 -1.2135897156e-05  6.1957752226e-06 -8.8452431658e-06 -9.1980553435e-06 -6.9570147426e-06  2.7782038857e-06  8.1712767824e-07 -1.3065857526e-05 -1.1121363295e-05 -5.0317682630e-06 -5.9812654061e-06  1.5119445000e-05  1.0485282653e-05

JOB 15
COORDS  6.3042519213e-01 -6.0434042265e-01  1.8935236050e+00  1.2766262831e-01 -1.7129290153e-02 -5.9856382068e-01  2.5581275563e-01  1.3178026355e+00  1.3287293680e-01  9.9997542091e-01  1.0174690441e-01  6.0005973526e-01  1.0891687969e+00 -6.6693804000e-01  4.3160227787e+00  1.2067715853e+00 -4.9537132112e-02  3.0003219019e+00 -1.8795326678e-01 -1.5195441277e+00  1.9332788261e+00  2.3783937472e+00  7.7233303773e-02  3.7635857243e-01 -7.8219268477e-01 -5.9625891088e-01 -4.8274267077e-01  6.3134585957e-01 -1.0365815944e-01 -1.5557653037e+00  8.4768307465e-01  2.0923745153e+00 -3.4620827893e-01 -5.7516839221e-01  1.6700476546e+00  7.3679552658e-01  1.2189817624e+00  9.6979866326e-02  5.0867498754e+00  9.4277825063e-02 -1.1041389814e+00  4.4061927191e+00  1.8321329610e+00 -1.4599775409e+00  4.4653795208e+00  1.9712212457e+00  5.9567034964e-01  2.8410573417e+00
ENERGY -4.252241698526e+02
GRADIENT  4.7164758454e-03 -5.0539093048e-03 -1.4445349250e-03 -7.2041832868e-05 -3.0923156901e-05  8.4149499585e-06  2.6854119914e-05 -5.0860843398e-05 -1.9264840273e-05 -6.9716248108e-04  6.0985019899e-03  3.0486287958e-03  2.5342947270e-05 -3.7691660215e-05 -1.1846437360e-05 -3.6332602714e-03  2.8141276501e-03  5.1968371706e-04  2.4508359852e-05  1.3084965623e-05  3.8005327083e-05 -4.1084907846e-04 -3.7740888555e-03 -2.1386119016e-03  1.5378802120e-05 -9.8396080623e-06 -1.0189463344e-05  4.1132011034e-05  2.1079586960e-05  1.7943396483e-05 -2.8950288313e-05  2.5287151935e-05  4.1735124520e-06  6.0155620833e-06  3.5222798600e-06  7.5559511676e-06 -2.6035803156e-06 -5.2355540921e-06 -5.1731229316e-07 -2.6307154515e-06 -1.0176854164e-05  7.3273526755e-06  5.1377566647e-06 -4.4199507289e-06 -4.2903488423e-06  2.7344638360e-05 -2.4263443720e-05 -1.2664810435e-05

JOB 16
COORDS  6.8501313350e-01 -6.8789518490e-01  1.8592999292e+00  6.4075047788e-02  3.6796317403e-02 -5.7487443438e-01  3.6071514250e-01  1.3344999162e+00  1.8081839446e-01  1.0164038267e+00  4.1357198714e-02  5.6469538670e-01  1.0436524840e+00 -6.4286594761e-01  4.3012660960e+00  1.1191683702e+00 -3.6718279671e-02  2.9777993244e+00  4.2018363042e-02 -1.7334824194e+00  1.8824499941e+00  2.3695349802e+00 -9.0679437338e-02  2.5152030465e-01 -8.8873001160e-01 -4.5864479158e-01 -4.2022775849e-01  4.9313001840e-01 -6.4366222141e-02 -1.5664598862e+00  9.8579119655e-01  2.0665953509e+00 -3.2226141627e-01 -3.9905211640e-01  1.7425962073e+00  8.4102002183e-01  1.0019869550e+00  1.4345843476e-01  5.0591690696e+00  1.3584238708e-01 -1.2447589954e+00  4.3553201242e+00  1.9036356483e+00 -1.2931544440e+00  4.5024754371e+00  1.7414588948e+00  7.5007723956e-01  2.8408319176e+00
ENERGY -4.252219230172e+02
GRADIENT  3.0999278511e-03 -2.5204819150e-03 -6.9916576160e-04  8.8128322492e-05  9.8800791370e-06 -1.9697703605e-05  3.2043859614e-06  8.0613078093e-05  1.2282807550e-05 -2.4055733191e-04  3.3583298664e-03  1.9687487160e-03 -6.2762233097e-06  2.2311683888e-06 -1.3642968670e-06 -2.3944481977e-03  1.3179684722e-03  1.3971757469e-04  6.5811248756e-06 -1.9954804025e-05  3.0617061659e-05 -5.0547850049e-04 -2.1722136179e-03 -1.4258421870e-03 -6.0240137577e-06  1.2346269225e-06  4.6390533551e-06 -3.6633406119e-05 -2.3784009261e-05 -1.2506368963e-05  1.3397971638e-05 -2.4492363681e-05  3.9363072745e-07 -2.9061850255e-05 -3.9677091846e-05 -8.0130863977e-06  7.2336836200e-06 -2.6215531897e-06  1.3235648509e-07  3.9242728837e-06 -6.2384609987e-06  1.4242463334e-06  3.2946001753e-06 -4.3945402695e-06 -4.2121154688e-06 -7.3230373109e-06  5.6573323759e-06  3.5721233462e-06

JOB 17
COORDS  7.6282704498e-01 -7.6003776360e-01  1.8276374171e+00 -1.7418347798e-02  8.4139719803e-02 -5.2586413502e-01  4.3530651422e-01  1.3393326675e+00  2.2619330604e-01  1.0241970270e+00 -6.6384249214e-03  5.2979490411e-01  1.0005429844e+00 -6.3444537097e-01  4.2813790898e+00  1.0467381891e+00 -3.9881832071e-02  2.9516904404e+00  3.1830343161e-01 -1.9039227691e+00  1.8422551856e+00  2.3305303120e+00 -2.2075001679e-01  9.7885526303e-02 -9.9243767026e-01 -3.3909802392e-01 -3.0721163298e-01  3.2168738094e-01 -2.4928454241e-02 -1.5510176600e+00  1.0662456378e+00  2.0378576001e+00 -3.1550869441e-01 -2.4264013779e-01  1.7850510778e+00  9.4847941313e-01  8.0485415532e-01  1.4482242551e-01  5.0222407860e+00  1.9347603312e-01 -1.3677172084e+00  4.3055873448e+00  1.9385463069e+00 -1.1442870054e+00  4.5319816375e+00  1.5203699825e+00  8.4588293621e-01  2.8287970092e+00
ENERGY -4.252206978712e+02
GRADIENT  1.5116478685e-03 -9.1942701610e-04 -2.5346638894e-04 -3.5092791161e-05  9.9922323715e-07 -1.3080445979e-05  3.4712684579e-06 -1.1982015954e-05 -7.2792475567e-05  1.4862361675e-04  1.4634380887e-03  9.6469682093e-04  2.6234513596e-06 -8.0844009940e-07 -5.0042157427e-06 -1.2325624424e-03  4.3496189414e-04  5.5447135206e-05  3.1667923763e-05  1.0787146111e-05  1.9304677006e-05 -3.9538464687e-04 -9.9484282394e-04 -7.1573935235e-04  7.0168955467e-06  3.6899376218e-06  1.2791400041e-05  3.4169908767e-05  2.0047362686e-06  1.0808344243e-05  4.1564912093e-06  2.0005407616e-05  1.7728811031e-05 -3.2484508952e-06 -1.6591298766e-05 -2.3219653061e-07  4.7465217965e-06  2.3324467824e-06  1.8953848138e-06 -2.6615654297e-06  1.0170506894e-06  3.7399821476e-06  1.9682796027e-08  6.2903304943e-07  4.6920285704e-06 -4.3935529462e-06  7.0909824391e-06  6.0746190293e-06

JOB 18
COORDS  8.7421874527e-01 -8.0407038068e-01  1.8045304272e+00 -5.7158593271e-02  1.2285319256e-01 -4.6307199749e-01  5.4171250462e-01  1.3398916266e+00  2.4528575291e-01  1.0665474539e+00 -4.3556818167e-02  4.9956255642e-01  9.4842922069e-01 -6.2367373500e-01  4.2629482359e+00  9.9417733964e-01 -3.9041959379e-02  2.9288149600e+00  6.1899148695e-01 -2.0041018015e+00  1.8195350558e+00  2.3084365690e+00 -3.3504057515e-01 -5.0018889561e-02 -1.0390638844e+00 -2.2928860519e-01 -1.6327358923e-01  1.8512946718e-01 -7.7689904148e-03 -1.5129816608e+00  1.1703188149e+00  1.9968828905e+00 -3.4815939157e-01 -4.8858616071e-02  1.8293509346e+00  1.0145164746e+00  6.0702365696e-01  1.2799496734e-01  4.9791259524e+00  2.4707946185e-01 -1.4589195679e+00  4.2516734902e+00  1.9293776910e+00 -1.0018679007e+00  4.5746291497e+00  1.3563455387e+00  8.9891540411e-01  2.8187853349e+00
ENERGY -4.252201529782e+02
GRADIENT  5.9319488965e-04 -1.9302187640e-04 -4.2804560883e-05 -7.4390855793e-05  5.1168287686e-05  4.6428676859e-05 -4.5891186099e-05 -6.1343419651e-05  2.3221868502e-05  2.9180574575e-04  5.1001542367e-04  1.3878970045e-04 -1.7063722002e-05  4.5662521322e-06 -1.3292459314e-05 -4.6939585359e-04  7.4578382455e-05 -3.5067235557e-06 -1.5510897088e-05  1.0389062352e-05  1.2657921499e-05 -2.8719167679e-04 -3.8902528526e-04 -1.6311857727e-04  1.1829107785e-06 -2.5647614769e-05 -1.9178886555e-05  2.1594662086e-05  3.0992816922e-05  2.1819397211e-07 -2.2641479736e-05  2.8577247727e-05 -1.0820269267e-05  1.6363791324e-05  1.8324014771e-05  2.2165484050e-06 -1.2738424117e-05 -8.8880215445e-06  5.2198590016e-06  4.4914641650e-06 -1.3349497085e-05 -3.1074372052e-07  4.5504581535e-06  1.0903761641e-05 -6.9141114656e-06 -2.5439345902e-06 -6.6746859572e-06 -5.5838603198e-06

JOB 19
COORDS  1.1548474468e+00 -1.0147850637e+00  2.1833016128e+00 -1.3301653956e-01 -3.1937345925e-01  1.1560146737e-02  4.7328372185e-01  9.8389719269e-01  5.2764948296e-01  1.1220020443e+00 -3.3939585003e-01  8.2159979215e-01  1.1508363169e+00 -6.7401434301e-01  4.6184969599e+00  1.0576135650e+00 -1.7048682208e-01  3.2530989490e+00  1.2343036380e+00 -2.2342293109e+00  2.2873846590e+00  2.2881988614e+00 -6.0171094742e-01  1.2062209766e-01 -1.0431626883e+00 -6.8940451412e-01  4.7307506736e-01 -2.3311014157e-02 -5.3795807318e-01 -1.0459483184e+00  9.8100780161e-01  1.6156715480e+00 -1.9448425819e-01 -5.0087121643e-02  1.5121879271e+00  1.3192871358e+00  7.4347983644e-01  7.1738821940e-02  5.3051127324e+00  5.6880801276e-01 -1.5935889442e+00  4.6960809545e+00  2.1862797257e+00 -9.0038610342e-01  4.8989136943e+00  1.2190380880e+00  8.1392614356e-01  3.0884734078e+00
ENERGY -4.252199759745e+02
GRADIENT -6.3180803122e-05 -1.4709701848e-04 -6.8473796694e-05 -2.0878555282e-05 -8.3907142387e-05  4.0280370523e-05  4.4852529287e-05  7.3295069218e-06 -7.9942385819e-05 -2.1461339538e-06  2.7075330293e-04  1.4778029435e-04  4.3140045810e-05  2.1414070130e-05  2.4259857221e-05 -1.7513278678e-04 -1.9399327532e-05 -6.7498495143e-06  5.6619172356e-05  1.1649505188e-05 -1.9366563689e-05  3.6981356874e-05 -6.9804756388e-05 -1.0193273663e-04 -1.6796486166e-05  1.9174007302e-05 -1.6564020831e-05  2.2051291877e-06  5.2088957030e-06  6.5173657563e-06  2.6684136823e-06  6.8104328149e-06 -1.5285796983e-06  1.1902944489e-05 -2.7539014348e-05  1.5113458109e-05  1.0373521830e-05  4.1777504240e-06 -7.0503028287e-06 -1.5018997968e-05  8.0771802825e-06 -1.1562433310e-05 -5.0272506061e-06 -1.0818421030e-05 -8.0586182393e-06  7.0605454110e-05  1.3368053551e-05 -5.2315703680e-06

JOB 20
COORDS  1.2478591736e+00 -1.0036455915e+00  2.1725067936e+00 -1.7867689451e-01 -2.7317962509e-01  1.0433619922e-01  5.4958536718e-01  9.9986281204e-01  5.1646705748e-01  1.1443107125e+00 -3.5127118517e-01  8.0622605199e-01  1.0832586889e+00 -6.9325983316e-01  4.6024416450e+00  9.8301972727e-01 -1.8694459721e-01  3.2378818188e+00  1.5008684659e+00 -2.1978853658e+00  2.2845002211e+00  2.2187742521e+00 -7.0106578129e-01  1.0913465984e-02 -1.0649326861e+00 -5.6587946786e-01  6.5856095113e-01 -1.7522515232e-01 -5.3807258179e-01 -9.4826329724e-01  1.0395853407e+00  1.5691153388e+00 -2.6703272094e-01  1.2674417812e-01  1.5953657407e+00  1.3201333904e+00  5.6519117792e-01 -7.9859582766e-03  5.2773883291e+00  6.1003412374e-01 -1.6750464616e+00  4.6510004982e+00  2.1264066238e+00 -8.0140810707e-01  4.9221376271e+00  1.0535993764e+00  8.1081134423e-01  3.0935098605e+00
ENERGY -4.252200001800e+02
GRADIENT -2.0517856633e-04 -1.8968183340e-04  6.6743124401e-06 -4.0899719828e-06 -6.2608915434e-05  9.2470408657e-06  4.9249738271e-05 -2.4393487830e-06 -7.4678580243e-05 -7.3355409584e-06  8.4431790473e-05  9.4269512873e-05  3.2787399504e-05 -1.5049469307e-05 -1.6864832826e-05  2.5885567393e-05  8.4918595486e-05 -3.0902159847e-05  3.5834412410e-05  1.5447773029e-05 -3.1992478704e-05  7.5660577712e-05  7.1340287174e-05 -4.5565048949e-05 -6.7368329164e-06  1.0020159844e-05 -1.3117608261e-05 -5.8536819381e-06 -9.4001871890e-06  8.8349881256e-07  6.2988570370e-06 -6.5447615763e-06 -7.5080495545e-06  5.5113215434e-06 -3.6541115140e-05  2.0678045163e-05  5.8489904338e-06 -1.7724478310e-06 -1.4204591113e-05 -5.8352448886e-06 -3.3045350141e-06 -1.1532358427e-05  7.9493124968e-07 -8.9330646686e-06 -7.5734449879e-06  3.3455485867e-05  2.1379423510e-05 -8.1343382230e-06

JOB 21
COORDS  1.3406871436e+00 -9.8903490869e-01  2.1515744195e+00 -2.0610188942e-01 -2.2840258827e-01  1.8077237193e-01  6.3429137517e-01  1.0021192492e+00  4.8010238975e-01  1.1681951111e+00 -3.7399836892e-01  7.7759970358e-01  1.0372244439e+00 -7.1848661622e-01  4.5717989629e+00  9.1184927847e-01 -2.2377698332e-01  3.2045608025e+00  1.7701509511e+00 -2.1292609198e+00  2.2825257505e+00  2.1434378310e+00 -8.1576604965e-01 -8.9862668514e-02 -1.0570899337e+00 -4.4361704851e-01  8.1913446234e-01 -3.0637555448e-01 -5.3088951202e-01 -8.5677990245e-01  1.0996555558e+00  1.5037163536e+00 -3.6233005312e-01  3.2623712307e-01  1.6635438258e+00  1.2844831063e+00  4.0121421191e-01 -1.1904093795e-01  5.2274307077e+00  7.0967880902e-01 -1.7585229057e+00  4.6038578285e+00  2.0727853882e+00 -6.7600505397e-01  4.9295769243e+00  8.5001341140e-01  7.7556254676e-01  3.0708277785e+00
ENERGY -4.252200448307e+02
GRADIENT -2.8280546174e-05 -2.8480840889e-05 -6.3349761686e-05 -1.8766080657e-04  8.6024296871e-05 -7.6296499276e-06 -8.4917905144e-05 -1.1272292910e-04 -4.4610655321e-05  2.1683520694e-04  2.7172964639e-05 -4.8234151571e-05 -1.1010324933e-05 -1.2079831985e-05 -2.7511306396e-05  6.8512096237e-05  7.3992850398e-05  1.8562813400e-06  8.4376879113e-06 -2.2137420999e-05  9.3316678796e-06 -1.4867891463e-05 -6.2396945650e-06  1.2489206573e-04  1.8340188399e-05 -3.0306021069e-06  4.4400343117e-06  6.3486742192e-05 -1.5246610850e-05 -2.9604461900e-06 -1.7020763990e-05  3.4072302818e-05  1.1994318423e-05  3.1231660681e-05  3.8528646818e-06  1.1321803481e-05 -5.7807010109e-06 -1.7693958511e-06 -2.3150526253e-06  5.5798811476e-06 -5.4540743907e-06  5.7016344898e-06  8.0187905348e-07  7.3097132677e-06 -8.9477017092e-07 -3.1088634383e-05 -6.2532174535e-06  6.3329656388e-06

JOB 22
COORDS  1.4014154538e+00 -9.6312654564e-01  2.1727794468e+00 -2.3624320279e-01 -1.5877491268e-01  2.7925534436e-01  7.1449154154e-01  1.0071116585e+00  4.8453770795e-01  1.1628782158e+00 -3.9888442550e-01  7.8786206489e-01  1.0069681722e+00 -7.2689767826e-01  4.5834500593e+00  8.1403792690e-01 -2.7965819094e-01  3.2074368636e+00  2.0254781392e+00 -2.0048959850e+00  2.3346854627e+00  2.0390032154e+00 -9.3352925798e-01 -1.2720567868e-01 -1.0548368780e+00 -2.9891137531e-01  9.7796952657e-01 -4.2885398389e-01 -4.7347167494e-01 -7.4141839568e-01  1.1577948780e+00  1.4464850938e+00 -4.0328114553e-01  5.3484286639e-01  1.7134106828e+00  1.2900893556e+00  2.7819931874e-01 -2.2522526139e-01  5.2243082988e+00  8.4859258174e-01 -1.8051199409e+00  4.6341114068e+00  2.0193948845e+00 -5.1324352286e-01  4.9460628094e+00  5.4440993675e-01  6.8277844549e-01  3.0627650472e+00
ENERGY -4.252200635361e+02
GRADIENT -9.0895755282e-05  2.6148386956e-07 -3.2423113518e-05 -1.2713606738e-04  4.6927779696e-05 -1.3471039826e-05  2.0652077170e-05 -7.0768840033e-05 -1.4418952787e-06  7.6181412440e-05 -4.1805780295e-05 -4.9992938476e-05 -2.2942838667e-06  1.4615322239e-05  1.9922993464e-05  4.5314464583e-05 -6.9814759381e-06  5.6354101042e-06  4.3707100354e-06 -1.1774379347e-05 -3.8366828707e-06  1.1342558606e-05  4.3624966858e-05  3.0780246582e-05  1.8337625570e-05  6.5231033542e-06  1.0572308134e-05  4.1854143014e-05 -1.0452222824e-05 -3.7628319035e-06 -2.5814337122e-05  2.6207503213e-05 -2.5112455486e-06  1.0324387513e-05  6.9691414398e-07  9.5263045399e-06  3.3864862562e-06  2.4659235168e-06  8.8539427037e-07 -4.1622076409e-06  1.3093604061e-06 -1.5599323205e-06  2.6301383666e-06 -5.5889301315e-06 -5.0047800309e-06  7.0444956564e-06  8.1146431973e-06  1.1686854655e-06

JOB 23
COORDS  1.4315758705e+00 -9.6206476258e-01  2.1558455764e+00 -2.6043008426e-01 -6.1340054673e-02  3.2705590806e-01  8.2105591990e-01  9.9622327022e-01  4.6347381746e-01  1.1287502893e+00 -4.4889647810e-01  7.6373537730e-01  9.9886540336e-01 -7.3302250515e-01  4.5654674607e+00  7.2503420262e-01 -3.7784356480e-01  3.1769422664e+00  2.2352936446e+00 -1.8678247801e+00  2.3412205182e+00  1.8842543078e+00 -1.0942159231e+00 -1.8458973839e-01 -1.0616946838e+00 -1.1134699013e-01  1.0578154883e+00 -5.3450412961e-01 -3.5990910538e-01 -6.7965172381e-01  1.2543919748e+00  1.3811614952e+00 -4.5398271046e-01  7.8440018896e-01  1.7100947169e+00  1.2814500807e+00  1.5977283995e-01 -4.1077540312e-01  5.1864668621e+00  1.1077266321e+00 -1.8157855828e+00  4.6413451135e+00  1.9218723683e+00 -2.6916059457e-01  4.9334519976e+00  2.0469968150e-01  4.6986138603e-01  3.0017326349e+00
ENERGY -4.252200650981e+02
GRADIENT  1.7944517742e-04  1.4218018753e-04  5.3410147308e-06  6.5044086237e-06 -3.3891556534e-05  2.8504183502e-05  1.1749214307e-05  8.2835758220e-06 -8.0576167278e-05  1.7358162393e-04  1.9901617719e-04  9.2579049895e-05 -1.6123455377e-05  8.8240957861e-07  2.0175637448e-06 -1.4492498716e-04 -1.4849773276e-04 -1.5333519980e-05 -1.0326495035e-05 -5.9477962546e-06 -6.4742455624e-07 -1.6650323755e-04 -1.6527360085e-04 -5.2435625977e-05 -1.6356724400e-05  1.1812119433e-05 -2.1350865119e-05 -4.9220330484e-07 -6.5596706633e-06 -6.4907101118e-07  7.8172124191e-06 -1.7659464188e-06  4.1664300969e-06 -3.5667957974e-07 -3.3722718301e-05  2.2609498518e-05 -6.0339622820e-06 -1.0293725258e-05  1.3787844715e-07  1.0037168945e-05  2.9449540870e-06 -3.0998103954e-06 -5.6842444908e-06  1.0576657196e-05  4.0743135807e-06  4.9139408113e-07 -2.7755440889e-06 -7.2539811067e-06

