23
0 1 C6H8N2O5S2
C                     2.020456484689    -1.209624273246    -0.265614445996
C                     0.826224329418    -0.836197298484     0.343894544118
C                     1.887070074865    -1.006587149671     2.525593326686
C                     3.155283287038    -1.490003546613     0.508835344764
C                     0.767816436395    -0.745788873742     1.734786001696
C                     3.078938044887    -1.380071002367     1.912287157054
N                    -1.546381375393    -1.762774145801     2.778475730949
N                     4.012546730002    -1.458931105455     4.454331654215
O                    -0.437272284939     0.274045474730     3.841333646661
O                    -1.569305197948     0.450143915997     1.534676391105
O                     4.869539973846    -3.146234460845     2.754731547209
O                     5.549971322397    -0.681108475301     2.572495826638
O                     4.339891000878    -1.860255811454    -0.033871552532
S                    -0.766879132526    -0.275021390024     2.523555847135
S                     4.566152656457    -1.720293441933     2.874603717031
H                     2.080363681762    -1.278971201877    -1.349776109214
H                    -0.049120581073    -0.600410798957    -0.252719118949
H                     1.841924025972    -0.906177590516     3.603579950351
H                    -1.648094625082    -1.926675078909     3.779343422701
H                    -2.454652758155    -1.747617494232     2.315873955619
H                     4.134472731902    -2.312695288130     4.997055893984
H                     4.520963568750    -0.678994292433     4.868667572711
H                     4.272055694452    -1.886122599538    -1.002032806251

22.075798489495714
       0.0421        0.1288       -0.0215
       0.0302        0.1043       -0.0244
      -0.0111       -0.0129       -0.0147
       0.0237        0.0837       -0.0156
       0.0050        0.0368       -0.0238
      -0.0050        0.0078       -0.0091
       0.2687       -0.0430        0.4960
      -0.0768       -0.1970        0.0111
      -0.0126        0.4188       -0.1996
      -0.1738       -0.3879       -0.1843
      -0.0278       -0.0607       -0.1135
      -0.0268       -0.0430        0.1297
       0.0407        0.1279       -0.0102
      -0.0067        0.0135       -0.0417
      -0.0481       -0.1023        0.0071
       0.0181        0.0537       -0.0069
       0.0119        0.0408       -0.0073
      -0.0072       -0.0206       -0.0029
      -0.0044        0.1295        0.1483
       0.1126       -0.1444        0.0498
      -0.0304       -0.0666       -0.0165
      -0.0188       -0.0661        0.0257
       0.0163        0.0466       -0.0033

42.09926303025509
       0.0441        0.1776       -0.0083
       0.0349        0.1436       -0.0056
       0.0144        0.0653       -0.0017
       0.0300        0.1284       -0.0066
       0.0171        0.0757       -0.0024
       0.0222        0.0959       -0.0043
       0.1199       -0.1437       -0.0250
       0.1047        0.3901       -0.0276
      -0.0843       -0.0703        0.0205
      -0.0900       -0.1233        0.0189
      -0.4076       -0.1663        0.3079
       0.2517       -0.3953       -0.2727
       0.0227        0.1089       -0.0056
      -0.0338       -0.0976        0.0072
      -0.0262       -0.0804        0.0054
       0.0162        0.0643       -0.0030
       0.0108        0.0462       -0.0009
       0.0013        0.0085        0.0004
       0.0250       -0.0403       -0.0078
       0.0376       -0.0657       -0.0180
       0.0166        0.1372        0.0464
       0.0529        0.1197       -0.0662
       0.0043        0.0218       -0.0011

90.92150976458824
      -0.0041       -0.0635        0.0061
      -0.0600       -0.2638        0.0180
      -0.0612       -0.2613        0.0177
       0.0462        0.1120       -0.0056
      -0.0781       -0.3120        0.0213
      -0.0045       -0.0639        0.0053
      -0.3645        0.2061        0.1801
       0.0426        0.0604       -0.0075
       0.1340        0.0610       -0.0778
       0.1642        0.0576       -0.0944
      -0.0292       -0.0487        0.0829
       0.0375       -0.0829       -0.0928
       0.1703        0.5429       -0.0324
      -0.0133       -0.0282       -0.0125
       0.0176       -0.0438       -0.0046
       0.0049        0.0063        0.0006
      -0.0212       -0.0904        0.0056
      -0.0210       -0.0891        0.0062
      -0.1140        0.0996        0.0539
      -0.0936        0.0956        0.0415
       0.0415        0.0328        0.0174
      -0.0076        0.0411       -0.0256
       0.0448        0.1475       -0.0085

96.73191859705986
      -0.0846       -0.2873        0.0166
      -0.0936       -0.3262        0.0154
       0.0900        0.3344       -0.0227
       0.0151        0.0571       -0.0008
       0.0124        0.0455       -0.0033
       0.0778        0.2813       -0.0180
       0.0318       -0.0272       -0.0991
      -0.0302       -0.0912        0.0134
       0.0433        0.0437       -0.0201
      -0.0853       -0.0433        0.0437
      -0.2979       -0.0133       -0.2341
       0.2511       -0.1282        0.2648
       0.0521        0.1947       -0.0110
       0.0102        0.0115        0.0042
       0.0069        0.0467        0.0060
      -0.0445       -0.1545        0.0083
      -0.0521       -0.1817        0.0067
       0.0398        0.1522       -0.0113
       0.1805       -0.1269       -0.0287
      -0.0746        0.0821        0.1389
      -0.1135       -0.0682       -0.0417
       0.0687       -0.1039        0.0588
      -0.0195       -0.0613        0.0025

107.76212710463956
      -0.0288        0.0013        0.1543
      -0.0043        0.0117        0.1767
       0.0189        0.0522        0.1808
      -0.0275        0.0121        0.1418
       0.0031        0.0351        0.1766
       0.0091        0.0400        0.1413
      -0.1509        0.0245       -0.1236
       0.3997       -0.1114        0.0367
      -0.4562        0.1381       -0.0227
       0.0267       -0.0669       -0.2722
       0.0982       -0.0342       -0.2257
       0.1370       -0.0495       -0.1631
      -0.0498       -0.0130        0.1485
      -0.2094        0.0469       -0.0747
       0.2155       -0.0509       -0.0939
      -0.0149       -0.0052        0.0448
      -0.0040        0.0019        0.0553
       0.0120        0.0166        0.0535
      -0.1059        0.0259       -0.0367
      -0.0095       -0.0100       -0.0943
       0.1075       -0.0444       -0.0130
       0.1447       -0.0521        0.0057
      -0.0176       -0.0106        0.0380

135.04187998354496
      -0.0314       -0.1217       -0.0256
      -0.0227       -0.0870       -0.0232
       0.0267        0.0907       -0.0373
       0.0005       -0.0097       -0.0332
       0.0042        0.0070       -0.0275
       0.0276        0.1084       -0.0392
       0.0704       -0.0062        0.2014
      -0.0569        0.0483       -0.0241
      -0.0943       -0.2228        0.1197
       0.1996        0.1489       -0.0208
      -0.1369        0.0306       -0.0838
       0.0860       -0.0130        0.1107
       0.0016       -0.0135       -0.0376
       0.0272       -0.0241        0.0135
      -0.0228        0.0710       -0.0065
      -0.0175       -0.0613       -0.0063
      -0.0078       -0.0359       -0.0093
       0.0073        0.0348       -0.0117
      -0.4857        0.3322        0.0576
       0.2633       -0.2766       -0.4323
      -0.1028       -0.0105       -0.0239
       0.0388       -0.0387        0.0241
      -0.0120       -0.0448       -0.0075

194.21675492261153
      -0.1307       -0.2775        0.0366
      -0.0721       -0.1338        0.0518
       0.0120        0.0172        0.0275
      -0.0539       -0.0553        0.0035
       0.0513        0.1644        0.0342
      -0.0492       -0.1573        0.0124
       0.4203       -0.1154       -0.1976
      -0.0580       -0.0933        0.0044
      -0.1815        0.1087        0.0699
      -0.0069        0.1001        0.0275
       0.1657       -0.0721        0.2037
      -0.2047        0.0019       -0.1789
       0.0488        0.4037       -0.0720
       0.0706        0.1913        0.0062
      -0.0561       -0.1392        0.0122
      -0.0550       -0.1203        0.0122
      -0.0316       -0.0631        0.0211
       0.0085        0.0031        0.0085
       0.0540       -0.0386       -0.0599
       0.1424       -0.1112       -0.1142
       0.1338        0.0195        0.0379
      -0.1305        0.0749       -0.0457
      -0.0046        0.0857       -0.0164

198.30621967147968
       0.1535       -0.0787       -0.0051
       0.0817       -0.0507       -0.1251
      -0.1457        0.0467        0.0103
       0.0540       -0.0154        0.1472
      -0.0558        0.0308       -0.1340
      -0.1286        0.0168        0.1204
       0.0934       -0.0205        0.0514
       0.2278       -0.0634        0.0509
       0.2353       -0.1051       -0.0546
      -0.1782        0.1090        0.1653
      -0.1811        0.0103       -0.2269
      -0.2242        0.0537       -0.2791
       0.2262        0.0256        0.5020
      -0.0071        0.0231       -0.0662
      -0.1613        0.0160       -0.0935
       0.0779       -0.0361        0.0014
       0.0401       -0.0261       -0.0660
      -0.0722        0.0260        0.0011
      -0.0069        0.0374        0.0176
       0.0420       -0.0556       -0.0207
       0.0900       -0.0229       -0.0021
       0.0792       -0.0187       -0.0055
       0.1290       -0.0093        0.1215

243.7427145872428
       0.0576       -0.0430       -0.0662
       0.0066       -0.0227       -0.1372
      -0.0113        0.1279       -0.1344
       0.0692        0.0180       -0.0409
      -0.0664        0.0939       -0.1384
       0.0571        0.0686       -0.0434
      -0.1751        0.0604        0.1076
      -0.0388       -0.1799       -0.0213
      -0.0324       -0.0505       -0.0176
      -0.4492        0.1153        0.2251
       0.3096       -0.0318        0.1850
       0.2617       -0.1248        0.0253
       0.0967       -0.0214        0.0013
      -0.2948        0.0672       -0.0210
       0.2492       -0.0663        0.0344
       0.0224       -0.0374       -0.0175
       0.0093       -0.0355       -0.0639
      -0.0186        0.0277       -0.0384
      -0.1087        0.0817        0.0332
      -0.0145       -0.0305       -0.0355
       0.2301        0.0113        0.0347
      -0.2167        0.1079       -0.0463
       0.0189       -0.0708        0.0024

251.2973752010843
       0.0078        0.0541        0.0314
       0.0120       -0.0230        0.0715
       0.0642        0.1294        0.0578
       0.0206        0.1092        0.0206
       0.0503       -0.0087        0.0717
       0.0443        0.2167        0.0055
      -0.0614        0.0202        0.0369
      -0.1737       -0.3113       -0.0101
       0.0249       -0.0386        0.0252
       0.2675       -0.1106       -0.1500
      -0.1966        0.0523        0.0126
      -0.0356        0.0129       -0.1701
      -0.0331       -0.0980        0.0637
       0.1252       -0.1054        0.0302
      -0.1014        0.1128       -0.0646
      -0.0098       -0.0026        0.0098
      -0.0104       -0.0321        0.0321
       0.0125        0.0006        0.0190
      -0.0046       -0.0025        0.0096
      -0.0213        0.0354        0.0208
       0.4665        0.0268        0.0570
      -0.4522        0.2301       -0.0955
      -0.0343       -0.1354        0.0208

272.1353333841662
       0.1251       -0.0513        0.0155
       0.1286       -0.0222        0.0642
       0.0553       -0.0317        0.0307
       0.1209       -0.0553        0.0079
       0.0495        0.0026        0.0792
       0.0250       -0.0449       -0.0385
      -0.0457        0.0161        0.0434
      -0.4743        0.1616       -0.3505
      -0.3016        0.0901        0.1636
       0.0489       -0.0078        0.0260
       0.0923        0.0009       -0.1265
       0.0578       -0.0567       -0.0763
       0.2830       -0.0458        0.2820
      -0.0566        0.0401        0.1702
      -0.0199       -0.0253       -0.2618
       0.0212       -0.0109        0.0037
       0.0429       -0.0051        0.0107
       0.0380       -0.0117        0.0083
       0.0401       -0.0370        0.0102
      -0.0385        0.0421        0.0639
      -0.2361        0.0447       -0.0672
      -0.1029        0.0063       -0.0533
       0.1453        0.0025        0.0651

304.24827825127505
      -0.1331       -0.0267        0.0330
      -0.1113        0.0373        0.0068
      -0.1851       -0.3155        0.0841
      -0.1679        0.0101        0.0952
      -0.0967       -0.1471        0.0039
      -0.0873       -0.0011        0.0850
       0.2238       -0.0966       -0.1249
      -0.1185        0.0597       -0.0878
       0.1416        0.0809       -0.1176
      -0.0127        0.1205        0.0364
      -0.0139        0.0871       -0.1888
       0.3992       -0.1172        0.2030
      -0.1901       -0.0684        0.2124
       0.0414        0.0486       -0.0903
       0.1389        0.1289       -0.0515
      -0.0246       -0.0164        0.0111
      -0.0247        0.0550        0.0085
      -0.0828       -0.1335        0.0263
       0.0326       -0.0293       -0.0364
       0.0720       -0.0772       -0.0593
       0.1201        0.0640        0.0189
      -0.1611        0.1184       -0.0568
       0.0650        0.2749        0.0379

310.7779448255683
      -0.1335        0.1189        0.0414
      -0.1404        0.0199        0.0297
      -0.0267        0.2671        0.0917
      -0.1973        0.1023        0.1266
      -0.0151        0.0911        0.0137
      -0.0900        0.0554        0.1142
      -0.0417        0.0202       -0.0196
      -0.2018        0.0373       -0.1332
       0.3267       -0.1431       -0.1150
       0.0695       -0.1193       -0.1298
       0.3755       -0.0484        0.1212
       0.0233       -0.1090       -0.1231
      -0.1929        0.1602        0.2639
       0.1062       -0.0887       -0.1206
       0.0695       -0.1431       -0.0569
      -0.0156        0.0448        0.0130
      -0.0586       -0.0173        0.0266
      -0.0214        0.1227        0.0202
      -0.0487        0.0331       -0.0047
       0.0081        0.0034       -0.0424
      -0.2116       -0.0179       -0.0441
       0.0393       -0.0783        0.0168
      -0.0919       -0.2234        0.0767

328.16320006510006
      -0.0184       -0.0265        0.0030
      -0.0119       -0.0270        0.0068
       0.0745        0.2542       -0.0059
      -0.0063        0.0245        0.0030
       0.0456        0.1378       -0.0014
       0.0038        0.0213        0.0030
      -0.1078        0.0633        0.0444
      -0.0219       -0.0527        0.0001
       0.0635       -0.1032        0.0166
       0.0163       -0.1097       -0.0692
       0.0485       -0.0262        0.0891
      -0.0594       -0.0086       -0.0843
      -0.0691       -0.1754        0.0095
       0.0200       -0.0448       -0.0067
      -0.0136       -0.0451        0.0022
      -0.0237       -0.0731        0.0042
      -0.0216       -0.0639        0.0067
       0.0314        0.1203       -0.0059
      -0.0345        0.0270        0.0125
      -0.0227        0.0320        0.0013
      -0.0224       -0.0242       -0.0121
       0.0019       -0.0276        0.0156
       0.2392        0.8367       -0.0391

363.38864208395114
       0.1074        0.3075        0.0216
      -0.0667       -0.3481        0.0824
       0.0313       -0.0045        0.0341
       0.1060        0.2436       -0.0118
      -0.0699       -0.3281        0.0727
       0.0678        0.1533       -0.0079
       0.1148       -0.1410       -0.1548
      -0.0745       -0.1537       -0.0057
       0.0060        0.2818       -0.1151
      -0.0592        0.1715        0.1795
       0.0128        0.0133        0.1894
      -0.0521        0.0151       -0.2202
      -0.0350       -0.2171       -0.0360
      -0.0317        0.0125        0.0267
       0.0002        0.0431       -0.0133
       0.0317        0.1317        0.0036
      -0.0434       -0.1850        0.0255
       0.0258        0.0237        0.0081
      -0.0664       -0.0359       -0.0499
       0.0692       -0.0746       -0.1202
      -0.1358       -0.1080       -0.0806
       0.0431       -0.1352        0.0976
       0.0040        0.0330       -0.0123

363.83818747084814
       0.0340       -0.0815        0.1458
       0.1239        0.0671        0.2116
       0.1290       -0.0348        0.1400
       0.0762       -0.0969        0.0351
       0.1150        0.0654        0.1819
       0.0690       -0.0753        0.0367
      -0.1786        0.0688       -0.2892
      -0.0936        0.0851       -0.0543
       0.3460        0.1593       -0.1247
      -0.3520       -0.2655        0.1215
      -0.1092       -0.0087       -0.1379
      -0.0710        0.0426        0.0124
       0.0557        0.0345       -0.1540
       0.0224       -0.0010        0.0441
      -0.0438       -0.0063       -0.0246
      -0.0181       -0.0212        0.0408
       0.0380        0.0447        0.0679
       0.0620       -0.0267        0.0417
      -0.2741        0.0079       -0.1029
       0.0623        0.0377       -0.2916
       0.0052        0.0535        0.0265
      -0.0664        0.0649       -0.0434
      -0.0410       -0.0053       -0.0346

388.68934670947027
       0.0669        0.2304       -0.0156
      -0.0664       -0.2372        0.0067
       0.0472        0.1977       -0.0146
       0.0281        0.0976       -0.0048
      -0.0238       -0.0739        0.0002
      -0.0168       -0.0505        0.0043
       0.0328       -0.0429        0.0081
       0.0975        0.3402       -0.0178
      -0.0334        0.0396       -0.0180
       0.0375        0.0739        0.0247
       0.1626       -0.1462       -0.3072
      -0.2018        0.0034        0.3192
      -0.0214       -0.0671       -0.0032
      -0.0133       -0.0115       -0.0026
      -0.0846       -0.3117        0.0224
       0.0317        0.1090       -0.0066
      -0.0420       -0.1508        0.0029
       0.0248        0.1081       -0.0083
       0.0005        0.0003        0.0037
       0.0109       -0.0277       -0.0031
       0.1787        0.2340        0.1854
      -0.0351        0.2498       -0.2265
       0.0003        0.0092       -0.0019

414.58479299219226
       0.1342       -0.0265        0.2358
       0.1483       -0.0285        0.1692
       0.0320        0.0061        0.1733
       0.1260       -0.0349        0.1572
       0.0430       -0.0028        0.1231
       0.0638       -0.0129        0.1652
       0.1093       -0.0186        0.2175
      -0.1917        0.0492        0.0245
       0.0303       -0.2944       -0.1371
      -0.0950        0.2919       -0.0509
       0.0161        0.0509       -0.1854
      -0.0085       -0.0744       -0.1839
      -0.0660        0.0009       -0.3148
      -0.1583        0.0296       -0.3141
      -0.0273        0.0214        0.0749
       0.0406       -0.0080        0.0684
       0.0557       -0.0119        0.0293
       0.0069        0.0045        0.0486
       0.1697        0.0836        0.0874
      -0.0331       -0.1001        0.1784
      -0.0744        0.0176        0.0198
      -0.0644        0.0119        0.0266
      -0.1457        0.0436       -0.0712

452.7526055381566
      -0.1068        0.0254       -0.0154
      -0.0137        0.0118        0.1904
       0.1401       -0.0373        0.1088
      -0.0644        0.0256       -0.0846
       0.0738       -0.0092        0.1600
       0.0444       -0.0059       -0.0962
       0.0475       -0.0005        0.0876
       0.1549       -0.0679       -0.3243
       0.0517       -0.1612       -0.1073
      -0.1093        0.1500       -0.0302
      -0.2567       -0.1977        0.3214
      -0.1081        0.3392        0.2775
       0.0374       -0.0052        0.1464
      -0.0990        0.0249       -0.1974
       0.1722       -0.0677       -0.2546
      -0.0766        0.0150       -0.0068
      -0.0256        0.0110        0.0895
       0.0776       -0.0287        0.0337
       0.0702        0.0574        0.0390
      -0.0114       -0.0618        0.0695
       0.0065       -0.0117       -0.0742
      -0.0056        0.0054       -0.0805
       0.0782       -0.0246        0.0326

471.8320088617475
      -0.0061       -0.0136       -0.0036
       0.0463        0.1552       -0.0172
       0.0869        0.2738       -0.0063
      -0.1095       -0.3323        0.0312
       0.0173       -0.0285       -0.0066
      -0.0495       -0.1965        0.0230
      -0.1620       -0.3451        0.0558
      -0.0102       -0.0414       -0.0126
      -0.0344        0.3117       -0.2668
       0.2076        0.2856        0.2276
      -0.0695        0.0193        0.0112
       0.0533        0.0147        0.0009
       0.0146        0.1466       -0.0011
      -0.0236       -0.3318       -0.0183
       0.0302        0.0538       -0.0093
       0.0327        0.0980       -0.0056
       0.0343        0.1273       -0.0033
       0.0474        0.1879       -0.0111
      -0.0777       -0.0191        0.0270
      -0.0554       -0.0316        0.0330
       0.0302       -0.0132       -0.0139
      -0.0419        0.0067        0.0104
       0.0024        0.0430       -0.0003

482.82018112351227
      -0.0807       -0.2875        0.0132
       0.0622        0.2149       -0.0247
      -0.0333       -0.1613        0.0187
       0.0795        0.3296       -0.0024
       0.0547        0.1117       -0.0203
       0.1379        0.4536       -0.0095
      -0.1135       -0.1964        0.0321
       0.0104        0.0875       -0.0082
      -0.0167        0.1719       -0.1536
       0.1013        0.1429        0.1348
       0.1400       -0.1032       -0.0147
      -0.1920        0.0110       -0.0121
      -0.0541       -0.0775        0.0103
       0.0148       -0.1848       -0.0223
      -0.0251       -0.1831        0.0307
      -0.0784       -0.3000        0.0147
       0.0133        0.0531       -0.0039
      -0.0572       -0.2114        0.0187
      -0.0452       -0.0004        0.0181
      -0.0466        0.0114        0.0370
      -0.0634        0.0476        0.0497
       0.0529        0.0144       -0.0459
      -0.0085        0.0070        0.0016

512.3436293697383
      -0.1465        0.0009       -0.0930
      -0.0153        0.0632        0.2525
       0.0869        0.0042        0.0453
       0.0172       -0.0274       -0.2862
      -0.0255        0.0054        0.2177
      -0.0697        0.0422       -0.2436
       0.0241       -0.0772        0.0154
       0.0282        0.0148        0.2225
       0.1826       -0.0458       -0.0753
       0.0357        0.0958       -0.1181
       0.2373        0.1746        0.0125
       0.0778       -0.2682        0.0448
       0.2560       -0.0605        0.0770
      -0.2141        0.0244       -0.0107
      -0.3643        0.0772       -0.0579
      -0.1437        0.0209       -0.0333
      -0.0223        0.0428        0.1086
       0.1051       -0.0248        0.0190
       0.0410       -0.0440        0.0037
       0.0056       -0.1098        0.0041
       0.1426       -0.0214       -0.0046
       0.1453       -0.0484       -0.0032
       0.1767       -0.0468        0.0113

539.5390473230701
       0.1191       -0.0683        0.2109
       0.0216        0.0633       -0.0429
      -0.2103        0.0896       -0.0929
       0.1453       -0.0535        0.1329
      -0.2668        0.0141       -0.0315
      -0.0388        0.0795        0.0698
       0.0214       -0.1433       -0.0408
       0.0679       -0.0279       -0.1862
       0.3156        0.0593        0.0846
       0.2234       -0.0039       -0.2803
      -0.0028       -0.0629        0.1094
      -0.0081        0.0663        0.0951
       0.0913       -0.0236       -0.1719
      -0.3906        0.1042        0.2797
       0.0267       -0.0371       -0.1162
       0.0569       -0.0269        0.0621
       0.0611        0.0300       -0.0880
      -0.0710        0.0373       -0.0281
       0.0353       -0.2037       -0.0365
       0.0299       -0.1720       -0.0599
      -0.0034       -0.0011       -0.0380
       0.0039       -0.0001       -0.0499
      -0.0668        0.0259       -0.0381

568.56998204115
       0.1960       -0.0460        0.0132
       0.2173       -0.0804       -0.0497
      -0.1253        0.0221        0.1745
       0.0287        0.0226        0.1288
       0.0702        0.0159       -0.0306
      -0.1440        0.0314        0.0943
      -0.0088        0.0684        0.0036
       0.1390       -0.0516       -0.2018
      -0.1246        0.0150       -0.0103
      -0.0322       -0.0372        0.1308
       0.1545        0.1381        0.2397
       0.0794       -0.1619        0.2626
      -0.1507        0.0274       -0.1220
       0.1712       -0.0651       -0.0460
      -0.4031        0.0909       -0.3402
       0.0919       -0.0345        0.0076
       0.0694       -0.0448       -0.0312
      -0.0558        0.0018        0.0505
      -0.0240        0.0562        0.0052
      -0.0043        0.0820        0.0061
       0.1648       -0.0409       -0.1242
       0.1600       -0.0642       -0.1088
      -0.1249        0.0295       -0.0248

596.3500778570647
      -0.0384       -0.1491       -0.0107
       0.0733        0.2035       -0.0209
       0.0568        0.1572        0.0025
      -0.0825       -0.2185        0.0207
      -0.1312       -0.6111        0.0234
       0.1067        0.3731       -0.0184
       0.1318        0.2421       -0.0420
      -0.0049        0.0069        0.0074
      -0.0843       -0.0532        0.0434
      -0.0948       -0.0520        0.0343
       0.0840       -0.0559        0.0172
      -0.1020       -0.0108       -0.0120
      -0.0108        0.0755        0.0064
       0.0484        0.0368       -0.0218
      -0.0320       -0.0939        0.0008
       0.0352        0.0971       -0.0095
       0.0896        0.3152       -0.0054
       0.0364        0.1501       -0.0083
       0.0680       -0.0202       -0.0257
       0.0541       -0.0199       -0.0424
       0.0113        0.0228        0.0322
       0.0126        0.0142       -0.0374
       0.0084        0.0633       -0.0001

656.737573449595
      -0.1528        0.0737        0.4578
      -0.3579        0.0983        0.0948
      -0.0731       -0.0006       -0.2594
       0.1790       -0.0432        0.0535
      -0.2099        0.0756       -0.0003
       0.0579       -0.0202       -0.0195
       0.0622        0.1619       -0.0142
       0.1730       -0.0593       -0.2276
      -0.1156       -0.0263       -0.1190
       0.0133       -0.0297        0.1400
       0.0391        0.0942        0.0168
      -0.0156       -0.0980        0.0335
       0.2805       -0.0848       -0.0502
       0.2099       -0.1549       -0.1295
      -0.1210        0.0385        0.0778
      -0.0728        0.0258        0.1315
      -0.0742        0.0132       -0.0214
      -0.0271       -0.0011       -0.0757
       0.0146        0.0790        0.0007
       0.0155        0.0783        0.0020
      -0.0906       -0.0022       -0.0192
      -0.0825        0.0409       -0.0233
       0.0571       -0.0174       -0.0140

674.9684421815741
       0.0098       -0.0036       -0.0090
       0.0165        0.0027       -0.0019
      -0.0250        0.0050        0.0110
       0.0128        0.0874        0.0020
       0.0087        0.1092       -0.0047
      -0.0432       -0.0964        0.0069
       0.0758        0.5879        0.0316
      -0.1458        0.0515        0.1670
      -0.0642        0.0311       -0.1999
       0.1270        0.0130        0.1686
      -0.0372       -0.0737        0.0010
       0.0356        0.0856       -0.0068
      -0.0127       -0.0116       -0.0028
      -0.1506       -0.3682        0.0460
       0.0860       -0.0150       -0.1092
      -0.0113       -0.0675        0.0008
      -0.0098       -0.0551       -0.0016
      -0.0093       -0.0116        0.0045
       0.2052       -0.2806       -0.0614
       0.1288       -0.2650       -0.1808
       0.1055       -0.0077       -0.0113
       0.1054       -0.0548        0.0099
      -0.0118       -0.0167        0.0005

685.1832642450298
       0.0339       -0.0260       -0.2295
       0.1447       -0.0353        0.0003
       0.0639       -0.0086        0.0779
      -0.0729        0.0450       -0.0668
       0.0987        0.0006        0.0277
      -0.0204       -0.0301       -0.0008
       0.0012        0.1579        0.0190
       0.3684       -0.1185       -0.3844
       0.0227        0.0239       -0.0250
       0.0369        0.0209        0.0027
       0.0376        0.1724       -0.0508
      -0.0527       -0.1733       -0.0155
      -0.1008        0.0266        0.0406
      -0.1385       -0.0741        0.0566
      -0.1241        0.0616        0.3378
      -0.0017       -0.0236       -0.0666
       0.0176       -0.0165        0.0332
       0.0191       -0.0049        0.0229
       0.0797       -0.1491       -0.0247
       0.0415       -0.1427       -0.0678
      -0.3529        0.0186        0.0482
      -0.3273        0.1534        0.0335
      -0.0043       -0.0040        0.0100

727.4257996186874
       0.0047       -0.0046       -0.1946
       0.0977       -0.0384        0.1094
      -0.4174        0.1193        0.3323
       0.0338       -0.0583       -0.1725
      -0.2059        0.0812        0.1056
      -0.4163        0.1537       -0.0056
       0.0540        0.0237       -0.0298
       0.0163       -0.0016        0.0336
      -0.0387       -0.0033       -0.0307
       0.0427       -0.0523        0.0717
      -0.0036       -0.1114       -0.0087
       0.0475        0.0938       -0.0259
       0.2773       -0.0857       -0.2094
       0.1449       -0.0637       -0.0460
       0.1972       -0.0534        0.0511
      -0.0875        0.0485       -0.0656
       0.0269       -0.0022        0.0376
      -0.1226        0.0329        0.0986
      -0.0265        0.0911        0.0038
      -0.0039        0.1203        0.0265
      -0.1134        0.0201        0.0634
      -0.1053        0.0448        0.0529
       0.0643       -0.0178       -0.0543

741.4542990611176
       0.0408        0.1266       -0.0015
      -0.0675       -0.2524        0.0054
      -0.0252       -0.1890       -0.0087
      -0.1486       -0.5065        0.0394
       0.1035        0.3430       -0.0213
       0.1532        0.4640       -0.0364
      -0.0258        0.0376        0.0175
       0.0003        0.0070        0.0013
       0.0090        0.0079       -0.0321
       0.0275        0.0084        0.0108
       0.0397       -0.0221        0.0122
      -0.0517       -0.0094       -0.0086
      -0.0042        0.0754        0.0110
      -0.0331       -0.0432        0.0118
      -0.0183       -0.0329       -0.0000
       0.1116        0.3586       -0.0154
      -0.0053       -0.0301       -0.0025
      -0.0471       -0.2330        0.0121
       0.0219       -0.0456       -0.0036
       0.0054       -0.0412       -0.0168
      -0.0117        0.0072        0.0111
       0.0243       -0.0049       -0.0159
       0.0103        0.0620        0.0010

817.9833633786337
      -0.1199       -0.4037        0.0181
      -0.0614       -0.1755       -0.0022
       0.0073        0.0386        0.0082
       0.1109        0.3669       -0.0176
       0.0401        0.1191       -0.0097
      -0.0284       -0.1142        0.0158
      -0.0291       -0.0129        0.0130
      -0.0025        0.0018       -0.0036
       0.0006        0.0018       -0.0067
       0.0034        0.0019        0.0022
      -0.0084        0.0076       -0.0030
       0.0094        0.0018        0.0027
      -0.0155       -0.0967       -0.0014
       0.0062       -0.0096       -0.0019
       0.0009        0.0052        0.0001
       0.1817        0.6314       -0.0309
       0.1055        0.3908       -0.0084
      -0.0058       -0.0040        0.0034
       0.0062       -0.0210        0.0014
      -0.0043       -0.0169       -0.0028
       0.0065       -0.0029       -0.0075
       0.0019       -0.0030        0.0026
       0.0051        0.0079       -0.0020

850.2302103926918
       0.1392       -0.0601        0.1037
       0.2851       -0.0657        0.1999
      -0.0057        0.0055       -0.3300
      -0.0204        0.0213       -0.0249
      -0.1966        0.0647        0.0967
      -0.0551       -0.0131       -0.2212
       0.2215        0.0772       -0.1134
       0.0792       -0.0011        0.2003
       0.0230       -0.0043       -0.0633
       0.0659       -0.0166        0.0238
       0.0181       -0.0387        0.0196
       0.0364        0.0266        0.0175
      -0.2767        0.0828        0.1384
      -0.1656       -0.1511        0.0735
       0.0023       -0.0130       -0.1682
       0.0167        0.0343        0.0283
       0.1377       -0.0413       -0.0254
       0.0955       -0.0708       -0.0872
      -0.0500        0.2906        0.0105
      -0.0027        0.2825        0.0827
      -0.1725        0.0181        0.1168
      -0.1600        0.0796        0.1136
      -0.0391        0.0147        0.0352

869.9374186216226
       0.0152        0.0115        0.1321
      -0.0198        0.0058       -0.0077
      -0.0052        0.0003       -0.0128
       0.0246       -0.0060        0.0226
       0.0243       -0.0251       -0.0257
      -0.0586        0.0148       -0.0596
      -0.2434       -0.0972        0.1249
       0.1341       -0.0041        0.3354
      -0.0522       -0.0157        0.0311
      -0.0585       -0.0069        0.0153
       0.0366       -0.0346        0.0615
       0.0485        0.0179        0.0610
      -0.0113        0.0041        0.0057
       0.2551        0.1823       -0.1122
      -0.0544       -0.0161       -0.4044
       0.0105       -0.0156        0.0411
       0.0055        0.0006       -0.0179
       0.0287       -0.0018       -0.0023
       0.0437       -0.2997       -0.0081
      -0.0011       -0.2835       -0.0831
      -0.3038        0.0350        0.2057
      -0.2858        0.1400        0.1972
      -0.0075        0.0015        0.0015

889.3510202837433
       0.0909       -0.0234        0.0631
       0.2890       -0.0610        0.2623
      -0.1129        0.0131       -0.2928
      -0.0140        0.0033       -0.0847
      -0.2271        0.0499        0.0997
      -0.1207        0.0200       -0.1894
      -0.2015       -0.0853        0.1043
      -0.0765        0.0029       -0.1750
      -0.0635       -0.0301       -0.0109
      -0.0207       -0.0374        0.0542
      -0.0140       -0.0217       -0.0423
      -0.0017        0.0213       -0.0481
      -0.1907        0.0590        0.0919
       0.2852        0.1652       -0.1243
       0.0816       -0.0013        0.2861
      -0.0715        0.0199        0.0142
       0.1289       -0.0387        0.0097
       0.0247       -0.0053       -0.0842
       0.0313       -0.2471       -0.0067
      -0.0010       -0.2203       -0.0677
       0.1780       -0.0201       -0.1132
       0.1674       -0.0801       -0.1114
      -0.0049        0.0027        0.0219

931.9570822856392
      -0.0278       -0.0674       -0.0009
       0.0149        0.1172       -0.0255
       0.1149        0.4393       -0.0089
      -0.0076       -0.0282        0.0086
      -0.0465       -0.1724        0.0074
      -0.0422       -0.1191        0.0174
       0.0043        0.0044       -0.0030
       0.0037        0.0252       -0.0111
      -0.0046       -0.0019        0.0063
      -0.0109       -0.0018       -0.0018
      -0.0099        0.0074       -0.0063
       0.0090        0.0001        0.0028
       0.0171       -0.0032       -0.0084
       0.0211        0.0318       -0.0038
       0.0061        0.0094        0.0097
       0.0321        0.1010       -0.0059
      -0.0627       -0.1964        0.0002
      -0.1875       -0.7901        0.0725
       0.0037       -0.0132       -0.0032
      -0.0004       -0.0138        0.0023
      -0.0050       -0.0140       -0.0335
       0.0113       -0.0155        0.0263
       0.0023        0.0120       -0.0024

962.508548801353
      -0.0779       -0.2463        0.0158
       0.1075        0.3977       -0.0189
      -0.0299       -0.1414        0.0213
       0.0014        0.0188       -0.0075
      -0.0105       -0.0498        0.0026
       0.0190        0.0482        0.0005
       0.0031        0.0021        0.0002
      -0.0011       -0.0071        0.0023
      -0.0015       -0.0003        0.0057
       0.0001       -0.0003        0.0011
       0.0032       -0.0012        0.0023
      -0.0044       -0.0013       -0.0010
       0.0010       -0.0095       -0.0010
       0.0024        0.0098       -0.0067
      -0.0029       -0.0031       -0.0031
       0.1067        0.3937       -0.0180
      -0.1922       -0.6891        0.0072
       0.0528        0.2314       -0.0160
      -0.0045        0.0003       -0.0005
       0.0027       -0.0057       -0.0038
       0.0011        0.0039        0.0094
      -0.0028        0.0042       -0.0078
       0.0056       -0.0016       -0.0008

1080.2173932662508
       0.1077       -0.0106        0.3680
      -0.1225        0.0206       -0.2047
       0.0998       -0.0159        0.2557
       0.0152       -0.0083       -0.1404
       0.1415       -0.0373       -0.0611
      -0.3401        0.0680       -0.3968
       0.0115        0.0232        0.0012
       0.0048       -0.0070       -0.0513
       0.0393        0.0781        0.1573
      -0.0951        0.1019       -0.1190
       0.0498       -0.1921       -0.0407
       0.1388        0.1318       -0.0649
      -0.1067        0.0326        0.0351
       0.0072       -0.1408       -0.0143
      -0.0818        0.0371        0.1870
       0.1859       -0.0481        0.1221
       0.0483       -0.0175       -0.1918
       0.2434       -0.0485        0.0897
       0.0103       -0.0054       -0.0014
       0.0099        0.0109       -0.0118
       0.0101       -0.0071       -0.0229
       0.0136       -0.0013       -0.0285
       0.0739       -0.0221        0.0040

1095.3290388882183
      -0.0963        0.0290        0.0665
       0.1595       -0.0331        0.1852
      -0.1228        0.0295       -0.1809
      -0.0026       -0.0025        0.0000
       0.2649       -0.0676       -0.1792
      -0.0167        0.0073        0.0600
       0.0187        0.0400        0.0297
       0.0116        0.0106        0.0108
       0.0817        0.1894        0.3896
      -0.2513        0.2596       -0.2940
       0.0217       -0.0715       -0.0026
       0.0433        0.0400       -0.0044
       0.0261       -0.0073       -0.0058
       0.0659       -0.3366       -0.0562
      -0.0445        0.0142       -0.0125
      -0.2284        0.0688        0.0083
      -0.0278        0.0048        0.1790
      -0.3305        0.0601       -0.0740
       0.0065       -0.0548       -0.0035
       0.0322        0.0518       -0.0423
      -0.0029       -0.0087       -0.0144
      -0.0140        0.0036        0.0219
       0.0020       -0.0010       -0.0016

1113.4421408848714
      -0.0254        0.0045       -0.0410
       0.0079        0.0010        0.0322
      -0.0189       -0.0070       -0.0689
       0.0281       -0.0080        0.0258
       0.0789       -0.0216       -0.0132
       0.0293        0.0119        0.0454
      -0.0915        0.0071       -0.1668
       0.0706        0.1704       -0.0291
       0.0134        0.0275        0.0039
       0.1071       -0.1482        0.1495
       0.1283       -0.4378       -0.0718
       0.1550        0.1581       -0.0254
       0.0105       -0.0022        0.0030
      -0.0484        0.0867       -0.0068
      -0.2528        0.1017        0.0809
      -0.0241        0.0063       -0.0139
      -0.0394        0.0137        0.0756
      -0.0954        0.0380       -0.0289
       0.1493        0.3167        0.0250
      -0.1034       -0.3227        0.0985
       0.0989       -0.1285       -0.3013
      -0.1746        0.0139        0.2868
      -0.0293        0.0089        0.0022

1114.8924620121275
      -0.0080        0.0032        0.0049
       0.0109       -0.0028        0.0074
      -0.0170        0.0148       -0.0300
       0.0051       -0.0006        0.0071
       0.0409       -0.0090       -0.0062
      -0.0218       -0.0175       -0.0038
      -0.1083        0.0254       -0.1963
      -0.0571       -0.2424        0.0208
       0.0462        0.1007        0.1415
       0.0441       -0.0909        0.0796
      -0.0466        0.1332        0.0502
       0.1343        0.1061       -0.0702
       0.0039       -0.0018        0.0009
      -0.0063       -0.0209       -0.0395
      -0.0262       -0.0284        0.0029
      -0.0158        0.0043        0.0006
      -0.0042        0.0008        0.0140
      -0.0459       -0.0151       -0.0093
       0.1919        0.3694        0.0291
      -0.1155       -0.3873        0.1045
      -0.1707        0.1608        0.3950
       0.2103        0.0078       -0.4081
      -0.0093        0.0025        0.0007

1117.2555978264127
      -0.0282        0.0050       -0.0492
       0.0049        0.0023        0.0483
       0.0044        0.0035       -0.0623
       0.0289       -0.0079        0.0225
       0.0764       -0.0282       -0.0360
       0.0447       -0.0196        0.0733
       0.0775       -0.0324        0.1359
       0.0010       -0.1418       -0.0072
      -0.0623       -0.1377       -0.2363
       0.0504       -0.0188        0.0397
       0.0820       -0.3164       -0.0137
       0.3625        0.3276       -0.1274
       0.0107       -0.0034        0.0015
      -0.0564        0.1384        0.0666
      -0.3338        0.0797        0.0964
      -0.0249        0.0089       -0.0163
      -0.0564        0.0170        0.1051
      -0.0952        0.0065       -0.0238
      -0.1493       -0.2547       -0.0203
       0.0735        0.2778       -0.0598
      -0.1257        0.0767        0.2036
       0.0908        0.0270       -0.2388
      -0.0239        0.0074        0.0017

1147.2417764087145
       0.0949       -0.0469       -0.3401
      -0.1545        0.0465       -0.0202
       0.0455       -0.0235       -0.0710
       0.0812       -0.0133        0.1611
      -0.3780        0.1214        0.2791
       0.0820       -0.0142        0.1001
      -0.0139        0.0179        0.0086
       0.0058       -0.0073       -0.0030
       0.0409        0.1052        0.2162
      -0.1710        0.1624       -0.1800
       0.0364       -0.1234       -0.0066
       0.0971        0.0868       -0.0241
       0.0550       -0.0154        0.0117
       0.1772       -0.2216       -0.0849
      -0.1205        0.0341        0.0030
       0.2473       -0.0748       -0.0927
      -0.1265        0.0324        0.1064
       0.3263       -0.0744        0.0000
       0.0285       -0.0123        0.0014
       0.0114       -0.0204       -0.0246
      -0.0111       -0.0003        0.0044
      -0.0016        0.0064       -0.0124
      -0.2064        0.0610        0.0142

1163.0280235722566
       0.0945       -0.0306       -0.0083
      -0.0758        0.0357        0.1065
      -0.0598        0.0006       -0.1897
       0.0125        0.0087        0.1642
       0.2908       -0.0825       -0.0880
      -0.3472        0.0832       -0.2180
       0.0030       -0.0085       -0.0026
      -0.0088        0.0060       -0.0077
      -0.0218       -0.0545       -0.1102
       0.0369       -0.0357        0.0413
      -0.0251        0.0963        0.0069
      -0.0742       -0.0706        0.0210
       0.1223       -0.0352        0.0169
      -0.0608        0.0822        0.0651
       0.1363       -0.0361        0.0170
       0.2899       -0.0766        0.0125
      -0.3133        0.0899        0.4849
       0.0518       -0.0117       -0.0571
      -0.0112        0.0093        0.0009
      -0.0056        0.0044        0.0106
       0.0199        0.0011       -0.0061
       0.0090       -0.0108        0.0093
      -0.3024        0.0887        0.0216

1189.7917965647707
      -0.1881        0.0511       -0.0413
       0.0840       -0.0319       -0.1401
       0.0304       -0.0137        0.0082
       0.0750       -0.0054        0.2165
       0.0858       -0.0230        0.0026
      -0.1050        0.0211       -0.1315
       0.0028       -0.0001        0.0034
       0.0004       -0.0009       -0.0046
      -0.0021       -0.0107       -0.0217
       0.0036       -0.0044        0.0056
       0.0038       -0.0083       -0.0034
       0.0073        0.0042       -0.0045
       0.1993       -0.0532        0.1010
      -0.0198        0.0134        0.0151
       0.0037        0.0008        0.0215
      -0.5103        0.1414       -0.0476
       0.1481       -0.0461       -0.2326
       0.2331       -0.0505        0.0163
      -0.0043       -0.0031        0.0001
       0.0018        0.0071       -0.0011
       0.0045       -0.0013       -0.0030
       0.0033       -0.0006       -0.0030
      -0.5800        0.1718        0.0574

1295.421912543544
       0.0163       -0.0026        0.0578
       0.1165       -0.0308        0.0506
       0.0372       -0.0238       -0.1215
      -0.1815        0.0553        0.0789
      -0.0086       -0.0148       -0.3306
      -0.2079        0.0852        0.3892
      -0.0083        0.0020       -0.0152
      -0.0062       -0.0002       -0.0226
      -0.0127       -0.0072       -0.0216
      -0.0035        0.0051       -0.0168
       0.0093       -0.0230        0.0041
       0.0154        0.0109        0.0024
       0.0432       -0.0198       -0.1436
       0.0025        0.0033        0.0618
      -0.0087        0.0054       -0.0093
      -0.2212        0.0658        0.0082
      -0.0424        0.0163        0.1435
       0.6093       -0.1463        0.0009
       0.0128        0.0244        0.0014
      -0.0079       -0.0221        0.0064
       0.0067        0.0058        0.0022
       0.0008       -0.0065        0.0046
       0.3121       -0.0940       -0.0526

1322.5578503215115
      -0.2178        0.0628       -0.0091
       0.1071       -0.0286        0.1190
       0.0848       -0.0352       -0.1833
      -0.5249        0.1611        0.1690
       0.1064       -0.0200        0.1328
      -0.1043        0.0311        0.0405
       0.0048       -0.0051        0.0241
       0.0037       -0.0017        0.0035
       0.0231        0.0365        0.0973
       0.0372       -0.0336        0.0579
       0.0135       -0.0291       -0.0027
       0.0226        0.0134       -0.0055
       0.3423       -0.1059       -0.1389
      -0.0567        0.0022       -0.1316
      -0.0219        0.0111        0.0101
       0.3770       -0.1066        0.0347
       0.2472       -0.0733       -0.2929
      -0.0514        0.0076       -0.0643
      -0.0155       -0.0365       -0.0011
       0.0122        0.0396       -0.0144
      -0.0025       -0.0020       -0.0007
       0.0009        0.0026       -0.0048
      -0.0105        0.0005       -0.0349

1331.401689778553
       0.1015       -0.0290        0.0061
      -0.0603        0.0177        0.0693
       0.0881       -0.0172        0.0567
       0.0572       -0.0213       -0.0883
      -0.0841        0.0147       -0.1411
      -0.0070        0.0040        0.0414
       0.0429       -0.0067        0.0780
      -0.0045       -0.0020        0.0015
       0.1016        0.1587        0.4213
       0.2624       -0.2155        0.3151
       0.0022       -0.0119        0.0019
      -0.0129       -0.0137        0.0062
      -0.0319        0.0109        0.0398
      -0.2830        0.0446       -0.5722
       0.0071        0.0200       -0.0106
      -0.0680        0.0201       -0.0065
      -0.0626        0.0250        0.0898
       0.0413       -0.0150        0.0192
      -0.0751       -0.1429       -0.0125
       0.0460        0.1459       -0.0446
      -0.0003        0.0022        0.0046
       0.0049       -0.0012       -0.0053
      -0.0834        0.0253        0.0140

1336.2320797310804
       0.0015       -0.0014        0.0003
      -0.0005        0.0004        0.0026
       0.0018       -0.0054        0.0005
      -0.0036       -0.0049       -0.0002
      -0.0029       -0.0014       -0.0044
       0.0053        0.0267        0.0013
       0.0018        0.0011        0.0028
       0.0236        0.0924       -0.0079
       0.0039        0.0063        0.0153
       0.0083       -0.0060        0.0097
      -0.0898        0.4768        0.0292
       0.3210        0.3567       -0.0916
       0.0023        0.0038       -0.0007
      -0.0098       -0.0008       -0.0195
      -0.1788       -0.6502        0.0491
      -0.0012       -0.0005        0.0000
      -0.0007        0.0009        0.0018
       0.0066        0.0059       -0.0003
      -0.0021       -0.0062       -0.0007
       0.0018        0.0047       -0.0018
       0.0568       -0.0609       -0.1461
      -0.0753       -0.0049        0.1508
      -0.0011       -0.0010       -0.0000

1377.1548098431454
      -0.3222        0.0906       -0.0250
       0.1898       -0.0634       -0.2921
      -0.3827        0.0964       -0.0606
       0.1856       -0.0325        0.3616
       0.1912       -0.0355        0.3056
       0.1381       -0.0525       -0.2215
       0.0141       -0.0025        0.0270
       0.0042       -0.0016        0.0016
       0.0325        0.0268        0.0830
       0.0477       -0.0413        0.0739
      -0.0043        0.0041       -0.0062
      -0.0068       -0.0032       -0.0056
      -0.1000        0.0259       -0.0670
      -0.0770        0.0136       -0.1402
       0.0036        0.0015        0.0153
       0.0197       -0.0077        0.0019
      -0.0627        0.0174        0.1008
       0.1888       -0.0432        0.0014
      -0.0231       -0.0375       -0.0018
       0.0158        0.0399       -0.0150
       0.0020       -0.0017       -0.0013
       0.0023        0.0007       -0.0025
       0.3272       -0.0971       -0.0311

1444.7424329783166
       0.1662       -0.0581       -0.1979
      -0.3178        0.0929        0.0719
       0.1273       -0.0523       -0.2744
       0.2903       -0.0778        0.0944
       0.2884       -0.0618        0.3240
      -0.4002        0.1257        0.2196
       0.0077        0.0004        0.0111
      -0.0095        0.0018       -0.0175
       0.0115       -0.0035        0.0013
       0.0031       -0.0034        0.0155
      -0.0029        0.0117        0.0100
      -0.0086       -0.0074        0.0115
      -0.1599        0.0440       -0.0397
      -0.0398        0.0098       -0.0405
       0.0432       -0.0132       -0.0184
      -0.1201        0.0295       -0.0817
       0.0920       -0.0341       -0.2887
      -0.0840        0.0127       -0.0999
      -0.0089       -0.0171       -0.0010
       0.0062        0.0174       -0.0041
       0.0111        0.0144        0.0153
       0.0045       -0.0159        0.0191
       0.1789       -0.0526       -0.0175

1520.90234227151
      -0.3047        0.0837       -0.0667
      -0.0424        0.0271        0.3077
      -0.3249        0.0886       -0.0118
       0.3152       -0.1087       -0.3248
       0.2044       -0.0673       -0.2078
       0.1058       -0.0162        0.2022
      -0.0043        0.0003       -0.0010
      -0.0032       -0.0008       -0.0205
      -0.0024       -0.0012       -0.0032
       0.0023       -0.0019       -0.0021
      -0.0064        0.0069        0.0039
      -0.0086       -0.0020        0.0042
      -0.0852        0.0305        0.1181
      -0.0136        0.0044        0.0207
       0.0072       -0.0035       -0.0151
       0.3338       -0.0955        0.0018
       0.1742       -0.0547       -0.1887
       0.2683       -0.0656        0.0221
       0.0072        0.0047        0.0011
       0.0009       -0.0002       -0.0040
       0.0115        0.0183        0.0225
       0.0018       -0.0175        0.0262
      -0.1737        0.0531        0.0360

1616.9613283274473
       0.0664       -0.0215       -0.0493
      -0.0797        0.0282        0.1085
      -0.0689        0.0207        0.0196
      -0.0069        0.0060        0.0727
       0.0360       -0.0142       -0.0617
       0.0381       -0.0136       -0.0488
      -0.0206       -0.0156        0.0084
       0.0256        0.0153        0.2743
      -0.0012       -0.0007       -0.0025
       0.0008       -0.0006       -0.0009
      -0.0052        0.0167       -0.0052
      -0.0126       -0.0123       -0.0031
      -0.0074        0.0015       -0.0129
      -0.0014        0.0033        0.0055
       0.0457       -0.0113        0.0026
      -0.0162        0.0039       -0.0190
       0.0284       -0.0097       -0.0506
       0.0356       -0.0084        0.0109
       0.0595        0.0201        0.0112
       0.0235        0.0267       -0.0506
      -0.2221       -0.3712       -0.4908
      -0.0501        0.3547       -0.5504
       0.0270       -0.0081       -0.0034

1617.9919939440902
      -0.0225        0.0054       -0.0017
       0.0106       -0.0040        0.0007
       0.0120       -0.0047       -0.0029
       0.0154       -0.0039       -0.0009
      -0.0026        0.0148       -0.0049
      -0.0122        0.0030        0.0097
       0.2063        0.1701       -0.0935
       0.0017        0.0018        0.0287
      -0.0008        0.0042        0.0178
      -0.0147        0.0069       -0.0100
      -0.0007        0.0020        0.0002
      -0.0019       -0.0016        0.0005
      -0.0015        0.0004        0.0006
       0.0280       -0.0378       -0.0178
       0.0062       -0.0015       -0.0018
       0.0115       -0.0034        0.0007
       0.0059        0.0026       -0.0011
       0.0029        0.0044       -0.0016
      -0.6279       -0.2121       -0.1204
      -0.2586       -0.2927        0.5463
      -0.0219       -0.0383       -0.0510
      -0.0049        0.0365       -0.0571
      -0.0003        0.0002       -0.0000

1634.7291882776517
       0.2523       -0.0614        0.2080
      -0.0123       -0.0114       -0.3058
      -0.2961        0.0701       -0.1669
      -0.2684        0.0489       -0.4648
       0.2137       -0.0352        0.4105
       0.1100       -0.0134        0.2597
       0.0052        0.0009        0.0067
       0.0017        0.0012        0.0204
       0.0105       -0.0019        0.0057
      -0.0027        0.0007        0.0115
      -0.0011       -0.0016        0.0015
       0.0000        0.0021        0.0013
       0.0746       -0.0182        0.0616
      -0.0143        0.0019       -0.0333
       0.0021       -0.0011       -0.0071
      -0.0879        0.0287        0.0567
      -0.1013        0.0289        0.0507
       0.1115       -0.0301       -0.0408
      -0.0118       -0.0103       -0.0010
       0.0013        0.0053        0.0023
      -0.0168       -0.0287       -0.0383
      -0.0038        0.0273       -0.0427
      -0.1698        0.0505        0.0193

1644.9772829278297
      -0.4160        0.1250        0.1195
       0.3122       -0.1050       -0.3117
       0.3573       -0.1039       -0.0668
       0.2437       -0.0812       -0.2135
      -0.1622        0.0477        0.1154
      -0.2925        0.0993        0.2762
      -0.0064       -0.0087        0.0034
      -0.0033        0.0055        0.0513
       0.0010        0.0005       -0.0022
       0.0026        0.0000        0.0023
      -0.0041        0.0116        0.0068
      -0.0093       -0.0067        0.0083
      -0.0300        0.0105        0.0447
      -0.0062        0.0034        0.0016
       0.0335       -0.0105       -0.0185
       0.1449       -0.0394        0.0563
      -0.0573        0.0206        0.1523
      -0.1212        0.0278       -0.0392
       0.0329        0.0109        0.0058
       0.0148        0.0157       -0.0292
      -0.0469       -0.0775       -0.1061
      -0.0105        0.0735       -0.1177
      -0.0631        0.0193        0.0104

3184.688143155055
      -0.0131        0.0176        0.2853
      -0.0258        0.0063       -0.0289
       0.0004        0.0001        0.0022
      -0.0125        0.0034       -0.0038
      -0.0005        0.0001       -0.0008
       0.0010       -0.0003       -0.0012
       0.0001        0.0000        0.0000
       0.0000       -0.0001       -0.0000
      -0.0001        0.0001        0.0001
      -0.0003        0.0001        0.0003
       0.0001       -0.0002        0.0000
       0.0003        0.0000       -0.0000
       0.0020       -0.0005        0.0005
       0.0002       -0.0000       -0.0003
      -0.0006        0.0001       -0.0001
       0.0472       -0.0590       -0.9431
       0.1152       -0.0307        0.0828
       0.0005       -0.0008       -0.0077
      -0.0002       -0.0002        0.0006
      -0.0007        0.0001       -0.0003
       0.0001       -0.0004        0.0004
       0.0003        0.0004        0.0004
       0.0052       -0.0017       -0.0061

3228.1119462647903
       0.0131       -0.0060       -0.0469
      -0.2327        0.0617       -0.1590
       0.0015       -0.0004       -0.0003
       0.0038       -0.0009        0.0011
      -0.0006        0.0009        0.0106
      -0.0000        0.0000        0.0009
       0.0005        0.0001        0.0000
      -0.0001        0.0001        0.0000
       0.0005       -0.0002       -0.0002
      -0.0003        0.0001        0.0013
       0.0000        0.0000        0.0000
      -0.0000        0.0000        0.0000
      -0.0007        0.0002       -0.0002
      -0.0011        0.0003       -0.0011
      -0.0000       -0.0000       -0.0001
      -0.0099        0.0094        0.1415
       0.7597       -0.2030        0.5250
      -0.0003        0.0003        0.0035
       0.0001        0.0000        0.0006
      -0.0005        0.0000       -0.0007
       0.0000       -0.0000        0.0000
       0.0000       -0.0000        0.0000
      -0.0005        0.0002        0.0013

3242.9376288022863
      -0.0003       -0.0001       -0.0030
      -0.0011        0.0003       -0.0019
      -0.0144        0.0264        0.2871
       0.0011       -0.0003       -0.0010
      -0.0070        0.0016       -0.0069
       0.0075       -0.0025       -0.0051
       0.0001        0.0001       -0.0005
       0.0020       -0.0004        0.0010
      -0.0012        0.0004        0.0002
       0.0004       -0.0001       -0.0001
      -0.0000        0.0000       -0.0001
      -0.0002        0.0000       -0.0001
      -0.0000        0.0000       -0.0001
       0.0006       -0.0001        0.0010
      -0.0006        0.0001        0.0007
      -0.0005        0.0004        0.0080
       0.0017       -0.0006        0.0004
       0.0426       -0.0882       -0.9522
       0.0000       -0.0002        0.0015
      -0.0004       -0.0000       -0.0002
       0.0005       -0.0018        0.0011
       0.0015        0.0015        0.0008
      -0.0001        0.0001        0.0004

3489.1165523867403
       0.0001       -0.0001       -0.0002
       0.0000       -0.0000        0.0001
      -0.0000        0.0001       -0.0002
       0.0002       -0.0001       -0.0001
      -0.0000        0.0002        0.0001
      -0.0000        0.0001        0.0001
       0.1757        0.0397       -0.0905
       0.0025       -0.0005        0.0043
      -0.0014       -0.0017       -0.0008
      -0.0004       -0.0017        0.0014
      -0.0001        0.0000       -0.0001
      -0.0000       -0.0001       -0.0001
      -0.0003        0.0001       -0.0003
       0.0016       -0.0022       -0.0012
       0.0002       -0.0000        0.0002
      -0.0001        0.0001        0.0008
      -0.0008        0.0002       -0.0008
       0.0002       -0.0001        0.0014
      -0.0476       -0.1229        0.6768
      -0.6088        0.0002       -0.3356
      -0.0016        0.0149       -0.0093
      -0.0080       -0.0132       -0.0067
       0.0002        0.0000        0.0013

3495.030233603725
      -0.0001        0.0001        0.0000
      -0.0002        0.0001        0.0000
      -0.0005        0.0001        0.0005
      -0.0001        0.0001        0.0002
       0.0000       -0.0000       -0.0002
      -0.0001       -0.0001       -0.0004
      -0.0046       -0.0011        0.0019
       0.1003       -0.0087        0.1751
       0.0000        0.0001        0.0002
      -0.0000        0.0001       -0.0000
       0.0003       -0.0015       -0.0016
       0.0008        0.0009       -0.0018
       0.0001       -0.0001        0.0003
       0.0002        0.0000       -0.0001
       0.0026       -0.0006        0.0003
      -0.0001       -0.0001       -0.0008
       0.0002       -0.0001       -0.0000
       0.0009       -0.0004       -0.0025
       0.0011        0.0030       -0.0159
       0.0159       -0.0001        0.0087
      -0.0609        0.5838       -0.3623
      -0.3303       -0.5457       -0.2756
      -0.0003        0.0000       -0.0011

3607.9643225069153
      -0.0000        0.0000        0.0000
      -0.0000       -0.0000       -0.0000
       0.0000        0.0001        0.0001
       0.0000        0.0000        0.0000
       0.0002       -0.0001        0.0004
       0.0000       -0.0000       -0.0000
       0.1426       -0.0318        0.2605
       0.0006        0.0020        0.0001
      -0.0001       -0.0006       -0.0009
      -0.0006        0.0008       -0.0006
       0.0000        0.0000        0.0000
      -0.0000       -0.0000        0.0000
      -0.0000        0.0000        0.0001
       0.0005       -0.0001        0.0008
       0.0000        0.0000       -0.0001
      -0.0001       -0.0000        0.0001
      -0.0002       -0.0000       -0.0001
       0.0001        0.0000       -0.0008
       0.0671        0.1094       -0.6655
      -0.5986        0.0089       -0.3050
       0.0006       -0.0032        0.0020
      -0.0027       -0.0043       -0.0023
      -0.0000       -0.0000       -0.0003

3612.613882767532
       0.0000       -0.0000        0.0000
       0.0000        0.0000        0.0000
       0.0000        0.0002       -0.0000
      -0.0000       -0.0000       -0.0000
      -0.0000       -0.0001       -0.0000
      -0.0001       -0.0004       -0.0000
       0.0009       -0.0003        0.0019
      -0.0684       -0.2903        0.0236
      -0.0000       -0.0001       -0.0000
       0.0000       -0.0000        0.0000
      -0.0004        0.0009        0.0002
       0.0008        0.0005       -0.0003
      -0.0000       -0.0000        0.0001
       0.0000        0.0001        0.0000
      -0.0001       -0.0006        0.0001
      -0.0000        0.0000        0.0001
       0.0000        0.0000        0.0000
      -0.0001       -0.0000        0.0000
       0.0005        0.0009       -0.0052
      -0.0037        0.0001       -0.0019
      -0.0802        0.5671       -0.3615
       0.3350        0.5143        0.2737
      -0.0000        0.0000       -0.0004

3771.3910405041415
      -0.0026        0.0009        0.0038
       0.0006       -0.0002       -0.0010
       0.0001       -0.0001       -0.0006
      -0.0043        0.0010       -0.0057
      -0.0006        0.0003        0.0007
      -0.0005        0.0003        0.0032
      -0.0004       -0.0002        0.0002
       0.0001       -0.0001        0.0002
      -0.0001        0.0000        0.0002
      -0.0002        0.0001        0.0000
       0.0002       -0.0002        0.0001
       0.0003        0.0001        0.0001
      -0.0085       -0.0090       -0.2420
       0.0006       -0.0001       -0.0003
      -0.0005        0.0001       -0.0002
       0.0017       -0.0006       -0.0048
      -0.0005        0.0001        0.0001
       0.0002        0.0000        0.0002
      -0.0000        0.0003       -0.0011
       0.0005       -0.0000        0.0005
      -0.0001        0.0009       -0.0005
      -0.0002       -0.0004       -0.0002
       0.0563        0.0292        0.9681

