19
0 1 C8F2H7NO
C                     1.869841343393    -1.109634793657    -0.173854149375
C                     0.670057365701    -0.854365535357     0.492915936098
C                     3.010763727957    -1.279162771552     1.973670196864
C                     1.807862539395    -1.032846290614     2.654951898383
C                     3.017457096536    -1.317675830782     0.586458501563
C                     0.661420341324    -0.823073640120     1.883161652946
C                     1.756005158810    -1.045167911132     4.145061547353
C                     0.823113351687    -2.009591272429     4.831062203245
N                     2.491809499891    -0.318572069849     4.909558141700
O                     3.336853825398     0.555760516487     4.194828386325
F                     4.189253624653    -1.565762062337    -0.054269341192
F                    -0.517828063332    -0.557357350106     2.507695845857
H                     1.921137145458    -1.144655926049    -1.257329803827
H                    -0.252756546108    -0.676750526126    -0.050051536392
H                     3.932546306768    -1.434329069212     2.522783662389
H                     1.047408401721    -3.036672167012     4.521598100490
H                     0.934659197439    -1.928397285793     5.914033489929
H                    -0.215888389175    -1.803939594555     4.559595460559
H                     3.784430779682     1.035122738179     4.911007460486

40.316858799322524
       0.0161        0.0789        0.0092
       0.0507        0.1971        0.0287
       0.0158       -0.1681       -0.0097
       0.0495       -0.0570       -0.0005
      -0.0024       -0.1054       -0.0134
       0.0683        0.1231        0.0301
       0.0457       -0.1070        0.0001
       0.2662       -0.3543       -0.0576
      -0.1548        0.0836       -0.0007
      -0.4393        0.3318       -0.0304
      -0.0532       -0.2903       -0.0467
       0.1468        0.2725        0.1016
       0.0009        0.0358        0.0021
       0.0203        0.0979        0.0121
       0.0002       -0.0875       -0.0053
       0.1731       -0.0866       -0.0008
       0.0353       -0.0837       -0.0137
       0.0682       -0.1917       -0.0527
      -0.1370        0.1149       -0.0120

99.45816219761106
       0.1069        0.3391        0.0312
       0.0789        0.2581        0.0120
      -0.0596       -0.2926        0.0623
      -0.0687       -0.2782        0.0377
       0.0317        0.0225        0.0583
      -0.0152       -0.0731        0.0204
      -0.0346       -0.0928        0.0372
      -0.0447        0.1075        0.2947
       0.0060        0.0922       -0.1803
      -0.0369       -0.0923       -0.4867
       0.0756        0.1055        0.1091
      -0.0463       -0.1735        0.0102
       0.0523        0.1809        0.0074
       0.0379        0.1340       -0.0026
      -0.0286       -0.1295        0.0242
      -0.0246        0.0056        0.1618
      -0.0082        0.1117        0.0789
      -0.0120        0.0210        0.0732
      -0.0015        0.0286       -0.1616

150.47716225000616
      -0.0559       -0.2773        0.0212
      -0.0434       -0.2735        0.0437
       0.0236       -0.1743       -0.0057
       0.0302       -0.1923        0.0115
       0.0080       -0.0525       -0.0129
       0.0423       -0.0597        0.0365
      -0.0447       -0.0855        0.0087
      -0.1106        0.0004        0.0412
      -0.1205        0.0202       -0.0326
      -0.0566       -0.1201       -0.1232
       0.0947        0.5064       -0.0850
       0.2194        0.5143        0.1074
      -0.0242       -0.0886        0.0060
      -0.0168       -0.0838        0.0184
       0.0136       -0.0333       -0.0081
       0.0488       -0.0208        0.1386
      -0.1389        0.1136        0.0145
      -0.0158       -0.0782       -0.1082
      -0.0370        0.0111       -0.0443

161.19454684464515
      -0.0090        0.1156       -0.0309
       0.0429        0.0663        0.0686
       0.1623       -0.1171       -0.1095
       0.2016       -0.1356       -0.0101
       0.0325       -0.0223       -0.1319
       0.1607       -0.1002        0.0645
      -0.0104       -0.0036       -0.0030
      -0.3048        0.2422       -0.0371
      -0.2703        0.1547        0.0933
      -0.0805        0.0644        0.2430
      -0.0916       -0.0689       -0.4028
       0.2650       -0.2474        0.2438
      -0.0206        0.0658       -0.0108
       0.0012        0.0413        0.0465
       0.0598       -0.0483       -0.0562
      -0.1771        0.0502       -0.0067
      -0.0879        0.0650       -0.0105
      -0.0686        0.1605       -0.0126
      -0.0829        0.0488        0.0783

168.63393765751812
      -0.0067        0.0773       -0.0205
      -0.0035        0.0621       -0.0139
      -0.0026        0.0492       -0.0184
       0.0004        0.0353       -0.0040
      -0.0180        0.0224       -0.0209
      -0.0107       -0.0010       -0.0138
      -0.0415        0.0960        0.0009
       0.0515       -0.0007       -0.0074
      -0.0815        0.0998        0.0435
       0.2114       -0.1152        0.1369
      -0.0603       -0.1060       -0.0423
      -0.0637       -0.1449       -0.0489
      -0.0015        0.0270       -0.0060
      -0.0023        0.0196       -0.0013
       0.0008        0.0140       -0.0080
       0.3987       -0.0334        0.3781
      -0.3388        0.3437        0.0085
       0.0460       -0.3700       -0.3904
       0.0041       -0.0001        0.0456

245.1011583676622
      -0.0028       -0.0143        0.1244
      -0.0195        0.0085        0.1102
       0.1142        0.2946        0.0689
       0.0757        0.1572        0.0080
       0.0496        0.1075        0.0909
       0.0378        0.0637        0.0990
      -0.0885        0.0130       -0.0610
      -0.1874       -0.0793       -0.3497
      -0.0657        0.0131       -0.1136
      -0.0646       -0.2049       -0.4555
       0.0229       -0.1462        0.1553
       0.1467       -0.0971        0.3925
      -0.0136       -0.0492        0.0369
      -0.0093       -0.0300        0.0277
       0.0351        0.1111        0.0220
      -0.0074       -0.0076       -0.1193
      -0.1346       -0.0594       -0.0902
      -0.0375       -0.0400       -0.1700
       0.0050       -0.0024       -0.1604

294.9479238782885
      -0.0220        0.0411        0.0304
      -0.0546        0.0157        0.0114
      -0.1032       -0.3695        0.0347
      -0.0377       -0.0495       -0.0358
      -0.0620       -0.1617        0.0375
      -0.0634       -0.0336        0.0065
      -0.0666        0.2507       -0.0715
       0.1326       -0.0956       -0.3285
      -0.2100        0.3731       -0.0424
       0.3897       -0.0622        0.0925
       0.0469        0.1647        0.1544
      -0.0338       -0.0658        0.1199
       0.0075        0.0743        0.0074
      -0.0064        0.0308       -0.0043
      -0.0387       -0.1385        0.0161
       0.0764        0.0339       -0.2738
       0.0914       -0.2011       -0.0878
       0.0149       -0.0417       -0.0149
      -0.0158        0.0596        0.0441

314.8617419222196
       0.0327       -0.0257       -0.0371
       0.0437       -0.0056       -0.0475
       0.0806        0.2727       -0.0103
       0.0101        0.0126        0.0147
       0.0477        0.1228       -0.0264
       0.0505        0.0124       -0.0438
      -0.2172        0.0428        0.0559
       0.1548       -0.1561        0.3350
      -0.4100        0.2403        0.0382
       0.1359       -0.4086       -0.0513
      -0.0562       -0.1125       -0.1661
       0.0757        0.0810       -0.0839
       0.0081       -0.0515       -0.0094
       0.0085       -0.0155       -0.0110
       0.0313        0.1132       -0.0072
       0.0463       -0.0191        0.0123
       0.2341       -0.0960        0.0817
      -0.0135       -0.0825        0.2856
      -0.1136        0.0678       -0.0347

354.1752780512925
       0.0685       -0.0585        0.2313
       0.1332        0.0199        0.1733
       0.1202       -0.0872        0.1937
       0.0723        0.0620        0.1914
       0.0723       -0.0787        0.1737
       0.0802        0.0664        0.1455
       0.0497        0.0385        0.1945
      -0.0595       -0.0769       -0.1416
       0.0694        0.0885        0.1547
      -0.0092       -0.0456       -0.1801
      -0.2274        0.0960       -0.4365
      -0.2546       -0.0137       -0.4230
       0.0341       -0.0239        0.0685
       0.0366        0.0050        0.0546
       0.0251       -0.0292        0.0719
      -0.0041        0.0026       -0.1139
      -0.0923       -0.1129       -0.0264
       0.0018        0.0024       -0.0977
       0.0161        0.0462       -0.0951

382.77142822533244
       0.0607        0.4115        0.0312
      -0.0811       -0.3810        0.0671
       0.0226        0.0840        0.0140
      -0.0145       -0.2015        0.0343
       0.0487        0.3188        0.0153
      -0.0965       -0.4257        0.0577
       0.1077       -0.0550        0.0101
      -0.0139       -0.0113       -0.1128
       0.0359        0.0626       -0.0157
       0.1087        0.0529        0.0194
      -0.0756       -0.2396        0.0356
      -0.0423        0.2968       -0.1092
       0.0287        0.2026        0.0070
      -0.0328       -0.1398        0.0257
       0.0056        0.0125        0.0024
      -0.0297       -0.0014       -0.0567
      -0.0461       -0.0381       -0.0260
       0.0129        0.0399       -0.0677
      -0.1104        0.1305        0.0127

405.35813677950745
       0.1140        0.1570        0.0581
      -0.0119       -0.1803       -0.0635
       0.0173       -0.0951        0.0974
      -0.0455        0.0755       -0.0256
       0.0758        0.0520        0.0812
      -0.0171       -0.0795       -0.0615
      -0.2261        0.2015       -0.0219
       0.0395       -0.0190        0.0391
      -0.0434       -0.0044       -0.0150
      -0.1547        0.0882       -0.0036
      -0.0686       -0.0325       -0.1827
       0.1168        0.0305        0.0948
       0.0729        0.0840        0.0175
       0.0022       -0.0922       -0.0408
      -0.0166       -0.0587        0.0551
       0.0956        0.0207       -0.0171
       0.0603       -0.0171        0.0073
      -0.0209       -0.0989        0.0661
       0.5615       -0.5514        0.0073

440.6899736246612
      -0.1845        0.0531       -0.2837
      -0.0062       -0.0237        0.0001
      -0.0674       -0.0127       -0.1314
       0.1627        0.0123        0.1713
      -0.2803        0.0522       -0.1319
       0.2696       -0.0351        0.0011
       0.0852        0.0130        0.2533
      -0.0409       -0.0583       -0.0113
      -0.0089        0.1528        0.2569
      -0.0814       -0.0580       -0.1129
      -0.1386        0.0379        0.3583
       0.2645       -0.0676       -0.2966
      -0.0734        0.0243       -0.0832
      -0.0600       -0.0053        0.0999
       0.0375       -0.0283       -0.1417
      -0.0050        0.0012       -0.0583
      -0.0767       -0.0886        0.0090
       0.0056        0.0070       -0.0534
       0.1961       -0.1233       -0.0910

461.9695082267967
      -0.0792       -0.1654        0.0243
       0.0594        0.2680        0.1648
       0.0533        0.2603       -0.1322
      -0.0112       -0.3417        0.0163
       0.0455       -0.1048       -0.1221
      -0.1239       -0.2255        0.1629
       0.1258       -0.1303       -0.0013
      -0.0113       -0.0406       -0.0510
      -0.1389        0.1975       -0.0487
       0.0590        0.0991        0.0238
       0.2217       -0.0348        0.0119
      -0.2595        0.1217       -0.0308
      -0.0864       -0.0308        0.0033
       0.0468        0.2380        0.0495
       0.0455        0.2280       -0.0466
      -0.0329       -0.0138       -0.0286
      -0.0321       -0.0321       -0.0105
       0.0102        0.0281       -0.0389
       0.2939       -0.2688        0.0281

470.23589774797614
      -0.0033       -0.1115        0.1017
      -0.0108        0.1990       -0.1682
       0.1116        0.1623        0.2457
      -0.0370       -0.2282       -0.0321
      -0.1613       -0.0681        0.2943
       0.0776       -0.2490       -0.1782
      -0.0531       -0.0092       -0.1168
       0.0001       -0.0059       -0.0379
       0.0516       -0.0570       -0.1816
       0.1066        0.1333        0.0604
      -0.4543        0.1102        0.0980
       0.3354       -0.0155       -0.1075
       0.1103       -0.0277        0.0355
       0.0238        0.1904       -0.0498
       0.0507        0.1690        0.0724
       0.0026       -0.0023       -0.0076
       0.0140        0.0075       -0.0134
      -0.0041       -0.0090       -0.0007
      -0.0352        0.0149        0.0665

523.8952165069848
       0.0946        0.0354       -0.1559
       0.0810        0.0445       -0.1144
      -0.1299        0.1129       -0.0446
      -0.1268        0.0915        0.0783
      -0.0150       -0.3500       -0.0903
      -0.1183       -0.3608       -0.0501
      -0.1720        0.2893        0.2283
      -0.0463       -0.0113        0.0085
       0.2331       -0.1036        0.2752
      -0.0849       -0.0498       -0.0726
       0.1427        0.0371       -0.1564
       0.0735        0.0721        0.1623
       0.0594        0.1937       -0.0504
       0.0701        0.1943       -0.0540
      -0.0122        0.1934       -0.0097
       0.0743        0.0395       -0.0782
      -0.0498       -0.0914        0.0130
      -0.0205       -0.0643       -0.0139
      -0.0967        0.1582       -0.0853

569.6907113239123
       0.1088       -0.1368       -0.1520
       0.0968        0.0395       -0.1816
      -0.1888        0.0049        0.0279
      -0.2075       -0.2009        0.0941
       0.0829        0.3155       -0.0299
      -0.0255        0.1610       -0.1056
      -0.0455       -0.0660        0.2598
      -0.2618       -0.2655        0.1030
       0.1381        0.1477        0.0010
       0.2649        0.2687       -0.0275
      -0.0032       -0.0672       -0.1297
       0.0533       -0.0474        0.1701
       0.0288       -0.2155       -0.0392
       0.0263       -0.0827       -0.0817
      -0.0779       -0.0693        0.0277
      -0.0607       -0.0498       -0.0506
      -0.1834       -0.1840        0.0495
      -0.0480       -0.0486       -0.0568
       0.0480        0.0375        0.0270

627.7233132829236
      -0.1761        0.0444        0.0684
      -0.0230        0.0056        0.2903
       0.0902       -0.0195       -0.0805
       0.0929       -0.0039        0.0455
      -0.0067       -0.0150       -0.1043
       0.1487       -0.0138        0.1725
      -0.4408        0.2175       -0.0762
      -0.2292       -0.1717        0.1134
       0.1530       -0.1892       -0.2957
       0.1526        0.2348        0.0115
       0.1549       -0.0269        0.0244
       0.0692       -0.0162       -0.2042
      -0.1459        0.0353        0.0151
      -0.0484        0.0087        0.1597
       0.0474       -0.0116       -0.0592
       0.0591       -0.0117       -0.0052
       0.0201       -0.0689        0.0261
      -0.1172       -0.1874        0.1236
      -0.0888        0.0420        0.0954

643.3013051859301
      -0.0774       -0.2039        0.0151
       0.0300        0.2161        0.0419
      -0.0165       -0.1437       -0.0082
      -0.0414       -0.2746        0.0131
       0.0988        0.4892       -0.0355
      -0.0113       -0.1531        0.0283
      -0.1366        0.3044       -0.0131
       0.1934        0.2509       -0.1432
       0.1097       -0.1382        0.1492
      -0.2113       -0.1562        0.0251
       0.0266       -0.0790       -0.0020
       0.0160       -0.0024       -0.0282
      -0.0863       -0.2835        0.0086
       0.0000        0.0577        0.0255
      -0.0164       -0.1181       -0.0040
       0.1448        0.1088       -0.1003
       0.0849        0.0263       -0.0419
       0.0303       -0.0168       -0.0077
      -0.0444        0.0410       -0.0543

709.5983590045681
       0.2613       -0.0574       -0.2653
       0.5860       -0.1148        0.2304
      -0.2807        0.0574       -0.0719
      -0.0782        0.0440        0.1378
      -0.0809        0.0041       -0.0442
       0.0682       -0.0216        0.2229
      -0.0494       -0.0176       -0.1381
       0.0642        0.0760       -0.0799
      -0.0555       -0.0592       -0.2085
      -0.0148       -0.0136        0.0394
      -0.3037        0.0642        0.0508
      -0.0681        0.0190        0.0960
       0.0357       -0.0016       -0.0782
       0.1630       -0.0270        0.0853
      -0.0741       -0.0035       -0.0429
       0.0218        0.0132        0.0089
       0.0732        0.0700       -0.0330
       0.0048        0.0028        0.0175
      -0.0378       -0.0380        0.0538

741.7376303755244
       0.0425        0.2193       -0.0163
      -0.0206       -0.1290        0.0044
       0.0138        0.1240       -0.0021
      -0.1133       -0.5694        0.0219
      -0.0495       -0.2409        0.0014
       0.0989        0.4692       -0.0041
      -0.0785        0.1236        0.0307
       0.0939        0.1349       -0.0708
       0.0691       -0.0479        0.0437
      -0.0746       -0.0426        0.0290
       0.0087        0.0032       -0.0059
      -0.0133       -0.0512        0.0040
      -0.0017        0.0050       -0.0036
      -0.0573       -0.2825        0.0084
       0.0568        0.3255       -0.0084
       0.0824        0.0702       -0.0864
       0.0140       -0.0237       -0.0155
       0.0214       -0.0057       -0.0309
      -0.0119        0.0132       -0.0136

778.2918947020709
      -0.0963        0.0248        0.2182
      -0.0722        0.0114        0.1747
      -0.4920        0.1145        0.0512
      -0.3165        0.0708        0.1118
       0.0474       -0.0250        0.0159
       0.0201        0.0044        0.0156
       0.0890       -0.1151       -0.0206
       0.1062        0.0639       -0.0678
      -0.0608        0.0441       -0.0808
      -0.0095       -0.0452        0.0300
       0.2430       -0.0498       -0.1863
       0.4634       -0.1035       -0.2192
      -0.0998        0.0322        0.0603
      -0.0389        0.0155        0.0886
      -0.2129        0.0233        0.1243
      -0.0280        0.0002        0.0006
      -0.0009        0.0403       -0.0190
       0.0510        0.0780       -0.0541
      -0.0067       -0.0250        0.0188

822.0011742973659
      -0.0578       -0.2907       -0.0028
      -0.0695       -0.3241        0.0020
       0.0167        0.0566        0.0048
      -0.0204       -0.1373        0.0099
       0.0379        0.2061       -0.0056
       0.0633        0.2979       -0.0078
      -0.0237        0.0214        0.0156
       0.0213        0.0366       -0.0108
       0.0202       -0.0046       -0.0041
      -0.0182       -0.0110        0.0102
      -0.0073       -0.0511       -0.0005
      -0.0214       -0.0615        0.0055
       0.1109        0.5510       -0.0155
       0.1097        0.5417       -0.0123
      -0.0118       -0.0867        0.0009
       0.0236        0.0212       -0.0268
      -0.0009       -0.0130       -0.0010
       0.0054       -0.0041       -0.0109
      -0.0044        0.0006        0.0000

891.4094540781559
      -0.0088       -0.1001        0.0500
       0.0388        0.0308        0.0383
      -0.1130       -0.4677       -0.0298
       0.0147        0.1511       -0.0686
       0.0616        0.2426       -0.0196
      -0.0137        0.0192        0.0017
       0.0353       -0.0132       -0.0412
      -0.0347       -0.0597        0.0065
      -0.0515       -0.0284        0.0764
       0.0505        0.0440       -0.0410
      -0.0434       -0.0497        0.0228
       0.0301       -0.0111       -0.0171
       0.0099        0.1264        0.0108
       0.0105       -0.0342       -0.0004
       0.1173        0.7679       -0.0089
      -0.0403       -0.0385        0.0533
       0.0175        0.0374       -0.0042
      -0.0124        0.0058        0.0284
       0.0141        0.0095       -0.0095

932.0084349139096
       0.1367        0.0516        0.4470
       0.1143       -0.0901        0.1227
      -0.0961        0.0726       -0.4054
      -0.0205       -0.0788       -0.3271
       0.1034       -0.0564       -0.1079
      -0.1258        0.0558       -0.0452
       0.0393        0.0758       -0.0603
      -0.1000       -0.0680        0.0327
      -0.0278       -0.0504        0.3300
       0.0768        0.0894       -0.0886
      -0.2333        0.0589        0.1557
       0.1251       -0.0346       -0.0643
      -0.0482       -0.0970        0.1353
       0.1637        0.0729       -0.1443
      -0.0511       -0.0999       -0.1206
      -0.0041       -0.0249        0.0429
       0.0215        0.0005        0.0045
      -0.0542       -0.0642        0.0713
       0.0625        0.0683       -0.0780

944.1119917162625
       0.0443        0.3365       -0.0971
      -0.0884       -0.3311       -0.0073
      -0.0012       -0.0910        0.0827
       0.0082        0.0452        0.0526
      -0.0296       -0.0357        0.0211
       0.0379        0.0661        0.0082
      -0.0028       -0.0177       -0.0042
       0.0110       -0.0027       -0.0166
      -0.0178       -0.0089       -0.0244
       0.0095        0.0055       -0.0046
       0.0460        0.0060       -0.0295
      -0.0253       -0.0189        0.0107
      -0.1090       -0.5780       -0.0133
       0.0906        0.5870        0.0219
       0.0260        0.1446        0.0289
      -0.0110       -0.0089        0.0134
       0.0138        0.0233       -0.0077
       0.0045        0.0129        0.0013
      -0.0057       -0.0084        0.0105

968.5948102606237
      -0.0504       -0.0129       -0.1948
      -0.0126        0.0160        0.0048
       0.0120        0.0545        0.1772
      -0.0286       -0.0694        0.0621
      -0.0458       -0.0029        0.0447
       0.0276        0.0086        0.0250
      -0.0750       -0.0854       -0.1085
       0.0143        0.0147       -0.2016
      -0.2841       -0.2923        0.4503
       0.3011        0.3131       -0.2665
       0.0848       -0.0159       -0.0619
      -0.0181        0.0042        0.0072
      -0.0018        0.0360       -0.0597
      -0.0655       -0.0235        0.0944
      -0.0469       -0.0765        0.1104
      -0.0077       -0.0527        0.1314
       0.2301        0.2350       -0.0979
      -0.0468       -0.0123        0.1325
       0.0559        0.0519       -0.0302

1049.074093274508
      -0.0096        0.0070        0.0404
       0.0279       -0.0076        0.0014
       0.0545       -0.0267       -0.0472
      -0.0027        0.0928       -0.0206
       0.0224       -0.0079       -0.0354
      -0.0076       -0.0202       -0.0099
      -0.1548       -0.1500        0.0710
       0.2494        0.2438        0.2579
      -0.3048       -0.3041        0.0103
       0.1663        0.1694       -0.1555
      -0.0269        0.0067        0.0241
       0.0045        0.0020        0.0025
      -0.0509        0.0018        0.0104
       0.0317        0.0004       -0.0368
       0.0360        0.0061       -0.0426
       0.1011        0.1874       -0.2973
      -0.2753       -0.2762        0.1285
       0.1806        0.1241       -0.3007
      -0.0723       -0.0758        0.1143

1059.481560166686
      -0.0381        0.0038       -0.0408
       0.0753       -0.0121        0.0665
       0.0953        0.0047        0.0310
      -0.0609       -0.0469       -0.1018
       0.0127       -0.0032       -0.0151
      -0.0134        0.0123       -0.0155
      -0.2289        0.2845       -0.0261
       0.2888       -0.3154        0.0160
       0.0184        0.0079        0.0330
       0.0063       -0.0298        0.0079
      -0.0197        0.0046        0.0173
       0.0095       -0.0066        0.0026
      -0.1078        0.0247       -0.0167
       0.0161       -0.0053        0.0313
       0.0043       -0.0322        0.0408
      -0.4383       -0.2459        0.1689
      -0.2216        0.1659        0.0172
       0.2238        0.4314       -0.1645
       0.0232        0.0082       -0.0222

1088.3305019793736
      -0.1051        0.0152       -0.2632
       0.1777       -0.0310        0.2067
       0.1863       -0.0108        0.2405
      -0.1120       -0.0027       -0.4057
       0.0443       -0.0149        0.0031
      -0.1668        0.0354       -0.0390
       0.1967        0.0404       -0.1548
      -0.1187        0.0137        0.1640
       0.0429        0.0557        0.1035
      -0.0536       -0.0517        0.0346
      -0.0466        0.0110        0.0263
       0.0886       -0.0200       -0.0323
      -0.3252        0.0627       -0.0936
      -0.0026        0.0023        0.1591
      -0.1311        0.0080        0.3865
       0.0656        0.0571       -0.0723
      -0.0972       -0.1862        0.0686
      -0.0455       -0.1201       -0.0068
       0.0538        0.0573       -0.0817

1131.4976978724328
       0.1964       -0.0429       -0.0613
      -0.1871        0.0415        0.1080
      -0.1319        0.0280       -0.1176
       0.0662       -0.0267       -0.1801
       0.0412       -0.0076        0.0093
       0.0756       -0.0128        0.0292
       0.0468        0.1029       -0.1302
      -0.0076       -0.0379        0.1210
      -0.0157       -0.0272        0.0569
      -0.0092       -0.0069       -0.0012
      -0.0255        0.0053        0.0037
      -0.0459        0.0090        0.0037
       0.5929       -0.1150        0.0045
      -0.3263        0.0740        0.5008
      -0.1117        0.0131        0.0802
      -0.0310        0.0016       -0.0314
      -0.1077       -0.0922        0.0516
       0.0201        0.0067       -0.0432
       0.0253        0.0252       -0.0359

1213.2285200394479
      -0.0450        0.0068       -0.0816
       0.1076       -0.0186        0.1412
       0.1118       -0.0225        0.0947
      -0.1775        0.0148       -0.0645
      -0.3865        0.0851        0.2226
      -0.3541        0.0809        0.1417
       0.0973        0.0560       -0.1618
      -0.0195       -0.0147        0.0602
      -0.0179       -0.0076        0.0559
      -0.0050       -0.0065        0.0087
       0.2266       -0.0483       -0.1244
       0.1858       -0.0425       -0.0882
       0.2665       -0.0531       -0.0082
       0.0951       -0.0209       -0.0695
       0.2981       -0.0659       -0.4293
      -0.0250       -0.0027       -0.0067
      -0.0696       -0.0664        0.0288
      -0.0086       -0.0320       -0.0002
       0.0386        0.0411       -0.0516

1248.5259495506907
       0.1284       -0.0266       -0.0882
      -0.0377        0.0087        0.1041
       0.2559       -0.0531       -0.0346
      -0.2624        0.0800       -0.0610
       0.2647       -0.0566       -0.1081
      -0.3580        0.0670       -0.0424
      -0.1761       -0.2241        0.3930
       0.0516        0.0694       -0.1753
       0.0683        0.0844       -0.0641
       0.0128        0.0072       -0.0068
      -0.1598        0.0337        0.0900
       0.1714       -0.0364       -0.0628
      -0.0155        0.0011       -0.0329
      -0.1675        0.0406        0.2978
       0.1635       -0.0256       -0.1437
       0.0556        0.0100        0.0212
       0.1368        0.1388       -0.0719
       0.0006        0.0415        0.0280
      -0.0687       -0.0708        0.0926

1268.4920750240358
       0.0081        0.0021        0.1648
       0.2044       -0.0442       -0.0804
      -0.1038        0.0178        0.0355
      -0.1451        0.0183       -0.0504
      -0.0309        0.0132        0.2145
       0.2740       -0.0637       -0.4147
       0.0487       -0.0128       -0.0660
      -0.0281        0.0014        0.0264
      -0.0009        0.0113        0.0385
      -0.0010       -0.0026        0.0208
       0.0654       -0.0147       -0.0582
      -0.1848        0.0428        0.1390
      -0.3376        0.0672        0.0390
      -0.1804        0.0464        0.4136
       0.1911       -0.0414       -0.3756
       0.0134        0.0063       -0.0012
       0.0121       -0.0299        0.0077
      -0.0036       -0.0145       -0.0172
       0.0459        0.0472       -0.0559

1317.121111285287
       0.0347       -0.0118       -0.1443
      -0.1760        0.0295       -0.2448
       0.0297       -0.0093       -0.0911
      -0.2108        0.0137        0.3123
       0.4816       -0.0888        0.1084
      -0.0253        0.0213        0.3378
       0.1727        0.1525       -0.3406
      -0.0255       -0.0310        0.0817
      -0.0719       -0.0619        0.0299
      -0.0040       -0.0050        0.0142
      -0.1697        0.0346        0.0618
       0.0789       -0.0191       -0.0531
      -0.1763        0.0339       -0.0616
      -0.1024        0.0218       -0.0041
       0.1025       -0.0262       -0.1825
      -0.0629       -0.0184        0.0072
      -0.1005       -0.0949        0.0399
      -0.0182       -0.0634        0.0134
       0.0655        0.0677       -0.0850

1347.1791906004778
      -0.4006        0.0794        0.0018
       0.2126       -0.0490       -0.2248
       0.1795       -0.0430       -0.3466
      -0.3493        0.0729       -0.2156
       0.0265        0.0030        0.3210
       0.2783       -0.0556        0.2877
      -0.0949       -0.1262        0.1314
       0.0034        0.0221       -0.0369
       0.0360        0.0507        0.0008
       0.0083        0.0027        0.0434
       0.0555       -0.0113       -0.0106
      -0.0452        0.0119        0.0252
       0.1851       -0.0371        0.0164
       0.0234       -0.0007        0.0092
      -0.0906        0.0185        0.1374
       0.0404        0.0164       -0.0134
       0.0661        0.0455       -0.0212
       0.0109        0.0290       -0.0258
       0.0515        0.0582       -0.0583

1386.234055762479
       0.0580       -0.0106        0.0034
      -0.0565        0.0116        0.0783
       0.0111       -0.0063        0.0629
       0.0280        0.0317        0.0763
       0.0027       -0.0064       -0.1335
      -0.0133       -0.0019       -0.0444
      -0.2302       -0.2270       -0.0633
      -0.0112       -0.0168        0.0702
      -0.0039       -0.0112       -0.0863
       0.0155        0.0196        0.2445
      -0.0229        0.0049        0.0172
       0.0048        0.0002       -0.0038
       0.0298       -0.0057        0.0010
       0.0227       -0.0051       -0.0453
       0.0196        0.0071       -0.0016
       0.0757        0.0679       -0.1598
       0.1074        0.1182       -0.0060
       0.0611        0.0826       -0.1543
       0.4451        0.4558       -0.5167

1422.3762187180935
       0.0245       -0.0066       -0.0414
      -0.0292        0.0067       -0.0087
      -0.0412        0.0116       -0.0028
       0.0240       -0.0255       -0.0354
       0.0249       -0.0011        0.0853
      -0.0259        0.0088        0.0542
       0.1295        0.1335       -0.0451
      -0.2919       -0.3067        0.2035
      -0.0020       -0.0011        0.0251
      -0.0207       -0.0216       -0.0575
       0.0016       -0.0006       -0.0116
       0.0166       -0.0052       -0.0141
      -0.0414        0.0079       -0.0161
      -0.0063        0.0004       -0.0109
       0.0046       -0.0094       -0.0356
       0.3880        0.1219       -0.2624
       0.3091        0.3212       -0.0152
       0.1062        0.4045       -0.2581
      -0.1101       -0.1128        0.1221

1460.2610148083825
      -0.2272        0.0493        0.1911
       0.1847       -0.0368        0.0242
       0.2866       -0.0510        0.0565
      -0.3517        0.0459        0.3759
      -0.0251       -0.0055       -0.4789
       0.0395       -0.0070       -0.2639
       0.1642        0.1064       -0.1812
      -0.0774       -0.0390        0.0407
      -0.0425       -0.0238        0.0198
      -0.0066       -0.0116       -0.0263
      -0.0315        0.0079        0.0752
      -0.0176        0.0040        0.0521
       0.2674       -0.0503        0.0792
       0.0365       -0.0070        0.0606
       0.0343       -0.0076        0.1320
       0.0362       -0.0102        0.0465
       0.0651       -0.0600        0.0070
       0.0091        0.0349       -0.0632
      -0.0287       -0.0321        0.0293

1492.9317124353952
       0.0291       -0.0073       -0.0589
      -0.0765        0.0176        0.0764
      -0.0442        0.0101        0.0357
       0.0013       -0.0037       -0.0841
       0.0492       -0.0087        0.0312
       0.0586       -0.0128        0.0286
      -0.0510        0.0316        0.0331
      -0.1236        0.1139       -0.0572
      -0.0137       -0.0161       -0.0167
       0.0023        0.0034        0.0107
      -0.0117        0.0022       -0.0029
      -0.0076        0.0014       -0.0069
       0.0008       -0.0008       -0.0208
       0.0286       -0.0073       -0.0693
       0.0223       -0.0065       -0.0530
       0.1218       -0.1114        0.5469
       0.3790       -0.5431       -0.0131
       0.0928        0.1968       -0.3236
       0.0222        0.0174       -0.0219

1502.851882491336
       0.0014        0.0000        0.0168
       0.0187       -0.0047       -0.0255
       0.0099       -0.0021       -0.0113
       0.0087        0.0036        0.0147
      -0.0193        0.0034       -0.0051
      -0.0179        0.0050       -0.0030
       0.0312        0.0048        0.0251
      -0.0013       -0.0730       -0.1701
      -0.0675       -0.0682       -0.0682
       0.0066        0.0071        0.0325
       0.0039       -0.0007       -0.0001
       0.0019       -0.0013        0.0004
      -0.0077        0.0017        0.0055
      -0.0105        0.0035        0.0209
      -0.0083        0.0014        0.0161
       0.4995        0.0313        0.1962
      -0.4057       -0.1191        0.0113
      -0.0396        0.4655        0.4951
       0.0638        0.0674       -0.0747

1527.7833475456694
      -0.1234        0.0205       -0.1782
      -0.2033        0.0502        0.3818
      -0.1143        0.0301        0.2583
      -0.2215        0.0346       -0.2514
       0.3046       -0.0620       -0.0829
       0.3995       -0.0849       -0.1007
       0.0173       -0.0453        0.0175
       0.0202       -0.0138       -0.0094
       0.0334        0.0451        0.0534
      -0.0026       -0.0070       -0.0178
      -0.0778        0.0158        0.0272
      -0.0961        0.0217        0.0300
       0.1846       -0.0385       -0.0542
       0.1698       -0.0411       -0.2800
       0.1493       -0.0329       -0.2324
       0.0174        0.0213       -0.0734
      -0.0934        0.0794        0.0020
      -0.0243       -0.0106        0.0995
      -0.0359       -0.0371        0.0413

1642.0742911893394
       0.5470       -0.1073        0.0529
      -0.2698        0.0554        0.0292
       0.2329       -0.0456       -0.0823
      -0.3969        0.0688       -0.0579
      -0.3931        0.0746       -0.1248
       0.3023       -0.0573        0.1945
       0.0113       -0.0300       -0.0439
      -0.0022       -0.0009       -0.0004
       0.0266        0.0392        0.0475
      -0.0022       -0.0061       -0.0105
       0.0461       -0.0094       -0.0119
      -0.0289        0.0063       -0.0065
      -0.2017        0.0400        0.0031
      -0.0420        0.0068       -0.0739
       0.0000        0.0002        0.1010
       0.0094        0.0048       -0.0113
      -0.0140        0.0080        0.0006
      -0.0045        0.0001        0.0131
      -0.0214       -0.0221        0.0245

1671.4532578169099
      -0.0503        0.0146        0.1967
       0.1452       -0.0380       -0.4134
      -0.1564        0.0442        0.4560
       0.0342       -0.0081       -0.3060
      -0.0236       -0.0065       -0.4295
       0.0537       -0.0045        0.4345
      -0.0301       -0.0257        0.0343
      -0.0012        0.0024       -0.0007
       0.0235        0.0202        0.0144
      -0.0021       -0.0026        0.0002
      -0.0136        0.0032        0.0274
       0.0069       -0.0019       -0.0264
       0.0148       -0.0013        0.0668
      -0.0912        0.0218        0.1017
       0.1125       -0.0233       -0.1274
       0.0065        0.0015        0.0000
       0.0087        0.0033       -0.0013
       0.0024        0.0078       -0.0078
      -0.0051       -0.0054        0.0056

1717.8391380547002
       0.0265       -0.0062       -0.0016
      -0.0188        0.0059        0.0172
       0.0186        0.0044        0.0114
      -0.0671       -0.0127       -0.1064
      -0.0169        0.0062       -0.0086
       0.0350       -0.0065        0.0031
       0.3968        0.3768        0.4765
      -0.0338       -0.0295       -0.0233
      -0.3559       -0.3540       -0.3469
       0.0264        0.0262        0.0428
       0.0004       -0.0003        0.0010
      -0.0025       -0.0005       -0.0005
      -0.0061        0.0009       -0.0012
       0.0020       -0.0008       -0.0088
       0.0077       -0.0121       -0.0024
      -0.0966       -0.0284        0.0028
       0.0665        0.0759       -0.0197
      -0.0302       -0.1023        0.0083
       0.1128        0.1171       -0.1301

3050.0435866239645
      -0.0000        0.0000       -0.0000
      -0.0002        0.0001       -0.0001
       0.0003        0.0000       -0.0005
       0.0006        0.0003        0.0009
      -0.0000       -0.0000        0.0002
       0.0001       -0.0001       -0.0003
      -0.0008       -0.0003        0.0030
       0.0759        0.1567       -0.0366
      -0.0026       -0.0027       -0.0015
       0.0007        0.0007       -0.0005
       0.0001       -0.0000       -0.0001
       0.0001       -0.0005        0.0009
      -0.0000       -0.0000       -0.0002
       0.0007       -0.0001        0.0003
      -0.0006        0.0004       -0.0001
       0.1573       -0.6771       -0.2067
       0.0477        0.0398        0.4474
      -0.4611        0.1048       -0.1215
       0.0008        0.0010        0.0005

3129.322497821892
       0.0000       -0.0000        0.0001
      -0.0003        0.0001       -0.0001
      -0.0003        0.0001        0.0001
      -0.0002        0.0004        0.0000
      -0.0001       -0.0000        0.0000
       0.0009       -0.0002       -0.0004
       0.0003       -0.0013       -0.0003
       0.2130       -0.2005       -0.0718
      -0.0001       -0.0008       -0.0002
       0.0002       -0.0001        0.0002
       0.0000       -0.0000       -0.0000
      -0.0001       -0.0008        0.0015
      -0.0000       -0.0000       -0.0004
       0.0008       -0.0001        0.0004
       0.0004       -0.0002        0.0003
      -0.1186        0.5677        0.1746
       0.0357        0.0104        0.2509
      -0.6554        0.1241       -0.1822
       0.0003       -0.0000       -0.0001

3165.805345448139
      -0.0001       -0.0000        0.0001
      -0.0002        0.0001       -0.0001
       0.0002       -0.0001       -0.0003
       0.0003        0.0003       -0.0005
       0.0002       -0.0000        0.0001
       0.0001        0.0000       -0.0006
       0.0027        0.0027        0.0023
       0.1339        0.0402        0.2754
      -0.0004       -0.0006       -0.0005
      -0.0000       -0.0001       -0.0006
      -0.0001        0.0000        0.0000
      -0.0000       -0.0005        0.0009
      -0.0000       -0.0000       -0.0005
       0.0007       -0.0001        0.0004
       0.0001        0.0000        0.0002
       0.0478       -0.1759       -0.0430
      -0.0820       -0.0622       -0.8046
      -0.4372        0.0942       -0.1070
      -0.0002       -0.0003        0.0005

3219.650311016845
       0.0015        0.0039        0.1819
      -0.1837        0.0351       -0.1189
      -0.0081        0.0013       -0.0060
       0.0015       -0.0002       -0.0004
      -0.0069        0.0014       -0.0019
      -0.0023        0.0006        0.0090
      -0.0002       -0.0001        0.0001
      -0.0004        0.0000       -0.0002
       0.0001        0.0001       -0.0001
      -0.0000       -0.0000        0.0001
       0.0010       -0.0002       -0.0002
       0.0009       -0.0002       -0.0009
       0.0222       -0.0184       -0.6084
       0.6242       -0.1199        0.3759
       0.0291       -0.0048        0.0178
      -0.0000        0.0001        0.0000
       0.0001        0.0000        0.0002
       0.0014       -0.0002        0.0003
       0.0000       -0.0000       -0.0000

3232.6954982447633
      -0.0149        0.0082        0.2277
       0.1635       -0.0315        0.0892
       0.0060       -0.0010        0.0021
      -0.0013        0.0002       -0.0000
      -0.0115        0.0021       -0.0049
       0.0024       -0.0007       -0.0105
       0.0001       -0.0000       -0.0002
       0.0001        0.0000        0.0001
      -0.0000       -0.0000        0.0001
      -0.0000        0.0000       -0.0000
       0.0017       -0.0004       -0.0002
      -0.0010        0.0002        0.0012
       0.0313       -0.0231       -0.7362
      -0.5145        0.0989       -0.3057
      -0.0181        0.0030       -0.0102
       0.0000       -0.0001       -0.0000
       0.0000       -0.0000        0.0001
      -0.0004        0.0001       -0.0002
       0.0000        0.0000        0.0001

3239.1022751390583
       0.0008       -0.0002       -0.0014
       0.0105       -0.0019        0.0065
      -0.2457        0.0416       -0.1501
       0.0091       -0.0018       -0.0049
      -0.0022        0.0008        0.0138
       0.0023       -0.0007        0.0003
      -0.0010        0.0000       -0.0002
      -0.0000        0.0002        0.0004
      -0.0002       -0.0002        0.0006
       0.0002       -0.0003       -0.0007
       0.0012       -0.0002       -0.0014
      -0.0003        0.0001        0.0001
      -0.0005        0.0002        0.0057
      -0.0336        0.0064       -0.0203
       0.8098       -0.1346        0.4892
       0.0001       -0.0007       -0.0002
      -0.0001       -0.0002        0.0004
       0.0002        0.0001       -0.0001
       0.0009       -0.0001        0.0001

3772.417427152801
       0.0001       -0.0000       -0.0001
      -0.0001       -0.0001        0.0001
      -0.0001        0.0000       -0.0004
      -0.0000       -0.0000        0.0001
      -0.0002        0.0000        0.0000
       0.0001        0.0001       -0.0002
      -0.0015       -0.0013        0.0005
      -0.0001       -0.0001       -0.0004
      -0.0014       -0.0016        0.0021
       0.1152        0.1231        0.1776
       0.0001       -0.0000       -0.0001
      -0.0000        0.0000       -0.0000
       0.0000        0.0000       -0.0001
      -0.0001       -0.0001       -0.0001
       0.0004       -0.0002        0.0003
      -0.0001       -0.0011        0.0001
       0.0002        0.0002        0.0001
      -0.0008       -0.0002        0.0003
      -0.4474       -0.4785       -0.7148

