JOB 0
COORDS -9.2989982874e-02  2.8338313875e+00  2.0303933098e+00 -1.4191840057e+00  2.1990036544e+00  2.3884031672e+00 -1.2473443267e+00  2.8879441649e+00  1.0559562514e+00  1.1259886045e+00  2.9485410911e+00 -1.1740920268e+00 -1.0372683127e+00  4.2984692632e+00 -1.7166325717e+00 -1.1858953409e+00  2.0255812705e+00 -1.1015479668e-01 -8.8920060870e-01  1.8024507351e+00 -2.6037332314e+00 -6.1993787768e-01  2.8161601830e+00 -1.5618041500e+00  1.9482478888e-01  3.7566848540e+00  2.5248034550e+00  7.2262659544e-01  2.1592337327e+00  1.7906091350e+00 -1.4663303108e+00  1.1147060270e+00  2.3803299106e+00 -2.0496110182e+00  2.6842475490e+00  3.1271688832e+00 -1.7340386003e+00  3.8532354731e+00  9.2170195624e-01  1.4893139761e+00  1.9480550831e+00 -9.4143467023e-01  1.6051606111e+00  3.3466762972e+00 -2.0688301130e+00  1.2524540386e+00  3.6306639074e+00 -3.3549659872e-01 -1.9750790148e+00  4.3659879039e+00 -2.1193618756e+00 -2.1200061062e+00  1.6813366775e+00 -3.4633372034e-01
ENERGY -7.412721013331e+02
GRADIENT  2.1309697711e-05  1.4664174448e-07 -7.3859321990e-06  8.0797411634e-06  6.2597905407e-05  1.8872887716e-05  2.3833777663e-06 -1.1351987095e-04 -8.5657850462e-05 -3.2316672197e-04  1.7932987354e-03  8.5166626270e-04  5.0825854988e-05  3.3766431556e-05 -7.9256330554e-05  1.4781555986e-03 -3.2106964978e-03 -1.1518442328e-03  2.7834975500e-05  1.5007548284e-06 -1.1919889227e-05  2.3849094520e-04 -1.6784903661e-03 -7.6191145852e-04 -2.4350612722e-06  7.8288767788e-06 -1.1408616564e-05 -8.4423957226e-06 -3.3953775055e-06  1.5502519373e-05  8.0048083865e-06  1.4248298898e-06 -9.2012038505e-06 -6.2225770590e-06 -1.6948019530e-05  6.3219294134e-06 -1.2360394173e-05  6.0873819722e-06  2.8687029415e-05 -3.5605945379e-05  4.0043561298e-06  4.4726992315e-06 -1.6349364719e-05  1.2358486867e-05 -2.5890384084e-06  3.4389044900e-05  1.6041905503e-05 -1.3151757238e-05 -5.0448243481e-05  1.5967625809e-06  5.6764595360e-05 -1.4297367680e-03  3.1134738713e-03  1.1522891089e-03

JOB 1
COORDS -1.7083108347e-01  2.9754782694e+00  2.0512376818e+00 -1.4182171146e+00  2.1984100924e+00  2.4127117805e+00 -1.3183376864e+00  2.8855225875e+00  1.0714726841e+00  1.1589570725e+00  2.8115208830e+00 -1.2536862008e+00 -9.3624425879e-01  4.3195482247e+00 -1.6317653394e+00 -1.1518036631e+00  2.0259176154e+00 -8.0558339827e-02 -9.9431485687e-01  1.8346098798e+00 -2.5783829173e+00 -6.1126703207e-01  2.8118148249e+00 -1.5351796094e+00  8.1356889087e-03  3.9322026148e+00  2.5318533309e+00  7.1720108125e-01  2.3943066129e+00  1.8244105858e+00 -1.3430512419e+00  1.1157173266e+00  2.4195415876e+00 -2.1039856536e+00  2.6191119088e+00  3.1416766729e+00 -1.9070890044e+00  3.7900709538e+00  9.2664123085e-01  1.4621125690e+00  1.7775391510e+00 -1.0928553667e+00  1.6172822729e+00  3.2271464314e+00 -2.1514259589e+00  1.3771861959e+00  3.4350950745e+00 -3.8797880192e-01 -1.8983933404e+00  4.4612963541e+00 -1.9485368512e+00 -2.0097697845e+00  1.5320327842e+00 -3.3273489275e-01
ENERGY -7.412732368576e+02
GRADIENT -3.8956928494e-05 -2.4231558948e-05  7.8346816853e-05  3.9222011962e-05  3.0108117420e-05  8.9716695026e-05 -2.8278733095e-05  2.4379501540e-05 -1.1159950529e-04 -4.2317817870e-05  5.4611411292e-04  2.2902312606e-04  8.4248775207e-06  4.2455501687e-05 -8.3326567267e-06  6.1350956247e-04 -9.6212269012e-04 -1.5979806888e-04  1.2706408564e-05  1.1634213001e-05 -2.7333923512e-05 -1.0487053834e-05 -5.2221879793e-04 -3.0545756960e-04  1.3145257398e-05 -1.7027036130e-06 -1.3199246088e-05 -1.4122942782e-05 -1.3841265381e-05 -2.7657116273e-05  1.4694181569e-05 -1.8194784536e-06 -4.2235685804e-05 -1.5159090151e-05 -8.4970387435e-06 -2.0902195553e-05  1.0791337566e-05  1.2772815497e-07  4.1887469196e-06 -5.5936918798e-06  2.8962644867e-06  2.9981934123e-06  8.4369598983e-06 -1.4901031762e-05 -5.4269854782e-06 -1.3574594912e-05  8.0815243760e-06 -9.1141975759e-06 -1.7876321001e-05  5.9573182480e-06  2.7635611870e-05 -5.7929859521e-04  8.8356534134e-04  2.2908484795e-04

JOB 2
COORDS -2.6143368960e-01  3.1140824683e+00  2.0564229020e+00 -1.3920719819e+00  2.1773397671e+00  2.4220309526e+00 -1.3875107990e+00  2.8722580198e+00  1.0795180849e+00  1.1960341394e+00  2.7062563485e+00 -1.3383303745e+00 -8.0390271624e-01  4.3754138639e+00 -1.5197922323e+00 -1.1144508578e+00  2.0461002727e+00 -7.1786246783e-02 -1.0687077872e+00  1.9395381804e+00 -2.5751985312e+00 -5.8234354019e-01  2.8484178446e+00 -1.5119105960e+00 -2.1093105818e-01  4.0877090181e+00  2.5331881058e+00  6.9684538834e-01  2.6594812928e+00  1.8271023028e+00 -1.1756360383e+00  1.1138947246e+00  2.4286385636e+00 -2.1262581843e+00  2.5040723957e+00  3.1520781019e+00 -2.0934843741e+00  3.6900885424e+00  9.4331921240e-01  1.4263060084e+00  1.6456689676e+00 -1.2436431728e+00  1.6377256610e+00  3.1320727983e+00 -2.2397829230e+00  1.5082948883e+00  3.2650990747e+00 -4.5694568890e-01 -1.7753997943e+00  4.6007532211e+00 -1.7463251747e+00 -1.8770434933e+00  1.4246523832e+00 -3.4119945987e-01
ENERGY -7.412732157571e+02
GRADIENT -6.7377942908e-05 -3.4401483855e-05  4.8566877479e-05  2.2344779597e-05  1.0081176689e-05  1.8838398420e-05  7.8190941928e-05  7.5074334077e-05  2.4234610639e-05  2.7849891655e-05 -5.2965516257e-04 -3.0659508302e-04 -1.1715463246e-05  4.1173723376e-05 -5.4881053052e-05 -7.6830686568e-04  7.6186227710e-04 -3.9116533745e-05  8.7154335783e-05  9.4992043796e-05  1.1912824983e-04 -8.3744998344e-06  2.4665247300e-04  2.8574510310e-04  6.0257142077e-06  8.6650275312e-06  3.5692469402e-06 -4.7078883571e-06  1.9414919403e-05 -4.8539923434e-06 -7.0313552276e-06 -1.5643511860e-06  7.9154431614e-06 -7.3907694883e-06  3.1845046559e-06 -5.7336897890e-06 -1.4712388107e-06 -2.0044417834e-05  2.3854572742e-06  2.8860406151e-05 -1.6312100080e-06  1.6989576021e-05 -6.2412863207e-06 -3.4200962550e-06  1.0473644471e-05 -4.0319002456e-05  6.4346017238e-06  2.4678270020e-07 -9.3939349475e-06  8.2639202039e-06  4.5485540020e-05  6.2850422867e-04 -7.3138426262e-04 -1.6240769385e-04

JOB 3
COORDS -3.8107591021e-01  3.2776588632e+00  2.0318686024e+00 -1.3232318752e+00  2.1655401202e+00  2.4331312975e+00 -1.4619152601e+00  2.8309631317e+00  1.0798011522e+00  1.2191120247e+00  2.5779866113e+00 -1.4483413991e+00 -6.3387568547e-01  4.4198659808e+00 -1.3714091494e+00 -1.0694331460e+00  2.0492093464e+00 -6.5103894879e-02 -1.1549427251e+00  2.0883935009e+00 -2.5775413195e+00 -5.4701453007e-01  2.8856414036e+00 -1.4861079360e+00 -4.9246867415e-01  4.2546458245e+00  2.4904415635e+00  6.3791820087e-01  2.9995501343e+00  1.7842093742e+00 -9.2886912423e-01  1.1545997814e+00  2.4448156209e+00 -2.0915998108e+00  2.3710816429e+00  3.1722039362e+00 -2.3063390489e+00  3.5075129999e+00  9.5271808385e-01  1.3563169208e+00  1.4974197612e+00 -1.4213280245e+00  1.6381706618e+00  3.0082540005e+00 -2.3586584455e+00  1.6411394612e+00  3.0561993682e+00 -5.6519167535e-01 -1.5962856037e+00  4.7434120642e+00 -1.4915379747e+00 -1.7334797946e+00  1.3317531013e+00 -3.5261458036e-01
ENERGY -7.412724045884e+02
GRADIENT -3.0832075807e-05 -1.5098425219e-05  1.0984612506e-05  1.6232484365e-05  4.8475887749e-05  2.5123438708e-05  1.3596306719e-05  4.7436535544e-05  8.8691064330e-05 -1.3920021960e-04 -1.0049696562e-03 -6.3145815605e-04 -1.2770918413e-05  6.8644417708e-05 -1.9914817817e-05 -1.8806725205e-03  1.4515151862e-03 -1.3640710069e-04  8.3879819511e-05  5.4413104249e-05  1.0380206055e-04  4.0324749472e-04  7.6880268095e-04  7.8109060653e-04  2.9380955147e-06  1.1909158897e-05 -2.8100317173e-05 -1.9619250038e-06 -4.7861487702e-06  2.7422517785e-06  8.7381323083e-07 -3.8785965978e-07 -6.6686903212e-06 -2.1189116823e-05 -2.7484874879e-05 -1.1416717035e-05 -4.9162238842e-06 -8.4954695715e-06  2.4676550751e-05  3.9822174912e-05 -1.3062414988e-05  3.9406699244e-06 -1.8505999130e-06 -2.0272890657e-05 -8.2179795226e-06 -3.7788799393e-05  1.2730959842e-05 -1.0438509166e-05  4.3680053125e-06  1.6141840572e-05  2.3663471551e-05  1.5609017947e-03 -1.3879215171e-03 -2.1482733566e-04

JOB 4
COORDS -5.9337096444e-01  3.4477339538e+00  2.0296152820e+00 -1.2997464337e+00  2.1857590314e+00  2.4638098260e+00 -1.5367932341e+00  2.7575072786e+00  1.0788295568e+00  1.2266266608e+00  2.4373844042e+00 -1.5931774615e+00 -3.8677600377e-01  4.4484113333e+00 -1.1467534306e+00 -9.6056642965e-01  2.0281631992e+00 -2.4206106469e-02 -1.2675346994e+00  2.3332232408e+00 -2.5347436375e+00 -4.8748811314e-01  2.9382971081e+00 -1.4278223228e+00 -9.1089491833e-01  4.3984316717e+00  2.4450835750e+00  4.6361280051e-01  3.3827091180e+00  1.7967676176e+00 -7.1411881573e-01  1.2739106578e+00  2.5195376835e+00 -2.1122993312e+00  2.2599720680e+00  3.1802761874e+00 -2.5021387776e+00  3.2344027181e+00  9.0797928006e-01  1.2406734156e+00  1.3502755028e+00 -1.6703579745e+00  1.6076959563e+00  2.8998797522e+00 -2.5044339082e+00  1.7789762476e+00  2.7803130451e+00 -7.1939408599e-01 -1.3112734751e+00  4.8828491453e+00 -1.1171383256e+00 -1.5373220618e+00  1.2513792114e+00 -3.4610958742e-01
ENERGY -7.412714361837e+02
GRADIENT -1.6565631084e-05  1.8279373954e-05 -7.3508095562e-06 -8.7790268134e-06  1.0476974745e-05  2.5635931066e-05  1.1478047678e-04 -6.9090655590e-05  2.0122318350e-05 -2.8231745015e-04 -7.1160459080e-04 -5.8547007817e-04  5.2300762921e-05 -2.6876121149e-05 -5.0472953918e-05 -1.9092480184e-03  1.0854456441e-03  1.1764605097e-04 -1.2065029398e-05 -4.3860827211e-05 -7.8084211535e-05  6.2891142485e-04  7.8445254170e-04  7.3921412851e-04  5.7449058050e-06 -9.5546959544e-06  2.0249325359e-05 -2.7416935375e-06  4.9891988028e-06  1.5068085629e-06 -1.9879752283e-05 -5.8397745233e-06 -1.4122467964e-05  1.0642855741e-05  1.0826274729e-05  1.5698302159e-05  3.0203210733e-06 -1.4030130141e-05 -3.0388414690e-05 -1.6056568243e-05  7.6069208782e-06 -4.3546426389e-06  1.4085256674e-05  1.0524831063e-05  7.8824163998e-06  1.4918877766e-05 -1.0147781958e-05  8.4569801217e-06  1.0097517206e-06 -3.8183538963e-06  4.2081118579e-05  1.4933502923e-03 -1.0005783862e-03 -1.7413386539e-04

JOB 5
COORDS -7.8668274632e-01  3.5547026234e+00  2.0642920021e+00 -1.3173561848e+00  2.2122803402e+00  2.5056266414e+00 -1.5394901952e+00  2.6903347620e+00  1.0838620830e+00  1.1971944447e+00  2.3346420490e+00 -1.7691042178e+00 -1.4926044251e-01  4.4504290376e+00 -9.9485532651e-01 -7.6931171224e-01  2.0206071760e+00  5.8287417772e-02 -1.3964947533e+00  2.5477773887e+00 -2.3936946620e+00 -4.2458532999e-01  2.9807935032e+00 -1.3592318711e+00 -1.2799735075e+00  4.4541883375e+00  2.4188118578e+00  2.7976211071e-01  3.6526472641e+00  1.8980806709e+00 -6.0156787913e-01  1.4079223941e+00  2.6409799155e+00 -2.1821761697e+00  2.1799211349e+00  3.1614449687e+00 -2.5531562454e+00  2.9952817344e+00  8.2261238292e-01  1.1071328162e+00  1.2530188398e+00 -1.8741839848e+00  1.4873389023e+00  2.7921333247e+00 -2.7156306768e+00  1.8897979449e+00  2.6003629243e+00 -9.7226061163e-01 -1.0210107200e+00  4.9666690411e+00 -8.6483883953e-01 -1.2421195770e+00  1.1755321767e+00 -2.6679202478e-01
ENERGY -7.412707860712e+02
GRADIENT -3.8536044467e-06 -3.1403046101e-06  7.4647834383e-06  4.8059099516e-05 -3.9549831577e-05  1.6730953865e-05 -3.8815977976e-05 -3.7727787901e-05 -1.4101512763e-04 -2.4678287505e-04 -3.6523289730e-04 -2.9968152147e-04  1.8393673351e-05 -6.6110268558e-05 -7.8799611253e-06 -1.1466508704e-03  5.0796076644e-04  1.6933259789e-04 -1.4809678440e-05  4.2054414029e-06 -3.1130494787e-05  4.5951465328e-04  4.7008066283e-04  3.9966765982e-04  1.6955914433e-05  9.9737610623e-06 -1.0337858643e-05  4.0424771327e-06  1.6381417677e-06  1.5481596305e-05  1.0063585304e-05  2.5075322292e-07 -2.4435469490e-06 -7.8485410138e-06  1.0918526745e-05 -1.3634421379e-05 -2.0542440110e-05  1.2402375815e-06  4.0506329783e-05  1.1136965193e-06 -2.3204154057e-06  7.1178623190e-06 -1.2557049389e-05 -2.4136081674e-05 -2.0202818218e-05  1.5839582188e-06  8.3654787104e-06 -7.5731242753e-06  1.8445986175e-05 -7.8150117364e-06  1.1512508878e-05  9.3488607950e-04 -4.7963383971e-04 -1.1310315377e-04

JOB 6
COORDS -9.5274494488e-01  3.6075572932e+00  2.0659366207e+00 -1.3253930869e+00  2.2171786459e+00  2.5207182879e+00 -1.5300232346e+00  2.6237316134e+00  1.0758578575e+00  1.1354846593e+00  2.2623583864e+00 -1.9054214301e+00  6.2138127674e-02  4.4585983451e+00 -9.2052802998e-01 -6.1646767779e-01  2.0431370985e+00  1.1283228942e-01 -1.4843736537e+00  2.7446077478e+00 -2.2415612223e+00 -3.6948369006e-01  3.0316869265e+00 -1.3045550915e+00 -1.5816373864e+00  4.4392814373e+00  2.3681387150e+00  9.9072237476e-02  3.8416645577e+00  1.9507574049e+00 -5.1714472154e-01  1.5209371544e+00  2.7199972549e+00 -2.2133703760e+00  2.0863301816e+00  3.1317345219e+00 -2.5568499008e+00  2.7831569270e+00  7.4697306082e-01  9.4298833390e-01  1.1969854832e+00 -2.0388456424e+00  1.3610117315e+00  2.7331917171e+00 -2.8628015369e+00  1.9293933546e+00  2.4377737779e+00 -1.1814190962e+00 -7.5376264515e-01  5.0506358894e+00 -7.5777039362e-01 -9.6315322675e-01  1.1373000910e+00 -2.1083599153e-01
ENERGY -7.412701871684e+02
GRADIENT  1.1351482673e-05 -1.6723548318e-05  1.8199746897e-05 -3.6840823724e-06  1.6888472731e-05  5.0616209008e-05  2.7257627627e-05 -4.6557074023e-05 -1.0129763304e-04 -4.4015599487e-04 -5.0232352219e-04 -4.0993998322e-04  4.9506584002e-07 -3.0429117723e-05 -2.4147575458e-05 -1.7618856522e-03  5.7094620470e-04  4.5699235802e-05  7.0277929127e-06  3.4021109311e-06 -2.3173503163e-06  7.5173038708e-04  5.4098969429e-04  5.4973565705e-04  3.2295541253e-07  2.6949896946e-06  4.7402435763e-06 -2.8079168804e-06  1.3386645419e-05  7.4083009419e-06  5.7398122958e-07  6.3184835911e-06 -1.0682508567e-05 -1.0443653028e-05  1.4044707028e-05 -4.2323874808e-06 -1.3333678696e-05 -5.4667483693e-06  2.9077740539e-05 -3.9640350177e-06  1.0372667329e-07 -2.5499575591e-05 -3.8094540063e-06 -1.1951223218e-06 -3.9480686477e-06 -1.3079740333e-05 -1.0036733856e-05  9.7712150852e-06  1.7721392334e-05 -5.6540964144e-06  7.7427557568e-06  1.4195339957e-03 -5.0489767472e-04 -1.1157268870e-04

JOB 7
COORDS -1.1103720885e+00  3.6442538448e+00  2.0578895796e+00 -1.3348183749e+00  2.2319448962e+00  2.5438098259e+00 -1.5188787775e+00  2.5663822572e+00  1.0794562664e+00  1.0720866565e+00  2.2020044055e+00 -1.9803419499e+00  2.6956939439e-01  4.4650143252e+00 -8.6475542007e-01 -4.9540067457e-01  2.0820216171e+00  1.7641066226e-01 -1.5158506045e+00  2.9284440387e+00 -2.0787338246e+00 -3.0343166875e-01  3.0843636816e+00 -1.2362072993e+00 -1.8485708867e+00  4.4015568323e+00  2.3031243145e+00 -8.8245672939e-02  3.9969618514e+00  1.9831308874e+00 -4.5835183919e-01  1.6474499340e+00  2.8043890852e+00 -2.2285431930e+00  2.0131242905e+00  3.1202288803e+00 -2.5379501326e+00  2.5940535998e+00  6.9524085488e-01  7.7714868602e-01  1.1622799442e+00 -2.1292315399e+00  1.2571810921e+00  2.6857682873e+00 -2.9397508472e+00  1.9379364251e+00  2.2854412883e+00 -1.3251014787e+00 -4.8817203208e-01  5.1307368774e+00 -7.0667769809e-01 -7.0275310449e-01  1.1321762870e+00 -1.4009109629e-01
ENERGY -7.412692055534e+02
GRADIENT -2.6883247540e-05  2.5425276497e-05 -3.0582373425e-05  3.6426889443e-05 -3.8980364587e-05 -6.6167878432e-05 -4.8156606652e-05  4.8555098439e-05  7.0494328115e-05 -9.9523765896e-04 -9.0003531923e-04 -7.9422896340e-04  1.3805064187e-05  1.5543784308e-05  3.4471110548e-05 -3.2363189118e-03  4.6193476357e-04  7.6175817326e-05 -7.5365716392e-06 -2.8710807065e-05 -2.2437428082e-05  1.5797546241e-03  9.2428334902e-04  7.6390634282e-04  3.4930847566e-06  1.2022677186e-05 -9.7363589095e-06 -3.2567621469e-06 -1.0345779456e-05  1.7018934050e-07 -2.6477359897e-06 -7.3704687033e-06  1.9023456332e-05  8.9054435750e-06 -1.2318712706e-05  1.1442247915e-06  7.3825957203e-07  1.0110585959e-05 -2.7942694601e-05  1.0115087480e-05 -5.5628936850e-06  4.1832903705e-05 -6.2982615963e-07  1.5323422151e-07  1.0682846355e-05  1.3547962522e-05  4.9324588929e-06 -5.8700465880e-06 -2.1550945176e-05  6.4957458727e-06 -2.7902878715e-07  2.6501230309e-03 -5.6793638446e-04 -4.5879605730e-05

JOB 8
COORDS -1.3943565237e-01  1.9625112145e+00  1.7189096415e+00 -1.4514032966e+00  2.2423088700e+00  2.4143730841e+00 -9.6207936786e-01  3.1696093231e+00  1.3244564648e+00 -1.9153752389e+00  3.5374068119e+00 -2.5585717846e+00  2.6878232298e-01  2.3014819608e+00 -1.6841474911e+00 -1.6508864994e+00  3.0960176620e+00  5.5772477621e-02 -8.3034777060e-02  4.8518787756e+00 -1.0890799587e+00 -6.3391229923e-01  3.4891317299e+00 -1.2981443291e+00  7.8476770238e-01  2.1432242234e+00  2.2588168323e+00 -1.1410546812e-01  1.1446993560e+00  1.0077130258e+00 -2.2918333231e+00  1.6003775919e+00  2.1709995493e+00 -1.4325047878e+00  2.6193554678e+00  3.4323892602e+00 -5.8953670665e-01  4.1486308166e+00  1.6225186222e+00 -2.6411053622e+00  4.3059800682e+00 -2.2888386946e+00 -1.4087740992e+00  3.8027773402e+00 -3.4866435026e+00 -2.3750006696e+00  2.5524932395e+00 -2.6360532935e+00  1.1902527325e+00  2.4112251160e+00 -1.2586645128e+00 -2.4865763065e+00  3.6823515355e+00  2.8010942016e-02
ENERGY -7.412675077956e+02
GRADIENT -2.4273152000e-05  8.6798815167e-06 -1.0848332308e-05  1.5317596181e-05  2.2930018763e-05 -2.5170479756e-06 -3.6576460040e-05 -1.3529152417e-05  4.4018591365e-05 -3.4804127864e-04  2.3343935704e-03  3.9080545492e-04  1.5603652997e-05 -1.2092024214e-04  1.2337888348e-05  2.3812222319e-03  3.8875598512e-03  2.8204209743e-03  3.5858296780e-06 -2.4177977038e-05  1.6981204724e-05 -5.4347535810e-05 -3.0785386669e-03 -9.3282562706e-04  6.5203254695e-06 -6.3014335929e-06 -1.7712755331e-05  7.9736582446e-06  3.5051123985e-06 -6.5330702307e-06  1.0069223304e-05 -5.3040818446e-06  4.0937087404e-06 -1.4858701697e-05  1.6183680640e-05 -1.4246155592e-06  1.4663663035e-05 -6.1337988441e-06 -3.1309695301e-07 -4.3882920093e-06 -2.0950678736e-05  8.0268692331e-06  2.7993761604e-06 -3.9300052700e-05 -1.0506407083e-06 -2.5745082248e-06 -2.0746975420e-05 -7.8085385638e-06  2.8041476974e-05  2.5951171146e-05 -2.0427363127e-05 -2.0156206920e-03 -2.9875260098e-03 -2.3310776764e-03

JOB 9
COORDS -1.3720880782e+00  3.6667613672e+00  2.0180564741e+00 -1.3402844346e+00  2.2592588168e+00  2.5695169641e+00 -1.4770125106e+00  2.4832200490e+00  1.0806529473e+00  9.0569391806e-01  2.1092828212e+00 -2.1003595528e+00  5.9672558678e-01  4.4655561125e+00 -9.2453109523e-01 -3.1585850687e-01  2.1958665608e+00  2.7435380006e-01 -1.5430516199e+00  3.1932464162e+00 -1.8015673112e+00 -2.0332008531e-01  3.1707026822e+00 -1.1624811955e+00 -2.2646663866e+00  4.2656967548e+00  2.1683003445e+00 -4.3604543053e-01  4.2142452402e+00  2.0041649534e+00 -3.8596311910e-01  1.8850717222e+00  2.9256329129e+00 -2.2130059688e+00  1.8872864603e+00  3.0975993562e+00 -2.4481166746e+00  2.2962198035e+00  6.2501070599e-01  4.0279142396e-01  1.1580607895e+00 -2.2794785430e+00  1.0854037185e+00  2.6280314729e+00 -3.0420031527e+00  1.8377830579e+00  1.9836602549e+00 -1.5490058190e+00 -3.5772862626e-02  5.2339710338e+00 -6.9634616805e-01 -2.0692517241e-01  1.2091130347e+00  4.1118328217e-02
ENERGY -7.412652118355e+02
GRADIENT  2.7693804482e-05  4.8607126013e-06  8.2137144448e-06  1.4209208091e-05 -1.1015277925e-05  7.9377554895e-06 -3.9894293338e-05  1.7261873954e-05 -2.4213613765e-05 -2.1118327865e-03 -1.2781958073e-03 -1.0006437621e-03 -2.8757353732e-05 -4.7592777384e-05 -2.9899120729e-05 -6.3635837707e-03 -6.8033154620e-04 -9.0501441454e-04 -2.4833360255e-05 -9.9154344542e-06 -2.6428705709e-05  3.5149332548e-03  1.6430604893e-03  1.3733952542e-03 -3.3067030209e-06 -1.3937505407e-05  5.4018646909e-06  4.7856816927e-06 -6.0138249376e-06  1.8095443188e-06  1.2278725552e-06 -1.3540636413e-06 -6.9490871050e-07 -7.3401811656e-06  5.0667796579e-06 -3.5855940601e-06  2.8376392343e-06 -1.2004262531e-05 -2.3283509456e-06 -1.6201354304e-05  6.7845052657e-06 -1.1768027317e-05 -2.7190620480e-05 -5.7698844213e-06 -1.4699582422e-05 -4.9205740017e-06 -9.4614109020e-06 -9.4231585204e-06  1.5037302263e-05 -7.9307381690e-06  2.4140111082e-05  5.0411819658e-03  4.1087869373e-04  6.3296665952e-04

JOB 10
COORDS -4.4280277211e-02  2.1979606412e+00  1.8614666761e+00 -1.4467385378e+00  2.2652229009e+00  2.4251753012e+00 -1.0502290587e+00  3.1598304973e+00  1.2722155610e+00 -1.8999070089e+00  3.7205084834e+00 -2.5467122983e+00  1.2368636587e-01  2.1241410477e+00 -2.0472640917e+00 -1.5933632185e+00  2.8205313226e+00 -2.0374600400e-02  1.2568955482e-01  4.5286228400e+00 -9.4950311132e-01 -5.9865016649e-01  3.3062291930e+00 -1.3752786874e+00  7.7288397449e-01  2.6200541455e+00  2.4374523822e+00  2.0472001248e-01  1.3255559729e+00  1.2663782519e+00 -2.1132693020e+00  1.4382747803e+00  2.2027967210e+00 -1.5971271910e+00  2.7369090321e+00  3.3915582381e+00 -8.9520588393e-01  4.2173173826e+00  1.4786735231e+00 -2.4529528550e+00  4.5738770622e+00 -2.1524979233e+00 -1.3946785596e+00  3.9861553585e+00 -3.4752224712e+00 -2.5396373499e+00  2.8507401855e+00 -2.7006330968e+00  9.9937615441e-01  1.9118734419e+00 -1.5658620221e+00 -2.5551231169e+00  3.1287756287e+00 -1.5612384703e-01
ENERGY -7.412630971285e+02
GRADIENT  2.8792267332e-05  1.1582841299e-05  1.0563516563e-05  1.5750423022e-05 -5.9791961371e-05 -3.1959651519e-05 -3.0344979936e-05  4.5354008025e-05  1.2930225204e-05 -2.3562956817e-05  1.6466840136e-03  6.1253622909e-04 -2.5928785730e-05  7.6986622332e-05  6.1706975205e-05  8.4835778927e-04  3.7157209952e-03  1.9846047637e-03  1.1421645989e-05 -2.4117327630e-05  2.6740024928e-06 -1.1724069451e-04 -2.6010097868e-03 -1.0413237330e-03 -4.9413778133e-06  7.5357730331e-06  2.5560523558e-07 -5.0425719330e-06 -3.4302541933e-06  5.2135438314e-06 -7.4276101518e-06  2.1735158728e-06  1.3808338299e-05  1.3806556605e-05  7.0863236162e-06  1.5032747461e-06 -1.6639256710e-05 -7.4071098020e-06  2.3745984816e-05 -2.8941472783e-06  1.5405529234e-05 -1.6340693179e-05 -7.6172839614e-06  4.1400681073e-05  6.3448509509e-06  1.2169964877e-05  1.3099598622e-06  1.0154350375e-05 -1.0062102620e-05 -1.6307740816e-05 -1.3480386170e-05 -6.8950732552e-04 -2.8596201184e-03 -1.5940139311e-03

JOB 11
COORDS -2.7389804637e-02  2.3613663554e+00  1.9535556770e+00 -1.4661199047e+00  2.2650774619e+00  2.4139865944e+00 -1.0980730625e+00  3.1447367024e+00  1.2383500216e+00 -1.8474704948e+00  3.8970218642e+00 -2.4921284845e+00  2.9106147903e-02  2.1113057431e+00 -2.2681399150e+00 -1.5082552953e+00  2.6638671224e+00 -6.2722249122e-02  2.7089965011e-01  4.3531745125e+00 -8.6878404986e-01 -5.5472940684e-01  3.2524053250e+00 -1.4162558576e+00  6.8131701207e-01  2.9199680202e+00  2.5561331570e+00  3.8179635295e-01  1.5028745389e+00  1.4309072183e+00 -1.9997166757e+00  1.3455605357e+00  2.1959712479e+00 -1.7527720323e+00  2.7600338871e+00  3.3370373646e+00 -1.0990197284e+00  4.2222799780e+00  1.3914944805e+00 -2.3273018243e+00  4.7333026085e+00 -1.9819085732e+00 -1.3498994537e+00  4.2347232736e+00 -3.4013731749e+00 -2.5532408237e+00  3.0990686638e+00 -2.7256018108e+00  8.1597007913e-01  1.6618583124e+00 -1.7955451711e+00 -2.4972837109e+00  2.8366866678e+00 -2.3938175158e-01
ENERGY -7.412624483181e+02
GRADIENT  1.1058781787e-04  4.1943099800e-05  8.0115026441e-06 -8.6067963137e-05 -6.2654911038e-05 -1.4843715917e-04  3.0746979675e-06 -2.7097421496e-05  3.3843632368e-05 -2.1795687940e-05 -4.6367197345e-04 -2.2403029605e-04 -1.8476328242e-05  5.0422337087e-05 -4.1510360353e-05 -1.1308314933e-04 -8.4123432345e-04 -4.0429189101e-04  7.4505995701e-06 -3.4744266815e-05 -1.1371487618e-06  1.2295240473e-05  6.1115832268e-04  4.1344179778e-04 -2.3053715666e-05  5.6443295835e-06  3.9165340752e-06 -3.9522421409e-05 -4.1273204608e-06 -1.3077660786e-05 -2.1740004092e-05 -8.1879300117e-06  2.3785725317e-05  2.5100292160e-05  5.9417447587e-06 -4.8141563386e-06  2.6986063750e-06  2.2622153517e-05 -3.7916785207e-05 -1.1593899256e-05 -2.0087330914e-05  2.5322948923e-05 -1.6732978310e-05  1.7492903259e-05  3.8019597654e-06 -8.6356885527e-06 -7.1917058271e-07 -2.0727639839e-05 -1.6351796751e-05 -7.3871756916e-06  1.0792370326e-05  1.1507796612e-04  7.3189389484e-04  3.8045684020e-04

JOB 12
COORDS -4.0919272996e-02  2.5123667213e+00  2.0308994200e+00 -1.4705483912e+00  2.2287377872e+00  2.4379354732e+00 -1.1728392637e+00  3.0803011739e+00  1.2202637149e+00 -1.8245000008e+00  3.9561196424e+00 -2.3825927191e+00 -1.4913337653e-01  1.9832522753e+00 -2.4026609789e+00 -1.4476882359e+00  2.4608411484e+00 -6.2424989234e-02  3.9657862139e-01  4.0714591460e+00 -8.4000685425e-01 -5.5340723694e-01  3.1035083900e+00 -1.4280385180e+00  5.4729854995e-01  3.2076034856e+00  2.6207018952e+00  5.1921460267e-01  1.6998840032e+00  1.5801220722e+00 -1.8532313326e+00  1.2290656376e+00  2.2585104759e+00 -1.8760261505e+00  2.7295781315e+00  3.3120347621e+00 -1.3446874572e+00  4.1523896137e+00  1.3029667138e+00 -2.2209698551e+00  4.7686197916e+00 -1.7716150992e+00 -1.3351574768e+00  4.3495183493e+00 -3.2740229833e+00 -2.5983143637e+00  3.2415931858e+00 -2.6641283771e+00  5.6475256957e-01  1.3779608634e+00 -1.9915238039e+00 -2.4453498992e+00  2.5036732216e+00 -2.7261832176e-01
ENERGY -7.412638368590e+02
GRADIENT -1.9258315777e-05  4.0261913063e-05 -3.1957153702e-05 -2.7312785615e-05  2.2750381605e-05 -3.5056383061e-05  8.6275054550e-05 -2.3774568266e-05  1.3256687318e-04 -4.5891052269e-04 -2.0523238004e-03 -1.2975005101e-03  9.6494075696e-06 -5.4263833230e-05 -5.7636672413e-05  1.0403503231e-04 -5.5808317563e-03 -2.5141282241e-03 -1.5261659544e-05 -8.3111283171e-07 -2.4756736494e-05  5.0120348565e-04  3.5127799199e-03  1.9988413265e-03  1.4458529501e-05 -7.2389692573e-06 -2.8576826188e-06 -2.7836565577e-06 -6.5580599791e-06  9.4322539655e-07 -8.8445124311e-06 -3.2654969524e-06  2.8197066400e-06 -3.2920652687e-06 -2.3116577012e-05  4.3333531809e-06  1.1271755814e-07  2.5150038387e-06 -4.4622238184e-05  1.6151697332e-06 -1.0456082338e-05  6.9297221914e-06 -2.6349573040e-05 -4.1416726946e-05 -2.0909320951e-05 -1.5208486818e-05 -5.5363910061e-06  4.4377980774e-06  1.0770506793e-05 -4.2636907943e-06  1.4304798853e-05 -2.1540710167e-04  4.2112359559e-03  1.8387473122e-03

JOB 13
COORDS -7.2674703215e-02  2.6906694718e+00  2.0255861442e+00 -1.4566524202e+00  2.2237847487e+00  2.4172316506e+00 -1.2495874551e+00  3.0537626352e+00  1.1647840203e+00 -1.7768609948e+00  4.0567146926e+00 -2.2853192706e+00 -3.4016360119e-01  1.9209498381e+00 -2.5289371105e+00 -1.4005587480e+00  2.3461518393e+00 -9.3957265512e-02  5.1925908000e-01  3.8369238726e+00 -8.7705853660e-01 -5.5449690763e-01  3.0122845565e+00 -1.4652727876e+00  3.9370366096e-01  3.4897379391e+00  2.5922516887e+00  6.1194152637e-01  1.9539258204e+00  1.6202120560e+00 -1.6912118453e+00  1.1735609553e+00  2.2756149000e+00 -1.9538959695e+00  2.7001574990e+00  3.2569990311e+00 -1.5813349776e+00  4.0916305425e+00  1.1963171909e+00 -2.1010333645e+00  4.8224401141e+00 -1.5783788732e+00 -1.2792105084e+00  4.5153123080e+00 -3.1405505313e+00 -2.6063332156e+00  3.4340080656e+00 -2.6196853250e+00  3.3011261433e-01  1.2211326659e+00 -2.2029091606e+00 -2.3895332353e+00  2.2652090206e+00 -3.3441470693e-01
ENERGY -7.412665371464e+02
GRADIENT  2.5631762170e-05 -3.8214330109e-05  6.0237731950e-06  2.4870328548e-05 -2.2923434758e-05  5.6499077660e-05 -4.5430917198e-05  5.0309368170e-05 -9.9466122010e-05 -9.7032768854e-04 -2.7668468616e-03 -1.9518110226e-03  8.4065216857e-06  3.6069048247e-05  8.3270901167e-05  8.9885709214e-04 -7.4731194913e-03 -3.0561708832e-03  2.5835893191e-05 -1.3473020000e-05  1.1674217190e-06  1.1037218341e-03  4.3553132161e-03  2.7667899524e-03 -1.1209897926e-05  4.1837633327e-06 -1.8122907190e-06  5.2350428769e-06 -1.5354474882e-06  9.1648454090e-06  1.2380769907e-05  1.4572236894e-06 -6.4744924968e-06  2.5582298029e-06  2.2614008992e-05 -6.9818909854e-06 -2.0826140831e-05 -1.7485469869e-05  5.7108363471e-05 -1.5449699777e-05  1.0702033464e-05 -1.0497051374e-05  1.7359818270e-05  4.3979485531e-05  2.3312772641e-05  1.2755417706e-05 -3.9206635174e-06  1.2642501258e-05 -2.5615977556e-06  1.6372845686e-05 -2.4017743914e-05 -9.9829158615e-04  5.7511501800e-03  2.1751208579e-03

JOB 14
COORDS -1.0640251370e-01  2.8406828379e+00  2.0322872025e+00 -1.4183077203e+00  2.2048784240e+00  2.4294233066e+00 -1.3097179540e+00  3.0074894985e+00  1.1464828783e+00 -1.6840487943e+00  4.1065748290e+00 -2.1667246776e+00 -4.7805517857e-01  1.8499035554e+00 -2.5757266498e+00 -1.3453138598e+00  2.2448922169e+00 -8.6755065998e-02  6.3908201455e-01  3.6099178195e+00 -8.9723819349e-01 -5.3080591793e-01  2.9108569099e+00 -1.4615638336e+00  2.3754127926e-01  3.7167407114e+00  2.5722204342e+00  6.7899044306e-01  2.1951713016e+00  1.6568135622e+00 -1.5077142753e+00  1.1283707318e+00  2.3238253801e+00 -1.9884383104e+00  2.6394843819e+00  3.2451924149e+00 -1.7863249445e+00  3.9886809457e+00  1.1375372628e+00 -1.9214536834e+00  4.8446144666e+00 -1.3986886682e+00 -1.1754988915e+00  4.5836801825e+00 -3.0053364890e+00 -2.5729494072e+00  3.5789732895e+00 -2.5113571786e+00  1.5942964221e-01  1.0915347156e+00 -2.3227780383e+00 -2.3056701269e+00  2.0289217691e+00 -3.5696930489e-01
ENERGY -7.412693884209e+02
GRADIENT -1.0589706982e-05 -2.4643502295e-05 -6.8916366280e-06  3.2920584257e-06  9.6483131907e-06  6.4710187553e-05  1.0926524938e-05 -5.0602107281e-05 -1.4085975624e-04 -1.1512656328e-03 -2.2231048987e-03 -1.7891791227e-03 -1.3452458045e-05  7.1152088437e-05  3.8846801233e-05  1.4841707424e-03 -6.3682730203e-03 -2.1222551986e-03  1.2967665231e-05  2.0775537284e-05 -1.1763429062e-05  1.1679534083e-03  3.5919838938e-03  2.4740468348e-03 -5.2959842600e-06 -3.0658975931e-06  5.7946772761e-06  7.2115193659e-06  8.8249864086e-06  3.8017317987e-06  1.4238376856e-05  4.0848301420e-06 -1.6328203161e-05  1.7144541254e-06  7.5645800849e-06  7.9702248420e-07 -8.7606815750e-06  6.8852344299e-06  3.2028759641e-05 -8.4832560402e-06  7.1737562602e-06  3.6136218096e-06 -6.9676709275e-07  3.7447908216e-05  1.7381688392e-05  1.9986958925e-06  1.7378342900e-06  7.1190424625e-06 -3.4627324544e-05  3.5026149369e-09  1.6912662507e-06 -1.5095543801e-03  4.9196047318e-03  1.4296778930e-03

JOB 15
COORDS -1.7041630396e-01  2.9954585007e+00  2.0106093239e+00 -1.3839539358e+00  2.2005531111e+00  2.4285120797e+00 -1.3890505347e+00  2.9797124157e+00  1.1262866899e+00 -1.5730218504e+00  4.1932771308e+00 -2.0554971968e+00 -6.1031437059e-01  1.8403293200e+00 -2.6151380065e+00 -1.3253351526e+00  2.1983653452e+00 -9.0617354293e-02  7.3188172125e-01  3.4242797285e+00 -9.2400066938e-01 -5.1843915199e-01  2.8563086462e+00 -1.4616348121e+00  5.2536232176e-02  3.9218672641e+00  2.5299676457e+00  6.9369583796e-01  2.4562636086e+00  1.6418126061e+00 -1.3298760258e+00  1.1197913121e+00  2.3456980065e+00 -2.0056566293e+00  2.5739395450e+00  3.2369171661e+00 -1.9975137912e+00  3.8849982113e+00  1.1005075466e+00 -1.7012780036e+00  4.9086051424e+00 -1.2418946291e+00 -1.0531285835e+00  4.6611383230e+00 -2.8923346724e+00 -2.5252360995e+00  3.7763425519e+00 -2.3826928870e+00  4.8462029660e-05  1.0392449052e+00 -2.4386277902e+00 -2.2390524735e+00  1.8554308992e+00 -3.8659466539e-01
ENERGY -7.412714274509e+02
GRADIENT  1.0380870494e-05 -6.3263726737e-05 -9.2035751150e-05 -1.4136224940e-05  2.2842170317e-05  2.6691130604e-05 -1.3845023936e-05  6.8401623935e-06 -8.9122215675e-06 -7.8375466634e-04 -1.0964274592e-03 -9.9701511385e-04 -9.6276790667e-06  5.3338467461e-05  9.2629227615e-05  1.1259735031e-03 -3.5814501406e-03 -8.1372105081e-04  4.1621149717e-05  3.9627297539e-06  2.5872883698e-05  8.8649492903e-04  1.9019518245e-03  1.1308082082e-03 -1.4373213602e-05 -2.3086471051e-06 -4.0228283379e-06  8.8014935260e-06  2.1885112136e-06  2.7148216770e-06  2.2858490835e-05  4.6465240268e-06 -5.1906468082e-06 -3.6025896916e-06  3.8064564022e-07  2.9160816577e-06 -4.2470015895e-05 -1.6392444442e-05 -4.2968386757e-06  1.2820316008e-05 -5.5050425631e-05  1.5504037240e-05 -1.7093044864e-05 -2.2937515485e-05 -2.2793611613e-05 -2.6870839713e-05  1.5379705586e-05 -1.6442010029e-05  1.3949932842e-05  4.7595172009e-07 -7.1354804494e-06 -1.2020117384e-03  2.7242148639e-03  6.0577880689e-04

JOB 16
COORDS -2.3751785789e-01  3.1189740694e+00  1.9552973096e+00 -1.3385072466e+00  2.1987093050e+00  2.4215928946e+00 -1.4630047456e+00  2.9269093143e+00  1.0963028067e+00 -1.4874186863e+00  4.1976200335e+00 -1.9773297845e+00 -7.4823497333e-01  1.7740400369e+00 -2.6471110184e+00 -1.3267822930e+00  2.1280573861e+00 -9.8745174340e-02  7.8425663382e-01  3.2113442696e+00 -9.8976742195e-01 -5.3032518180e-01  2.7544553931e+00 -1.4786193512e+00 -1.2198656468e-01  4.0817210205e+00  2.4430084444e+00  6.7886223935e-01  2.6780141668e+00  1.5826680168e+00 -1.1552411916e+00  1.1303746087e+00  2.3700637709e+00 -1.9865784914e+00  2.5213191525e+00  3.2311677374e+00 -2.1779498923e+00  3.7501486132e+00  1.0576525071e+00 -1.5136118418e+00  4.8886754899e+00 -1.1339347475e+00 -9.6507506003e-01  4.6492292422e+00 -2.8214691566e+00 -2.4875211573e+00  3.8787107419e+00 -2.2708547730e+00 -1.4429260292e-01  9.5556917840e-01 -2.5450826607e+00 -2.1767538994e+00  1.6504208818e+00 -3.9322536962e-01
ENERGY -7.412721503378e+02
GRADIENT  7.2301845226e-05 -5.9763874557e-05 -3.1898728567e-05 -4.5578951549e-05  4.5557664851e-05 -3.4431139937e-05 -5.1324190642e-05 -3.6463978028e-05  1.0901728708e-04  5.5159166199e-06  6.9815088957e-05  3.2422531127e-05 -5.1528598909e-05 -1.2007449972e-04 -4.9134461981e-05  2.6725597641e-05  1.2616736629e-04 -2.0879629417e-04 -6.4503088161e-05 -2.7872626891e-05  2.8249581854e-06  2.6960977714e-05 -3.0780745125e-05  1.5990456306e-04 -2.4066688495e-05 -1.3077292136e-05 -1.2195342514e-06  1.9579831037e-06 -8.6923314672e-06 -2.4649585765e-05  2.7273897468e-05  1.1668652177e-05  8.6276945488e-06 -8.8572895843e-06  6.7135059396e-06  3.2035939368e-06  1.6001946455e-05  2.5386191528e-05 -1.0834375372e-05 -2.0721795876e-05  1.5731771920e-05 -1.2624391120e-05 -2.8407153617e-05 -1.5878364400e-05 -1.8860153086e-05 -3.6693519130e-06 -2.8340587091e-05  3.8107877480e-06  3.6097438130e-05  3.4712835875e-05 -1.6506862712e-05 -3.9903499848e-06  2.2022033818e-06  2.5564496091e-05

JOB 17
COORDS -2.9663588246e-01  3.2609822417e+00  1.8384117466e+00 -1.2784013068e+00  2.2368798104e+00  2.3508039507e+00 -1.5056085107e+00  2.8997012766e+00  1.0052317096e+00 -1.3112829685e+00  4.2288419898e+00 -1.9496239183e+00 -7.9314205012e-01  1.7588750253e+00 -2.7306999814e+00 -1.2957539361e+00  2.0925962246e+00 -1.6880189077e-01  8.8692565032e-01  3.0205973716e+00 -1.0817622557e+00 -4.7553900543e-01  2.6869729587e+00 -1.5415284263e+00 -2.8900362609e-01  4.2457699863e+00  2.2952633849e+00  6.6002009850e-01  2.9156807763e+00  1.4657102847e+00 -9.7389792760e-01  1.1956598314e+00  2.3300055642e+00 -1.9474154934e+00  2.5113910459e+00  3.1610852501e+00 -2.3100267247e+00  3.6348514332e+00  9.5354936800e-01 -1.2633175715e+00  4.8729297859e+00 -1.0709679286e+00 -7.6203512102e-01  4.6759697890e+00 -2.7789005606e+00 -2.3403997223e+00  4.0141743229e+00 -2.2381539945e+00 -1.8612874915e-01  9.3695047725e-01 -2.7130616865e+00 -2.0656794143e+00  1.4947161747e+00 -4.5854529572e-01
ENERGY -7.412715109893e+02
GRADIENT  4.2765775048e-05  6.9936923555e-05  9.0155606449e-05  4.2158013430e-05 -6.6590547894e-05 -6.1019435870e-05 -1.3775724731e-04 -5.8140747516e-05  3.5404639642e-05  8.3383555177e-04  6.2984265521e-04  8.4134388243e-04 -2.3130529628e-05  8.3242918731e-06 -3.5795380452e-06 -1.6244508089e-03  2.6964670496e-03  6.3741531585e-05  1.0974576769e-04 -9.6654989198e-06 -8.3735011364e-06 -9.2448500117e-04 -1.3268163155e-03 -1.0322038223e-03 -9.8440105530e-07 -6.3297217300e-06  1.4691292772e-05 -1.5312192730e-05  3.3881898576e-06 -9.9916853717e-06 -2.3285911766e-05 -6.4945957214e-06  1.0009458674e-05  1.8460389491e-05  4.5512382214e-05  3.4469826562e-06 -5.6319210813e-06 -1.2351325683e-05 -3.8934314184e-05  4.3428917646e-05  2.3316319434e-05 -7.3146632081e-06  2.7571073176e-05  3.6418615463e-05  3.4721564772e-05  3.9475735081e-06  5.3323271471e-06  2.2468654417e-05 -8.1650380532e-06  1.6597442115e-05  4.1212018722e-06  1.5695262815e-03 -2.0765294588e-03  1.3415791385e-04

JOB 18
COORDS -3.5726234724e-01  3.3137229002e+00  1.8240370344e+00 -1.2606105560e+00  2.2337548244e+00  2.3635787597e+00 -1.5756475737e+00  2.8887385707e+00  1.0315712619e+00 -1.2829469531e+00  4.2474074610e+00 -1.8835593767e+00 -9.0745852756e-01  1.7431200872e+00 -2.7089393394e+00 -1.3743568928e+00  2.1101666261e+00 -1.5718986881e-01  8.6039771626e-01  2.9113160503e+00 -1.0932865243e+00 -5.2955083180e-01  2.6530749014e+00 -1.5226174713e+00 -3.9046779123e-01  4.2950588656e+00  2.2874739947e+00  6.0439862153e-01  3.0238740461e+00  1.4180147309e+00 -8.9742054259e-01  1.2119971129e+00  2.3245792403e+00 -1.9140646262e+00  2.4643649168e+00  3.1997471651e+00 -2.4193996465e+00  3.5800031685e+00  1.0178377905e+00 -1.2072551895e+00  4.8585823105e+00 -9.8352091080e-01 -7.0755468196e-01  4.6913026714e+00 -2.6966524157e+00 -2.3208792401e+00  4.0937645440e+00 -2.1797185130e+00 -2.6170703598e-01  9.5385249117e-01 -2.7672621486e+00 -2.0343848284e+00  1.3769068592e+00 -3.9530686089e-01
ENERGY -7.412697902297e+02
GRADIENT -1.0267328283e-04 -9.7206584587e-05 -2.8003318482e-05  2.0585046228e-05  5.1936804491e-05  1.1030724524e-04  2.0497891896e-04  1.4686049888e-04 -8.9405023387e-05  1.4998208394e-03  9.7452974220e-04  1.2276744962e-03 -5.1816029908e-06  1.3814272528e-05  1.6808073894e-04 -3.3161770868e-03  3.7686310103e-03 -3.4771326555e-04  2.0946048355e-05  1.0960486446e-04  1.6886477714e-05 -1.3598862407e-03 -2.1083811197e-03 -1.5641540414e-03  7.6207013740e-06  1.7782417861e-05 -4.3254110660e-07  5.2199185664e-06  3.0323594748e-05  2.1737105761e-05 -2.7087033482e-05 -1.6314389362e-05 -1.6142096941e-05  2.3763015478e-06 -4.5168311206e-05  7.8328669427e-06 -3.2203899412e-05 -4.1781833109e-05  2.0059097505e-05  1.0822356171e-05 -5.4937749248e-05  4.9621788364e-05  1.3602633906e-05 -1.9708960235e-05  1.6861686551e-05 -2.7589124221e-05  7.8483462618e-05  5.9790123535e-06 -2.0013179192e-05  3.9026508524e-05 -4.0985074158e-05  3.0290070704e-03 -2.8773061967e-03  5.1415441268e-04

JOB 19
COORDS -3.2591403406e-01  3.2212931147e+00  1.8625029423e+00 -1.2529197409e+00  2.1415505424e+00  2.3583281068e+00 -1.5874626568e+00  2.8975606340e+00  1.0858829835e+00 -1.2765071495e+00  4.1860763918e+00 -1.9960298995e+00 -8.4658817569e-01  1.6364441742e+00 -2.6307726733e+00 -1.5052773094e+00  2.2020927569e+00 -1.6698298241e-01  8.2581993110e-01  2.9104571643e+00 -1.0016730313e+00 -5.4196076271e-01  2.6268267644e+00 -1.4876835658e+00 -3.0852537838e-01  4.1700878062e+00  2.3901240190e+00  6.1155217380e-01  2.9264019129e+00  1.4079785874e+00 -9.2792304043e-01  1.1122451052e+00  2.2415520252e+00 -1.8714785833e+00  2.3339142084e+00  3.2299310719e+00 -2.3996859141e+00  3.6208313172e+00  1.1570719111e+00 -1.2732187907e+00  4.8493875109e+00 -1.1297976629e+00 -6.5024674436e-01  4.5908427149e+00 -2.7919464458e+00 -2.2892158761e+00  3.9952977538e+00 -2.3501207144e+00 -1.8212178387e-01  8.6094048253e-01 -2.6063376660e+00 -1.9778933580e+00  1.3156001956e+00 -3.0098011342e-01
ENERGY -7.412681619703e+02
GRADIENT -1.0117398067e-04 -6.7401502385e-06 -5.9022805881e-05  1.8624182386e-05  5.5150915282e-06  5.7213437303e-05  1.9691803890e-04  1.2787909217e-04  7.9134208531e-06  7.6054173445e-04  6.2367950394e-04  7.0256031863e-04  8.9604855039e-05  8.2180547942e-05  2.8077743748e-05 -2.1618968170e-03  1.5487609517e-03 -7.7620629572e-04 -1.0379353165e-04  4.3081058508e-05 -8.2436785363e-06 -4.6551758567e-04 -1.1789256450e-03 -7.3330243678e-04  2.1685317822e-05  4.8987046473e-06  3.5059687619e-06 -1.8576440304e-06 -9.5596335246e-06  8.2510788176e-06 -3.5783903139e-06  4.1044390699e-07  5.3886863606e-06 -1.4103115252e-05 -7.0946988925e-06 -8.9458184327e-06 -4.3922754003e-05 -5.4298086140e-05  2.6906186060e-05  1.5171089014e-05 -3.0867854080e-06  5.9585743763e-06 -1.9782081772e-05 -3.0926873055e-05 -2.2325954429e-05 -2.3769543140e-05  3.6433914775e-05  3.4670911416e-05 -5.1807151831e-05 -1.1452338737e-05 -8.6622541749e-06  1.8281691957e-03 -1.0812981559e-03  6.8383438824e-04

JOB 20
COORDS -2.5873537375e-01  3.0228812889e+00  1.8362366175e+00 -1.3698083678e+00  2.1157428711e+00  2.3048665716e+00 -1.5577707629e+00  2.9528113431e+00  1.0570474937e+00 -1.5175423728e+00  4.1163544751e+00 -2.1794298628e+00 -8.4821588710e-01  1.5864129337e+00 -2.6278627290e+00 -1.6576775707e+00  2.2856422432e+00 -2.1914638294e-01  6.7798188461e-01  3.1007793766e+00 -1.0639688908e+00 -6.5351688359e-01  2.6753094426e+00 -1.5508512709e+00 -6.5077531281e-02  3.9363057104e+00  2.3903769074e+00  6.1198623124e-01  2.5765225850e+00  1.3722724329e+00 -1.2357934511e+00  1.0458782289e+00  2.1681593505e+00 -1.9473904104e+00  2.3885915172e+00  3.1828738220e+00 -2.2279069158e+00  3.8048690393e+00  1.1518116166e+00 -1.6024976178e+00  4.8351470509e+00 -1.3630871214e+00 -9.0879476828e-01  4.5224892922e+00 -2.9881829784e+00 -2.4967054475e+00  3.8022524284e+00 -2.5381493095e+00 -1.2128868605e-01  8.7389657703e-01 -2.5394394113e+00 -1.8283975164e+00  1.2844785765e+00 -2.0878152004e-01
ENERGY -7.412676098091e+02
GRADIENT -3.1246245644e-05  1.0143805458e-04 -5.2748107198e-05 -4.5023373780e-05 -3.0223180456e-05  5.1625511330e-05  7.2729446123e-05 -3.8265812844e-05 -6.8795699561e-05  2.4731784433e-04  2.4237215402e-04  2.6301723512e-04  5.7421781957e-05  3.6436036926e-05  5.7697545347e-05 -8.5965125286e-04  2.2451537748e-04 -4.0289797933e-04  3.1587489550e-05  5.1846697840e-05 -1.5069903040e-05 -1.7931184299e-04 -4.4386624699e-04 -3.1532968674e-04  2.0873568327e-05 -1.1190142835e-05  9.4050381512e-06 -7.4623687492e-07 -3.6691855105e-05  2.1320674768e-05  1.0961556749e-05  7.1837292962e-06 -5.9177896661e-06 -4.5097616850e-06  9.4330308108e-06 -7.1894249853e-06  4.6599210115e-06  7.9610765032e-06  3.7311192240e-05  2.2808532036e-05 -1.9402282968e-05  1.4812171364e-05  2.5836916752e-05 -1.1913522773e-05  7.1018523560e-06 -6.0946320626e-06  4.6091507482e-05 -8.8003779723e-06 -1.7435485029e-05 -1.4034806210e-06 -2.2495305422e-06  6.9528838286e-04 -1.1161077813e-04  3.8972448298e-04

JOB 21
COORDS -3.4897189523e-01  3.2768201865e+00  1.7183966626e+00 -1.2753226397e+00  2.2458234256e+00  2.3110186987e+00 -1.6425351285e+00  2.9162281411e+00  1.0049698728e+00 -1.3215129707e+00  4.0958043043e+00 -1.9595030391e+00 -1.0496635907e+00  1.3458869427e+00 -2.4893771874e+00 -1.6547690551e+00  2.1272660919e+00 -2.0226937262e-01  7.6567998107e-01  2.7215429915e+00 -1.1494384800e+00 -6.5136819742e-01  2.4722139400e+00 -1.5054222509e+00 -3.0493015513e-01  4.2585529129e+00  2.1803224892e+00  5.7369068131e-01  2.9377357624e+00  1.2637766167e+00 -9.6290167717e-01  1.2065677092e+00  2.2612633340e+00 -1.8651684068e+00  2.5022206995e+00  3.1856425554e+00 -2.4434032104e+00  3.6510913673e+00  1.0522745130e+00 -1.1974163868e+00  4.7820851395e+00 -1.1197400772e+00 -7.3977538048e-01  4.4425314995e+00 -2.8153672325e+00 -2.3713512586e+00  3.9683096315e+00 -2.2234006085e+00 -2.5931238835e-01  1.1504355871e+00 -3.1049002472e+00 -1.7803028202e+00  1.1213616449e+00 -1.2668996923e-01
ENERGY -7.412677398334e+02
GRADIENT  3.2907638017e-05 -4.9424650427e-05  9.4200755615e-05  8.2146011135e-05 -2.2168929039e-05 -4.4665247695e-05 -4.9163946022e-05  7.8418147074e-05 -2.9230527161e-06  2.6128850834e-05  2.8710184357e-06 -8.4759664047e-07 -6.4090880375e-05 -5.5601427990e-06 -4.0752741949e-05  5.8985683834e-05 -5.2535207940e-05  6.7104011685e-06 -1.2006910671e-05  3.5656309425e-05  4.5432159840e-05  1.0549340017e-04  5.1035216481e-05  2.7408557588e-05 -2.5077817152e-05  2.2070553811e-06 -1.6390492960e-05  1.5413453429e-06  8.7513417835e-06 -2.8310439560e-05 -4.5871104920e-05 -1.4861145407e-05  7.3723516432e-06  1.9684670946e-05  2.5920180784e-05  7.2350185524e-06 -1.1313228350e-05 -2.8169716217e-05 -4.0302029466e-05  1.4905873675e-05  2.0526473998e-05 -2.9376740126e-05 -4.2967951829e-05 -2.7749823573e-05 -4.3105237028e-05 -2.1708656390e-05  2.3581410628e-05  2.8652990540e-05  1.0163519584e-05 -2.0015581556e-05 -1.9735030459e-06 -9.8960077047e-05 -2.3875336276e-06 -2.5168863845e-05

JOB 22
COORDS -3.6771847730e-01  3.2985937827e+00  1.6839209504e+00 -1.2992328568e+00  2.2844670522e+00  2.3007584594e+00 -1.6482061755e+00  2.9011540316e+00  9.6591647791e-01 -1.2864271174e+00  4.0833746404e+00 -1.8983467464e+00 -1.0563702583e+00  1.3439652840e+00 -2.5396813510e+00 -1.6569777553e+00  2.0608137111e+00 -2.1378511083e-01  7.8124888171e-01  2.6390079163e+00 -1.1625629269e+00 -6.4428756574e-01  2.4295486581e+00 -1.5178170421e+00 -3.3429624536e-01  4.2967675570e+00  2.1105267417e+00  5.6465026378e-01  2.9465343566e+00  1.2591967538e+00 -9.7732797354e-01  1.2464960454e+00  2.2994807933e+00 -1.9043669391e+00  2.5681152960e+00  3.1562079791e+00 -2.4553646956e+00  3.6294726718e+00  9.7277583953e-01 -1.1201833794e+00  4.7384866593e+00 -1.0419576941e+00 -7.1483439003e-01  4.4380460471e+00 -2.7575933598e+00 -2.3453807543e+00  3.9956396021e+00 -2.1421776383e+00 -2.6372388299e-01  1.1593569927e+00 -3.1562946795e+00 -1.5907796705e+00  1.0594925666e+00 -4.1550792828e-02
ENERGY -7.412672783874e+02
GRADIENT -2.2418657487e-05 -2.6016660511e-05  3.5990201867e-05 -1.0349794561e-05  4.2790854511e-05  5.7382522188e-05 -2.1428462523e-05 -4.8894720293e-06 -1.7429534495e-04  6.9266099318e-04  4.2915157626e-04  6.0415212284e-04  1.3543388884e-05  1.0140774911e-04 -2.2420352213e-05 -1.7858699982e-03 -2.9093767678e-04 -1.2937425622e-03  4.0958005504e-05 -9.5397299568e-06 -3.9166429341e-05 -6.4048769109e-04 -5.4384871691e-04 -5.5186011513e-04  7.7208532359e-06  3.5239761100e-07  5.4593418345e-06  6.8189216380e-06  6.1040026749e-06 -3.4370156473e-06  7.7527342766e-06  3.9672066486e-07 -2.1892282687e-05  2.3499470427e-06 -1.6225373078e-05  3.3535325186e-06  1.5349052489e-05  1.8912806497e-05  3.7666455052e-05  7.3522459530e-06 -3.9243656225e-05  2.9072523804e-05  5.0766948958e-06  1.3492872870e-05  3.0181511654e-05 -2.1428071635e-05  5.6645773786e-05  2.4744976571e-05  1.0810932065e-05 -3.2451294266e-05  4.5497711855e-05  1.6332511518e-03  3.2722766833e-04  1.2337112610e-03

JOB 23
COORDS -3.1459874281e-02  2.6966701855e+00  2.0203470168e+00 -1.4225380512e+00  2.2291442004e+00  2.3882308672e+00 -1.1766413423e+00  2.8931645754e+00  1.0545433911e+00  1.0720530114e+00  3.0550452332e+00 -1.1060753882e+00 -1.1440582051e+00  4.2295109119e+00 -1.8186892669e+00 -1.2356173357e+00  2.0246535862e+00 -1.1300139322e-01 -7.9147428530e-01  1.7219665594e+00 -2.5925259558e+00 -6.3840006944e-01  2.7845526260e+00 -1.5782930672e+00  3.7140625360e-01  3.5755514405e+00  2.5149795433e+00  6.9386439671e-01  1.9283657775e+00  1.7725085775e+00 -1.6027431771e+00  1.1588732138e+00  2.3796320425e+00 -1.9832361777e+00  2.7876095387e+00  3.1315009696e+00 -1.5513576668e+00  3.9080347361e+00  9.2181653364e-01  1.4816422854e+00  2.1072943222e+00 -7.5804607367e-01  1.5759174593e+00  3.3913439161e+00 -2.0126907252e+00  1.1128333754e+00  3.8224661643e+00 -3.3635493969e-01 -2.0392688199e+00  4.2150176852e+00 -2.3130713445e+00 -2.2225178090e+00  1.8407977105e+00 -3.1739352234e-01
ENERGY -7.412697517612e+02
GRADIENT -1.5497477018e-05  2.4250080626e-05  2.4099433665e-05  3.3429159477e-05 -3.4448434318e-05 -4.3755907032e-06 -3.3632122908e-05  3.3108894488e-05  8.6419767211e-05 -7.1456430225e-04  2.8563408792e-03  1.1877383695e-03 -7.0112282184e-05  1.5759859762e-05  2.2853473744e-06  1.5576560833e-03 -5.5451641913e-03 -2.2743395652e-03 -6.3424860275e-05  2.8020959057e-05  1.0599808956e-05  7.4271768203e-04 -2.7461132402e-03 -1.0713808150e-03  6.9459907246e-06 -2.0546994991e-06  6.2052985907e-06  2.2770031346e-06  9.5159474012e-06  2.3224974503e-06 -4.8441348682e-06  1.0504776025e-05  2.1048850529e-05  1.8103490589e-06  2.6692117108e-05 -6.9901523191e-06  1.3067171199e-05 -1.2138011407e-05 -8.3055027062e-06  1.8140078534e-05  2.0814001390e-05  4.2363810165e-05  1.2383710192e-05 -1.3765999554e-05  1.0883526579e-05 -3.8782485362e-05  1.8029721919e-05 -2.8938146789e-05  8.0889997365e-06 -1.4506444897e-05 -4.1209197553e-05 -1.4397741656e-03  5.2483653412e-03  2.0821497508e-03

