25
0 1 C9H13NO2
C                     0.510187028657    -1.243086056379    -3.063493811542
C                     0.981239907881    -0.924099428323    -4.387398835110
C                     0.921086599336    -0.225045325173    -2.252367048116
C                     1.642352878624     0.267921479927    -4.295646769049
C                     0.286744115744    -0.898325279026     1.367458616088
C                    -0.898874545048     0.047654791214     1.528531641538
C                    -0.480388382069     0.999756037913    -0.578621987147
C                     0.730780442455     0.074957787773    -0.801793275737
C                     2.355491479708     1.131296331581    -5.278158410397
N                     0.488162584315    -1.170471972355    -0.061236556188
O                     1.614476369609     0.707392038485    -2.990896536528
O                    -0.686406113403     1.261419167707     0.806839050418
H                    -0.061592586051    -2.105165077871    -2.749042143250
H                     0.846218819751    -1.506313893700    -5.289837214653
H                     1.172547624679    -0.437209579882     1.838804051496
H                     0.076205218407    -1.841618146923     1.883256916277
H                    -1.815185062930    -0.444696614474     1.168740362046
H                    -1.033265223791     0.330821213110     2.575701415780
H                    -0.313928793504     1.966268302570    -1.059184027152
H                    -1.371301439030     0.525110264071    -1.015799770194
H                     1.622499427810     0.613542805172    -0.433190845506
H                     1.909516972404     2.131122402376    -5.328733722428
H                     3.411890179548     1.251681607561    -5.012102606896
H                     2.300816302148     0.680488549973    -6.271818039065
H                     1.281136859604    -1.795138019948    -0.191630537895

41.31606049937164
      -0.3156        0.2066       -0.0696
      -0.2008        0.1156       -0.0488
      -0.1078        0.1012       -0.0408
       0.0773       -0.0404       -0.0095
       0.2652        0.1039        0.0280
       0.0895       -0.1261        0.0859
      -0.2573       -0.1229        0.0118
      -0.0874        0.1114       -0.0401
       0.3469       -0.2157        0.0317
       0.2111        0.0968        0.0232
       0.1508       -0.0560       -0.0084
      -0.2481       -0.1309        0.0194
      -0.1456        0.0932       -0.0269
      -0.0869        0.0452       -0.0174
       0.0619        0.0864       -0.0189
       0.1435        0.0240        0.0243
       0.0462       -0.0947        0.0528
       0.0342       -0.0310        0.0245
      -0.1410       -0.0305       -0.0098
      -0.0555       -0.0919        0.0260
      -0.0484        0.0855       -0.0346
       0.1812       -0.0265        0.0104
       0.1075       -0.1487        0.0206
       0.0747       -0.0526        0.0061
       0.0843        0.0645       -0.0090

85.78977475645688
      -0.0685        0.0904        0.1048
      -0.3060        0.1413        0.0354
       0.2617       -0.0478        0.1101
      -0.0988        0.0293        0.0044
      -0.1197        0.0297        0.0708
      -0.2404       -0.0746       -0.2228
       0.1904       -0.0344       -0.0987
       0.2589       -0.0048        0.1016
      -0.1918        0.0094       -0.0800
       0.2431        0.0171        0.1329
       0.2963       -0.1028        0.0618
      -0.1483       -0.0592       -0.1717
      -0.0468        0.0488        0.0430
      -0.1729        0.0730        0.0022
      -0.0794        0.0357        0.0780
      -0.0433        0.0054        0.0112
      -0.0304       -0.0403       -0.1392
      -0.1576       -0.0296       -0.0737
       0.0763       -0.0083       -0.0180
       0.0860       -0.0160       -0.0850
       0.0636        0.0104        0.0383
       0.0227        0.0427        0.0799
      -0.0173       -0.1006       -0.1277
      -0.1971        0.0629       -0.0427
       0.0851        0.0193        0.0876

98.9619729485007
      -0.0436       -0.1056       -0.1866
      -0.0527        0.1169       -0.1440
       0.0033       -0.2600       -0.0154
      -0.0140        0.0815        0.0572
       0.1015        0.1893        0.1190
       0.1411        0.2565        0.0703
      -0.0718       -0.2205       -0.1839
      -0.0599       -0.2341       -0.0358
      -0.0162        0.2856        0.2340
      -0.0632       -0.1294        0.1576
       0.0313       -0.1876        0.1513
       0.0333        0.1104       -0.2672
      -0.0255       -0.0392       -0.0999
      -0.0275        0.0820       -0.0709
       0.0504        0.0764       -0.0260
       0.0389        0.0897        0.1017
       0.0233        0.0532        0.0940
       0.0881        0.1426        0.0080
      -0.0379       -0.0953       -0.1220
      -0.0245       -0.1026       -0.0040
      -0.0254       -0.0481       -0.0196
       0.0209        0.0990        0.1658
       0.0054        0.0318        0.0510
      -0.0424        0.1692        0.0307
      -0.0231       -0.0465        0.0597

136.05756588615333
       0.1449       -0.0733        0.0331
       0.1006       -0.0585        0.0215
      -0.0159        0.0252       -0.0090
      -0.0616        0.0345       -0.0232
      -0.0008       -0.0234       -0.0277
       0.0243       -0.0024        0.0343
      -0.0414        0.0244        0.0265
      -0.0472        0.0277       -0.0128
       0.0713       -0.0547       -0.0058
      -0.0513        0.0119       -0.0430
      -0.1614        0.1048       -0.0491
       0.0145        0.0047        0.0472
       0.0714       -0.0378        0.0178
       0.0540       -0.0331        0.0129
       0.0070       -0.0163       -0.0123
      -0.0018       -0.0094       -0.0135
      -0.0003        0.0056        0.0200
       0.0220       -0.0039        0.0127
      -0.0167        0.0094        0.0107
      -0.0165        0.0089        0.0151
      -0.0141        0.0055        0.0017
       0.3704        0.1568        0.3753
       0.1450       -0.4655       -0.2829
      -0.4291        0.2442       -0.0950
      -0.0164        0.0019       -0.0216

200.64092326927565
       0.0262        0.1269        0.0566
       0.0881        0.0085        0.0641
       0.1686        0.0787        0.0387
       0.2601       -0.0880        0.0264
      -0.0214       -0.0690       -0.0644
       0.1103        0.0623        0.1999
      -0.2109       -0.0737        0.0015
      -0.1134        0.0459        0.0084
      -0.2672        0.0283       -0.2570
      -0.2777       -0.0104       -0.1178
       0.4797       -0.0925        0.0493
      -0.0906       -0.0104        0.0235
      -0.0506        0.0769        0.0203
      -0.0268        0.0186        0.0160
       0.0360       -0.0649       -0.0540
      -0.0196       -0.0196       -0.0233
      -0.0140        0.0267        0.1634
       0.1395        0.0515        0.0630
      -0.1152       -0.0210       -0.0179
      -0.0531       -0.0683        0.0358
      -0.0585        0.0129        0.0648
      -0.1382       -0.0152       -0.0071
      -0.0445        0.0624       -0.2312
      -0.2032        0.0101       -0.0687
      -0.1060       -0.0356       -0.0684

237.70478890340635
      -0.1960       -0.0491       -0.1200
       0.1512       -0.1928       -0.0478
      -0.2158       -0.0540       -0.0827
       0.2443       -0.2431        0.0333
       0.1209        0.1213       -0.0173
      -0.0802       -0.1464       -0.0997
       0.0791        0.2626        0.0956
      -0.0542        0.0862       -0.0789
      -0.1582        0.2329        0.1618
       0.0707        0.1310       -0.0108
       0.1093       -0.2805        0.0094
      -0.0440       -0.0080        0.1593
      -0.1055        0.0083       -0.0608
       0.0494       -0.0517       -0.0174
       0.0058        0.1107       -0.0231
       0.1108        0.0269        0.0103
       0.0299       -0.0715       -0.1241
      -0.1164       -0.0941       -0.0271
       0.0942        0.1000        0.0999
       0.0027        0.1659       -0.0284
       0.0193        0.0084       -0.0824
      -0.1213        0.0430        0.2259
      -0.0302        0.1080       -0.0339
      -0.1109        0.1999       -0.0092
       0.0240        0.0466       -0.0236

266.5298783739906
      -0.0610        0.0175       -0.1295
       0.0824       -0.0279       -0.0969
      -0.0898        0.0007       -0.0776
       0.1097       -0.0452       -0.0581
      -0.2980       -0.1546        0.1302
      -0.1192        0.1007        0.0176
      -0.2136       -0.1793        0.0699
      -0.0503        0.0824       -0.0386
      -0.0123        0.0617       -0.0658
       0.3587        0.1128        0.1582
       0.0288       -0.0527       -0.0717
       0.3617        0.0779        0.1184
      -0.0253        0.0048       -0.0515
       0.0333       -0.0078       -0.0299
      -0.1188       -0.1485        0.1979
      -0.2168       -0.0766       -0.0712
      -0.0643        0.1181       -0.0420
      -0.0522        0.0083        0.0083
      -0.1907       -0.0781       -0.0755
      -0.0791       -0.1533        0.1645
      -0.0460        0.1142       -0.0696
      -0.0250        0.0103        0.0210
       0.0031        0.0323       -0.0524
      -0.0301        0.0422       -0.0287
       0.1698        0.1107        0.1124

284.51564050380927
      -0.0698       -0.0048        0.2791
      -0.1267       -0.1184        0.2326
       0.0278        0.0708        0.1058
      -0.0828       -0.1211        0.1293
       0.0325       -0.1759       -0.2834
       0.1849        0.0301       -0.1927
      -0.1265       -0.0142       -0.1767
      -0.0129        0.1713       -0.0478
      -0.0514        0.0624        0.3502
       0.1207        0.0667       -0.2873
      -0.0088       -0.0362        0.0897
       0.1279        0.0646       -0.2057
      -0.0262        0.0192        0.1238
      -0.0559       -0.0526        0.0823
       0.0273       -0.1397       -0.0285
      -0.0761       -0.0611       -0.1343
       0.0249        0.0384       -0.0238
       0.0998       -0.0001       -0.0480
      -0.0993       -0.0160       -0.0972
      -0.0289       -0.0684        0.0016
      -0.0365        0.0872        0.0109
      -0.0330        0.0134        0.1639
      -0.0290        0.0222        0.1562
       0.0340        0.0930        0.0656
       0.0504        0.0474       -0.1074

338.69273923132675
       0.2340       -0.1734        0.0038
      -0.2231       -0.0737       -0.1631
       0.2703       -0.1150       -0.0429
      -0.2040       -0.0559       -0.2626
      -0.0921       -0.0278        0.0297
      -0.0344       -0.0097        0.2580
      -0.0419        0.0979        0.0737
       0.0696        0.1766       -0.0367
       0.1117        0.1581        0.1305
      -0.0716        0.2422       -0.0149
       0.1398       -0.1930       -0.2641
      -0.1634       -0.0696        0.1540
       0.0859       -0.0547        0.0229
      -0.1334       -0.0231       -0.0362
      -0.0182       -0.0577        0.0414
      -0.0416       -0.0408       -0.0566
      -0.0458        0.0044        0.1565
       0.0745        0.0241        0.0791
      -0.0440        0.0599        0.0738
       0.0057        0.0186       -0.0021
       0.0135        0.0560        0.0011
       0.0467        0.0544        0.0811
      -0.0047        0.0166        0.1976
       0.1669        0.1407       -0.0118
      -0.0559        0.0231       -0.0190

374.70996268850985
      -0.2329        0.1646       -0.0127
       0.1134       -0.1422        0.0246
      -0.1547        0.1658       -0.0625
       0.1278       -0.1361       -0.0594
      -0.1120       -0.1363        0.0489
       0.0746        0.1286        0.2117
       0.2664       -0.0784       -0.0383
       0.2639       -0.0463        0.0729
       0.0144        0.0748        0.0308
       0.1272       -0.0446        0.0472
      -0.1518        0.1028       -0.1552
      -0.3588       -0.0396       -0.1759
      -0.0784        0.0613        0.0136
       0.0693       -0.0892        0.0326
      -0.0067       -0.1588        0.0828
      -0.1485       -0.0449       -0.0420
      -0.0513        0.0323        0.2519
       0.1927        0.1226        0.0612
       0.1140       -0.0172        0.0122
       0.1301       -0.0271       -0.1149
       0.1109       -0.0504       -0.0101
      -0.0357        0.0080        0.0920
       0.0044        0.0460       -0.0026
      -0.0023        0.0922       -0.0224
       0.0157       -0.0412        0.0431

417.2875818250227
      -0.0633        0.1913        0.1579
      -0.0426       -0.1776        0.0679
       0.0816        0.2449       -0.0359
       0.0183       -0.1654       -0.2030
       0.0029        0.1991        0.0270
      -0.1514       -0.0082       -0.0643
       0.0061       -0.2687        0.0905
       0.0786       -0.1136        0.0521
       0.0620        0.1333        0.0559
      -0.2084       -0.1752        0.0089
       0.0273        0.1382       -0.3030
       0.2159       -0.0099        0.0682
      -0.0250        0.0866        0.1190
      -0.0355       -0.1219        0.0684
      -0.0153        0.1997       -0.1023
       0.1376        0.0853        0.1113
      -0.0045        0.0019       -0.1241
      -0.1400       -0.0363       -0.0219
      -0.1010       -0.1047       -0.0616
       0.0146       -0.1830        0.1149
       0.0125       -0.0642        0.0806
      -0.0144        0.0296        0.1253
      -0.0022        0.0487        0.0920
       0.0844        0.1617       -0.0423
      -0.0763       -0.0819        0.0323

462.4280264869268
      -0.0809        0.0604        0.0140
       0.0406       -0.0127        0.0379
      -0.0008        0.0217        0.0023
       0.0246       -0.0042        0.0193
       0.0412       -0.0634        0.3204
       0.0233       -0.1542        0.0583
       0.0302        0.0208       -0.2962
      -0.0135        0.1563       -0.0583
      -0.0026       -0.0015        0.0054
      -0.2715        0.3688        0.2168
      -0.0654        0.0640       -0.0028
       0.3243       -0.4253       -0.2651
      -0.0423        0.0290        0.0020
       0.0292       -0.0159        0.0164
       0.0125       -0.0443        0.1153
       0.0197       -0.0647        0.0119
       0.0376       -0.0815       -0.0079
      -0.0706        0.0690       -0.0238
      -0.0030        0.0465       -0.0117
       0.0153        0.0208       -0.1144
      -0.0121        0.0622       -0.0255
      -0.0069       -0.0030        0.0065
       0.0013        0.0054       -0.0092
      -0.0094        0.0004        0.0017
      -0.2045       -0.0392       -0.0586

508.03322304095093
       0.0571        0.0816        0.0845
      -0.0589       -0.0632        0.0014
       0.0535        0.1034        0.0188
      -0.0100       -0.0572       -0.1741
       0.1159       -0.2159        0.2553
       0.1926        0.0002       -0.1312
      -0.1639        0.2393       -0.0978
      -0.3526       -0.1116        0.0899
       0.0671        0.0928       -0.0703
       0.0497       -0.3094        0.2380
       0.0924        0.0476       -0.1677
      -0.0667        0.1215       -0.0848
       0.0148        0.0381        0.0618
      -0.0544       -0.0556        0.0296
       0.0631       -0.1564        0.1075
      -0.1067       -0.0301        0.0802
       0.1052       -0.0480       -0.0978
      -0.0418        0.0004       -0.0519
       0.1481        0.0638        0.0241
      -0.1189        0.2564       -0.0884
      -0.1429       -0.0015        0.0778
       0.0118        0.0258        0.0267
       0.0064        0.0252        0.0319
       0.0647        0.0872       -0.0500
       0.1055        0.0347        0.0489

574.0424041298926
       0.0326        0.0232        0.0770
      -0.0456        0.0042        0.0688
       0.0078        0.0720       -0.0471
      -0.0079       -0.0115        0.0283
      -0.1875        0.1358       -0.1118
      -0.1898       -0.0018        0.2041
       0.0033        0.0607       -0.1197
      -0.2083       -0.0881       -0.1560
      -0.0262       -0.0260        0.0489
       0.1721       -0.1568       -0.0765
       0.0755        0.0732        0.0123
       0.2329       -0.3057       -0.0640
       0.0255        0.0144        0.0698
      -0.0230        0.0001        0.0225
      -0.1125        0.2284       -0.1057
       0.1450        0.0418        0.0500
      -0.1885        0.0967        0.2675
       0.1810        0.0926        0.0667
       0.1792        0.0521        0.0931
      -0.0691        0.2316       -0.1242
      -0.0902        0.0100       -0.0227
      -0.0094       -0.0078        0.0209
      -0.0091       -0.0061        0.0199
      -0.0027       -0.0007        0.0111
       0.2498        0.1763        0.1483

627.5919593834242
      -0.2423        0.1458       -0.0615
       0.4074       -0.2347        0.0832
       0.0955       -0.0493        0.0168
      -0.5224        0.2948       -0.1083
      -0.0055        0.0019       -0.0137
      -0.0070       -0.0006        0.0050
      -0.0136        0.0097       -0.0007
      -0.0086       -0.0070       -0.0082
      -0.0786        0.0294       -0.0028
       0.0176       -0.0097       -0.0036
       0.2570       -0.1394        0.0501
       0.0000        0.0064        0.0145
      -0.1844        0.1092       -0.0419
       0.2563       -0.1445        0.0528
      -0.0046        0.0082       -0.0052
       0.0047        0.0017        0.0007
      -0.0073        0.0053        0.0073
       0.0073       -0.0027        0.0035
       0.0041        0.0036        0.0041
      -0.0100        0.0136        0.0005
      -0.0083        0.0059        0.0014
       0.1285        0.0700       -0.0986
      -0.0387       -0.1330        0.1302
       0.0479       -0.0299        0.0128
       0.0089        0.0026       -0.0002

668.8218564077163
       0.1741        0.1762       -0.2406
       0.0407        0.0004       -0.2615
       0.0970        0.1616       -0.1408
      -0.0797       -0.1040        0.1462
       0.0183       -0.0121        0.0856
       0.0121        0.0137        0.0109
      -0.0028       -0.0009        0.0102
      -0.0041       -0.0357       -0.0797
      -0.3157       -0.3828        0.4424
      -0.0092       -0.0305        0.0321
       0.1586        0.2273       -0.1055
      -0.0379        0.0349        0.0246
       0.0564        0.0622       -0.0326
       0.0515        0.0615       -0.1195
       0.0152       -0.0408        0.0405
      -0.0353       -0.0038        0.0089
       0.0298       -0.0180       -0.0344
      -0.0470       -0.0029       -0.0015
       0.0004        0.0007        0.0049
      -0.0065        0.0070        0.0067
      -0.0023       -0.0130       -0.0152
      -0.0987       -0.1129        0.1557
      -0.0977       -0.1094        0.1517
      -0.0880       -0.1028        0.1277
      -0.0164       -0.0250        0.0043

671.4811625410206
       0.2412       -0.1418        0.1201
      -0.0518        0.0240        0.0581
      -0.6110        0.3684       -0.1658
      -0.1543        0.0981       -0.0386
       0.0113        0.0057        0.0669
       0.0088        0.0275       -0.0139
       0.1138       -0.0970        0.0348
      -0.0115       -0.0313       -0.0683
      -0.0160        0.0371       -0.0223
      -0.0160        0.0201        0.0209
       0.3742       -0.1580        0.0869
      -0.0157       -0.0369       -0.0723
       0.1975       -0.1071        0.0850
      -0.0661        0.0241        0.0136
       0.0102       -0.0361        0.0409
      -0.0361       -0.0026       -0.0041
       0.0209       -0.0150       -0.0210
      -0.0313        0.0237       -0.0128
       0.0175       -0.0372       -0.0136
       0.0488       -0.0534        0.0029
       0.0553       -0.0448       -0.1153
       0.0588        0.0371       -0.0427
      -0.0111       -0.0492        0.0475
       0.0307       -0.0035       -0.0020
      -0.0428       -0.0382       -0.0152

789.1742507279972
      -0.1131        0.1363       -0.1098
      -0.1896        0.1274       -0.1649
      -0.0491        0.0213        0.1176
       0.0065       -0.0253       -0.0160
      -0.0226       -0.0584        0.0069
       0.0306       -0.0391       -0.0349
      -0.0090        0.0858       -0.0249
       0.0667        0.1969        0.2435
      -0.0027       -0.0243        0.0142
      -0.1111       -0.0995       -0.0204
       0.0365       -0.1637       -0.0078
       0.0438       -0.0260       -0.0663
       0.4279       -0.2517        0.0060
       0.4994       -0.2779        0.0718
      -0.0034        0.0531       -0.0731
       0.0679        0.0031        0.0687
      -0.0144        0.0086        0.0252
       0.0455        0.0149       -0.0132
      -0.0837        0.0261       -0.0344
       0.0451       -0.0673       -0.0042
       0.0123        0.0139        0.1408
      -0.0282       -0.0181        0.0160
       0.0018        0.0178       -0.0208
      -0.0297        0.0020        0.0015
       0.1287        0.1498        0.0775

797.9709047915162
      -0.1444       -0.0495        0.0939
      -0.2452        0.1121        0.1422
       0.1610       -0.0889       -0.1621
       0.0442        0.0131        0.0435
       0.0328        0.0948        0.0036
      -0.0213        0.0491        0.0681
      -0.0126       -0.0958        0.0107
      -0.0675       -0.2739       -0.3813
       0.0387        0.0175       -0.0138
       0.1049        0.1318        0.0073
       0.0979        0.1622        0.0345
      -0.0697        0.0412        0.1196
       0.1183       -0.0766        0.1489
       0.4126       -0.2361        0.1429
       0.0203       -0.0966        0.1006
      -0.1119       -0.0029       -0.1027
       0.0448       -0.0308       -0.0533
      -0.0885       -0.0330        0.0229
       0.0961       -0.0230        0.0499
      -0.0671        0.0928        0.0039
      -0.0123       -0.0270       -0.1947
      -0.0281       -0.0101        0.0224
       0.0126        0.0443       -0.0290
      -0.0123        0.0286       -0.0132
      -0.1485       -0.1667       -0.0659

835.4944207261608
       0.1673        0.0818       -0.0300
      -0.0658        0.0243       -0.1356
      -0.0890        0.0777        0.1345
      -0.0124       -0.0482       -0.0543
       0.0153       -0.0751       -0.1969
      -0.1036       -0.0315       -0.1335
      -0.1133       -0.0412        0.0328
      -0.0598       -0.1076        0.2726
      -0.0052       -0.0220       -0.0098
       0.2614        0.1664        0.2006
      -0.0163       -0.0738        0.0033
       0.0669        0.0470       -0.0429
      -0.0717        0.0743       -0.0883
       0.1115       -0.1048        0.0128
      -0.0936        0.1410       -0.0098
       0.1156       -0.0173       -0.0079
      -0.1516        0.1126        0.1123
       0.2044        0.0028       -0.0114
       0.1399       -0.0386        0.0123
      -0.0771        0.1088       -0.0304
      -0.0777        0.0810        0.0818
      -0.0133       -0.0105        0.0193
      -0.0058        0.0025        0.0082
       0.0050        0.0159       -0.0132
      -0.3414       -0.3920       -0.2605

846.7761732854312
       0.3337       -0.1987        0.0699
      -0.2224        0.1358       -0.0653
      -0.0823        0.0418       -0.0152
       0.0087       -0.0015        0.0046
      -0.0081       -0.0111        0.0615
       0.0205        0.0098        0.0122
       0.0716        0.0077        0.0170
       0.0000        0.0951        0.0103
       0.0166       -0.0088        0.0071
      -0.0718       -0.0760       -0.0534
      -0.0154       -0.0196       -0.0008
      -0.0067       -0.0260       -0.0345
      -0.5965        0.3505       -0.1204
       0.3716       -0.1993        0.0695
       0.0163       -0.0112       -0.0147
      -0.0007        0.0035        0.0314
       0.0221       -0.0155       -0.0142
      -0.0333        0.0191       -0.0063
      -0.0480        0.0033       -0.0162
       0.0471       -0.0586        0.0146
       0.0277       -0.0172       -0.0032
      -0.0307       -0.0170        0.0136
       0.0076        0.0316       -0.0274
      -0.0213        0.0040        0.0005
       0.1166        0.1301        0.0601

857.7661175221125
      -0.0491       -0.0859        0.0337
      -0.0065        0.0187        0.0766
      -0.0081       -0.0059       -0.1000
       0.0106        0.0292        0.0330
       0.1225       -0.3752        0.2195
      -0.2967       -0.1021        0.2203
      -0.0366        0.2082       -0.2382
       0.1374        0.0625       -0.1512
       0.0023        0.0086        0.0109
       0.0821       -0.1739       -0.0515
       0.0279        0.0409       -0.0067
       0.0056        0.3465       -0.0036
      -0.0115       -0.0181        0.0348
       0.0091        0.0259        0.0078
      -0.0262        0.1193       -0.0416
       0.3418       -0.1486        0.1188
      -0.1331        0.0740        0.0617
      -0.0737        0.0505        0.0447
      -0.1541        0.0443       -0.1577
       0.0205       -0.0743        0.0168
       0.0672       -0.0108       -0.0795
       0.0031        0.0032       -0.0074
       0.0033        0.0013       -0.0063
      -0.0069       -0.0091        0.0089
      -0.0510       -0.1174       -0.1288

906.1691406775522
      -0.0655       -0.1302        0.0326
      -0.0047        0.0256        0.0820
      -0.0088       -0.0293       -0.1133
       0.0126        0.0305        0.0305
      -0.1580        0.0907       -0.0195
       0.1922       -0.0817       -0.2917
      -0.1836        0.3455        0.0761
       0.2264        0.0390       -0.1447
      -0.0062       -0.0063        0.0114
       0.0042       -0.2040        0.2406
       0.0678        0.1063       -0.0429
      -0.0084       -0.1802        0.0136
      -0.0382       -0.0182        0.0332
       0.0276        0.0438       -0.0036
      -0.0976        0.0990        0.0272
      -0.1305        0.1312        0.1531
      -0.0454        0.0211        0.1096
       0.3022       -0.0302       -0.0510
      -0.3164        0.1533        0.0341
       0.0034       -0.0791        0.0915
       0.1289       -0.0672       -0.0979
      -0.0011       -0.0009        0.0096
      -0.0033       -0.0008        0.0098
       0.0020        0.0037        0.0011
      -0.0989       -0.1802        0.0651

941.7224671022923
      -0.0303       -0.0704       -0.0167
      -0.0280       -0.0580       -0.0338
      -0.0354       -0.0534       -0.0230
      -0.0224       -0.0507       -0.0325
      -0.1125       -0.0319       -0.1523
       0.1455       -0.3797       -0.0298
       0.1893       -0.0535       -0.1979
      -0.1497       -0.1042        0.0366
      -0.0064       -0.0447       -0.0894
      -0.1445        0.2407        0.2624
       0.1166        0.2462        0.1142
      -0.0341        0.3030        0.0902
      -0.0208       -0.0042        0.0242
       0.0062        0.0030       -0.0264
      -0.0869        0.0830       -0.0198
       0.0723       -0.0428       -0.0612
      -0.0228       -0.0285        0.0669
       0.2299       -0.2245        0.0431
       0.0318       -0.0874       -0.2059
       0.0622       -0.0947        0.0213
      -0.0112       -0.0633       -0.0163
      -0.0088       -0.0101        0.0799
      -0.0285        0.0032        0.0747
       0.0796        0.1064       -0.0831
       0.0789        0.1969        0.1694

970.040174931016
      -0.1340       -0.2326       -0.0577
      -0.0195       -0.0551       -0.0387
      -0.0413       -0.1287        0.0316
      -0.0419       -0.0895       -0.0452
       0.0886       -0.0929        0.0458
      -0.0845        0.2025       -0.0613
      -0.0040       -0.0003        0.2208
      -0.0289        0.0841        0.1258
      -0.0299       -0.1402       -0.2275
       0.0294        0.0003       -0.1038
       0.1904        0.4223        0.2257
      -0.0005       -0.1431       -0.1236
      -0.0297       -0.1068       -0.0914
       0.0606        0.0797       -0.0859
       0.0406       -0.0093       -0.0325
       0.0654       -0.0290        0.0234
      -0.0281        0.0575       -0.0165
      -0.0717        0.1606       -0.0512
      -0.0071        0.0144        0.0919
       0.0129       -0.0032        0.0311
      -0.0010        0.0163        0.0347
      -0.0253       -0.0319        0.2144
      -0.0788        0.0082        0.1975
       0.2027        0.2721       -0.2151
       0.0136        0.0208       -0.0982

981.7747698379179
       0.1357        0.2204       -0.0699
      -0.1104       -0.3427       -0.3863
       0.0467        0.0823        0.0314
      -0.0878       -0.1546       -0.0084
       0.0078        0.0426        0.0165
      -0.0215        0.0121        0.0425
      -0.0383        0.1263       -0.0412
       0.0642       -0.0607       -0.0959
       0.0880        0.1165       -0.0947
       0.0294       -0.0409       -0.0414
      -0.0910        0.0550        0.5638
       0.0049       -0.0440        0.0098
       0.0476        0.1611        0.2565
      -0.0963       -0.1882       -0.0543
       0.0129       -0.0277        0.0203
      -0.0357        0.0093       -0.0158
       0.0105       -0.0216        0.0013
      -0.0359        0.0167        0.0057
      -0.1190        0.0573       -0.0086
       0.0098       -0.0370        0.0224
       0.0622       -0.0570       -0.0778
       0.0361        0.0360       -0.0885
       0.0411        0.0319       -0.0865
       0.0083        0.0071       -0.0189
       0.0001       -0.0253        0.0055

1003.1353688376499
       0.0962        0.0775       -0.0577
       0.0299        0.1066        0.1160
      -0.1261        0.0368        0.0951
       0.0005       -0.0347       -0.0792
      -0.0593        0.2197       -0.0904
       0.0092       -0.0690        0.2582
      -0.2137        0.0856       -0.3819
       0.2726       -0.0565        0.0571
      -0.0622       -0.1411       -0.1270
       0.0624       -0.1345       -0.0688
      -0.0292       -0.0346        0.1043
       0.0816        0.0200        0.1616
      -0.0087       -0.0464       -0.2858
      -0.0398       -0.0496        0.0972
       0.0372       -0.0870        0.0093
      -0.1619        0.0731       -0.0660
       0.1038       -0.1151       -0.0540
      -0.1441       -0.1367        0.0903
      -0.0215        0.0557       -0.0391
      -0.0648        0.0666       -0.1401
       0.0348        0.0247        0.0529
      -0.0201       -0.0309        0.1602
      -0.0691       -0.0167        0.1598
       0.1311        0.1684       -0.1359
      -0.0353       -0.1231        0.0725

1015.8741958368456
       0.1870        0.2979       -0.1591
      -0.0184        0.0660        0.2526
       0.0566       -0.0466        0.0828
       0.0103       -0.0064       -0.0857
       0.0482       -0.0746        0.0641
      -0.0318        0.0101       -0.1086
       0.1557        0.0717        0.1802
      -0.1799       -0.0666       -0.2072
      -0.0292       -0.0793       -0.0200
      -0.0180        0.0462        0.0200
      -0.0771       -0.0818        0.0779
      -0.0528       -0.0278       -0.0850
       0.0747       -0.0440       -0.4012
      -0.2411       -0.2945        0.3193
      -0.0177        0.0217        0.0385
       0.0524       -0.0395        0.0016
      -0.0595        0.0378        0.0490
       0.0726        0.0842       -0.0441
      -0.1103        0.0093       -0.0219
       0.0684       -0.1038        0.1310
       0.0458       -0.1008       -0.1752
      -0.0273       -0.0267        0.0758
      -0.0269       -0.0000        0.0578
       0.0333        0.0541       -0.0410
       0.0350        0.0720       -0.0329

1039.4075187729484
      -0.0626       -0.2152       -0.1990
      -0.1672       -0.2639        0.0541
      -0.0392       -0.0026       -0.0658
      -0.0151       -0.0122        0.0595
      -0.0307        0.0025       -0.0220
       0.0279        0.0161        0.0285
      -0.0744       -0.0514       -0.0564
       0.0974        0.0661        0.1324
       0.0678        0.1935        0.1614
      -0.0016       -0.0131       -0.0115
       0.2160        0.3636       -0.0132
       0.0199        0.0055        0.0294
      -0.0378       -0.1557       -0.3404
      -0.1960       -0.2898        0.1720
       0.0042        0.0057       -0.0357
      -0.0026        0.0158        0.0237
       0.0266       -0.0029       -0.0290
      -0.0304       -0.0292        0.0129
       0.0654       -0.0079        0.0269
      -0.0295        0.0506       -0.0674
      -0.0293        0.0683        0.1066
       0.0417        0.0523       -0.2067
       0.0830        0.0060       -0.1835
      -0.1451       -0.1981        0.1656
      -0.0065       -0.0154        0.0131

1063.3088336977812
      -0.0015       -0.0072       -0.0042
       0.0598       -0.0405        0.0118
      -0.0134        0.0135       -0.0062
      -0.3136        0.1777       -0.0676
      -0.0151        0.0034        0.0123
       0.0121       -0.0051        0.0015
       0.0012       -0.0163       -0.0147
       0.0062        0.0239        0.0021
       0.3742       -0.2144        0.0802
       0.0025       -0.0128       -0.0104
       0.0387       -0.0193        0.0163
      -0.0002        0.0058        0.0114
       0.0107       -0.0095       -0.0009
      -0.0523        0.0318       -0.0144
      -0.0061        0.0082       -0.0011
      -0.0093        0.0119        0.0215
       0.0049       -0.0018       -0.0024
       0.0032       -0.0128        0.0036
       0.0139       -0.0044        0.0011
      -0.0012        0.0051       -0.0107
      -0.0049        0.0190       -0.0011
      -0.3994       -0.2692        0.2426
       0.1281        0.4310       -0.3092
      -0.2239        0.1275       -0.0447
      -0.0059       -0.0108       -0.0081

1072.4869640240395
      -0.0150       -0.0294        0.0416
       0.0097        0.0054       -0.0050
      -0.0652       -0.0297        0.0480
      -0.0091        0.0264       -0.0073
       0.2188        0.0704       -0.2852
      -0.2103        0.0109        0.1256
      -0.0960        0.2924        0.0703
      -0.0059       -0.3198        0.1595
       0.0268        0.0201        0.0644
       0.0043        0.0957        0.1801
       0.0724        0.0553       -0.1556
       0.0742       -0.0745       -0.1710
      -0.0206        0.0023        0.0194
       0.0149        0.0201       -0.0156
       0.1186       -0.1763        0.0162
       0.0522       -0.1374       -0.3758
      -0.0326       -0.0441        0.0248
      -0.1154        0.1350       -0.0082
      -0.2100        0.0799       -0.0577
       0.0134       -0.0721        0.0890
       0.0900       -0.2769        0.0943
      -0.0211       -0.0095       -0.0267
       0.0234        0.0195       -0.0534
      -0.0578       -0.0519        0.0476
       0.0496        0.0695        0.1444

1099.8260353172802
      -0.0508       -0.0593        0.0189
      -0.0128       -0.0342       -0.0414
       0.0157       -0.0141        0.0727
      -0.0085       -0.0142        0.0183
       0.1812        0.2689        0.1053
      -0.2277       -0.0968       -0.0260
       0.2892        0.0913       -0.1651
      -0.3104        0.1024        0.0804
       0.0106        0.0313        0.0118
       0.1009       -0.1684       -0.1568
       0.0433        0.0553       -0.0514
       0.0411       -0.0452        0.1365
       0.0019       -0.0504       -0.0461
       0.0315        0.0391       -0.0510
       0.0239       -0.0953        0.2382
      -0.3161        0.1418       -0.0003
      -0.1046       -0.0935        0.1775
       0.1198       -0.0228        0.0194
      -0.0963       -0.0169       -0.1956
       0.1329       -0.1725        0.0775
      -0.0933       -0.0223        0.0993
       0.0078        0.0092       -0.0279
       0.0103       -0.0007       -0.0220
      -0.0134       -0.0216        0.0174
      -0.0248       -0.0575       -0.2998

1139.5992613464427
       0.0075        0.0223        0.0187
       0.0097        0.0149       -0.0111
      -0.0343       -0.0444        0.0344
       0.0073        0.0108       -0.0079
      -0.0754       -0.1841       -0.1590
       0.1012        0.4283       -0.0488
       0.1870        0.0439       -0.3693
      -0.1817       -0.0413        0.0392
      -0.0006        0.0026        0.0135
       0.0977        0.0545        0.1819
       0.0245        0.0195       -0.0563
      -0.1292       -0.2907        0.4039
       0.0059        0.0149        0.0365
      -0.0098       -0.0100        0.0082
       0.0275        0.0415       -0.2156
       0.1108       -0.0103        0.0819
       0.0635        0.1258       -0.1382
      -0.1329       -0.0291        0.0126
      -0.1571        0.0856       -0.0187
       0.1195       -0.1542       -0.0474
      -0.0196       -0.0434       -0.0219
      -0.0040       -0.0017       -0.0021
       0.0012       -0.0030       -0.0020
      -0.0116       -0.0145        0.0117
      -0.0119        0.0018       -0.0754

1144.4778748547371
       0.0150       -0.0063       -0.0289
       0.0022        0.0129        0.0326
      -0.0071        0.0530       -0.0929
       0.0040        0.0090       -0.0125
       0.3213       -0.0131        0.1318
      -0.1995        0.1358       -0.3902
      -0.1509       -0.1612       -0.1974
       0.2411       -0.0609       -0.0010
      -0.0055       -0.0177       -0.0070
      -0.2152        0.0393        0.0028
      -0.0328       -0.0404        0.0602
      -0.0123       -0.0216        0.3627
      -0.0107        0.0171        0.0127
      -0.0137       -0.0177        0.0266
       0.0755       -0.0900        0.1588
       0.0275       -0.0895       -0.1437
      -0.2197        0.1426        0.1524
       0.2327        0.0439       -0.0724
       0.0786        0.0000        0.0870
      -0.0951        0.0997       -0.0948
       0.0496       -0.0294        0.0563
      -0.0040       -0.0051        0.0145
      -0.0054        0.0013        0.0109
       0.0080        0.0136       -0.0106
       0.0969        0.1817        0.0595

1169.4877365623556
       0.0013        0.0086        0.0383
       0.0117        0.0126       -0.0124
      -0.0588       -0.0308        0.0648
       0.0023       -0.0005       -0.0190
      -0.1973        0.0112        0.3431
       0.1950       -0.0193       -0.0560
      -0.1354        0.1103       -0.0562
       0.0458       -0.4188        0.1814
       0.0028        0.0088        0.0208
       0.1038        0.2921       -0.4382
       0.0355        0.0288       -0.0773
      -0.0265       -0.0326        0.0421
      -0.0072        0.0039        0.0037
       0.0104        0.0095       -0.0086
      -0.1469        0.1727        0.0932
       0.0414       -0.0099        0.1022
       0.0566       -0.0070       -0.0092
       0.0309        0.0129       -0.0245
      -0.0453        0.0179       -0.0444
      -0.0464       -0.0016        0.0291
       0.1012       -0.2829        0.0917
      -0.0041       -0.0009       -0.0093
       0.0048       -0.0032       -0.0091
      -0.0171       -0.0205        0.0172
       0.0564        0.1332       -0.2012

1208.3888147533255
       0.0321        0.0922        0.0753
       0.0851        0.0688       -0.2093
      -0.2612       -0.4068        0.3584
       0.0552        0.1199        0.0677
       0.0494        0.0093        0.0004
      -0.0708       -0.0270       -0.0068
      -0.0873       -0.0647       -0.0108
       0.0314        0.0773        0.0437
      -0.0132       -0.0239        0.0028
      -0.0456       -0.0443       -0.0432
       0.1463        0.1708       -0.2539
       0.0437        0.0377        0.0030
       0.0113        0.1053        0.2532
      -0.1573       -0.2231        0.1213
       0.0585       -0.0492       -0.0444
      -0.0744        0.0596        0.0714
      -0.0339       -0.0051        0.0295
       0.0243       -0.0378        0.0126
       0.0669       -0.0226        0.0233
      -0.0043        0.0250       -0.0929
       0.1681        0.0301       -0.3862
      -0.0095       -0.0082        0.0422
      -0.0148       -0.0027        0.0393
      -0.0187       -0.0261        0.0133
       0.0159        0.0239       -0.0316

1226.2667443304435
      -0.0449       -0.1628       -0.2232
       0.0874        0.1660        0.0421
       0.0052       -0.0638       -0.3570
       0.1457        0.2233       -0.0884
      -0.0149        0.0079       -0.0190
      -0.0131       -0.0153        0.0234
       0.0358        0.0490        0.0185
       0.0026        0.0258        0.1547
      -0.0721       -0.1190        0.0154
       0.0499        0.0345       -0.0067
      -0.0458       -0.0537        0.0967
       0.0095       -0.0157       -0.0249
      -0.0144        0.1319        0.4372
      -0.2354       -0.3101        0.2873
       0.0131       -0.0073       -0.0280
      -0.0382        0.0338        0.0381
       0.0200       -0.0624        0.0214
      -0.0199        0.0371       -0.0069
      -0.0103       -0.0084       -0.0507
      -0.0041       -0.0080        0.0607
      -0.1193        0.0227        0.3167
      -0.0295       -0.0326        0.1077
      -0.0469       -0.0211        0.1035
       0.0018        0.0018       -0.0077
      -0.0128       -0.0128       -0.0440

1244.6014616887742
      -0.0181        0.0034        0.0996
       0.0291        0.0328       -0.0457
      -0.0284        0.0007        0.0520
       0.0134       -0.0324       -0.1444
      -0.0990       -0.0399        0.0363
      -0.0431       -0.0189       -0.1300
       0.0745        0.1060       -0.0493
       0.1098       -0.1021        0.0048
      -0.0057        0.0062        0.0476
       0.0081        0.0711       -0.0524
       0.0071        0.0274        0.0399
      -0.0367       -0.0655        0.1479
      -0.0072       -0.0311       -0.0612
       0.0174        0.0208       -0.0240
       0.1553       -0.1023       -0.2671
       0.0108        0.0175        0.0808
       0.0606       -0.3331        0.1914
      -0.0234        0.3440       -0.1370
       0.1129       -0.1338       -0.3202
      -0.1924        0.1057        0.3674
      -0.0920        0.2682       -0.1027
      -0.0202       -0.0092       -0.0141
       0.0057       -0.0239       -0.0086
      -0.0311       -0.0397        0.0334
      -0.0206       -0.0436        0.1544

1250.405793048146
      -0.1337       -0.0965        0.3329
       0.1579        0.2095       -0.1790
       0.0280        0.0121        0.0196
       0.1250       -0.0369       -0.6697
       0.0300        0.0050       -0.0115
       0.0045        0.0049        0.0303
      -0.0181       -0.0313        0.0155
      -0.0300        0.0291       -0.0175
      -0.0568       -0.0219        0.2014
      -0.0125       -0.0262        0.0114
      -0.0187        0.0692        0.2656
       0.0055        0.0157       -0.0364
      -0.0377       -0.1098       -0.1039
      -0.0226       -0.0361        0.0133
      -0.0309        0.0192        0.0574
      -0.0074        0.0014       -0.0093
      -0.0194        0.0851       -0.0456
       0.0071       -0.0866        0.0343
      -0.0168        0.0267        0.0756
       0.0372       -0.0194       -0.0762
       0.0429       -0.0454       -0.0614
      -0.1025       -0.0540       -0.0072
       0.0015       -0.1175        0.0154
      -0.1297       -0.1733        0.1395
       0.0083        0.0136       -0.0280

1278.4181315169185
       0.0226        0.0141       -0.0682
      -0.0401       -0.0195        0.1327
       0.0806        0.0742       -0.1262
      -0.0173       -0.0521       -0.0531
       0.0696       -0.1450       -0.0774
      -0.2096       -0.0449        0.0134
      -0.1078       -0.0448        0.0373
      -0.0094       -0.0802        0.0791
       0.0045        0.0152        0.0172
       0.0464        0.2100        0.0858
      -0.0325       -0.0324        0.0523
       0.1027        0.0849       -0.0615
       0.0072        0.0072       -0.0209
       0.0585        0.0910       -0.0311
       0.2596       -0.1755       -0.3541
      -0.2676        0.2738        0.4515
      -0.0516       -0.0934        0.0820
       0.0252       -0.0916        0.0375
      -0.0134        0.0263        0.0980
       0.0362       -0.0106       -0.1375
       0.1442       -0.1887       -0.0761
      -0.0016        0.0015       -0.0241
       0.0091       -0.0062       -0.0215
      -0.0006       -0.0007        0.0059
       0.0562        0.1517       -0.1370

1329.2953375048164
       0.0004       -0.0158       -0.0643
      -0.0169       -0.0025        0.0653
       0.0714        0.0099       -0.0562
       0.0052       -0.0088       -0.0449
      -0.1067        0.0158       -0.0744
       0.0697       -0.0668       -0.0702
      -0.1454       -0.1018       -0.0071
      -0.1548        0.2332        0.0573
      -0.0033        0.0020        0.0122
       0.0649       -0.0750        0.0441
      -0.0154       -0.0089        0.0376
       0.0805        0.1108        0.1977
       0.0046        0.0100        0.0276
       0.0127        0.0263        0.0006
      -0.1122        0.0885        0.0509
       0.0539       -0.0610       -0.1116
       0.1281       -0.3320        0.1258
      -0.0831        0.4750       -0.1741
       0.1220       -0.0462        0.0287
       0.1538       -0.1111       -0.3124
       0.2215       -0.3171       -0.0920
      -0.0063       -0.0025       -0.0048
       0.0016       -0.0090       -0.0031
      -0.0019       -0.0046        0.0056
      -0.0277       -0.0679       -0.0140

1340.1733440505752
       0.0388        0.0083       -0.1753
      -0.0511       -0.0152        0.1909
       0.0578       -0.0086       -0.0876
      -0.0053       -0.0533       -0.1078
       0.1002       -0.0136       -0.1035
       0.0456        0.0682        0.1009
      -0.1075        0.1011        0.0193
       0.0110        0.1822        0.1685
       0.0003        0.0165        0.0368
      -0.0538       -0.0577        0.0306
      -0.0146        0.0014        0.0538
      -0.0599       -0.2117       -0.0100
       0.0181        0.0502        0.0802
       0.0547        0.0943       -0.0127
      -0.0992        0.0780        0.1416
      -0.0596        0.0415        0.0162
      -0.0504        0.2363       -0.1083
      -0.0728       -0.1106        0.0575
       0.2855       -0.2491       -0.4572
      -0.1482        0.0964        0.1775
       0.2516       -0.1725       -0.2237
      -0.0147       -0.0044       -0.0297
       0.0113       -0.0217       -0.0235
      -0.0055       -0.0066        0.0143
       0.0167        0.0356       -0.0664

1358.6411585245573
      -0.0915       -0.0481        0.3061
       0.0831        0.0153       -0.3429
       0.0247        0.0954        0.0413
       0.0114        0.1150        0.2413
       0.0745       -0.1265       -0.1448
      -0.0048        0.0216        0.0484
      -0.0057       -0.0725       -0.0163
       0.0556        0.1307       -0.2766
      -0.0118       -0.0500       -0.0722
       0.0079        0.0501        0.1292
      -0.0135       -0.0465       -0.0527
      -0.0315       -0.0245        0.0158
      -0.0320       -0.1143       -0.1719
      -0.1076       -0.1795        0.0272
      -0.0876        0.0780        0.0721
      -0.1074        0.0996        0.1601
       0.0145       -0.0247        0.0023
      -0.0695        0.0675       -0.0103
       0.0760       -0.0810       -0.1041
      -0.1670        0.1490        0.1587
       0.0872       -0.3548        0.2928
       0.0521        0.0165        0.0535
      -0.0248        0.0647        0.0365
       0.0280        0.0361       -0.0417
       0.0203        0.0596       -0.0652

1380.423910560309
       0.0485        0.0450       -0.1136
      -0.0335       -0.0088        0.1298
      -0.0512       -0.0800        0.0228
      -0.0118       -0.0594       -0.1000
      -0.0196       -0.0556       -0.0776
      -0.0852        0.1798        0.0134
       0.1595       -0.1885       -0.1363
       0.0396        0.0971        0.0693
       0.0130        0.0326        0.0241
      -0.0365       -0.0755        0.0974
       0.0159        0.0359        0.0152
       0.0136        0.0690       -0.0981
       0.0199        0.0496        0.0654
       0.0479        0.0777       -0.0178
      -0.1465        0.1235        0.1153
       0.0375       -0.0487       -0.0654
       0.1784       -0.4025        0.0829
       0.0719       -0.1472        0.0703
      -0.2124        0.1325        0.2516
      -0.2849        0.2691        0.3070
       0.0962       -0.0850       -0.0311
      -0.0340       -0.0106       -0.0199
       0.0123       -0.0388       -0.0114
      -0.0160       -0.0231        0.0211
       0.0437        0.0967       -0.2208

1393.27250523308
       0.0704        0.0851       -0.0842
      -0.0290       -0.0066        0.1218
      -0.1315       -0.1286        0.0764
      -0.0228       -0.0792       -0.1044
       0.2019       -0.1375       -0.2350
       0.1005       -0.1912        0.1038
       0.0505       -0.0228       -0.0362
       0.1253       -0.1327       -0.0829
       0.0275        0.0519        0.0151
      -0.0948        0.0427        0.0357
       0.0333        0.0547       -0.0038
      -0.0400        0.0474        0.0616
       0.0201        0.0624        0.0617
       0.0562        0.0866       -0.0260
      -0.2133        0.2198        0.1929
      -0.2731        0.1651        0.1686
      -0.0772        0.1847       -0.0300
      -0.2205        0.3959       -0.1239
      -0.0862        0.0661        0.1010
       0.0014        0.0049       -0.0008
      -0.1585        0.1908        0.1062
      -0.0538       -0.0164       -0.0158
       0.0150       -0.0567       -0.0013
      -0.0294       -0.0392        0.0290
       0.0434        0.1089       -0.0458

1418.061424054524
      -0.0985       -0.1189        0.1271
       0.0537        0.0383       -0.1504
       0.1874        0.2209       -0.1742
       0.0312        0.0960        0.1186
       0.0738       -0.0485       -0.0995
       0.0012        0.0211        0.0484
      -0.0040        0.0401       -0.0196
       0.0011       -0.1912        0.2934
      -0.1119       -0.1596        0.0913
      -0.1057       -0.0395        0.0313
      -0.0488       -0.0803       -0.0057
       0.0199        0.0040       -0.0142
      -0.0295       -0.0838       -0.0747
      -0.0753       -0.1149        0.0456
      -0.1371        0.1587        0.0901
      -0.0974        0.0125       -0.0357
       0.0442       -0.0742        0.0059
      -0.0382        0.0531       -0.0035
      -0.0520        0.0463        0.0467
       0.0243       -0.0288       -0.0182
       0.0250        0.2725       -0.4183
       0.2008        0.0594       -0.1037
      -0.0070        0.1815       -0.1464
       0.1290        0.1901       -0.0886
       0.0599        0.1301       -0.1479

1427.790883572637
       0.0251        0.0348       -0.0283
       0.0395        0.0885        0.0509
      -0.0843       -0.1255        0.0524
      -0.0187       -0.0866       -0.1443
      -0.0555        0.0778        0.0572
       0.0594       -0.1247       -0.0148
       0.0721       -0.0913       -0.0571
      -0.0398        0.1222       -0.0502
      -0.1694       -0.1804        0.2959
       0.0686        0.0076       -0.0291
       0.0285        0.0508        0.0093
      -0.0350        0.0241        0.0108
       0.0094        0.0360        0.0590
       0.0097        0.0248        0.0223
       0.1020       -0.1118       -0.0763
       0.0393        0.0020        0.0025
      -0.0890        0.1724       -0.0125
      -0.0456        0.0734       -0.0424
      -0.0770        0.0280        0.0606
      -0.0924        0.1049        0.0753
       0.0335       -0.1575        0.1400
       0.2378        0.0619       -0.3375
       0.0499        0.1707       -0.3784
       0.2235        0.3373       -0.1132
      -0.0388       -0.0835        0.0706

1431.1787664936921
       0.0418        0.0645       -0.0045
       0.0157        0.0402        0.0392
      -0.1125       -0.1231        0.0739
      -0.0228       -0.0718       -0.0865
       0.0838       -0.1617       -0.0602
      -0.1437        0.2732       -0.0084
      -0.1529        0.1606        0.1502
       0.1098       -0.0680       -0.2238
      -0.0561       -0.0524        0.1251
      -0.0537        0.0344        0.0239
       0.0276        0.0444        0.0004
       0.0592       -0.0464       -0.0046
       0.0089        0.0369        0.0315
       0.0205        0.0342       -0.0012
      -0.1359        0.1288        0.1313
      -0.0145        0.0020        0.0617
       0.1721       -0.3460        0.0244
       0.1387       -0.2002        0.0969
       0.2319       -0.0974       -0.1505
       0.1984       -0.2307       -0.1518
      -0.1529        0.0956        0.2044
       0.0728        0.0170       -0.1506
       0.0274        0.0440       -0.1570
       0.0816        0.1306       -0.0392
       0.0232        0.0523        0.0105

1490.595581877506
      -0.0122       -0.0255       -0.0161
      -0.0060       -0.0110        0.0012
       0.0370        0.0258       -0.0085
       0.0019        0.0277       -0.0002
       0.2142       -0.1853       -0.0184
      -0.0120        0.1018       -0.0546
       0.0495       -0.0154       -0.0768
      -0.1747        0.0453        0.1356
      -0.0321        0.0035       -0.0147
       0.0330        0.1372       -0.2708
      -0.0020       -0.0096       -0.0033
       0.0169        0.0108       -0.0288
      -0.0061       -0.0046        0.0018
      -0.0020       -0.0049        0.0005
      -0.1061        0.1476        0.1298
      -0.1228        0.0598        0.1323
      -0.0470       -0.0643        0.1987
      -0.1317       -0.1651        0.0280
      -0.0308        0.0664        0.1132
      -0.0151       -0.0315        0.0777
       0.0510       -0.0895       -0.0678
       0.0229        0.0194        0.1084
       0.0081        0.0178       -0.0667
       0.0945       -0.0788        0.0274
      -0.1239       -0.2745        0.6360

1491.2107058702768
      -0.0000        0.0053        0.0029
       0.0040        0.0007       -0.0006
      -0.0067       -0.0042        0.0021
      -0.0574        0.0282       -0.0114
      -0.0377        0.0323        0.0031
       0.0009       -0.0175        0.0105
      -0.0099        0.0042        0.0136
       0.0330       -0.0098       -0.0249
      -0.1455        0.0875       -0.0299
      -0.0063       -0.0242        0.0484
       0.0065       -0.0019        0.0017
      -0.0030       -0.0026        0.0054
       0.0019        0.0001       -0.0002
       0.0065       -0.0033        0.0014
       0.0185       -0.0257       -0.0229
       0.0214       -0.0105       -0.0232
       0.0096        0.0108       -0.0381
       0.0262        0.0300       -0.0045
       0.0073       -0.0121       -0.0210
       0.0035        0.0038       -0.0137
      -0.0102        0.0174        0.0130
      -0.0286        0.0401        0.4718
       0.0997       -0.0880       -0.4621
       0.5888       -0.3417        0.1229
       0.0223        0.0494       -0.1132

1495.3896024808244
      -0.0025       -0.0045       -0.0032
      -0.0018       -0.0026        0.0015
       0.0081        0.0021       -0.0006
       0.0035        0.0046       -0.0047
       0.0509       -0.0504       -0.0241
      -0.1574        0.0244        0.0820
       0.1222       -0.0804        0.1203
      -0.0351       -0.0160        0.0441
      -0.0023       -0.0046       -0.0007
       0.0043        0.0524       -0.0940
      -0.0002       -0.0003       -0.0003
      -0.0061       -0.0328        0.0614
      -0.0007       -0.0012       -0.0001
       0.0002        0.0004       -0.0007
      -0.0265       -0.0134        0.0789
       0.0071        0.0378        0.0948
       0.1553       -0.0447       -0.3862
       0.3780        0.1655        0.0288
      -0.4043       -0.0979       -0.2858
      -0.0169        0.3779       -0.3280
      -0.0047        0.0081       -0.0197
       0.0106        0.0043        0.0051
      -0.0029        0.0124        0.0035
      -0.0043       -0.0047        0.0019
      -0.0316       -0.0676        0.1744

1504.8725921760374
      -0.0019       -0.0055       -0.0048
      -0.0089       -0.0132        0.0062
       0.0101        0.0141       -0.0071
       0.0099        0.0128       -0.0096
      -0.0670        0.0669       -0.1854
      -0.0896       -0.0434        0.0726
      -0.0441        0.0363       -0.1387
      -0.0232       -0.0155        0.0549
      -0.0084       -0.0194       -0.0127
      -0.0127        0.0186       -0.0544
      -0.0018       -0.0034       -0.0010
      -0.0148       -0.0037        0.0042
      -0.0016       -0.0006        0.0007
       0.0029        0.0036       -0.0045
      -0.0209       -0.3717        0.3645
       0.3518        0.1344        0.3346
       0.0854       -0.0043       -0.2655
       0.2288        0.1607       -0.0002
       0.2178        0.0902        0.2137
      -0.0148       -0.2261        0.2338
       0.0123       -0.0029       -0.0458
       0.0648        0.0282        0.0356
      -0.0162        0.0754        0.0210
      -0.0252       -0.0351        0.0129
      -0.0021       -0.0070        0.0648

1509.4468983335832
       0.0249        0.0283       -0.0377
      -0.0670       -0.0895        0.0740
      -0.0404       -0.0401        0.0591
       0.0571        0.0379       -0.1649
      -0.0063        0.0015        0.0215
       0.0167        0.0032       -0.0118
       0.0026       -0.0052        0.0245
       0.0234        0.0083       -0.0521
      -0.0688       -0.1424       -0.0682
       0.0016       -0.0085        0.0230
       0.0057        0.0193        0.0253
       0.0004        0.0018        0.0017
       0.0083        0.0182        0.0101
       0.0467        0.0635       -0.0490
       0.0082        0.0296       -0.0443
      -0.0275       -0.0175       -0.0401
      -0.0127        0.0015        0.0399
      -0.0357       -0.0197       -0.0024
      -0.0197       -0.0162       -0.0312
       0.0046        0.0266       -0.0325
      -0.0153       -0.0025        0.0435
       0.5109        0.2227        0.2559
      -0.1158        0.5893        0.1261
      -0.1890       -0.2792        0.1108
       0.0062        0.0146       -0.0432

1509.9268264356765
       0.0001        0.0038        0.0069
       0.0025        0.0033       -0.0030
       0.0009       -0.0018       -0.0054
      -0.0023       -0.0025        0.0033
      -0.0974        0.0673       -0.1577
       0.1371        0.0584       -0.1114
       0.0444       -0.0250        0.1315
       0.0291       -0.0533       -0.0010
       0.0010        0.0034        0.0025
      -0.0337        0.0013        0.0146
      -0.0002        0.0001       -0.0012
       0.0270        0.0026        0.0081
       0.0014       -0.0014       -0.0022
      -0.0007       -0.0011        0.0008
      -0.0349       -0.2995        0.3093
       0.3452        0.0808        0.2314
      -0.1068       -0.0398        0.3980
      -0.3634       -0.1658       -0.0304
      -0.2242       -0.0744       -0.1908
       0.0282        0.2027       -0.2345
      -0.0359        0.0647       -0.0110
      -0.0116       -0.0051       -0.0062
       0.0034       -0.0137       -0.0062
       0.0070        0.0067       -0.0026
       0.0128        0.0452       -0.0743

1609.3511721029734
      -0.0791       -0.2518       -0.2872
      -0.1510       -0.2476        0.0430
       0.0714        0.3365        0.5121
       0.2738        0.4152       -0.1597
       0.0001       -0.0147       -0.0017
      -0.0003        0.0011       -0.0016
       0.0053       -0.0053       -0.0052
       0.0128       -0.0641       -0.1762
      -0.0756       -0.0993        0.0820
      -0.0051        0.0134        0.0203
      -0.0308       -0.0602       -0.0222
      -0.0048        0.0039        0.0062
      -0.0364       -0.0194        0.1031
       0.0191        0.0096       -0.0674
      -0.0006       -0.0010       -0.0023
      -0.0017        0.0048        0.0161
       0.0001       -0.0013        0.0010
      -0.0005        0.0013       -0.0009
      -0.0023       -0.0007       -0.0003
      -0.0036        0.0035        0.0036
       0.0034       -0.0279       -0.0370
      -0.0664       -0.0497       -0.0133
      -0.0085       -0.0836       -0.0009
       0.0544        0.0826       -0.0279
       0.0058        0.0146       -0.0043

1656.5748971744638
       0.1024        0.2824        0.2743
      -0.2322       -0.3986        0.0202
      -0.0988       -0.2995       -0.3239
       0.2840        0.4709       -0.0651
      -0.0009        0.0089        0.0014
       0.0001       -0.0010        0.0011
      -0.0042        0.0051        0.0043
       0.0004        0.0405        0.1003
      -0.0670       -0.0908        0.0670
       0.0030       -0.0080       -0.0112
      -0.0122       -0.0125        0.0231
       0.0028       -0.0024       -0.0039
       0.0416        0.0121       -0.1568
       0.0674        0.0590       -0.1534
       0.0010        0.0000        0.0007
       0.0009       -0.0025       -0.0088
      -0.0001        0.0009       -0.0008
       0.0003       -0.0003        0.0004
       0.0024        0.0006       -0.0002
       0.0031       -0.0039       -0.0022
      -0.0090        0.0173        0.0406
      -0.0621       -0.0455       -0.0053
      -0.0090       -0.0758        0.0046
       0.0482        0.0724       -0.0253
      -0.0023       -0.0064       -0.0026

2957.193758505111
      -0.0001        0.0011        0.0010
       0.0002        0.0005        0.0003
      -0.0043       -0.0021        0.0018
       0.0005       -0.0001       -0.0016
       0.0260        0.0070        0.0141
      -0.0040       -0.0016       -0.0012
       0.0193        0.0114        0.0031
      -0.2206       -0.1214       -0.0999
       0.0005        0.0008        0.0001
      -0.0006       -0.0078        0.0029
       0.0010        0.0006       -0.0000
       0.0007        0.0007        0.0022
       0.0004       -0.0005        0.0007
       0.0000        0.0005       -0.0000
      -0.0904       -0.0456       -0.0364
       0.0069        0.0203       -0.0084
       0.0138        0.0067        0.0049
       0.0000       -0.0005       -0.0009
      -0.0034       -0.0079        0.0076
      -0.0675       -0.0389       -0.0344
       0.7715        0.4516        0.3257
       0.0013       -0.0025       -0.0002
      -0.0033       -0.0003       -0.0012
       0.0001        0.0005        0.0009
      -0.0037        0.0014        0.0063

2968.9027564846106
       0.0002        0.0003        0.0000
      -0.0000        0.0001       -0.0000
      -0.0004        0.0001        0.0005
       0.0001        0.0000       -0.0002
      -0.2074       -0.0571       -0.1275
       0.0210        0.0065        0.0160
       0.0011        0.0016       -0.0012
      -0.0240       -0.0152       -0.0095
       0.0004        0.0005       -0.0001
       0.0011       -0.0060       -0.0077
       0.0002        0.0002       -0.0003
       0.0014        0.0017       -0.0001
      -0.0005       -0.0010        0.0010
       0.0000        0.0004        0.0004
       0.7559        0.3931        0.3854
      -0.0522       -0.1736        0.0863
      -0.0745       -0.0407       -0.0297
       0.0003       -0.0012       -0.0215
      -0.0014       -0.0045        0.0029
      -0.0026       -0.0026       -0.0017
       0.0893        0.0580        0.0318
       0.0010       -0.0019       -0.0000
      -0.0025       -0.0002       -0.0008
       0.0001        0.0006        0.0012
      -0.0022        0.0072       -0.0036

3016.7458986808283
      -0.0001       -0.0001       -0.0001
       0.0000        0.0001        0.0001
       0.0000       -0.0001       -0.0001
      -0.0000       -0.0001       -0.0001
      -0.0073        0.0154       -0.0242
      -0.2230       -0.0817       -0.0146
       0.0523        0.0081        0.0291
       0.0060        0.0039        0.0033
      -0.0006       -0.0007        0.0004
       0.0011       -0.0000       -0.0006
      -0.0000        0.0001        0.0000
      -0.0017       -0.0078        0.0074
       0.0000        0.0001        0.0000
      -0.0000       -0.0001       -0.0001
       0.0512        0.0273        0.0237
      -0.0247       -0.0844        0.0484
       0.7412        0.3903        0.3031
       0.0213       -0.0722       -0.2604
       0.0150        0.0676       -0.0302
      -0.1873       -0.0990       -0.0804
      -0.0200       -0.0113       -0.0096
      -0.0014        0.0030       -0.0001
       0.0034        0.0003        0.0009
      -0.0002       -0.0010       -0.0022
      -0.0002        0.0005        0.0002

3025.5245240630325
       0.0004        0.0004        0.0005
      -0.0000       -0.0002        0.0004
      -0.0003        0.0005       -0.0007
      -0.0000        0.0002        0.0003
       0.0010        0.0072       -0.0068
      -0.0563       -0.0238       -0.0022
      -0.1987       -0.0351       -0.1265
      -0.0173       -0.0138       -0.0073
      -0.0001       -0.0006        0.0003
       0.0012       -0.0007        0.0004
       0.0002        0.0000       -0.0001
       0.0013       -0.0031       -0.0068
      -0.0009       -0.0002        0.0002
      -0.0001        0.0001        0.0002
       0.0057        0.0028        0.0039
      -0.0080       -0.0283        0.0164
       0.1898        0.1051        0.0723
       0.0062       -0.0155       -0.0623
      -0.0533       -0.2492        0.1195
       0.7265        0.3886        0.3433
       0.0594        0.0338        0.0241
      -0.0013        0.0025       -0.0001
       0.0017        0.0001        0.0004
      -0.0001       -0.0006       -0.0012
       0.0005        0.0006        0.0001

3037.718565388401
      -0.0001        0.0004        0.0011
       0.0012        0.0015       -0.0016
      -0.0007       -0.0011        0.0008
       0.0007        0.0001       -0.0027
      -0.0007       -0.0008       -0.0002
       0.0015        0.0007        0.0004
       0.0008        0.0002        0.0002
      -0.0012       -0.0005       -0.0008
      -0.0953       -0.1326        0.0702
      -0.0000        0.0000        0.0002
       0.0002        0.0000       -0.0008
      -0.0001        0.0002        0.0002
      -0.0001       -0.0001        0.0004
       0.0005        0.0022        0.0038
       0.0022        0.0012        0.0013
       0.0003        0.0015       -0.0007
      -0.0050       -0.0027       -0.0021
      -0.0000        0.0002        0.0006
      -0.0001       -0.0005        0.0003
      -0.0021       -0.0011       -0.0011
       0.0036        0.0021        0.0019
      -0.2665        0.5670       -0.0255
       0.6146        0.0586        0.1609
      -0.0238       -0.1735       -0.3708
      -0.0000       -0.0000       -0.0003

3092.123131212954
       0.0002        0.0003       -0.0002
       0.0000       -0.0001       -0.0002
      -0.0002       -0.0000        0.0002
      -0.0000       -0.0000       -0.0000
       0.0937        0.2559       -0.1031
       0.0259        0.0107        0.0029
       0.0026        0.0012        0.0018
      -0.0001       -0.0021        0.0023
      -0.0002       -0.0003        0.0001
       0.0011       -0.0000       -0.0001
      -0.0001       -0.0001       -0.0001
      -0.0006       -0.0016        0.0004
      -0.0004       -0.0006        0.0003
       0.0001        0.0002        0.0002
      -0.1535       -0.0677       -0.0820
      -0.1786       -0.8079        0.4319
      -0.0750       -0.0369       -0.0289
      -0.0034        0.0053        0.0158
      -0.0002       -0.0006        0.0003
      -0.0079       -0.0041       -0.0047
      -0.0009       -0.0013        0.0012
      -0.0005        0.0011       -0.0001
       0.0011        0.0001        0.0003
      -0.0000       -0.0002       -0.0005
      -0.0035        0.0020       -0.0027

3105.3381934029967
      -0.0001        0.0001       -0.0001
       0.0007       -0.0004        0.0002
       0.0000        0.0000        0.0000
       0.0011       -0.0005        0.0001
       0.0000       -0.0000        0.0000
      -0.0000       -0.0001       -0.0001
       0.0003        0.0005       -0.0000
       0.0003        0.0000        0.0001
       0.2597       -0.1522        0.0571
      -0.0000        0.0000        0.0000
      -0.0006        0.0004       -0.0001
      -0.0000        0.0000       -0.0000
       0.0000       -0.0000        0.0000
      -0.0001        0.0001       -0.0000
      -0.0001       -0.0001       -0.0001
       0.0000        0.0001       -0.0000
       0.0001        0.0001        0.0000
      -0.0001        0.0002        0.0005
      -0.0002       -0.0012        0.0007
      -0.0010       -0.0005       -0.0005
      -0.0005       -0.0003       -0.0002
      -0.2695        0.6198       -0.0233
      -0.6430       -0.0811       -0.1686
       0.0123       -0.0113       -0.0058
       0.0000        0.0000       -0.0000

3128.9860072801816
       0.0001        0.0001       -0.0000
      -0.0000       -0.0001       -0.0001
      -0.0000        0.0000        0.0001
       0.0000       -0.0000        0.0000
      -0.0125       -0.0003       -0.0091
      -0.0270       -0.1040       -0.2790
       0.0077        0.0186       -0.0022
       0.0002        0.0000        0.0004
      -0.0003       -0.0001       -0.0000
      -0.0006        0.0004        0.0018
       0.0000       -0.0000       -0.0001
       0.0002        0.0020       -0.0014
      -0.0002       -0.0002        0.0002
       0.0000        0.0002        0.0003
       0.0356        0.0159        0.0170
      -0.0015       -0.0167        0.0081
       0.2144        0.1059        0.0786
      -0.1107        0.2458        0.8760
      -0.0089       -0.0557        0.0274
      -0.0187       -0.0095       -0.0068
      -0.0010       -0.0002       -0.0009
      -0.0001        0.0002       -0.0000
       0.0011        0.0001        0.0002
      -0.0000       -0.0001       -0.0002
       0.0013        0.0008       -0.0001

3141.2827198177156
      -0.0004       -0.0007        0.0002
      -0.0000        0.0000        0.0000
      -0.0002        0.0008       -0.0007
      -0.0001        0.0000        0.0008
       0.0012       -0.0007        0.0016
       0.0001        0.0048        0.0217
       0.1016        0.2700       -0.0857
       0.0118        0.0063        0.0037
      -0.0011       -0.0023       -0.0040
       0.0001       -0.0018        0.0005
      -0.0001       -0.0006       -0.0000
       0.0004       -0.0010       -0.0019
       0.0013        0.0015       -0.0009
      -0.0002       -0.0006       -0.0008
      -0.0033       -0.0015       -0.0021
       0.0006        0.0043       -0.0023
      -0.0123       -0.0070       -0.0026
       0.0070       -0.0175       -0.0611
      -0.1393       -0.8117        0.3936
      -0.2180       -0.1066       -0.1040
      -0.0301       -0.0154       -0.0109
      -0.0011        0.0020       -0.0001
       0.0044        0.0003        0.0011
       0.0007        0.0057        0.0127
      -0.0011       -0.0009       -0.0008

3149.9317752672114
       0.0001        0.0001        0.0001
      -0.0011       -0.0029       -0.0026
       0.0004        0.0004       -0.0006
       0.0035        0.0063        0.0008
       0.0001        0.0000        0.0000
       0.0000        0.0001        0.0003
       0.0015        0.0042       -0.0014
       0.0004        0.0001        0.0002
       0.0507        0.1777        0.2414
      -0.0000       -0.0000        0.0000
       0.0000       -0.0005       -0.0016
       0.0000       -0.0001       -0.0000
      -0.0013       -0.0020        0.0006
       0.0005        0.0037        0.0077
      -0.0002       -0.0001       -0.0001
      -0.0000       -0.0000        0.0000
      -0.0003       -0.0002       -0.0001
       0.0001       -0.0002       -0.0007
      -0.0021       -0.0126        0.0060
      -0.0032       -0.0016       -0.0015
      -0.0012       -0.0007       -0.0006
       0.1214       -0.2492        0.0225
      -0.2619       -0.0184       -0.0578
      -0.0435       -0.3589       -0.7918
       0.0001       -0.0001        0.0000

3255.1515715301784
       0.0474        0.0757       -0.0150
      -0.0406       -0.1584       -0.2286
      -0.0007       -0.0021       -0.0021
       0.0091        0.0153       -0.0018
       0.0000       -0.0001        0.0003
      -0.0001        0.0000        0.0001
       0.0001        0.0005        0.0000
       0.0003        0.0004        0.0002
      -0.0007       -0.0022       -0.0026
       0.0001       -0.0003       -0.0004
      -0.0007        0.0003        0.0042
       0.0000       -0.0000       -0.0001
      -0.1622       -0.2466        0.0844
       0.1150        0.4893        0.7520
      -0.0005       -0.0004       -0.0005
       0.0001        0.0006       -0.0004
       0.0001        0.0001        0.0001
       0.0001       -0.0002       -0.0005
      -0.0001       -0.0011        0.0005
      -0.0006       -0.0002       -0.0002
      -0.0004       -0.0001       -0.0001
      -0.0006       -0.0004        0.0006
      -0.0003       -0.0006        0.0006
       0.0003        0.0038        0.0092
      -0.0003        0.0005        0.0004

3275.8731323952848
      -0.1501       -0.2287        0.0776
      -0.0090       -0.0493       -0.0875
       0.0043        0.0125        0.0131
       0.0047        0.0078       -0.0010
       0.0000        0.0002       -0.0003
       0.0000       -0.0001       -0.0001
      -0.0003       -0.0006       -0.0001
      -0.0010       -0.0015       -0.0005
      -0.0002       -0.0005       -0.0003
      -0.0001        0.0004        0.0007
       0.0019        0.0031       -0.0007
       0.0001        0.0000       -0.0000
       0.4774        0.7220       -0.2590
       0.0366        0.1615        0.2546
       0.0006        0.0004        0.0008
      -0.0002       -0.0007        0.0004
       0.0001        0.0001       -0.0000
      -0.0001        0.0001        0.0003
       0.0002        0.0014       -0.0006
       0.0009        0.0004        0.0004
       0.0008       -0.0001       -0.0011
      -0.0001       -0.0007        0.0003
      -0.0007       -0.0004        0.0002
       0.0001        0.0004        0.0010
       0.0001       -0.0006       -0.0005

3510.8128080093575
       0.0001        0.0003       -0.0001
       0.0000        0.0000       -0.0002
       0.0005        0.0000       -0.0003
      -0.0000       -0.0001       -0.0001
      -0.0040       -0.0014       -0.0056
       0.0013       -0.0009        0.0005
       0.0016       -0.0002       -0.0004
      -0.0066       -0.0034        0.0001
      -0.0000       -0.0000       -0.0000
      -0.1948        0.1678        0.0377
       0.0000       -0.0001       -0.0000
      -0.0001       -0.0001       -0.0000
      -0.0004       -0.0007       -0.0002
       0.0000        0.0002        0.0003
       0.0042        0.0011        0.0001
      -0.0006       -0.0032        0.0043
       0.0002       -0.0004       -0.0003
      -0.0002        0.0005       -0.0014
      -0.0007       -0.0001        0.0008
       0.0002       -0.0007       -0.0001
       0.0043        0.0004        0.0026
      -0.0000       -0.0000       -0.0000
      -0.0000       -0.0000        0.0000
       0.0000        0.0001        0.0001
       0.7445       -0.6019       -0.1258

