JOB 0
COORDS  1.8893195900e+00 -1.0343707353e+00 -1.4459360938e-01  2.9439482157e+00 -1.5919481039e+00  5.9204561419e-01  7.9347731550e-01 -4.9027397604e-01  5.4021182215e-01  2.9060873741e+00 -1.6045444904e+00  1.9877694307e+00  7.5011076292e-01 -5.0592511608e-01  1.9356394583e+00  1.7997905623e+00 -1.0766422407e+00  2.6849505924e+00  1.7787544695e+00 -1.0447074883e+00  4.1529187801e+00  2.6179117354e+00 -1.7994300499e+00  4.9111507060e+00  6.2239131688e-01 -8.9510548847e-01  4.8519465262e+00  2.4469046582e+00 -1.2012723091e+00  6.1172583065e+00  1.1375234037e+00 -7.9663253336e-01  6.1360395337e+00  1.9240240020e+00 -1.0176547482e+00 -1.2323252304e+00  3.8026558676e+00 -2.0144373109e+00  7.2079596053e-02 -3.0912117876e-02 -5.1357596244e-02 -2.0079605390e-02  3.7213357828e+00 -2.0258466687e+00  2.5690628720e+00 -9.5540880602e-02 -8.7878910944e-02  2.4745403979e+00
ENERGY -4.887930586371e+02
GRADIENT -1.8549256433e-06  1.0731131888e-06  1.5255720447e-05  4.0271318037e-06 -5.8567514401e-06 -4.4990728805e-06  5.4615857627e-07 -1.6665812012e-06  8.2019010049e-07 -2.7810301802e-06  1.2836510564e-05  7.6926710146e-06 -4.8632114557e-06 -1.0016308955e-05  7.3944214802e-06  3.3283247514e-04  3.6838646122e-04  7.1824357558e-05  5.0117809254e-02  9.6255137245e-02  3.4711908905e-02 -7.6366575037e-02 -8.0502664375e-02  7.9771083252e-03 -2.5177708773e-02 -6.8367471931e-02 -2.6833936275e-02  5.2806171863e-02  5.1276545915e-02 -1.8008228947e-02 -1.7155379276e-03  9.8028210845e-04  2.0967910889e-03 -4.5078076175e-07 -4.8116027411e-07  5.2292127069e-06  2.9056061779e-07 -8.8373386999e-08  4.1929399698e-06 -8.8475328448e-07 -3.0272263662e-07  4.0876669660e-06 -6.2968113435e-06  1.1279556987e-06  2.8998459444e-06 -4.3034642652e-06  1.7752586117e-06  4.0676303062e-06

JOB 1
COORDS  1.8845354807e+00 -1.0387449547e+00 -1.4314407716e-01  2.9431461104e+00 -1.5894496953e+00  5.9248175658e-01  7.8891252357e-01 -4.9748763753e-01  5.4378619053e-01  2.9084957962e+00 -1.5986988255e+00  1.9883938384e+00  7.4970895353e-01 -5.0777040920e-01  1.9395369474e+00  1.8053151120e+00 -1.0678980512e+00  2.6880931524e+00  1.7817949459e+00 -1.0484208185e+00  4.1531959789e+00  2.6627732289e+00 -1.7319806044e+00  4.9220721520e+00  6.6065785203e-01 -7.8750288600e-01  4.8714907949e+00  2.3786069949e+00 -1.2821111233e+00  6.1633066434e+00  1.1137738870e+00 -8.1332643255e-01  6.1516192402e+00  1.9148944763e+00 -1.0273870223e+00 -1.2310603333e+00  3.8019469239e+00 -2.0111592023e+00  7.2105314055e-02 -3.9644564980e-02 -6.4561975296e-02 -1.4968549335e-02  3.7263805436e+00 -2.0182771145e+00  2.5669872811e+00 -9.5904996712e-02 -9.1405833315e-02  2.4793312542e+00
ENERGY -4.888342191152e+02
GRADIENT  2.9993043500e-06 -2.6050498089e-06 -3.5394867371e-05  5.8424907499e-05 -2.8612646717e-05 -2.9412690213e-05  5.3274070148e-05 -2.5980089999e-05  4.7290906896e-05 -1.0635592023e-04  7.2658756314e-05 -7.1538097879e-05 -1.8358179776e-05 -3.9902407783e-06 -1.3556038293e-05  1.0210914704e-04  1.8194176733e-04  1.7189759725e-04  3.4667750262e-02  6.6189657495e-02  1.4582554502e-02 -4.5159670563e-02 -5.9675370450e-02  1.5639888538e-03 -1.7039487893e-02 -4.4720151069e-02 -1.0663508054e-02  2.8620314280e-02  3.7379066149e-02 -7.1316851477e-03 -1.2029291898e-03  6.8760439889e-04  1.6101445007e-03  9.7208942802e-06 -7.2212824019e-06 -2.0463920115e-06  2.0450444240e-06 -8.1124947132e-07 -1.2336528289e-05  6.4527587593e-06 -4.8801777643e-06  2.0963504503e-06 -1.0913834811e-05  8.9420838670e-06  1.3561382837e-06  1.3310052097e-05 -2.1258934597e-06  9.3688611097e-06

JOB 2
COORDS  1.8840514372e+00 -1.0383697470e+00 -1.4497465915e-01  2.9434812699e+00 -1.5877776653e+00  5.9025491626e-01  7.8632200107e-01 -5.0259283559e-01  5.4250086722e-01  2.9079432508e+00 -1.6016586606e+00  1.9861561976e+00  7.4691164453e-01 -5.1608641517e-01  1.9383136754e+00  1.8054986994e+00 -1.0705872440e+00  2.6866084299e+00  1.7725827893e+00 -1.0699558988e+00  4.1508883491e+00  2.7084179149e+00 -1.6631863562e+00  4.9217024160e+00  6.9338594133e-01 -7.0315727401e-01  4.8753837808e+00  2.3393388336e+00 -1.3569288134e+00  6.1780606961e+00  1.1060046055e+00 -8.3311088418e-01  6.1538435828e+00  1.9143519270e+00 -1.0259421151e+00 -1.2328740663e+00  3.8034691439e+00 -2.0066769884e+00  6.9604629932e-02 -4.3742120077e-02 -7.1391078566e-02 -1.5334327061e-02  3.7257606339e+00 -2.0230455337e+00  2.5633266145e+00 -1.0030824678e-01 -1.0361964065e-01  2.4783755500e+00
ENERGY -4.888573630522e+02
GRADIENT  1.4704832619e-06  7.9872223237e-07  2.8380998275e-06 -1.8428205927e-05  8.1326706766e-06  1.2347500332e-05 -3.8853188646e-05  1.7659852638e-05 -2.5444178278e-05 -1.4264298787e-06 -2.3391931461e-05  1.1153119609e-06  6.8156828367e-05 -1.1967562933e-05 -1.3666370553e-05 -3.1792321228e-05 -5.6703433324e-05  1.7089942548e-05  1.6824030779e-02  3.3725405421e-02  8.0847703776e-03 -2.0165303735e-02 -3.1299007492e-02 -7.0098208304e-04 -1.1510453685e-02 -2.0690076271e-02 -6.3843642786e-03  1.4536203199e-02  1.8525346235e-02 -4.7141542993e-04  3.3830442090e-04 -2.3283181504e-04 -5.2895774808e-04 -4.5739791627e-06  4.0454730688e-06  8.7836973283e-07 -1.1830616884e-06 -7.8179804268e-07 -1.6925805784e-07 -1.3265577641e-06  4.4423772747e-06 -5.1123082719e-06 -5.0766987426e-06 -1.2806310362e-06  3.7621763373e-06  2.8641172681e-06 -4.5207657763e-06 -1.7518896985e-06

JOB 3
COORDS  1.8864237007e+00 -1.0367388923e+00 -1.4659829590e-01  2.9445625532e+00 -1.5867222217e+00  5.8998034219e-01  7.8294727000e-01 -5.1082666038e-01  5.3928836065e-01  2.9018930802e+00 -1.6112004839e+00  1.9855128083e+00  7.3678768947e-01 -5.3366363778e-01  1.9347353223e+00  1.7962515006e+00 -1.0846948806e+00  2.6844155257e+00  1.7496575928e+00 -1.1094187074e+00  4.1466035130e+00  2.7249716192e+00 -1.6234755118e+00  4.9261114394e+00  7.2680788751e-01 -6.2142012891e-01  4.8808161319e+00  2.2829389055e+00 -1.4435009271e+00  6.1820328574e+00  1.0892707905e+00 -8.4477425747e-01  6.1550424333e+00  1.9210912819e+00 -1.0183238132e+00 -1.2342704109e+00  3.8085574348e+00 -1.9990566438e+00  7.0759685737e-02 -4.6709125556e-02 -8.0230075459e-02 -1.9600266280e-02  3.7176095248e+00 -2.0355351904e+00  2.5634717890e+00 -1.1448795725e-01 -1.2823317637e-01  2.4736550265e+00
ENERGY -4.888647989797e+02
GRADIENT  4.4023446150e-06 -2.8728033707e-06 -2.0864963950e-06 -2.8525772942e-06  4.0537548272e-07  5.4941829051e-07 -1.1010398495e-05  8.7747171086e-06 -1.5866501317e-06 -1.3730564554e-05  2.3515536732e-05 -7.4823196138e-07  2.1816806199e-05 -2.7723068717e-05 -1.1183447463e-05  6.9340153009e-05 -4.1102217680e-05  6.8853569321e-05 -2.1294817938e-05  1.3087208657e-05  2.6260232494e-04  2.0662750463e-04 -1.1004421535e-04 -1.6908423400e-04 -9.8758001217e-05  4.7533284489e-05  8.9453068284e-05 -8.7431529402e-05  3.6063687585e-05 -2.0558054215e-04 -7.4835586792e-05  5.5262693150e-05 -1.2635554783e-05 -1.2812390913e-06  6.6809001428e-07  1.7236830221e-06 -1.5068762803e-06  6.7917475559e-07  2.4071837409e-07 -2.6497640199e-07 -1.4021400159e-07 -9.0033070351e-07 -5.0770116147e-07 -8.0089533146e-07  6.4391775695e-06  1.0412344655e-05 -3.8448287174e-06  2.5615579115e-06

JOB 4
COORDS  1.8866055629e+00 -1.0339011489e+00 -1.4427713508e-01  2.9455852459e+00 -1.5838560404e+00  5.9117550432e-01  7.8029544234e-01 -5.1504684695e-01  5.4243588428e-01  2.9007381408e+00 -1.6156654466e+00  1.9865102858e+00  7.3251388668e-01 -5.4382752983e-01  1.9377460749e+00  1.7948864674e+00 -1.0907646096e+00  2.6862688835e+00  1.7384908098e+00 -1.1368695896e+00  4.1491309364e+00  2.7574595997e+00 -1.5617320284e+00  4.9257925574e+00  7.7609509991e-01 -5.3465020892e-01  4.8805171364e+00  2.2598354240e+00 -1.5144757074e+00  6.1742037208e+00  1.0977383316e+00 -8.4733018238e-01  6.1535707285e+00  1.9218045860e+00 -1.0121466136e+00 -1.2318849869e+00  3.8111836714e+00 -1.9917494556e+00  7.1092469277e-02 -5.0384947751e-02 -8.5506456991e-02 -1.5755366741e-02  3.7157663695e+00 -2.0422910450e+00  2.5637999263e+00 -1.2076800763e-01 -1.4323975236e-01  2.4772070107e+00
ENERGY -4.888573618871e+02
GRADIENT  7.8307070610e-07 -5.7082437047e-08 -1.9337217117e-05 -3.1100442519e-05  1.3381784511e-05  1.3206045929e-05  3.2655013009e-05 -1.6558128549e-05  1.7339969344e-05  6.0615288169e-05 -1.5513639605e-05  4.2119008068e-05 -6.8094501157e-05  1.9320369268e-05  4.3669608508e-05 -1.0355720605e-05  9.0468102114e-05 -1.2067265265e-04 -1.6929597984e-02 -3.4076031280e-02  5.8192620895e-03  1.2465692143e-02  3.5116143704e-02  1.4935326544e-03  9.6644345085e-03  2.1924390077e-02 -5.2557992411e-03 -5.8018608071e-03 -2.2862160347e-02 -1.3890066391e-03  6.3535890484e-04 -1.6490263577e-04 -6.5781903762e-04 -8.6219752367e-07 -1.4347737261e-06 -3.5428315003e-06 -2.3030892989e-06  2.3884457175e-06  4.6846897602e-06  1.0209180930e-06 -3.3945887579e-06  6.6651755084e-06  1.4242967811e-05 -3.3306272230e-06 -6.6352857846e-07 -7.9879937947e-06  5.4008274694e-06 -6.8958753447e-07

JOB 5
COORDS  1.8870941309e+00 -1.0340745284e+00 -1.4195818621e-01  2.9468737390e+00 -1.5823157755e+00  5.9383553952e-01  7.7751463308e-01 -5.2010054022e-01  5.4352488292e-01  2.8995181708e+00 -1.6175925029e+00  1.9889348425e+00  7.2757379184e-01 -5.5080155881e-01  1.9386083106e+00  1.7930353375e+00 -1.0918447656e+00  2.6872724147e+00  1.7273497765e+00 -1.1562209046e+00  4.1497650704e+00  2.7856234104e+00 -1.4837093249e+00  4.9288060246e+00  8.2495939934e-01 -4.5527341550e-01  4.8812900999e+00  2.2255732717e+00 -1.5887413813e+00  6.1531533878e+00  1.0881402197e+00 -8.6363598846e-01  6.1495886504e+00  1.9231510398e+00 -1.0119363028e+00 -1.2295320595e+00  3.8139241574e+00 -1.9874496437e+00  7.3985310599e-02 -5.3700601496e-02 -9.3011324582e-02 -1.5763965867e-02  3.7132467567e+00 -2.0451057375e+00  2.5676135991e+00 -1.2774473012e-01 -1.5384572417e-01  2.4777706001e+00
ENERGY -4.888342201098e+02
GRADIENT  7.8079062724e-06 -4.7874373104e-06  2.5119928733e-05 -2.9203425816e-05  1.3680779124e-05 -2.7128660228e-06  7.3201878475e-05 -3.9259905954e-05  4.0278438092e-05  1.3378183234e-04 -7.6731477412e-05  1.2708379293e-04 -1.9165650033e-04  1.1886991976e-04  1.4410902404e-04 -3.1777872421e-05 -2.3358377378e-04 -1.5894410228e-04 -3.2182327460e-02 -6.8253964457e-02  1.0833065780e-02  2.0351309317e-02  7.1737443730e-02  5.3791753288e-03  2.5594244349e-02  4.1132227237e-02 -8.0176274215e-03 -1.2335149033e-02 -4.4794213047e-02 -9.8983439548e-03 -1.4429152031e-03  3.8284601775e-04  1.5104008682e-03  6.8715006767e-06  4.6567116969e-07  3.5854149792e-06  5.9334888800e-07 -2.2665607955e-06  1.9393761449e-05  2.1471507663e-06 -1.7285607066e-06  2.5626015311e-05  3.5122171764e-05 -1.9880450561e-05 -6.1343014569e-07 -3.1878190544e-05  1.1304347564e-05 -2.1637308401e-06

JOB 6
COORDS  1.8865143593e+00 -1.0404532227e+00 -1.4452655736e-01  2.9493787835e+00 -1.5812482508e+00  5.9278154064e-01  7.7477346976e-01 -5.2814241134e-01  5.3916664994e-01  2.9023729961e+00 -1.6116470670e+00  1.9879548596e+00  7.2692532247e-01 -5.5232064606e-01  1.9343287080e+00  1.7969442727e+00 -1.0818708799e+00  2.6850850298e+00  1.7229332864e+00 -1.1560058206e+00  4.1498324717e+00  2.8123098647e+00 -1.4074904216e+00  4.9235819998e+00  8.8871425800e-01 -3.5852819684e-01  4.8683411281e+00  2.2027452004e+00 -1.6900886988e+00  6.1026986046e+00  1.0896213914e+00 -8.9109328962e-01  6.1332675300e+00  1.9207293089e+00 -1.0250308618e+00 -1.2322927601e+00  3.8170765283e+00 -1.9858478938e+00  7.3511162716e-02 -5.8875862596e-02 -1.0801194734e-01 -2.1823825699e-02  3.7159548888e+00 -2.0361146657e+00  2.5692762098e+00 -1.2980856804e-01 -1.5636592964e-01  2.4724074124e+00
ENERGY -4.887930585292e+02
GRADIENT -3.7525927241e-06  4.8582903351e-07  1.3715818159e-05  1.8694442365e-05 -3.6942804002e-06 -1.0125832249e-05  7.8616144663e-06 -1.7403881305e-06  4.1282360805e-06 -3.2153926866e-05  4.9451916488e-06 -7.2757103543e-06  8.9676388040e-06  7.3609688605e-06  4.4600899148e-06 -1.0334628223e-04 -4.8954769149e-04  6.0063108522e-05 -4.7314180315e-02 -9.9596000145e-02  2.8798979794e-02  1.7903633792e-02  1.0891858574e-01  1.3748133445e-02  3.9955039744e-02  6.2540907726e-02 -2.2844134963e-02 -8.5850133211e-03 -7.2037335765e-02 -2.1812499106e-02 -1.8671730727e-03  6.5648508042e-04  2.0889296071e-03  1.2815809567e-06 -3.6429083804e-07  5.3230752910e-06  7.3079952687e-07 -5.8751653016e-07  1.6064855997e-06  4.4995818455e-07  2.3816346980e-07  3.9583454707e-06 -8.6281850064e-06  6.0524356735e-06  2.0464580484e-06 -2.5756587171e-06  1.5525255198e-06  5.1662441320e-06

