28
0 1 C12H12O4
C                     1.125185163766     0.609933460812     0.047853953277
C                    -0.067631071527     1.341379900740     0.080601587671
C                     2.373067296537     1.245122948258     0.051567464909
C                     1.255409222025     3.384529824422     0.114846933521
C                     0.014488876424     2.731879791745     0.115855489480
C                     2.453242829743     2.643777589233     0.087582108186
C                     1.069717842442     4.849770530561     0.147043837547
C                    -0.888112662838     6.100816467307     1.112297984834
C                    -1.128905914969     3.720599135695     0.187075735508
C                    -0.470012106786     5.103643857053     0.051420573904
C                    -0.737264206663     9.736877491850     0.953070421438
C                    -0.998913382659     8.410981568210     1.642497139424
O                     1.911633030124     5.723954671655     0.219718707664
O                    -1.251110374380     5.802492220124     2.236091576396
O                     3.638186192903     3.310312505958     0.089171358794
O                    -0.768559712338     7.362619662972     0.663613937708
H                     1.091064766323    -0.476272420144     0.019863058423
H                    -1.028786040253     0.834692972552     0.082925402400
H                     3.284784018011     0.650565579548     0.024369427067
H                    -1.870904443375     3.536599208761    -0.595738895115
H                    -1.636865177756     3.639998427014     1.152859946194
H                    -0.639491200847     5.549041442191    -0.932939986734
H                     0.292607439764     9.786761914626     0.588527663310
H                    -1.413671214925     9.878061079490     0.104738617575
H                    -0.895519467316    10.557231233936     1.660718091785
H                    -2.026977036424     8.328915138791     2.006984813017
H                    -0.325825240784     8.246643937702     2.488052538336
H                     4.363371619357     2.664634465293     0.066034159925

21.688229329863688
       0.0416        0.0362        0.2930
       0.0206        0.0079        0.1522
       0.0246        0.0708        0.2507
      -0.0377        0.0482       -0.0639
      -0.0196        0.0155       -0.0257
      -0.0156        0.0773        0.0672
      -0.0712        0.0458       -0.2345
      -0.0468       -0.0712       -0.0802
      -0.0536       -0.0107       -0.2080
      -0.0844        0.0080       -0.1739
       0.2773       -0.0713        0.3039
       0.1021       -0.1173        0.1489
      -0.0995        0.0839       -0.4407
      -0.0784       -0.1862       -0.1273
      -0.0397        0.1282        0.0234
       0.0285       -0.0409        0.0497
       0.0208        0.0091        0.1272
       0.0100       -0.0054        0.0536
       0.0121        0.0267        0.1054
       0.0190       -0.0176       -0.0898
      -0.0549        0.0001       -0.0810
      -0.0402        0.0226       -0.0382
       0.0862       -0.0430        0.1016
       0.0949        0.0280        0.0845
       0.0986       -0.0379        0.1121
       0.0226       -0.0127        0.0286
       0.0144       -0.0821        0.0458
      -0.0045        0.0370        0.0393

29.8100744949122
       0.1233        0.0075       -0.1029
       0.0867       -0.0571        0.0034
       0.0902        0.0710       -0.1386
      -0.0162        0.0076        0.0368
       0.0174       -0.0557        0.0700
       0.0200        0.0729       -0.0664
      -0.0909       -0.0053        0.1140
      -0.1701       -0.0179        0.0083
      -0.0272       -0.1141        0.1818
      -0.1044       -0.0883        0.1030
       0.5421       -0.0580       -0.0739
       0.0196        0.0239       -0.1140
      -0.1574        0.0378        0.2020
      -0.3849        0.0743       -0.0261
      -0.0175        0.1561       -0.1154
      -0.0091       -0.0591       -0.0445
       0.0517        0.0022       -0.0467
       0.0329       -0.0310        0.0083
       0.0345        0.0347       -0.0650
      -0.0311       -0.0456        0.0778
       0.0236       -0.0346        0.0692
      -0.0327       -0.0508        0.0185
       0.1884       -0.0981        0.0564
       0.2322        0.0292       -0.0736
       0.1656       -0.0004       -0.0385
      -0.0276        0.0861       -0.1085
      -0.0692       -0.0389        0.0173
       0.0052        0.0509       -0.0528

73.4571066130391
      -0.0635       -0.0280        0.2080
      -0.0237        0.0338        0.2081
      -0.0346       -0.0838        0.0212
       0.0737       -0.0201       -0.0445
       0.0458        0.0330        0.0616
       0.0360       -0.0833       -0.1246
       0.1329       -0.0060        0.0140
       0.0130        0.0534       -0.0472
       0.0866        0.0803       -0.0198
       0.1432        0.0571       -0.0063
      -0.0635        0.0665        0.2038
      -0.3789        0.0146       -0.0178
       0.1996       -0.0591        0.0967
      -0.2612        0.0278       -0.1514
       0.0837       -0.1682       -0.4149
       0.0906        0.0836        0.0257
      -0.0338       -0.0085        0.0965
      -0.0145        0.0243        0.0920
      -0.0184       -0.0368       -0.0038
       0.0398        0.0263       -0.0207
       0.0031        0.0355       -0.0167
       0.0569        0.0152       -0.0056
       0.0360        0.0364        0.2151
       0.1083        0.0302       -0.0401
      -0.1328        0.0035        0.0518
      -0.1606       -0.0056       -0.1498
      -0.2286       -0.0102        0.0863
       0.0099       -0.0543       -0.1123

75.84030830611987
      -0.0299        0.0039       -0.0625
      -0.0214        0.0173       -0.0706
      -0.0231       -0.0107        0.0043
       0.0030        0.0029        0.0089
      -0.0025        0.0143       -0.0259
      -0.0061       -0.0127        0.0462
       0.0122        0.0036       -0.0268
       0.0670       -0.0006        0.0330
       0.0062        0.0214        0.0028
       0.0164        0.0182       -0.0028
       0.2474       -0.0266        0.0568
      -0.4013        0.0143       -0.1099
       0.0158        0.0099       -0.0997
       0.5292       -0.0130        0.1797
       0.0036       -0.0353        0.1511
      -0.4200       -0.0009       -0.1004
      -0.0120        0.0016       -0.0289
      -0.0082        0.0088       -0.0313
      -0.0085       -0.0060        0.0071
      -0.0048        0.0103        0.0063
       0.0108        0.0028        0.0053
      -0.0036        0.0078        0.0023
       0.1208       -0.0881        0.1443
       0.1884        0.0588       -0.0654
       0.0514       -0.0041        0.0077
      -0.1645        0.0843       -0.1468
      -0.2251       -0.0644        0.0400
      -0.0014       -0.0116        0.0442

101.60436886940883
      -0.0054       -0.0168       -0.2311
       0.0042       -0.0076       -0.0877
       0.0002       -0.0304       -0.1196
       0.0255       -0.0200        0.0997
       0.0214       -0.0138        0.0889
       0.0172       -0.0353        0.0804
       0.0367       -0.0118       -0.0981
       0.0171        0.0317        0.0834
       0.0349       -0.0133        0.2345
       0.0173       -0.0183        0.1192
      -0.0646        0.0388        0.0071
      -0.1397        0.0464       -0.0062
       0.0732       -0.0018       -0.6238
      -0.2746        0.0902        0.0175
       0.0355       -0.0707        0.3216
       0.2517        0.0234        0.1219
      -0.0050       -0.0035       -0.1179
      -0.0005        0.0012       -0.0398
      -0.0016       -0.0106       -0.0538
      -0.0261       -0.0059        0.1029
       0.0528        0.0019        0.0909
      -0.0264       -0.0183        0.0339
       0.0143        0.0414        0.0995
       0.0579       -0.0263       -0.0652
      -0.1153        0.0171       -0.0264
      -0.0687       -0.0078       -0.0860
      -0.1075        0.0425        0.0573
       0.0052       -0.0214        0.0645

149.92685731340038
      -0.0311        0.0476        0.0986
      -0.0294        0.0566       -0.1012
      -0.0258        0.0392        0.1390
      -0.0164        0.0461       -0.1231
      -0.0210        0.0563       -0.1704
      -0.0194        0.0418       -0.0285
       0.0042        0.0408       -0.0205
       0.0481       -0.1041        0.2719
      -0.0234        0.0556       -0.2211
       0.0099        0.0590        0.0967
       0.0534       -0.1533       -0.4020
      -0.0842        0.0733        0.0008
       0.0215        0.0302        0.0055
      -0.0530       -0.2001        0.2555
      -0.0246        0.0522       -0.0877
       0.2032       -0.1333        0.3497
      -0.0099        0.0129        0.0648
      -0.0095        0.0183       -0.0399
      -0.0082        0.0083        0.0828
       0.0379        0.0543       -0.1158
      -0.0638       -0.0300       -0.0978
      -0.0030        0.0849        0.0604
       0.0531       -0.0653       -0.0129
       0.1051       -0.1697       -0.2088
      -0.0831        0.0392       -0.2361
      -0.0514        0.0430       -0.0690
      -0.0813        0.0977        0.0609
      -0.0054        0.0127        0.0147

176.9828112560309
       0.0843       -0.0149        0.0225
       0.0141       -0.1100       -0.0398
       0.0511        0.0586        0.0501
      -0.1270       -0.0574       -0.1034
      -0.1008       -0.0960       -0.0720
      -0.0703        0.0629       -0.0136
      -0.1238       -0.0860       -0.0447
       0.1821        0.0283       -0.0756
      -0.1013       -0.0766        0.0649
      -0.0883       -0.0754       -0.0726
      -0.0861        0.0684        0.1305
      -0.0344       -0.0458       -0.0781
      -0.1500       -0.1140        0.1905
       0.2785        0.1133       -0.0440
      -0.1968        0.2720        0.0487
       0.4766        0.0212       -0.0576
       0.0466       -0.0054        0.0210
       0.0186       -0.0595       -0.0056
       0.0264        0.0340        0.0372
      -0.0713       -0.0241        0.0594
       0.0212       -0.0098        0.0467
      -0.0393       -0.0409       -0.0273
       0.0414        0.1535        0.2438
       0.1265       -0.0532       -0.0951
      -0.2688       -0.0079        0.0158
      -0.0406       -0.0734       -0.1220
      -0.0858        0.0074        0.0411
      -0.0197        0.1006        0.0380

196.4778764274631
       0.0461       -0.0652        0.1316
       0.0411       -0.0486       -0.3651
       0.0429       -0.0644        0.3913
       0.0304       -0.0301       -0.3382
       0.0340       -0.0442       -0.3534
       0.0360       -0.0497       -0.0476
      -0.0070       -0.0222       -0.0841
      -0.0618        0.0721        0.0623
       0.0471       -0.0607        0.2105
      -0.0320       -0.0270        0.1290
      -0.0005        0.1069        0.0728
      -0.0022        0.0764        0.0164
      -0.0066       -0.0355       -0.0176
      -0.1179        0.1998        0.0894
       0.0642       -0.0942       -0.0927
      -0.1130        0.0713       -0.0127
       0.0143       -0.0209        0.1100
       0.0114       -0.0136       -0.1357
       0.0154       -0.0203        0.2433
      -0.1062        0.0121        0.1678
       0.1586       -0.0556        0.1351
      -0.0387       -0.0332        0.0296
      -0.0199        0.0094       -0.0380
      -0.0467        0.0805        0.0664
       0.0694        0.0143        0.0563
       0.0065        0.0300        0.0260
       0.0144        0.0080       -0.0100
       0.0114       -0.0329        0.0857

230.28986679527597
       0.0749       -0.0141       -0.0833
       0.0133       -0.0834       -0.2719
       0.0649        0.0162        0.2383
      -0.0793       -0.0961        0.4112
      -0.0735       -0.0787        0.1115
      -0.0371        0.0168        0.2079
       0.0372       -0.1142        0.1616
       0.0048        0.0314        0.0249
      -0.0479        0.0046       -0.1398
       0.0653        0.0030        0.0587
       0.0026        0.0689        0.0269
      -0.0188        0.0482       -0.0147
       0.2029       -0.2546       -0.1784
      -0.0123        0.0849        0.0345
      -0.1767        0.2502       -0.3345
      -0.0387        0.0400       -0.0180
       0.0354       -0.0031       -0.0810
       0.0149       -0.0458       -0.2029
       0.0260        0.0161        0.0690
       0.0535        0.0238       -0.1098
      -0.1027       -0.0014       -0.0876
       0.0620        0.0173        0.0174
      -0.0161       -0.0053       -0.0433
      -0.0384        0.0649        0.0466
       0.0657        0.0077        0.0367
      -0.0049        0.0179       -0.0023
      -0.0055        0.0082       -0.0053
      -0.0131        0.1013       -0.1843

240.07319729611933
       0.0927       -0.0291        0.0774
       0.0295       -0.1134        0.2309
       0.0792        0.0178       -0.2278
      -0.0877       -0.1038       -0.2847
      -0.0763       -0.0843       -0.0995
      -0.0348        0.0151       -0.1716
       0.0594       -0.1297       -0.0718
      -0.0002        0.0456        0.0802
      -0.0194        0.0262       -0.1002
       0.0733        0.0407        0.0620
       0.0171        0.0926       -0.0138
      -0.0826        0.1186        0.0168
       0.2992       -0.3779       -0.0058
      -0.0996        0.0674        0.0632
      -0.1813        0.2572        0.2515
      -0.0821        0.0723        0.0722
       0.0421       -0.0103        0.0710
       0.0244       -0.0627        0.1622
       0.0304        0.0174       -0.0761
       0.0136        0.0475       -0.0571
      -0.0393       -0.0079       -0.0483
       0.0259        0.0339        0.0266
      -0.0393       -0.0701       -0.1425
      -0.0965        0.1187        0.0923
       0.1882        0.0252        0.0390
      -0.0280        0.0513       -0.0027
      -0.0325        0.0353        0.0119
      -0.0076        0.1041        0.1390

268.3749302586041
      -0.1068        0.1027       -0.0203
      -0.0961        0.1144       -0.0627
      -0.0831        0.0672        0.0848
      -0.0206        0.0578        0.0077
      -0.0381        0.0924        0.0258
      -0.0451        0.0648        0.0331
       0.0594        0.0417       -0.0277
       0.1290       -0.0722       -0.0777
       0.0327        0.0931        0.2637
       0.0710        0.0067       -0.0699
      -0.0094       -0.2141       -0.0457
      -0.1955       -0.1632       -0.0519
       0.0883        0.0257        0.0701
       0.0491       -0.2015       -0.1506
      -0.0936        0.1432       -0.0272
       0.2741       -0.1037        0.0174
      -0.0357        0.0302       -0.0157
      -0.0329        0.0429       -0.0328
      -0.0305        0.0093        0.0392
      -0.0868        0.0110        0.1722
       0.1260        0.0742        0.1414
      -0.0022       -0.0269       -0.0290
      -0.0828       -0.2540       -0.2665
      -0.1842        0.1088        0.1600
       0.3418       -0.0616        0.0625
      -0.0901       -0.0700       -0.1132
      -0.1327       -0.0308        0.0485
      -0.0118        0.0491       -0.0118

276.966671737371
      -0.0706        0.0883        0.0036
      -0.0773        0.0806       -0.0290
      -0.0458        0.0584        0.0456
      -0.0315        0.0147       -0.0473
      -0.0465        0.0678       -0.0053
      -0.0380        0.0556       -0.0075
       0.1276       -0.0057       -0.0137
      -0.0559       -0.0367       -0.0923
       0.0574        0.1158        0.2512
       0.1071        0.0485       -0.0376
       0.0243       -0.1522       -0.0474
       0.1665       -0.0914        0.1020
       0.3424       -0.1903        0.0027
      -0.0570       -0.1943       -0.1419
      -0.1255        0.2019        0.0097
      -0.3069       -0.0312       -0.0548
      -0.0224        0.0255        0.0053
      -0.0230        0.0247       -0.0054
      -0.0183        0.0089        0.0289
      -0.0821        0.0306        0.1676
       0.1319        0.0765        0.1368
       0.0256       -0.0210       -0.0261
       0.0732        0.0825        0.1911
       0.1607       -0.2349       -0.1682
      -0.2736       -0.0016       -0.1264
       0.0835       -0.0040        0.1331
       0.1340       -0.0513       -0.0430
      -0.0094        0.0745        0.0184

323.6279786179827
       0.0804       -0.0792       -0.0496
       0.0599       -0.0975       -0.0093
       0.0603       -0.0489        0.0326
      -0.0170       -0.0549        0.0557
      -0.0023       -0.0770        0.0602
       0.0033       -0.0443        0.0565
      -0.0718       -0.0378       -0.0794
       0.0055        0.0439       -0.0938
       0.0025       -0.0264        0.1032
      -0.0491        0.0283       -0.2079
       0.0364        0.3038       -0.1023
      -0.0528        0.3844        0.1420
      -0.1072       -0.0371        0.0613
       0.0826       -0.4937       -0.2341
       0.0070       -0.0548       -0.0208
      -0.0489        0.2303        0.2927
       0.0287       -0.0225       -0.0412
       0.0236       -0.0405       -0.0186
       0.0249       -0.0028        0.0021
      -0.0566       -0.0496        0.0947
       0.0739        0.0436        0.0718
      -0.0270       -0.0321       -0.0765
       0.0071        0.0418       -0.0451
       0.0041        0.0630       -0.0284
       0.0413        0.1275       -0.0681
      -0.0228        0.1420        0.0280
      -0.0229        0.1441        0.0538
      -0.0010       -0.0150       -0.0501

392.7746486721397
      -0.1115        0.0230        0.0313
      -0.0694        0.0656       -0.0117
      -0.0782       -0.0120       -0.0179
       0.0414        0.0264       -0.0094
       0.0409        0.0388       -0.0241
      -0.0135       -0.0074       -0.0326
       0.0843        0.0308        0.0802
      -0.0029       -0.2041        0.1340
       0.0604       -0.0386        0.0249
       0.0786       -0.0861        0.1458
      -0.0021        0.3950        0.0748
       0.1156        0.0622       -0.3901
       0.0319        0.1192       -0.0336
      -0.0565       -0.3855        0.1043
      -0.0946        0.1222       -0.0231
       0.0036       -0.2593       -0.1214
      -0.0415        0.0066        0.0247
      -0.0329        0.0437        0.0030
      -0.0321       -0.0173       -0.0069
       0.0295        0.0092       -0.0092
       0.0044       -0.0394       -0.0025
       0.0247       -0.0051        0.0517
       0.0038        0.2557        0.0536
      -0.0051        0.2523        0.0482
      -0.0570       -0.0319        0.1823
       0.0374        0.0326       -0.0975
       0.0296        0.0302       -0.1072
       0.0040        0.0566        0.1361

404.3957893303022
      -0.0053       -0.1278       -0.0361
       0.0313       -0.0570        0.0024
       0.0153       -0.1442       -0.0147
       0.0292       -0.0402        0.0633
       0.0394       -0.0356        0.0459
      -0.0412       -0.1237        0.0326
       0.0656        0.0328        0.0625
       0.0434        0.0533       -0.0431
       0.0729        0.0140       -0.0082
       0.1054        0.0076        0.0103
       0.0038       -0.0788       -0.0188
      -0.0239        0.0028        0.1028
      -0.0926        0.2158       -0.0257
       0.0078        0.0556       -0.0676
      -0.2072        0.1056       -0.2598
      -0.0235        0.0806        0.0261
      -0.0176       -0.0358       -0.0505
       0.0031       -0.0059       -0.0162
       0.0069       -0.0344       -0.0712
       0.0358        0.0095       -0.0176
      -0.0007        0.0113       -0.0135
       0.0541       -0.0078       -0.0061
       0.0007       -0.0565       -0.0111
       0.0041       -0.0609       -0.0142
       0.0109        0.0149       -0.0478
      -0.0056       -0.0001        0.0330
      -0.0001       -0.0041        0.0234
       0.0064        0.0613        0.8081

408.2786730249219
      -0.0413       -0.2250        0.0741
       0.0381       -0.0787       -0.0204
       0.0040       -0.2628       -0.0471
       0.0674       -0.0582       -0.0230
       0.0898       -0.0474       -0.0880
      -0.0753       -0.2217       -0.0622
       0.1410        0.0702        0.0440
       0.0754        0.0331       -0.0055
       0.1654        0.0147       -0.0177
       0.1975       -0.0002        0.0498
       0.0053       -0.0433       -0.0100
      -0.0085        0.0065        0.0669
      -0.1391        0.3947       -0.0252
      -0.0262        0.0498       -0.0425
      -0.3885        0.2081        0.1714
      -0.0512        0.0510        0.0103
      -0.0427       -0.0660        0.0764
      -0.0033        0.0041        0.0133
       0.0042       -0.0721        0.0248
       0.0331        0.0322        0.0026
       0.0582       -0.0056       -0.0006
       0.0746       -0.0017        0.0100
       0.0023       -0.0301       -0.0028
       0.0057       -0.0391       -0.0107
       0.0019        0.0109       -0.0304
       0.0018        0.0052        0.0317
       0.0098       -0.0041        0.0085
      -0.0097        0.1689       -0.4423

464.4141113604904
      -0.0281       -0.0412       -0.4473
       0.0266        0.0097        0.2148
       0.0033       -0.0873        0.3575
       0.0346        0.0144       -0.3379
       0.0637        0.0094        0.3231
      -0.0065       -0.0665        0.1063
       0.0412        0.0505       -0.3356
       0.0132       -0.0262        0.0682
       0.0458       -0.0114        0.0000
      -0.0195        0.0236       -0.0578
       0.0002        0.0185        0.0068
       0.0101       -0.0081       -0.0344
       0.0501        0.0141        0.1469
      -0.0608        0.0640        0.0823
      -0.0900        0.0521       -0.0404
      -0.0350       -0.0482        0.0022
      -0.0263       -0.0060       -0.3419
      -0.0008        0.0187        0.0493
       0.0007       -0.0278        0.1551
       0.0996       -0.0509       -0.0713
      -0.0893        0.0281       -0.0519
      -0.0900        0.0310        0.0087
       0.0010        0.0205        0.0068
       0.0005        0.0189        0.0038
      -0.0073       -0.0093        0.0177
       0.0054        0.0033       -0.0015
       0.0068       -0.0016       -0.0129
       0.0029        0.0434       -0.0526

502.05339722770253
       0.3238       -0.1389       -0.0067
       0.2815       -0.1143        0.0074
       0.1118        0.0562       -0.0095
      -0.2079        0.1575        0.0282
      -0.1263       -0.0119       -0.0243
      -0.3240        0.0294        0.0340
       0.0491        0.2344       -0.0090
      -0.0293       -0.0166        0.0427
      -0.0877        0.1497        0.0293
      -0.0058        0.1572       -0.0269
      -0.0021       -0.0132        0.0089
       0.0280       -0.0682       -0.1071
       0.2250        0.1458        0.0257
      -0.0113       -0.0665        0.0493
      -0.2720       -0.3751       -0.0167
       0.0236       -0.0749       -0.0449
       0.1081       -0.0402       -0.0065
       0.1120       -0.0911        0.0042
       0.1018        0.1226       -0.0145
      -0.0712        0.0756        0.0449
       0.0134        0.0788        0.0319
      -0.0246        0.0682        0.0069
       0.0000        0.0267        0.0085
      -0.0026        0.0264        0.0091
      -0.0121       -0.0365        0.0382
       0.0075       -0.0216       -0.0324
       0.0027       -0.0191       -0.0263
      -0.1352       -0.1667       -0.0033

537.215983688197
       0.1134        0.1307       -0.0938
      -0.0390       -0.0439        0.0072
       0.1340        0.0525        0.1179
      -0.0934       -0.1477       -0.1783
      -0.2511       -0.0155        0.1397
       0.0427        0.0243       -0.1941
      -0.0277       -0.1916        0.1784
       0.2410        0.0477        0.0164
      -0.1521        0.2817        0.0772
       0.3037        0.0231        0.2496
       0.0032       -0.0358        0.0048
       0.0078       -0.0329       -0.0203
      -0.3103        0.0645       -0.0860
      -0.0479       -0.1467       -0.1516
       0.1310       -0.0713        0.0473
      -0.0715        0.0390       -0.0905
       0.0474        0.0375       -0.0309
       0.0282       -0.0882        0.0042
       0.0369        0.0070        0.1418
       0.0210        0.1780       -0.0625
      -0.1472        0.1047       -0.0324
       0.1847        0.0157        0.0592
       0.0024       -0.0115        0.0055
       0.0051       -0.0140       -0.0026
      -0.0040       -0.0092       -0.0015
       0.0113       -0.0100        0.0195
       0.0245       -0.0252       -0.0265
       0.0048       -0.0487       -0.0074

552.9556385454904
      -0.0506       -0.0575        0.0044
      -0.0357       -0.0829       -0.1275
      -0.1932        0.1783        0.0738
      -0.0312        0.1551       -0.1223
       0.0969       -0.1017        0.2624
      -0.1285        0.1686       -0.3570
       0.0727        0.1398        0.1871
      -0.0647        0.0376       -0.1349
       0.0217       -0.3192        0.0580
      -0.0268       -0.1691        0.1780
      -0.0015       -0.0028       -0.0050
      -0.0273        0.0548        0.1026
       0.2205        0.0917       -0.0419
       0.1095       -0.0585       -0.1410
      -0.0473       -0.0525        0.1005
       0.0540        0.1156       -0.0120
       0.0372       -0.0196        0.0628
      -0.0279        0.0093       -0.0682
      -0.0343        0.0775        0.1831
       0.1718       -0.1058       -0.1395
      -0.1796       -0.1359       -0.0866
       0.0270       -0.1333        0.0057
      -0.0024       -0.0386       -0.0121
       0.0000       -0.0382       -0.0080
       0.0159        0.0387       -0.0443
      -0.0127        0.0047        0.0128
      -0.0139        0.0107        0.0332
      -0.0514       -0.0574        0.0239

574.6696703892512
      -0.0608       -0.0708       -0.1305
      -0.1955       -0.3113        0.2175
      -0.2375        0.2833        0.0513
      -0.0779        0.0251       -0.0429
      -0.0226       -0.2528       -0.3195
      -0.0484        0.2417        0.3423
       0.0369        0.0344        0.0356
       0.1181        0.0016        0.0133
       0.1714       -0.1042       -0.0697
       0.2146       -0.0602        0.0802
       0.0027        0.0072        0.0001
      -0.0089        0.0231        0.0350
      -0.0057        0.1312       -0.0231
      -0.0273        0.0226       -0.0397
       0.1296        0.0058       -0.0999
      -0.0390        0.0219       -0.0061
       0.0980       -0.0220       -0.1327
      -0.0559       -0.0925        0.1477
      -0.0570        0.1052       -0.1088
      -0.0332        0.0543        0.0389
       0.1286       -0.0629        0.0195
       0.0742       -0.0148        0.0212
       0.0011       -0.0082       -0.0003
       0.0029       -0.0083       -0.0034
       0.0030        0.0132       -0.0124
       0.0012        0.0086        0.0207
       0.0079        0.0023        0.0008
      -0.0281       -0.0669       -0.0529

606.6518596491716
      -0.0300       -0.1229        0.1867
      -0.1465       -0.2571       -0.2442
      -0.1187        0.1144       -0.1042
      -0.0404       -0.0434        0.1376
      -0.0192       -0.1970        0.3283
       0.0213        0.1183       -0.1926
      -0.0108        0.0302       -0.3679
       0.1676       -0.0418        0.1324
       0.1793        0.1140        0.0139
       0.1314        0.1254       -0.2266
       0.0044        0.0092       -0.0015
       0.0110       -0.0230       -0.0532
      -0.0540        0.0430        0.1307
      -0.1252        0.0999        0.0997
       0.1339        0.0540        0.0674
      -0.0893       -0.0927        0.0394
       0.0685       -0.0405        0.1216
      -0.0411       -0.0797       -0.2021
      -0.0301        0.0369        0.0113
       0.0531       -0.0134        0.0148
       0.0244        0.1520       -0.0002
      -0.0885        0.1022       -0.0133
       0.0036        0.0272        0.0095
       0.0024        0.0298        0.0031
      -0.0102       -0.0239        0.0285
       0.0104        0.0083        0.0087
       0.0166       -0.0008       -0.0248
       0.0112       -0.0140        0.0503

654.7583132587824
       0.0519        0.2111        0.1196
       0.1390        0.2623       -0.0872
      -0.0116        0.1394       -0.0858
       0.0185        0.0680       -0.0074
       0.1474        0.1189        0.0253
      -0.1772        0.0342        0.1791
      -0.0596       -0.1713       -0.2531
       0.3829       -0.0198        0.0704
       0.1449       -0.1777        0.0258
       0.1748       -0.1860        0.1088
       0.0029        0.0246        0.0022
      -0.0280        0.0433        0.0625
      -0.1748       -0.1646        0.0622
      -0.1069        0.0395       -0.1002
      -0.2925       -0.1880       -0.0247
      -0.1162        0.0169       -0.0290
      -0.0117        0.0641        0.0310
       0.0295        0.1013       -0.0553
       0.0159        0.0777       -0.1320
       0.1101       -0.0522       -0.0567
      -0.0208       -0.1091       -0.0317
      -0.0366       -0.0482        0.0490
       0.0036       -0.0187        0.0050
       0.0100       -0.0053       -0.0086
       0.0085        0.0278       -0.0217
       0.0051        0.0152        0.0546
       0.0258        0.0054       -0.0110
      -0.1010       -0.0754       -0.0103

674.198043639506
       0.0073        0.0846        0.1298
      -0.0976       -0.0298       -0.1061
       0.1051       -0.0774       -0.1043
      -0.0273       -0.0715       -0.0658
      -0.2581       -0.0112        0.0183
       0.0969       -0.0683        0.2350
       0.3085        0.0862       -0.2493
       0.1387       -0.0398       -0.0097
      -0.4626       -0.1432        0.0832
      -0.0339       -0.1979        0.0795
       0.0039        0.0311       -0.0011
      -0.0194        0.0404        0.0559
       0.2320        0.3003        0.1023
      -0.0279        0.0224       -0.0611
       0.1301        0.0531       -0.0301
      -0.0468        0.0100       -0.0045
      -0.0082        0.0250        0.0255
      -0.0002       -0.0639       -0.0552
       0.0039       -0.0572       -0.1692
      -0.0748        0.0077       -0.0472
      -0.2023       -0.0645       -0.0138
      -0.1020       -0.0811        0.0276
       0.0011       -0.0090       -0.0028
       0.0044       -0.0065       -0.0055
       0.0072        0.0282       -0.0211
      -0.0025        0.0149        0.0249
       0.0032        0.0086        0.0082
       0.0478        0.0304       -0.0237

705.8178097818811
      -0.0473       -0.2921        0.1272
       0.0686       -0.0706       -0.1144
      -0.0816       -0.0866       -0.0865
       0.0168        0.0988       -0.1686
       0.1107        0.0081        0.0508
       0.0480       -0.0015        0.2660
      -0.2216        0.1261       -0.0576
       0.0447        0.2143        0.0746
       0.0390        0.1116        0.1194
      -0.1559        0.2374        0.3148
      -0.0120       -0.1115        0.0285
       0.0185       -0.0673       -0.0810
      -0.0012       -0.1448        0.0101
       0.0085       -0.2775       -0.0829
       0.1158        0.1082       -0.0298
       0.0498        0.2066       -0.2112
      -0.0199       -0.0848       -0.0017
      -0.0067        0.0276       -0.0613
      -0.0159       -0.0076       -0.1961
       0.1306        0.0880       -0.0928
      -0.1308       -0.0611       -0.0512
      -0.1112        0.0623        0.0993
      -0.0034       -0.0464        0.0065
      -0.0003       -0.0426        0.0040
       0.0002       -0.0265        0.0002
       0.0076       -0.0503       -0.0232
       0.0122       -0.0483       -0.0341
       0.0426        0.0418       -0.0330

744.6304433063191
       0.0338        0.1371        0.2551
      -0.0684       -0.0160       -0.0863
       0.0470        0.0573       -0.0080
      -0.0160       -0.0730       -0.4024
      -0.0215       -0.0401        0.2191
      -0.0164       -0.0108        0.2067
       0.0485       -0.0756        0.1403
      -0.3927       -0.0572       -0.1359
       0.1618        0.0835        0.0064
       0.0960       -0.0195       -0.0546
       0.0058        0.0276       -0.0123
       0.0194        0.0062        0.0147
      -0.0636        0.0246       -0.0527
       0.1102        0.0670        0.0769
      -0.0741       -0.0604       -0.0016
       0.0771       -0.0752        0.1010
       0.0268        0.0463       -0.1794
      -0.0078       -0.0279       -0.2939
       0.0044        0.0212       -0.3851
       0.0618       -0.0113       -0.0040
       0.0166        0.0897       -0.0090
       0.1554       -0.0550       -0.0610
      -0.0045        0.0375       -0.0165
      -0.0155        0.0020        0.0090
      -0.0099       -0.0012        0.0052
      -0.0109        0.0191       -0.0382
      -0.0338        0.0074        0.0369
      -0.0255       -0.0202       -0.0496

778.535553994741
       0.0186        0.1198       -0.1462
      -0.0762       -0.0258       -0.2409
       0.0488        0.0321       -0.2708
      -0.0120       -0.0625       -0.1137
      -0.0137       -0.0409        0.1337
       0.0031       -0.0272        0.3783
       0.0221       -0.0218       -0.0446
      -0.2159       -0.0047       -0.0650
       0.1354        0.0594        0.0748
       0.0388        0.0212       -0.0048
       0.0058        0.0002       -0.0028
       0.0207       -0.0053       -0.0025
      -0.0314        0.0139        0.0062
       0.0568        0.0078        0.0363
      -0.0517       -0.0381       -0.0906
       0.0407       -0.0159        0.0350
       0.0263        0.0223        0.4263
      -0.0002       -0.0467        0.4251
       0.0120       -0.0137        0.3704
       0.1258        0.0050       -0.0566
      -0.0705        0.0408       -0.0349
       0.0121       -0.0370       -0.0216
      -0.0052        0.0265       -0.0160
      -0.0160       -0.0123        0.0111
      -0.0113       -0.0060        0.0035
      -0.0076        0.0142       -0.0347
      -0.0256       -0.0086        0.0231
      -0.0125       -0.0094        0.0076

802.2494024603694
       0.0377        0.4345        0.0008
      -0.2648       -0.0949        0.0859
       0.2233        0.0005        0.0653
      -0.0282       -0.1708        0.2018
      -0.0461       -0.1299       -0.1076
       0.0308       -0.1030       -0.1577
       0.0461        0.0507       -0.2126
      -0.1747        0.1519        0.0606
       0.2652       -0.0698       -0.0127
      -0.0929        0.1116        0.1610
      -0.0039       -0.0670        0.0424
       0.0329       -0.0105       -0.0266
       0.0310        0.0806        0.0635
       0.0221       -0.1876        0.0687
      -0.1440       -0.1130        0.0256
       0.0854        0.2111       -0.1934
       0.0424        0.1281       -0.0663
      -0.0311       -0.1139       -0.0643
       0.0212       -0.0623       -0.0219
       0.0883        0.0091       -0.0216
       0.0580       -0.1300       -0.0233
      -0.1472        0.0175        0.0601
      -0.0138       -0.0236       -0.0235
      -0.0233       -0.0831        0.0189
      -0.0073        0.0114       -0.0272
      -0.0080       -0.0139       -0.0585
      -0.0267       -0.0551        0.0107
      -0.0182       -0.0061        0.0114

814.2825467302911
      -0.0053       -0.0661       -0.0032
       0.0448        0.0201        0.0118
      -0.0360        0.0028        0.0119
       0.0043        0.0227        0.0308
       0.0039        0.0243       -0.0198
      -0.0077        0.0192       -0.0220
      -0.0033       -0.0132       -0.0342
       0.0384       -0.0126       -0.0045
      -0.0384        0.0106        0.0067
       0.0323       -0.0232        0.0189
       0.1325       -0.0021        0.0354
       0.2262       -0.0072        0.0698
      -0.0141       -0.0166        0.0077
      -0.0091        0.0160       -0.0205
       0.0214        0.0161        0.0041
      -0.1011       -0.0154       -0.0121
      -0.0079       -0.0190       -0.0102
       0.0051        0.0205       -0.0067
      -0.0032        0.0119       -0.0054
      -0.0105        0.0192       -0.0027
      -0.0116       -0.0011        0.0014
       0.0028       -0.0040        0.0076
      -0.0836        0.3398       -0.2768
      -0.2512       -0.3191        0.1833
      -0.1679        0.0091       -0.0468
      -0.1031        0.2794       -0.3798
      -0.3115       -0.2509        0.2670
       0.0013       -0.0010        0.0015

862.4197797787174
      -0.0045        0.0875        0.0645
      -0.0504       -0.0237        0.2229
       0.0449       -0.0109       -0.3482
      -0.0022        0.0082       -0.1913
       0.0154       -0.0349        0.0880
       0.0164       -0.0334        0.2107
      -0.0263        0.0433        0.2070
       0.1972        0.0473        0.1144
      -0.0286       -0.1284       -0.1349
      -0.0927        0.0576       -0.0777
       0.0030       -0.0295        0.0192
       0.0113       -0.0015       -0.0211
       0.0493        0.0263       -0.0484
      -0.0700       -0.0477        0.0232
      -0.0250       -0.0153       -0.0496
      -0.0290        0.0790       -0.0758
      -0.0014        0.0274       -0.0501
      -0.0164       -0.0058       -0.4750
       0.0062       -0.0399        0.4853
      -0.1197       -0.1266        0.0868
       0.1341       -0.0023        0.0411
       0.0366        0.0913        0.0007
      -0.0054       -0.0029       -0.0109
      -0.0119       -0.0333        0.0113
      -0.0073       -0.0009       -0.0060
      -0.0016        0.0061       -0.0172
      -0.0063       -0.0236       -0.0034
       0.0027        0.0059        0.0071

864.9947390392433
      -0.0019        0.1887       -0.0070
      -0.1451       -0.0630       -0.1803
       0.1315       -0.0605        0.1488
      -0.0167        0.0037       -0.1573
       0.0287       -0.0777        0.0959
       0.0333       -0.0658       -0.0099
      -0.0996        0.1249        0.3437
       0.3723        0.0726        0.1038
       0.0379       -0.1645       -0.0167
      -0.1824        0.1489       -0.2010
       0.0187       -0.1218       -0.0362
       0.0450       -0.0580       -0.1449
       0.0896        0.0276       -0.0754
      -0.0830        0.0390       -0.0872
      -0.0508       -0.0374        0.0089
      -0.1344        0.0509        0.1753
       0.0072        0.0536        0.0425
      -0.0196       -0.0602        0.2827
       0.0057       -0.0529       -0.2646
       0.0194       -0.1922        0.0207
       0.0203        0.0041        0.0056
      -0.0206        0.0964       -0.0387
       0.0037        0.0872        0.0041
      -0.0273        0.0463        0.0294
      -0.0517       -0.1483        0.1097
       0.0072        0.0628       -0.0332
      -0.0053        0.0194       -0.0189
       0.0068        0.0140       -0.0145

882.6959422471116
      -0.0005        0.0018       -0.0162
      -0.0013        0.0054       -0.1316
      -0.0027       -0.0004        0.0810
       0.0037        0.0044       -0.0900
       0.0025       -0.0059        0.1364
      -0.0004        0.0017       -0.0034
       0.0123       -0.0064        0.1359
       0.0784       -0.1031        0.1499
      -0.0220       -0.0164       -0.1103
      -0.0369       -0.0069       -0.1352
      -0.0152        0.2319        0.1160
      -0.0657        0.0926        0.2560
       0.0153        0.0171       -0.0309
      -0.1002       -0.1098        0.2090
      -0.0013        0.0003        0.0053
       0.1069       -0.0466       -0.5011
       0.0011       -0.0010        0.0543
       0.0024       -0.0028        0.1853
      -0.0030        0.0041       -0.1431
      -0.0891       -0.1095        0.0725
       0.0934        0.1036        0.0322
       0.0357        0.1033        0.0022
      -0.0234       -0.1559       -0.0551
       0.0197       -0.1778       -0.0286
       0.0832        0.3261       -0.2524
      -0.0223       -0.1022        0.0250
      -0.0144       -0.1196        0.0372
      -0.0007       -0.0001       -0.0051

911.608915508892
      -0.0014       -0.0747       -0.0245
       0.1319        0.0776       -0.0685
      -0.1764        0.1411        0.0438
       0.0921       -0.0861       -0.0069
       0.0316        0.0216        0.1151
      -0.0110        0.0520       -0.0133
       0.2644       -0.2621       -0.0892
      -0.1607        0.2223        0.1474
      -0.2114       -0.1370       -0.1510
       0.1056       -0.0031       -0.0672
      -0.0201       -0.2445        0.0286
       0.0592        0.0050       -0.2041
      -0.0759        0.0568        0.0147
      -0.0359       -0.1728        0.2031
      -0.0329       -0.0042        0.0050
       0.0421        0.3977       -0.0396
       0.0260       -0.0230        0.0535
       0.0198        0.0607        0.0927
      -0.0334        0.0742       -0.0597
      -0.1772       -0.1628        0.0941
       0.0973        0.0379        0.0500
       0.1604        0.0297       -0.0306
      -0.0006       -0.0095        0.0347
      -0.0185       -0.0097        0.0299
      -0.0377       -0.1605        0.1036
       0.0164        0.0310       -0.0487
       0.0166        0.0327       -0.0504
      -0.0186       -0.0127        0.0016

974.0529055560085
      -0.0125        0.0177       -0.4003
      -0.0027        0.0031        0.2175
       0.0394       -0.0496        0.1648
      -0.0407        0.0365       -0.0423
      -0.0240       -0.0025        0.0483
      -0.0123       -0.0004        0.0219
      -0.0631        0.0560       -0.0198
      -0.0111        0.0017       -0.0120
       0.0108       -0.0368       -0.0591
       0.0492       -0.0190        0.0543
       0.0007       -0.0030       -0.0047
      -0.0007        0.0037        0.0038
       0.0118       -0.0126        0.0032
       0.0114        0.0057       -0.0180
       0.0287        0.0132        0.0028
       0.0008       -0.0094        0.0097
      -0.0233       -0.0156        0.7068
      -0.0035        0.0041       -0.3745
       0.0045       -0.0107       -0.2895
      -0.0450       -0.0022        0.0264
       0.0540        0.0019        0.0110
       0.0347        0.0027        0.0156
       0.0009        0.0042        0.0018
      -0.0004        0.0056        0.0003
      -0.0015       -0.0070        0.0056
      -0.0003        0.0033        0.0010
       0.0002        0.0042        0.0014
       0.0014       -0.0035       -0.0018

983.3219377616552
       0.0393       -0.0095       -0.0676
      -0.0032       -0.0948        0.0949
      -0.1852        0.2514        0.0284
       0.2534       -0.1750       -0.0280
       0.1697        0.0083       -0.1548
       0.0969       -0.0275        0.0122
       0.3101       -0.2636        0.1421
       0.1003       -0.0336        0.0119
      -0.0628        0.2366        0.2221
      -0.3596        0.1115       -0.1486
       0.0051        0.0641       -0.0001
      -0.0055       -0.0558        0.0071
      -0.0436        0.0613       -0.0239
      -0.0313        0.0085       -0.0093
      -0.1883       -0.0908       -0.0044
      -0.0256       -0.0285        0.0032
       0.1858       -0.0103        0.1005
      -0.0178        0.0031       -0.1303
      -0.0419        0.0988       -0.0245
       0.1528        0.0304       -0.0917
      -0.1976       -0.0092       -0.0397
      -0.1791        0.0219       -0.0320
      -0.0025       -0.0020       -0.0164
       0.0065       -0.0074       -0.0095
       0.0111        0.0514       -0.0364
      -0.0008       -0.0272        0.0042
      -0.0059       -0.0298        0.0031
       0.0025        0.0358       -0.0025

1017.2996728813508
      -0.0182       -0.0377       -0.0117
       0.0598        0.0879        0.0830
       0.0531       -0.0939       -0.0065
      -0.1740       -0.0040        0.0007
      -0.1526        0.0237       -0.2230
      -0.0867        0.0416        0.0141
      -0.0447        0.0282        0.1090
       0.0151        0.0190        0.1385
       0.1229       -0.0698        0.3302
       0.1708       -0.0643       -0.4227
      -0.0241       -0.1373        0.0757
       0.0179        0.1547       -0.0509
       0.0062        0.0126       -0.0240
      -0.0952       -0.0656        0.2483
       0.1308        0.0685       -0.0037
       0.0330        0.1180       -0.1383
      -0.1186       -0.0079        0.0029
       0.0252        0.0112       -0.0921
       0.0245       -0.0172        0.0092
       0.2802       -0.0145       -0.1405
      -0.2545       -0.0099       -0.0616
      -0.0090       -0.2094       -0.1994
      -0.0070       -0.0556        0.0239
      -0.0155       -0.0617        0.0266
      -0.0116       -0.0452        0.0254
       0.0042        0.0564       -0.0188
       0.0155        0.0477       -0.0244
      -0.0217       -0.0462       -0.0047

1041.9060637694754
      -0.0233        0.0039       -0.0000
       0.1110        0.0796        0.0173
      -0.0324       -0.0253       -0.0021
      -0.1269       -0.0833        0.0128
      -0.0959       -0.0054       -0.0536
      -0.0534        0.0204        0.0026
       0.0524       -0.0542       -0.0203
      -0.0477        0.1249        0.0136
       0.0043       -0.2090        0.1008
       0.1228        0.2421       -0.0551
       0.0364        0.3461       -0.0674
       0.0082       -0.5203       -0.1008
      -0.0313        0.0273        0.0019
       0.0117        0.0004       -0.0082
       0.0879        0.0483       -0.0001
      -0.0565        0.1074        0.2419
      -0.0932        0.0051       -0.0013
       0.0465       -0.0003       -0.0176
      -0.0150       -0.0158        0.0032
       0.0717       -0.1502       -0.0192
      -0.0518       -0.1154       -0.0038
       0.0745        0.0746       -0.0236
      -0.0052        0.0280       -0.0894
       0.0536        0.0245       -0.0732
       0.0582        0.2282       -0.1612
       0.0120       -0.2529       -0.0088
      -0.0288       -0.2460       -0.0159
      -0.0157       -0.0322       -0.0012

1054.9829126369762
      -0.0234       -0.0829       -0.0028
       0.2237        0.1797       -0.0179
      -0.0742       -0.0122        0.0031
      -0.2870       -0.2782       -0.0391
      -0.2702        0.0382        0.0850
      -0.1446        0.0612        0.0051
       0.2582       -0.1659        0.0791
       0.0658       -0.0654       -0.0439
       0.3448        0.0369       -0.1315
      -0.2856        0.0283        0.1204
      -0.0006       -0.0572       -0.0133
      -0.0099        0.0936        0.0515
      -0.0017        0.1176       -0.0061
       0.0184        0.0266       -0.1037
       0.2098        0.1187        0.0001
      -0.0048       -0.0485       -0.0319
      -0.1868       -0.0172        0.0078
       0.1010       -0.0099        0.0174
       0.0036        0.0346       -0.0043
       0.0517       -0.0654        0.0297
       0.1684       -0.0904       -0.0101
      -0.2410        0.0660        0.0925
       0.0051        0.0159        0.0184
      -0.0102        0.0207        0.0117
      -0.0143       -0.0576        0.0428
      -0.0058        0.0573        0.0116
       0.0013        0.0617        0.0174
      -0.0557       -0.0966       -0.0012

1083.2864951070744
       0.0266       -0.2877       -0.0093
      -0.3926        0.0611       -0.0010
       0.3946       -0.0344       -0.0043
      -0.0031        0.0707       -0.0108
      -0.0083        0.0769        0.0383
      -0.0715        0.1320        0.0034
       0.1017       -0.0922        0.0187
       0.0453        0.0342        0.0410
       0.0856        0.1169       -0.0881
      -0.1306       -0.2096       -0.0001
       0.0081        0.0602       -0.0118
       0.0101       -0.1431       -0.0642
      -0.0060        0.0059       -0.0022
      -0.0252       -0.0216        0.0353
       0.0110        0.0022       -0.0002
      -0.0291        0.1528        0.0705
       0.0129       -0.0932       -0.0005
      -0.2746        0.3045        0.0188
       0.2953        0.2490        0.0019
      -0.0082        0.0368        0.0069
       0.0649        0.0221       -0.0055
      -0.0573       -0.1663       -0.0425
      -0.0023        0.0044       -0.0221
       0.0125        0.0019       -0.0159
       0.0100        0.0407       -0.0302
       0.0060       -0.0582       -0.0063
      -0.0064       -0.0570       -0.0115
      -0.0838       -0.0974       -0.0013

1094.9468149557445
       0.0030        0.1232        0.0029
       0.1703       -0.0421       -0.0218
      -0.1797       -0.0107        0.0042
       0.0194        0.0311       -0.0262
      -0.0210       -0.0250        0.0839
       0.0223       -0.0530       -0.0034
      -0.0786        0.0952        0.0489
       0.0880        0.0793        0.0910
       0.1338        0.2223       -0.1690
      -0.1409       -0.4347       -0.0336
       0.0113        0.0809       -0.0093
       0.0166       -0.2055       -0.1070
       0.0707        0.0019       -0.0061
      -0.0516       -0.0408        0.0822
      -0.0023        0.0023        0.0004
      -0.0460        0.2420        0.1050
      -0.0036        0.0400        0.0043
       0.1443       -0.1836        0.0120
      -0.1414       -0.1316       -0.0062
      -0.0716        0.2754        0.0110
       0.0937        0.1308       -0.0156
      -0.1269       -0.3946       -0.1137
      -0.0047        0.0017       -0.0334
       0.0167       -0.0060       -0.0208
       0.0132        0.0593       -0.0449
       0.0098       -0.0862       -0.0123
      -0.0074       -0.0900       -0.0236
       0.0401        0.0466        0.0014

1139.8293537962218
      -0.0012       -0.0013       -0.0001
       0.0017        0.0007       -0.0037
      -0.0003        0.0019        0.0004
      -0.0041       -0.0028       -0.0017
      -0.0002       -0.0001        0.0183
       0.0017       -0.0003       -0.0006
       0.0057       -0.0040       -0.0007
      -0.0018       -0.0621       -0.0397
       0.0019       -0.0046       -0.0139
      -0.0077        0.0215        0.0387
      -0.1360       -0.0317        0.4335
       0.1558        0.1775       -0.4720
      -0.0034       -0.0016        0.0004
       0.0374        0.0659       -0.1099
       0.0005       -0.0011        0.0002
      -0.0729       -0.0703        0.2433
      -0.0031       -0.0003        0.0012
       0.0008       -0.0003        0.0032
       0.0011        0.0024       -0.0007
      -0.0141        0.0207        0.0052
       0.0188       -0.0359        0.0029
      -0.0188        0.0292        0.0250
      -0.0672       -0.3666       -0.0056
       0.0350       -0.3558        0.0076
       0.0715        0.2545       -0.1746
       0.0484        0.0687       -0.1355
       0.0248        0.0833       -0.1196
       0.0019        0.0016        0.0002

1179.8173355206372
      -0.0010        0.0027        0.0004
      -0.0007       -0.0046        0.0017
       0.0013       -0.0058       -0.0006
       0.0028        0.0076        0.0051
       0.0020        0.0003       -0.0115
      -0.0042        0.0054        0.0003
       0.0030       -0.0011       -0.0138
       0.0219        0.0075        0.0090
       0.0057        0.0082        0.0074
      -0.0191       -0.0164        0.0061
      -0.3263        0.0135       -0.1038
       0.4607       -0.0227        0.1441
       0.0008       -0.0004        0.0023
      -0.0159       -0.0034        0.0015
       0.0008        0.0038        0.0001
      -0.1587        0.0111       -0.0527
      -0.0070        0.0010       -0.0007
       0.0050       -0.0113       -0.0017
      -0.0021       -0.0057        0.0004
       0.0112       -0.0203       -0.0016
      -0.0079        0.0249       -0.0010
       0.0465        0.0013       -0.0051
       0.0145       -0.2337        0.2270
       0.1546        0.2451       -0.1801
       0.1920       -0.0183        0.0602
      -0.0085       -0.1231       -0.4002
      -0.2060        0.1225        0.3442
      -0.0073       -0.0077       -0.0001

1185.8810020051662
      -0.2255       -0.0221        0.0032
       0.0327       -0.1090       -0.0049
       0.0658        0.2112        0.0041
       0.0319       -0.0064        0.0086
       0.0100        0.0763        0.0022
       0.0912       -0.1352       -0.0058
      -0.0300        0.0298       -0.0298
       0.0172        0.0613        0.0154
      -0.0079        0.0214       -0.0106
      -0.0188        0.0119        0.0144
       0.0014       -0.0002        0.0030
      -0.0040        0.0166        0.0077
       0.0131       -0.0019        0.0049
      -0.0055       -0.0061        0.0030
      -0.0417       -0.1223       -0.0018
      -0.0023       -0.0608       -0.0029
      -0.5038        0.0072        0.0031
       0.1572       -0.3118       -0.0068
       0.2977        0.4876        0.0107
       0.0009       -0.0528        0.0067
       0.0096       -0.0399       -0.0004
       0.0932       -0.0820       -0.0521
      -0.0001       -0.0001        0.0003
      -0.0020       -0.0030        0.0025
      -0.0009        0.0012       -0.0010
      -0.0004       -0.0051       -0.0003
       0.0022       -0.0053       -0.0036
       0.2154        0.2284        0.0023

1191.6110975182148
       0.0724       -0.0704       -0.0049
       0.0331        0.1494       -0.0116
      -0.1204        0.1830        0.0080
      -0.1298       -0.2604       -0.0324
      -0.1619        0.0715        0.0974
       0.1036       -0.2370       -0.0086
      -0.1519        0.1418        0.0628
      -0.0070        0.0948        0.0244
       0.0286       -0.1239       -0.0572
       0.1744        0.1060       -0.0729
      -0.0157        0.0002       -0.0073
       0.0186        0.0248        0.0267
       0.0492        0.0299       -0.0097
      -0.0043       -0.0060        0.0085
      -0.0008       -0.1177       -0.0021
      -0.0021       -0.0952       -0.0120
       0.3518       -0.0303        0.0020
      -0.1226        0.2931        0.0201
       0.0323        0.1658        0.0002
      -0.0671        0.1714        0.0064
       0.0778       -0.2332        0.0035
      -0.1863       -0.1531       -0.0639
       0.0018       -0.0097        0.0145
       0.0056        0.0144       -0.0071
       0.0089       -0.0024        0.0040
      -0.0014       -0.0159       -0.0213
      -0.0079       -0.0102        0.0139
       0.2774        0.2881        0.0040

1196.4195939310046
       0.0441       -0.0165       -0.0007
      -0.0233       -0.0042        0.0005
      -0.0259       -0.0255       -0.0030
      -0.0358       -0.0377        0.0410
      -0.0314        0.0748       -0.0063
      -0.0394       -0.0097       -0.0015
       0.0369       -0.0059       -0.1606
       0.0987        0.3671        0.0768
       0.0497        0.0896       -0.0369
      -0.2639        0.1085        0.1004
       0.0111       -0.0010        0.0256
      -0.0257        0.0993        0.0338
       0.0223        0.0237        0.0281
      -0.0208       -0.0316       -0.0163
       0.0336        0.0410        0.0021
      -0.0176       -0.3629       -0.0043
       0.1488       -0.0095       -0.0029
      -0.0021       -0.0135        0.0024
      -0.0556       -0.0805       -0.0004
       0.0450       -0.1918        0.0097
       0.0406       -0.1047       -0.0089
       0.5140       -0.3608       -0.2539
      -0.0011       -0.0024       -0.0018
      -0.0131       -0.0257        0.0171
      -0.0064        0.0123       -0.0097
      -0.0014       -0.0355       -0.0020
       0.0151       -0.0274       -0.0255
      -0.0455       -0.0518       -0.0009

1208.1796601914432
       0.0631       -0.0521        0.0006
      -0.0303        0.0393        0.0294
      -0.0820        0.0448       -0.0014
      -0.1048       -0.0030        0.0405
      -0.1694        0.1651       -0.1603
       0.0112       -0.1522       -0.0006
      -0.0663        0.0869       -0.0661
       0.0065       -0.1269       -0.0234
       0.1388        0.0456        0.0336
      -0.0853       -0.2450        0.1426
       0.0110        0.0044        0.0068
      -0.0082       -0.0464       -0.0429
       0.0380       -0.0012        0.0131
       0.0120        0.0106       -0.0199
       0.0392       -0.0626       -0.0018
      -0.0037        0.1612        0.0284
       0.2668       -0.0230       -0.0144
      -0.0013       -0.0079       -0.0210
       0.0030        0.0601        0.0075
       0.1785       -0.4694       -0.0068
      -0.0610        0.4411       -0.0087
       0.1588        0.1698        0.1208
      -0.0023        0.0027       -0.0140
      -0.0006       -0.0130        0.0018
      -0.0053        0.0049       -0.0048
       0.0026        0.0129        0.0140
       0.0045        0.0107       -0.0111
       0.2054        0.2076        0.0002

1228.99669667738
      -0.0556        0.0843        0.0044
       0.1816        0.0800        0.0099
       0.0183        0.1174        0.0010
      -0.0588       -0.4212        0.0091
       0.1920       -0.3474       -0.0770
       0.0396        0.0209        0.0019
      -0.1332        0.1738       -0.0428
       0.0124        0.1114        0.0168
      -0.0521       -0.0627        0.0284
      -0.1024       -0.0682        0.0478
       0.0048        0.0024        0.0072
      -0.0056        0.0172       -0.0025
       0.1023        0.0827        0.0133
       0.0080       -0.0103       -0.0276
      -0.0265        0.0144        0.0008
      -0.0073       -0.0721        0.0145
      -0.2490        0.0361       -0.0007
      -0.1264        0.3779        0.0017
       0.0233        0.0613        0.0036
      -0.0279        0.1347       -0.0156
      -0.1070        0.4241       -0.0034
       0.1359        0.0519        0.0151
      -0.0005       -0.0010       -0.0028
      -0.0037       -0.0095        0.0046
      -0.0022        0.0048       -0.0041
       0.0005       -0.0203       -0.0040
       0.0048       -0.0148       -0.0113
      -0.0935       -0.0952       -0.0017

1248.09406721061
      -0.0087       -0.0224        0.0002
      -0.0300       -0.0143        0.0166
       0.0125       -0.0093        0.0005
       0.1023        0.0179       -0.0182
      -0.0108        0.0471       -0.0711
       0.0237        0.0410        0.0025
      -0.0093       -0.0508        0.1104
      -0.0801        0.4282        0.0457
      -0.0740       -0.0025       -0.1045
       0.2705       -0.0002        0.0586
      -0.0101        0.0042        0.0018
       0.0076        0.0763        0.0252
      -0.0116       -0.0049       -0.0228
       0.0350       -0.0389       -0.0684
      -0.0334        0.0235       -0.0006
      -0.0017       -0.2918        0.0314
      -0.0163       -0.0071       -0.0076
       0.0271       -0.0753       -0.0116
      -0.0006       -0.0127        0.0026
       0.0098       -0.3323        0.0129
      -0.0202        0.3147       -0.0012
      -0.5439       -0.1813        0.0467
       0.0019       -0.0134        0.0147
      -0.0030       -0.0022        0.0014
       0.0050        0.0029       -0.0005
       0.0009       -0.0656       -0.0301
       0.0036       -0.0795       -0.0187
      -0.0862       -0.0830       -0.0016

1300.13218861784
      -0.0852       -0.0880       -0.0017
      -0.0212        0.0127       -0.0023
      -0.0026        0.1210        0.0024
       0.1153       -0.4262       -0.0084
       0.0541        0.2171        0.0152
       0.1289       -0.0903       -0.0037
      -0.2385        0.2640       -0.0020
       0.0018       -0.1657       -0.0068
      -0.1010        0.1920       -0.0078
       0.1190       -0.0835       -0.0035
      -0.0244        0.0031       -0.0062
       0.0063       -0.0387       -0.0126
       0.0789        0.0155        0.0035
      -0.0045        0.0186        0.0180
      -0.0457        0.1433        0.0041
       0.0162        0.1209       -0.0020
       0.0990       -0.0313       -0.0012
       0.0722       -0.1506       -0.0020
       0.0330        0.0791        0.0012
       0.0372       -0.2334        0.0035
       0.0644       -0.2488        0.0200
       0.0081       -0.0225        0.0056
      -0.0019       -0.0146        0.0095
       0.0139        0.0162       -0.0166
       0.0110        0.0013        0.0017
       0.0002        0.0897        0.0212
      -0.0007       -0.0323       -0.0040
      -0.3515       -0.3563       -0.0042

1304.924136389309
       0.0074        0.0125        0.0002
       0.0072       -0.0070        0.0001
       0.0026       -0.0102       -0.0003
      -0.0224        0.0406        0.0019
       0.0025       -0.0290       -0.0026
      -0.0157        0.0088        0.0004
       0.0248       -0.0261       -0.0027
       0.0052        0.0073        0.0013
       0.0077       -0.0062       -0.0017
      -0.0256        0.0153        0.0062
      -0.2462        0.0130       -0.0646
       0.0411       -0.0117        0.0109
      -0.0054        0.0011       -0.0000
       0.0018       -0.0015        0.0009
       0.0067       -0.0154       -0.0005
       0.1282       -0.0136        0.0332
      -0.0153        0.0046        0.0002
      -0.0120        0.0255        0.0006
      -0.0060       -0.0122       -0.0001
      -0.0026        0.0087        0.0015
      -0.0052        0.0206       -0.0026
       0.0117       -0.0118       -0.0085
      -0.0065       -0.1542        0.1434
       0.0927        0.1521       -0.1251
       0.0978        0.0003        0.0231
       0.0001        0.6303        0.1313
       0.0128       -0.6100       -0.1228
       0.0384        0.0386        0.0005

1323.7426572222657
       0.0300        0.0955        0.0029
      -0.1162        0.1306        0.0035
      -0.1636       -0.1806       -0.0032
       0.1973       -0.0291       -0.0052
       0.0453        0.0579        0.0071
      -0.3281       -0.2481       -0.0025
       0.0085        0.0084        0.0060
      -0.0158        0.1468        0.0165
       0.0468       -0.2357        0.0380
      -0.0656       -0.0500       -0.0624
      -0.0033       -0.0007       -0.0075
       0.0004        0.0394        0.0038
      -0.0117       -0.0186       -0.0024
       0.0087       -0.0139       -0.0188
       0.2094        0.2066        0.0025
      -0.0012       -0.0753        0.0183
       0.2742        0.0228       -0.0013
       0.1089       -0.2280       -0.0076
       0.2062        0.3402        0.0065
      -0.0428        0.3117       -0.0218
      -0.0476        0.1663       -0.0007
       0.0498        0.1666        0.0480
       0.0030       -0.0063        0.0100
      -0.0056       -0.0005        0.0022
      -0.0000       -0.0068        0.0052
       0.0015       -0.0356       -0.0095
       0.0022       -0.0667       -0.0179
      -0.1102       -0.1407       -0.0016

1333.4312179552228
      -0.0784        0.2502        0.0068
       0.1031       -0.2075       -0.0062
      -0.0039       -0.0355       -0.0002
      -0.2407        0.0702        0.0013
       0.3770       -0.1277       -0.0132
      -0.4073       -0.2972       -0.0022
       0.0730       -0.0261        0.0117
      -0.0036       -0.0869       -0.0126
      -0.1802        0.2926       -0.0254
       0.0853        0.0112        0.0325
       0.0023       -0.0000        0.0053
       0.0020       -0.0260       -0.0031
      -0.0312       -0.0115       -0.0036
      -0.0044        0.0074        0.0140
       0.2630        0.1229       -0.0002
      -0.0000        0.0477       -0.0096
       0.0484        0.0778        0.0011
      -0.0921        0.1794        0.0067
       0.0570        0.0936        0.0021
       0.0102       -0.2367        0.0063
       0.0326       -0.1342        0.0181
      -0.1000       -0.1185       -0.0208
      -0.0021        0.0057       -0.0067
       0.0030       -0.0008       -0.0008
       0.0007        0.0050       -0.0041
      -0.0009        0.0150        0.0020
      -0.0014        0.0446        0.0121
       0.0754        0.0368       -0.0000

1368.7998445347216
      -0.0083        0.0050        0.0009
      -0.0180        0.0377        0.0078
      -0.0291       -0.0346       -0.0013
       0.0683       -0.0078        0.0091
      -0.0157        0.0098       -0.0236
       0.0121       -0.0252       -0.0000
       0.0354        0.0030       -0.0146
       0.0625       -0.3224       -0.0431
       0.0168       -0.2127       -0.0821
      -0.0023        0.4340        0.1958
      -0.0144       -0.0130        0.0604
      -0.0098       -0.1961        0.0059
      -0.0519       -0.0337       -0.0023
      -0.0198        0.0323        0.0364
       0.0011        0.0329        0.0008
       0.0162        0.1127       -0.0814
       0.0496        0.0004       -0.0042
       0.0241       -0.0422       -0.0038
       0.0416        0.0650        0.0022
      -0.0881        0.0014        0.0440
      -0.0699        0.3091       -0.0315
      -0.0651       -0.4394       -0.1817
      -0.0283        0.0503       -0.0525
       0.0540        0.0408       -0.0257
       0.0217        0.0722       -0.0624
      -0.0157        0.2567        0.0446
       0.0105        0.2799        0.0599
      -0.0549       -0.0561       -0.0011

1393.680986473044
      -0.3547       -0.0512        0.0028
       0.1255       -0.2834       -0.0098
       0.2577        0.2935        0.0055
      -0.3160        0.0958        0.0060
       0.1113        0.3920        0.0085
       0.1256       -0.2527       -0.0082
       0.1012       -0.0809        0.0007
       0.0086        0.0080       -0.0195
       0.0609       -0.2234        0.0032
      -0.0321        0.0242       -0.0023
       0.0082        0.0202       -0.0311
       0.0043        0.0705       -0.0041
      -0.0374       -0.0024       -0.0011
      -0.0044       -0.0024        0.0122
       0.0028        0.0472        0.0007
      -0.0052       -0.0054        0.0199
       0.1307       -0.0251       -0.0029
      -0.0145        0.0116        0.0016
      -0.0802       -0.1548       -0.0030
      -0.0351        0.2068       -0.0125
      -0.0247        0.1810        0.0013
       0.0064        0.0189        0.0016
       0.0151       -0.0380        0.0252
      -0.0287       -0.0332        0.0112
      -0.0137       -0.0412        0.0408
       0.0077       -0.0880       -0.0069
      -0.0104       -0.0960       -0.0146
      -0.1232       -0.1330       -0.0015

1405.4528295640528
       0.0602        0.0152       -0.0002
      -0.0216        0.0531        0.0039
      -0.0549       -0.0618       -0.0014
       0.0689       -0.0223        0.0036
      -0.0180       -0.0737       -0.0088
      -0.0116        0.0384        0.0015
      -0.0022        0.0260       -0.0090
       0.0499       -0.2822       -0.0798
      -0.0091       -0.0131       -0.0322
      -0.0024        0.1895        0.0995
       0.0595        0.1916       -0.1817
       0.0190        0.2625       -0.0230
      -0.0177       -0.0167       -0.0000
      -0.0174        0.0307        0.0403
      -0.0030       -0.0007        0.0002
      -0.0181        0.1197        0.0650
      -0.0148        0.0063       -0.0008
       0.0043       -0.0032       -0.0010
       0.0245        0.0440        0.0010
      -0.0298       -0.0593        0.0269
      -0.0234        0.0569       -0.0156
      -0.0172       -0.1826       -0.0716
       0.0898       -0.2779        0.1289
      -0.1688       -0.2538        0.0548
      -0.0964       -0.2571        0.2775
       0.0379       -0.3577       -0.0002
      -0.0626       -0.3690       -0.0337
       0.0057        0.0074       -0.0002

1439.4415613871206
      -0.0111       -0.0046       -0.0001
       0.0029       -0.0087       -0.0011
       0.0126        0.0136        0.0004
      -0.0133        0.0068       -0.0020
       0.0023        0.0150        0.0030
      -0.0030       -0.0069       -0.0003
      -0.0054       -0.0151        0.0040
      -0.0312        0.1739        0.0626
      -0.0003        0.0075        0.0133
       0.0049       -0.0820       -0.0492
       0.0482        0.3889       -0.0961
      -0.0303       -0.3311        0.0626
       0.0125        0.0108        0.0003
       0.0097       -0.0190       -0.0232
       0.0023       -0.0005       -0.0001
       0.0215       -0.0734       -0.0778
       0.0022       -0.0018        0.0004
      -0.0003       -0.0008        0.0002
      -0.0061       -0.0109       -0.0003
       0.0160        0.0212       -0.0146
       0.0133       -0.0246        0.0088
       0.0051        0.0730        0.0263
       0.0469       -0.3732        0.0052
      -0.0794       -0.3578       -0.0286
      -0.1035       -0.2073        0.3090
      -0.0375        0.3298        0.0388
       0.0391        0.3350        0.0661
       0.0020        0.0016        0.0001

1486.0986765514372
       0.0475        0.0721        0.0010
       0.0924       -0.1532       -0.0050
      -0.0711        0.0340        0.0016
       0.1438        0.1320        0.0033
      -0.2120        0.0037       -0.0066
       0.0555       -0.1697       -0.0044
      -0.0163        0.0056        0.0022
      -0.0134        0.0229        0.0271
       0.2774        0.0671       -0.0161
       0.0074       -0.0504       -0.0186
       0.0008        0.0019        0.0005
      -0.0010       -0.0045        0.0016
      -0.0053       -0.0230       -0.0012
       0.0108        0.0003       -0.0256
      -0.0002        0.0668        0.0015
      -0.0001       -0.0058        0.0015
      -0.0758        0.0286        0.0013
      -0.0909        0.1756        0.0067
       0.0099        0.0637        0.0021
      -0.3634       -0.1078        0.4222
      -0.4920       -0.1378       -0.3070
       0.0125        0.0458        0.0197
      -0.0004       -0.0018       -0.0021
       0.0006        0.0001       -0.0004
      -0.0022        0.0000        0.0003
      -0.0012        0.0035       -0.0007
       0.0017        0.0038       -0.0002
      -0.0926       -0.0931       -0.0010

1502.283952647824
       0.0119        0.0040       -0.0000
       0.0023       -0.0128       -0.0004
      -0.0068        0.0049        0.0002
       0.0117        0.0077        0.0002
      -0.0149        0.0043        0.0006
       0.0005       -0.0138       -0.0004
      -0.0015       -0.0008       -0.0003
      -0.0013       -0.0009       -0.0004
      -0.0031       -0.0030        0.0005
      -0.0001        0.0017        0.0007
       0.1539       -0.0135        0.0379
       0.0735       -0.0090        0.0235
      -0.0002       -0.0014       -0.0000
      -0.0003        0.0004        0.0001
       0.0013        0.0052        0.0001
      -0.0066        0.0015       -0.0007
      -0.0119        0.0019        0.0002
      -0.0078        0.0116        0.0004
      -0.0021        0.0021        0.0001
       0.0114        0.0009       -0.0113
       0.0140        0.0018        0.0080
       0.0006       -0.0007       -0.0005
      -0.0063       -0.4481       -0.1574
      -0.0938        0.4630        0.1828
      -0.6596        0.0493       -0.2068
       0.0024        0.0299       -0.0494
       0.0018       -0.0201        0.0219
      -0.0057       -0.0059       -0.0001

1503.093622839735
      -0.3538       -0.0525        0.0028
       0.0087        0.2841        0.0077
       0.1353       -0.1704       -0.0056
      -0.2879       -0.1081       -0.0007
       0.3055       -0.1605       -0.0149
       0.0803        0.3061        0.0074
       0.0126       -0.0367       -0.0015
      -0.0085        0.0153        0.0095
       0.0407        0.0847       -0.0071
       0.0180       -0.0251       -0.0071
       0.0068       -0.0003        0.0007
       0.0038       -0.0004        0.0020
       0.0286        0.0530        0.0037
       0.0039       -0.0021       -0.0085
      -0.0513       -0.1067       -0.0021
      -0.0005       -0.0072        0.0003
       0.3368       -0.0337       -0.0048
       0.1831       -0.2355       -0.0086
       0.1009        0.0205       -0.0004
      -0.2009       -0.0307        0.2030
      -0.2512       -0.0408       -0.1425
      -0.0114        0.0063        0.0063
       0.0010       -0.0198       -0.0038
      -0.0071        0.0194        0.0100
      -0.0284        0.0025       -0.0094
       0.0000        0.0006       -0.0027
      -0.0002       -0.0002        0.0017
       0.0872        0.0925        0.0011

1512.5178710744012
      -0.0029        0.0011        0.0001
       0.0016        0.0003       -0.0000
      -0.0001       -0.0015       -0.0000
      -0.0017        0.0012       -0.0001
       0.0004       -0.0014        0.0000
       0.0016        0.0007       -0.0000
       0.0009        0.0008        0.0002
      -0.0018        0.0186        0.0027
       0.0001        0.0009        0.0010
       0.0012       -0.0060       -0.0040
      -0.0283        0.0124        0.1398
       0.0415        0.0991       -0.1139
      -0.0006       -0.0007        0.0004
      -0.0003       -0.0069        0.0003
      -0.0005       -0.0002        0.0000
       0.0079       -0.0253       -0.0332
       0.0024        0.0002        0.0000
       0.0005        0.0001       -0.0000
       0.0013        0.0013       -0.0000
       0.0008        0.0007       -0.0006
       0.0003       -0.0014        0.0004
       0.0008        0.0067        0.0023
      -0.1864       -0.0236       -0.4867
       0.3991       -0.0050       -0.2967
      -0.0990       -0.1504        0.1797
       0.1564       -0.0780        0.3901
      -0.3450       -0.0541        0.2524
      -0.0003       -0.0003       -0.0001

1517.2129785035647
       0.2773       -0.1774       -0.0075
      -0.2683        0.0770        0.0055
       0.1239        0.2593        0.0055
       0.0476       -0.2804       -0.0069
       0.2488        0.2311        0.0004
      -0.4204        0.0115        0.0048
      -0.0085        0.0791        0.0054
      -0.0036       -0.0043        0.0058
       0.0238       -0.0577       -0.0085
       0.0199        0.0025       -0.0032
       0.0016       -0.0002       -0.0009
       0.0027       -0.0012       -0.0047
      -0.0082       -0.0126       -0.0018
       0.0020        0.0009       -0.0041
       0.1157       -0.0332       -0.0021
       0.0002        0.0007       -0.0010
      -0.2188       -0.0524        0.0007
       0.0149       -0.1751       -0.0041
      -0.2105       -0.2857       -0.0054
      -0.1476        0.0386        0.1256
      -0.1667        0.0215       -0.0880
      -0.0104       -0.0045       -0.0012
       0.0018       -0.0056        0.0031
      -0.0049        0.0052        0.0047
      -0.0065        0.0018       -0.0041
       0.0044        0.0001        0.0102
      -0.0097        0.0005        0.0077
       0.1626        0.1507        0.0011

1527.6266459433502
      -0.0047        0.0030        0.0001
       0.0052       -0.0028       -0.0002
      -0.0017       -0.0028       -0.0001
      -0.0007        0.0066       -0.0002
      -0.0063       -0.0023        0.0001
       0.0068       -0.0027       -0.0002
      -0.0011       -0.0023        0.0005
      -0.0130        0.0473        0.0327
      -0.0000        0.0015        0.0018
       0.0026       -0.0177       -0.0114
       0.0216       -0.0284       -0.0924
       0.0632       -0.0324       -0.2256
       0.0017        0.0011        0.0002
       0.0069       -0.0055       -0.0208
      -0.0013        0.0013        0.0000
       0.0100       -0.0353       -0.0393
       0.0031        0.0009        0.0000
      -0.0009        0.0040        0.0002
       0.0031        0.0045        0.0001
       0.0054        0.0019       -0.0046
       0.0052       -0.0017        0.0030
       0.0010        0.0104        0.0032
       0.1415        0.0026        0.3724
      -0.3102        0.0151        0.2373
       0.0630        0.1293       -0.1657
       0.1978        0.0348        0.4928
      -0.4222        0.0681        0.3174
      -0.0033       -0.0032        0.0000

1647.8085951551484
       0.3832        0.1157       -0.0010
      -0.1307       -0.2022       -0.0036
      -0.3321       -0.3222       -0.0046
      -0.3948       -0.0992        0.0006
       0.2820        0.3715        0.0058
       0.2870        0.1510        0.0008
       0.0129       -0.0467       -0.0016
       0.0028        0.0196       -0.0160
       0.0002       -0.0552       -0.0024
       0.0168       -0.0231       -0.0062
      -0.0002        0.0004        0.0003
       0.0004       -0.0005        0.0001
       0.0163        0.0394        0.0026
      -0.0045       -0.0059        0.0147
      -0.0512       -0.0143        0.0001
      -0.0004       -0.0074        0.0011
      -0.1403        0.0474        0.0027
      -0.0837        0.0097        0.0012
       0.0673        0.1558        0.0033
      -0.0462        0.0437        0.0293
      -0.0431        0.0282       -0.0196
      -0.0066        0.0052        0.0049
       0.0001       -0.0005        0.0002
      -0.0004       -0.0001        0.0002
      -0.0003        0.0003       -0.0000
       0.0001        0.0009       -0.0002
      -0.0000        0.0015        0.0003
      -0.0281       -0.0250       -0.0001

1656.7916804972547
      -0.2571        0.1526        0.0068
       0.2247       -0.3941       -0.0135
       0.0658       -0.2384       -0.0075
       0.2943       -0.2706       -0.0084
      -0.1222        0.3242        0.0123
      -0.2718        0.4350        0.0135
       0.0001        0.1064        0.0058
       0.0008       -0.0046        0.0069
       0.0172       -0.0528       -0.0024
      -0.0018       -0.0046       -0.0030
       0.0002        0.0005       -0.0000
      -0.0001       -0.0021       -0.0007
      -0.0269       -0.0448       -0.0038
       0.0010        0.0023       -0.0040
       0.0082       -0.0916       -0.0020
      -0.0004        0.0033       -0.0000
       0.0977        0.0452        0.0004
      -0.0689        0.1366        0.0052
       0.0755        0.0045       -0.0003
       0.0023        0.0152       -0.0061
       0.0072        0.0063        0.0046
       0.0043        0.0037        0.0008
       0.0001       -0.0007       -0.0001
       0.0000        0.0002        0.0001
      -0.0003        0.0002       -0.0003
       0.0001        0.0013        0.0004
       0.0002        0.0005       -0.0001
       0.1258        0.1310        0.0011

1780.4280273379704
       0.0026       -0.0056       -0.0003
      -0.0032        0.0253        0.0009
      -0.0052        0.0045        0.0001
      -0.0235       -0.0186       -0.0005
      -0.0127       -0.0429        0.0012
       0.0384       -0.0015       -0.0005
       0.2514        0.3131        0.0237
       0.2116        0.1798       -0.6304
       0.0004        0.0076       -0.0083
      -0.0029       -0.0289        0.0425
      -0.0025        0.0080        0.0112
       0.0044       -0.0195       -0.0219
      -0.2057       -0.2201       -0.0169
      -0.1500       -0.1193        0.4593
      -0.0117       -0.0038        0.0003
      -0.0177       -0.0428        0.0478
       0.0010       -0.0016       -0.0003
       0.0048       -0.0022       -0.0005
       0.0022        0.0051       -0.0001
      -0.0138       -0.0187        0.0144
      -0.0095       -0.0215       -0.0124
      -0.0277        0.0612        0.0440
       0.0008       -0.0102        0.0054
      -0.0040       -0.0080        0.0041
       0.0025        0.0121       -0.0090
       0.0100        0.0365        0.0088
      -0.0080        0.0364        0.0021
      -0.0073       -0.0052       -0.0006

1800.133334170539
      -0.0187        0.0051        0.0002
       0.0146       -0.0363       -0.0010
       0.0206        0.0011        0.0001
       0.0746        0.0160        0.0010
       0.0028        0.0477        0.0027
      -0.0828        0.0007        0.0004
      -0.4615       -0.4963       -0.0381
       0.1144        0.0452       -0.3919
       0.0203        0.0051       -0.0036
      -0.0071        0.0472        0.0456
      -0.0018        0.0021        0.0072
       0.0039       -0.0091       -0.0147
       0.3521        0.3626        0.0304
      -0.0862       -0.0618        0.2760
       0.0223        0.0072       -0.0001
      -0.0054       -0.0013        0.0274
       0.0038        0.0015       -0.0002
      -0.0047        0.0065        0.0003
      -0.0056       -0.0133       -0.0005
      -0.0014       -0.0009        0.0080
      -0.0036       -0.0050       -0.0089
      -0.0192        0.0210        0.0168
      -0.0008       -0.0017        0.0021
      -0.0013       -0.0043        0.0019
       0.0030        0.0076       -0.0061
       0.0064        0.0178        0.0068
      -0.0087        0.0219        0.0039
       0.0129        0.0092       -0.0000

3052.1831048951776
       0.0001        0.0001        0.0001
      -0.0001        0.0000        0.0000
      -0.0000       -0.0001        0.0000
      -0.0002        0.0000       -0.0001
       0.0000       -0.0000       -0.0000
       0.0002        0.0000       -0.0000
       0.0003        0.0000        0.0001
      -0.0000       -0.0006        0.0003
       0.0019        0.0005       -0.0003
       0.0000       -0.0001        0.0007
       0.0180        0.1570       -0.0678
       0.0038       -0.0046       -0.0032
      -0.0001       -0.0001       -0.0000
      -0.0000        0.0003       -0.0001
       0.0000       -0.0001       -0.0000
       0.0001        0.0000       -0.0004
      -0.0000       -0.0004       -0.0000
      -0.0000       -0.0000        0.0000
      -0.0003        0.0002        0.0001
      -0.0038       -0.0009       -0.0041
      -0.0028       -0.0005        0.0054
      -0.0005        0.0013       -0.0026
      -0.5035       -0.0161        0.1734
       0.3581       -0.0652        0.4425
       0.0867       -0.4440       -0.3904
      -0.0277       -0.0001        0.0085
       0.0113       -0.0004        0.0119
      -0.0001        0.0001        0.0001

3067.589488203333
      -0.0016        0.0010        0.0002
       0.0032       -0.0009        0.0002
       0.0003        0.0007        0.0001
       0.0022        0.0011       -0.0002
      -0.0003        0.0001       -0.0007
       0.0002       -0.0005        0.0001
       0.0022        0.0003        0.0005
      -0.0010        0.0006        0.0025
      -0.2265       -0.0506        0.0118
       0.0056       -0.0075        0.0223
      -0.0004        0.0014        0.0002
       0.0029        0.0012       -0.0040
      -0.0004       -0.0003       -0.0002
       0.0006        0.0011       -0.0010
      -0.0000        0.0001       -0.0001
       0.0001       -0.0011       -0.0004
      -0.0003        0.0001       -0.0000
      -0.0094       -0.0030       -0.0004
       0.0012       -0.0006       -0.0000
       0.4805        0.1165        0.5291
       0.2863        0.0462       -0.5736
      -0.0145        0.0338       -0.0761
      -0.0023        0.0000        0.0007
       0.0023       -0.0005        0.0030
       0.0009       -0.0048       -0.0042
      -0.0174       -0.0016        0.0055
       0.0077       -0.0019        0.0090
      -0.0001       -0.0001        0.0001

3082.2875603978136
       0.0000        0.0002        0.0001
       0.0002        0.0001        0.0000
      -0.0001        0.0000        0.0000
      -0.0001        0.0001       -0.0001
       0.0001        0.0000       -0.0001
       0.0002       -0.0000       -0.0000
       0.0004       -0.0001        0.0000
      -0.0023       -0.0063        0.0068
      -0.0053       -0.0012       -0.0000
      -0.0003        0.0016       -0.0021
       0.0130       -0.0073       -0.0351
      -0.0861       -0.0510        0.2033
      -0.0001        0.0001       -0.0001
       0.0014        0.0008       -0.0042
      -0.0000       -0.0000       -0.0000
      -0.0001        0.0094        0.0026
      -0.0000       -0.0006       -0.0000
      -0.0007       -0.0003        0.0000
      -0.0000       -0.0001        0.0001
       0.0116        0.0029        0.0128
       0.0060        0.0010       -0.0123
       0.0012       -0.0033        0.0057
      -0.0671       -0.0021        0.0201
       0.0369       -0.0067        0.0408
      -0.0102        0.0443        0.0448
       0.6964        0.0533       -0.2277
      -0.4014        0.0919       -0.4745
      -0.0000        0.0000        0.0001

3099.472408349062
      -0.0001        0.0007        0.0000
       0.0001       -0.0000       -0.0003
      -0.0001       -0.0000        0.0001
       0.0001       -0.0004       -0.0004
       0.0003       -0.0004        0.0003
      -0.0002        0.0001       -0.0001
      -0.0007        0.0003       -0.0019
      -0.0015        0.0064       -0.0021
      -0.0118       -0.0036        0.0905
      -0.0402        0.1063       -0.2404
      -0.0005        0.0011        0.0009
       0.0016       -0.0004       -0.0011
       0.0004        0.0004        0.0005
      -0.0006       -0.0003        0.0016
       0.0000       -0.0000       -0.0001
      -0.0001       -0.0011        0.0006
      -0.0001       -0.0021        0.0000
      -0.0006       -0.0003        0.0004
      -0.0001        0.0001        0.0002
      -0.0805       -0.0163       -0.0821
       0.1186        0.0163       -0.2251
       0.1491       -0.3691        0.8269
       0.0004        0.0000       -0.0002
       0.0004       -0.0001        0.0005
       0.0007       -0.0042       -0.0036
      -0.0069       -0.0004        0.0022
       0.0021        0.0000        0.0029
       0.0000       -0.0001        0.0001

3121.7828330672633
       0.0001        0.0004        0.0002
       0.0006        0.0009        0.0008
       0.0004       -0.0003       -0.0000
      -0.0002       -0.0001       -0.0008
       0.0008       -0.0014       -0.0014
       0.0003       -0.0001       -0.0002
       0.0000        0.0007       -0.0006
       0.0007        0.0022       -0.0028
      -0.0326       -0.0156       -0.2951
      -0.0106        0.0334       -0.0699
      -0.0010        0.0005        0.0006
       0.0027       -0.0002        0.0001
       0.0001       -0.0001        0.0000
      -0.0007       -0.0016        0.0012
      -0.0001       -0.0000       -0.0000
      -0.0002       -0.0001        0.0003
      -0.0001       -0.0013       -0.0001
      -0.0028       -0.0012       -0.0014
      -0.0021        0.0014       -0.0001
       0.4221        0.1029        0.4433
      -0.3173       -0.0517        0.5863
       0.0434       -0.1119        0.2420
       0.0027        0.0001       -0.0009
       0.0002       -0.0000        0.0004
       0.0003       -0.0017       -0.0015
      -0.0069       -0.0005        0.0024
      -0.0021        0.0007       -0.0025
      -0.0001        0.0001        0.0000

3131.0086372962646
      -0.0000       -0.0003       -0.0000
      -0.0003       -0.0002       -0.0000
       0.0004       -0.0002       -0.0000
       0.0000       -0.0001        0.0000
      -0.0001        0.0000        0.0000
       0.0000        0.0000        0.0000
       0.0001        0.0003       -0.0000
      -0.0005        0.0002       -0.0001
       0.0007        0.0003        0.0018
       0.0006       -0.0002        0.0008
      -0.1721       -0.0315       -0.1236
       0.2176       -0.0129        0.0690
      -0.0001       -0.0001       -0.0000
      -0.0005       -0.0000       -0.0001
       0.0001       -0.0000       -0.0000
      -0.0007        0.0005        0.0002
       0.0000        0.0007        0.0000
       0.0011        0.0006        0.0000
      -0.0011        0.0007        0.0000
      -0.0038       -0.0010       -0.0041
       0.0013        0.0001       -0.0021
      -0.0005        0.0011       -0.0021
       0.3089        0.0087       -0.1169
       0.3250       -0.0637        0.4063
      -0.0411        0.1643        0.1378
      -0.4315       -0.0384        0.1536
      -0.3137        0.0795       -0.3927
      -0.0001        0.0001        0.0000

3139.4571849881213
       0.0000       -0.0002       -0.0000
      -0.0003       -0.0001       -0.0000
      -0.0000       -0.0000       -0.0000
      -0.0000        0.0000        0.0000
      -0.0001       -0.0000       -0.0000
       0.0001       -0.0000        0.0000
       0.0001       -0.0001       -0.0000
      -0.0005       -0.0017        0.0010
       0.0004        0.0001        0.0011
       0.0004       -0.0005        0.0014
      -0.0916        0.1346        0.2432
       0.0729       -0.0081        0.0545
      -0.0000        0.0001       -0.0000
       0.0001        0.0004       -0.0010
       0.0000       -0.0000       -0.0000
      -0.0001       -0.0004       -0.0011
       0.0000        0.0005        0.0000
       0.0008        0.0004        0.0000
       0.0001       -0.0000        0.0000
      -0.0022       -0.0006       -0.0024
       0.0008        0.0001       -0.0013
      -0.0008        0.0019       -0.0046
       0.4288        0.0241       -0.1389
      -0.2127        0.0491       -0.2476
       0.1014       -0.5386       -0.4609
      -0.0862       -0.0078        0.0314
      -0.1659        0.0428       -0.2066
      -0.0001        0.0001        0.0000

3154.6763543955667
      -0.0000        0.0004       -0.0000
       0.0003        0.0001        0.0000
      -0.0003        0.0002        0.0000
       0.0000        0.0001       -0.0000
       0.0001        0.0000        0.0000
      -0.0001       -0.0000       -0.0000
      -0.0004       -0.0004        0.0000
       0.0006       -0.0001        0.0001
      -0.0004       -0.0002       -0.0008
      -0.0005        0.0000       -0.0004
      -0.2351        0.0245       -0.0338
      -0.1925        0.0110       -0.0612
       0.0002        0.0003        0.0001
       0.0004       -0.0000        0.0001
      -0.0000        0.0000        0.0000
       0.0015       -0.0002        0.0003
      -0.0000       -0.0011       -0.0000
      -0.0011       -0.0005       -0.0000
       0.0010       -0.0006       -0.0000
       0.0018        0.0005        0.0019
      -0.0005       -0.0000        0.0007
       0.0002       -0.0005        0.0009
       0.5354        0.0261       -0.1939
       0.2794       -0.0581        0.3610
       0.0008       -0.0536       -0.0494
       0.3790        0.0377       -0.1334
       0.2739       -0.0734        0.3417
       0.0001       -0.0001       -0.0000

3172.0497595999045
       0.0056       -0.0790       -0.0021
       0.0189        0.0109       -0.0000
      -0.2270        0.1535        0.0068
       0.0017        0.0008        0.0000
       0.0008       -0.0007        0.0000
      -0.0058       -0.0121       -0.0002
      -0.0005       -0.0014       -0.0001
       0.0000       -0.0002       -0.0002
       0.0004        0.0002       -0.0007
      -0.0002        0.0004       -0.0003
       0.0001       -0.0000       -0.0002
       0.0004       -0.0001        0.0001
       0.0004        0.0006        0.0001
      -0.0000        0.0000        0.0001
       0.0007        0.0020        0.0001
      -0.0000        0.0001        0.0000
       0.0061        0.2799        0.0072
      -0.0672       -0.0358        0.0001
       0.7608       -0.5042       -0.0228
       0.0000        0.0000        0.0001
      -0.0013       -0.0003        0.0024
       0.0002       -0.0006        0.0013
      -0.0004       -0.0001        0.0002
       0.0003       -0.0000        0.0004
      -0.0000        0.0002        0.0001
      -0.0008       -0.0000        0.0003
      -0.0006        0.0002       -0.0008
       0.0087        0.0003       -0.0001

3193.1932930091752
      -0.0153       -0.1664       -0.0042
       0.1925        0.1094       -0.0003
       0.0628       -0.0368       -0.0018
      -0.0025       -0.0000        0.0000
       0.0015       -0.0081       -0.0002
       0.0017        0.0046        0.0001
       0.0003       -0.0004        0.0000
       0.0000        0.0000       -0.0001
       0.0016        0.0006        0.0006
      -0.0002        0.0003       -0.0001
      -0.0001        0.0001        0.0001
       0.0001        0.0000        0.0000
      -0.0000        0.0002       -0.0000
      -0.0000       -0.0000        0.0000
      -0.0005       -0.0012       -0.0000
      -0.0000       -0.0000        0.0000
       0.0215        0.5602        0.0144
      -0.6534       -0.3499        0.0015
      -0.1938        0.1265        0.0058
      -0.0051        0.0001       -0.0047
      -0.0017        0.0008        0.0026
       0.0001       -0.0003        0.0006
       0.0002        0.0000       -0.0001
       0.0000        0.0000        0.0000
       0.0000       -0.0002       -0.0002
      -0.0001       -0.0000        0.0001
      -0.0001        0.0000       -0.0001
      -0.0027        0.0008        0.0000

3209.0545068599135
       0.0025        0.2237        0.0058
       0.1684        0.0810       -0.0005
      -0.0511        0.0237        0.0012
      -0.0009       -0.0007        0.0001
       0.0004       -0.0090       -0.0002
      -0.0012       -0.0040       -0.0001
      -0.0001       -0.0006       -0.0001
       0.0001       -0.0002       -0.0003
       0.0017        0.0007        0.0005
      -0.0002        0.0000        0.0007
       0.0001        0.0000        0.0001
       0.0007       -0.0001        0.0000
       0.0002        0.0005        0.0001
      -0.0001       -0.0000        0.0003
       0.0002        0.0009        0.0000
       0.0000        0.0002        0.0000
      -0.0214       -0.7224       -0.0186
      -0.5311       -0.2794        0.0012
       0.1435       -0.0909       -0.0043
      -0.0045        0.0001       -0.0044
      -0.0017        0.0007        0.0027
      -0.0003        0.0009       -0.0018
       0.0002       -0.0001        0.0000
      -0.0003        0.0001       -0.0005
       0.0001       -0.0000       -0.0001
      -0.0021       -0.0001        0.0008
      -0.0008        0.0003       -0.0011
       0.0015       -0.0006       -0.0001

3761.260806385915
      -0.0012       -0.0000       -0.0000
       0.0007       -0.0004       -0.0000
       0.0051       -0.0004       -0.0001
       0.0029       -0.0025       -0.0000
      -0.0001        0.0009        0.0001
      -0.0030        0.0074        0.0002
       0.0004        0.0014       -0.0000
      -0.0000        0.0002        0.0001
      -0.0002       -0.0001       -0.0000
      -0.0000       -0.0001       -0.0000
       0.0000        0.0000       -0.0000
       0.0000        0.0001        0.0001
      -0.0006       -0.0004        0.0000
       0.0000       -0.0001       -0.0000
      -0.1860        0.1540        0.0057
       0.0000       -0.0002       -0.0001
       0.0004        0.0008        0.0000
      -0.0003       -0.0002       -0.0000
      -0.0059        0.0016        0.0001
       0.0000        0.0001        0.0000
      -0.0001        0.0000        0.0001
       0.0001       -0.0000       -0.0001
       0.0000       -0.0000        0.0000
       0.0000        0.0000        0.0001
       0.0000       -0.0001       -0.0001
      -0.0001        0.0000        0.0000
      -0.0001        0.0000       -0.0002
       0.7331       -0.6353       -0.0230

