26
0 1 C10H13NO2
C                     1.500316150018    -1.265161665968     0.048685436000
C                     1.835410069026    -0.064339778432     0.685222176882
C                     1.341544868244    -2.427063570544     0.810739326561
C                     1.998866164119    -0.031558552989     2.073031809071
C                     1.506873992891    -2.390414852748     2.199640343203
C                     1.830455410255    -1.191430582307     2.843471234584
C                    -1.138627831600    -1.969645030035     4.464397199241
C                    -2.445247442232    -2.198741519850     3.732448630948
C                     0.701265751720    -0.368992109037     4.940389306908
C                     1.931071783476    -1.116828990808     4.361412196276
N                    -0.586753519184    -0.732799513801     4.346110921321
O                    -0.612021963583    -2.870472586289     5.133022870804
O                     2.126100858719    -2.375343765679     4.981365680223
H                     1.375801709193    -1.295744795764    -1.030748087862
H                     1.977000529721     0.841554740634     0.100780812322
H                     1.094128863681    -3.366551471584     0.322263508877
H                     2.271156795954     0.904938365177     2.558308566349
H                     1.399837089392    -3.294311795635     2.791025257285
H                    -2.277175865830    -2.943274885923     2.949178889363
H                    -3.171126405103    -2.614991899968     4.434996591226
H                    -2.857996927999    -1.293071497226     3.280596050986
H                     0.820835540614     0.705940127182     4.787010310413
H                     0.662631006470    -0.554183630661     6.018104572649
H                     2.811083755552    -0.515970205936     4.622832793508
H                    -0.972160408077    -0.112358654935     3.647565124388
H                     1.240778481147    -2.756040411838     5.164889092196

28.033144815536307
      -0.2403       -0.1036        0.1116
      -0.2934       -0.0653        0.0675
      -0.0755       -0.1056        0.1416
      -0.1869       -0.0297        0.0536
       0.0308       -0.0699        0.1279
      -0.0274       -0.0321        0.0852
       0.1093        0.0740       -0.1933
       0.1933        0.1573       -0.3691
       0.0772        0.0158        0.1257
       0.0578        0.0065        0.0786
       0.0754        0.1276        0.0843
       0.1091       -0.0410       -0.3811
       0.1094        0.0334        0.1268
      -0.0945       -0.0376        0.0354
      -0.1216       -0.0178        0.0124
      -0.0093       -0.0391        0.0511
      -0.0680        0.0009        0.0049
       0.0417       -0.0203        0.0425
       0.1208        0.1833       -0.2248
       0.0765       -0.1176       -0.1834
       0.0004        0.0882        0.0293
       0.0341        0.0069        0.0626
       0.0190       -0.0200        0.0320
       0.0208        0.0025        0.0059
       0.0258        0.0639        0.0458
       0.0283       -0.0117       -0.0060

40.27949196360709
      -0.0862        0.0218        0.0333
       0.3108       -0.0588       -0.0266
      -0.4392        0.1026        0.0866
       0.3458       -0.0502       -0.0291
      -0.3937        0.1092        0.0789
      -0.0049        0.0381        0.0220
       0.0521       -0.0872       -0.0353
       0.1308       -0.2039       -0.1386
      -0.0583        0.0371       -0.0195
      -0.0093        0.0835        0.0164
      -0.0363       -0.0513       -0.0246
       0.0993       -0.0484       -0.0007
       0.0652        0.1306        0.0665
      -0.0340        0.0041        0.0108
       0.1713       -0.0378       -0.0201
      -0.2161        0.0464        0.0380
       0.1872       -0.0339       -0.0199
      -0.1911        0.0468        0.0325
       0.1033        0.0262       -0.1080
       0.0644       -0.1793       -0.0849
      -0.0257       -0.0498        0.0365
      -0.0316        0.0108       -0.0173
      -0.0177        0.0209       -0.0039
      -0.0135        0.0414        0.0007
      -0.0143       -0.0262       -0.0154
       0.0228        0.0209        0.0214

61.39366911624615
       0.0001       -0.0573        0.0382
       0.0631       -0.0535       -0.0035
      -0.0709       -0.0209        0.0792
       0.0547       -0.0123       -0.0030
      -0.0735        0.0192        0.0769
      -0.0108        0.0248        0.0362
       0.0267       -0.0418       -0.1437
      -0.1826        0.1097        0.1816
      -0.0424        0.0076        0.0423
      -0.0030        0.0702        0.0315
      -0.0425        0.0001        0.0407
       0.2080       -0.2122       -0.5244
       0.1178        0.1321        0.0920
       0.0017       -0.0260        0.0111
       0.0347       -0.0241       -0.0103
      -0.0360       -0.0070        0.0326
       0.0301       -0.0031       -0.0097
      -0.0387        0.0121        0.0289
      -0.2222       -0.2295        0.2677
      -0.1171        0.3763        0.1938
       0.1029       -0.0184       -0.1898
      -0.0226        0.0045        0.0202
      -0.0056       -0.0071        0.0114
      -0.0130        0.0404        0.0023
      -0.0653        0.0519        0.0878
       0.0356       -0.0097       -0.0336

64.73181927618405
       0.2224       -0.0736       -0.0696
       0.1448       -0.0494       -0.0754
       0.1289       -0.0437       -0.0432
      -0.0053        0.0004       -0.0586
      -0.0180        0.0057       -0.0272
      -0.0724        0.0259       -0.0356
      -0.0689       -0.0049        0.0806
      -0.2107        0.1119        0.2938
      -0.0442        0.0204        0.0361
      -0.0665        0.0431       -0.0357
      -0.1148        0.0180        0.1828
       0.1196       -0.1581       -0.2682
       0.0120        0.0731       -0.0294
       0.1020       -0.0335       -0.0242
       0.0609       -0.0205       -0.0269
       0.0531       -0.0180       -0.0103
      -0.0127        0.0044       -0.0189
      -0.0200        0.0060       -0.0040
      -0.0248        0.3176       -0.1805
       0.0797       -0.3124        0.0238
      -0.2456        0.1160        0.4205
      -0.0207        0.0057        0.0027
       0.0200        0.0113        0.0132
      -0.0226        0.0212       -0.0193
      -0.1086        0.0576        0.1391
       0.0076       -0.0079       -0.0362

123.74629697641002
       0.2854       -0.1031       -0.1204
       0.1133       -0.0606       -0.1118
       0.0606       -0.0436       -0.0773
      -0.1929        0.0252       -0.0747
      -0.2319        0.0394       -0.0445
      -0.2925        0.0594       -0.0436
       0.0525        0.0299        0.1075
       0.2345       -0.0093       -0.1982
       0.0189       -0.0095        0.2768
      -0.1159        0.0170       -0.0408
      -0.0820        0.1323        0.4411
       0.0260       -0.0151        0.0815
       0.0033       -0.0298       -0.1772
       0.1663       -0.0515       -0.0439
       0.0723       -0.0278       -0.0387
       0.0459       -0.0210       -0.0205
      -0.0755        0.0141       -0.0236
      -0.0915        0.0175       -0.0082
       0.1058       -0.0957        0.0402
      -0.0200        0.1086       -0.0811
       0.1528       -0.0315       -0.1924
       0.0094        0.0036        0.1256
       0.0539       -0.0515        0.0730
      -0.0153       -0.0054       -0.0504
       0.0083        0.0310        0.0971
       0.0116       -0.0141       -0.0108

183.31782130180707
      -0.0482       -0.1271        0.0223
       0.0066       -0.0541       -0.1446
      -0.0084       -0.0329        0.1722
       0.0830        0.1401       -0.1456
       0.0872        0.1540        0.1422
       0.1139        0.2267       -0.0069
      -0.1457       -0.0961        0.0244
      -0.1441        0.1785       -0.0952
      -0.0230       -0.2120        0.1612
       0.1103        0.1513       -0.0057
       0.0657       -0.1956       -0.0088
      -0.3976       -0.1636        0.1287
       0.3116        0.0608       -0.2402
      -0.0339       -0.0740        0.0098
      -0.0055       -0.0387       -0.0793
      -0.0133       -0.0279        0.0909
       0.0294        0.0597       -0.0818
       0.0397        0.0651        0.0733
      -0.0634        0.0777       -0.0572
      -0.0744        0.0571       -0.0585
       0.0082        0.0896        0.0026
      -0.0466       -0.0406        0.1565
      -0.0166       -0.1697        0.0273
       0.0072        0.0672        0.0260
       0.0613       -0.0511       -0.0252
       0.0964       -0.0097       -0.0361

221.93647962423344
      -0.1647       -0.0646        0.0281
      -0.0005       -0.0322       -0.1139
       0.0123       -0.0198        0.1276
       0.1893        0.0980       -0.1280
       0.2147        0.1047        0.0887
       0.1804        0.1662       -0.0161
       0.0605       -0.0714        0.0862
       0.1086       -0.0116       -0.0127
       0.0778        0.1957       -0.0382
      -0.0212        0.0378        0.0124
      -0.0061       -0.0223        0.2467
       0.0172       -0.2382       -0.0634
      -0.5780       -0.1365       -0.1944
      -0.1122       -0.0367        0.0160
      -0.0194       -0.0250       -0.0621
      -0.0118       -0.0192        0.0706
       0.0702        0.0424       -0.0724
       0.0917        0.0472        0.0547
       0.0447       -0.0171        0.0126
       0.0037        0.0172       -0.0200
       0.0576       -0.0044       -0.0294
       0.0053        0.0438       -0.1154
       0.0734        0.1546        0.0084
       0.0214       -0.0575        0.0740
      -0.0547       -0.0038        0.0977
      -0.1814        0.0438       -0.0451

240.6109784262968
      -0.0970        0.1143       -0.1167
      -0.0031        0.0340       -0.0167
       0.0240        0.0309       -0.2150
       0.1036       -0.1360       -0.0314
       0.0897       -0.1247       -0.1965
       0.0556       -0.1687       -0.0775
      -0.0666       -0.1130        0.1472
       0.0205        0.1585       -0.1301
       0.0522        0.1206       -0.0712
       0.0213        0.0573       -0.0544
      -0.0454       -0.1014        0.2900
      -0.2616       -0.2974        0.0810
       0.1057        0.3155        0.4065
      -0.0657        0.0663       -0.0304
      -0.0081        0.0296        0.0240
       0.0047        0.0220       -0.0863
       0.0477       -0.0550        0.0111
       0.0258       -0.0574       -0.0862
       0.0161        0.0458       -0.0353
      -0.0713        0.0837       -0.0951
       0.0905        0.0739       -0.0589
      -0.0211        0.0258       -0.1140
       0.0913        0.1236       -0.0024
       0.0004        0.0451       -0.0619
      -0.0495       -0.0336        0.0935
       0.0379        0.0286        0.0501

266.1334113125327
       0.2406       -0.0441        0.0063
      -0.0439        0.0266        0.0233
      -0.0521        0.0236        0.0473
      -0.2895        0.0885        0.0477
      -0.2856        0.0828        0.0714
      -0.1566        0.0589        0.0316
       0.1633       -0.1502       -0.0219
       0.0694        0.1958        0.0391
       0.1636        0.1248       -0.1351
       0.0856        0.0333        0.0156
       0.3544       -0.2682       -0.2513
      -0.0668       -0.2665        0.0624
      -0.1874        0.0466        0.0990
       0.1666       -0.0369       -0.0086
      -0.0024        0.0040        0.0035
      -0.0058        0.0040        0.0147
      -0.1216        0.0354        0.0162
      -0.1183        0.0331        0.0284
      -0.0533        0.0849       -0.0314
       0.0127        0.0722        0.0124
       0.0643        0.1051        0.0683
       0.0119        0.0271       -0.1290
       0.0249        0.1205       -0.0254
       0.0613       -0.0335       -0.0221
       0.0775       -0.0974       -0.0788
      -0.0634        0.0384        0.0138

349.14824253785923
       0.0956       -0.0036        0.2163
      -0.0111        0.0383        0.1956
      -0.0121       -0.0347        0.1486
      -0.0515        0.0173        0.1681
      -0.0660       -0.0644        0.1318
       0.0094       -0.0485        0.0205
      -0.1188        0.0035        0.0815
      -0.0549       -0.0217       -0.0822
       0.0550        0.1898       -0.3482
       0.0501       -0.0293       -0.1200
      -0.1719        0.0451        0.1237
      -0.0970       -0.0451       -0.0207
       0.3306       -0.1053       -0.3943
       0.0579       -0.0004        0.0593
      -0.0102        0.0083        0.0511
      -0.0050        0.0006        0.0236
      -0.0245       -0.0066        0.0754
      -0.0254       -0.0089        0.0496
       0.0330       -0.0149       -0.0053
      -0.0541       -0.0010       -0.0603
       0.0040       -0.0167       -0.0636
       0.0407        0.0186       -0.3349
       0.0739        0.2921       -0.0569
      -0.0033        0.0162       -0.0278
      -0.1226        0.0215        0.0842
       0.1061       -0.0384       -0.0245

403.224677416706
      -0.1533        0.0649        0.1346
       0.0735       -0.0053        0.1409
       0.1164       -0.0748       -0.0082
       0.1337       -0.1196        0.1065
       0.0403       -0.1646       -0.0008
      -0.2034       -0.0858        0.0025
       0.1534       -0.1467        0.0247
       0.1251        0.3101       -0.0093
      -0.2458        0.0084        0.0204
      -0.2389        0.1325       -0.0880
      -0.0583       -0.1106       -0.0986
       0.2821       -0.0297        0.1568
      -0.0600        0.1255       -0.3365
      -0.0931        0.0507        0.0438
       0.0512       -0.0024        0.0473
       0.0842       -0.0159       -0.0392
       0.0982       -0.0686        0.0622
       0.0479       -0.0560       -0.0075
      -0.0661        0.1327       -0.0648
      -0.0298        0.1447       -0.0385
       0.1584        0.1813        0.0706
      -0.0989        0.0143        0.0670
      -0.0844       -0.0595       -0.0051
      -0.0783        0.0641       -0.0511
       0.0241       -0.1010       -0.1105
       0.0052        0.0256       -0.0069

411.4625406004879
      -0.0167        0.0134       -0.0013
       0.4142       -0.0874       -0.0396
      -0.3946        0.0888        0.0356
      -0.4011        0.0721        0.0483
       0.4258       -0.1040       -0.0521
      -0.0207       -0.0134        0.0031
       0.0120       -0.0173        0.0087
       0.0120        0.0388       -0.0059
      -0.0309        0.0068       -0.0148
      -0.0262       -0.0038        0.0093
      -0.0193       -0.0112       -0.0080
       0.0335        0.0009        0.0239
       0.0152        0.0018        0.0006
      -0.0153        0.0069        0.0007
       0.2585       -0.0538       -0.0219
      -0.2571        0.0568        0.0227
      -0.2535        0.0516        0.0314
       0.2605       -0.0573       -0.0318
      -0.0059        0.0167       -0.0089
      -0.0077        0.0181       -0.0093
       0.0204        0.0224        0.0053
      -0.0095        0.0012       -0.0101
      -0.0088        0.0108       -0.0028
      -0.0101        0.0003        0.0063
      -0.0095       -0.0076       -0.0035
       0.0064       -0.0140       -0.0159

442.1008245835086
       0.0289       -0.0437       -0.1211
      -0.0683       -0.0145       -0.1193
      -0.0057        0.0459       -0.0055
      -0.0001        0.0709       -0.0937
      -0.0157        0.1568       -0.0061
       0.0912        0.0934        0.0332
      -0.0542       -0.0509        0.1398
       0.0318        0.2007       -0.0971
      -0.1815       -0.1165       -0.1000
      -0.0758       -0.1702        0.1419
      -0.0826       -0.1808       -0.1566
       0.3137        0.1234        0.1453
       0.1019       -0.2171        0.1949
       0.0169       -0.0320       -0.0357
      -0.0449       -0.0027       -0.0391
      -0.0127       -0.0014        0.0322
      -0.0161        0.0450       -0.0643
      -0.0326        0.0516        0.0033
       0.0322        0.0904       -0.0540
      -0.1130        0.0961       -0.1332
       0.1422        0.1101       -0.0460
      -0.0186       -0.0529       -0.1297
      -0.0731        0.0643       -0.0103
      -0.0582       -0.0212        0.0961
      -0.3431        0.1779        0.3438
       0.0340       -0.0718        0.0519

449.133608070054
       0.0553       -0.0403       -0.0922
      -0.0635       -0.0038       -0.0900
      -0.0264        0.0411        0.0030
      -0.0070        0.0661       -0.0694
      -0.0112        0.1207        0.0019
       0.1318        0.0602        0.0257
       0.0671       -0.1133       -0.0512
      -0.0050        0.1145       -0.0070
      -0.1013       -0.0220       -0.1227
      -0.0287       -0.1399        0.1054
      -0.3228        0.1458        0.2316
       0.1427       -0.0165        0.0182
       0.1120       -0.1848        0.1530
       0.0285       -0.0287       -0.0276
      -0.0473        0.0016       -0.0292
      -0.0291        0.0032        0.0287
      -0.0219        0.0394       -0.0478
      -0.0276        0.0416        0.0067
      -0.1067        0.0546       -0.0444
      -0.0057        0.0683        0.0156
       0.0451        0.0940        0.0800
       0.0130       -0.0229       -0.1254
      -0.0375        0.1052       -0.0191
      -0.0366       -0.0176        0.0731
       0.3401       -0.3204       -0.5008
       0.0363       -0.0476        0.0677

497.3880612581318
       0.3245       -0.0474        0.0764
      -0.1822        0.0822        0.0982
      -0.2202       -0.0045        0.0408
      -0.0127       -0.0082        0.0487
      -0.0232       -0.1077        0.0112
       0.4667       -0.1560       -0.1197
      -0.0518       -0.0248        0.0775
      -0.0061        0.0506       -0.0338
      -0.0283       -0.1729       -0.0770
       0.1155        0.0925       -0.2015
      -0.1309       -0.0035        0.0809
       0.1530        0.0415        0.0259
      -0.2131        0.2032       -0.0684
       0.1470       -0.0156        0.0162
      -0.1886        0.0513        0.0386
      -0.1993        0.0407       -0.0004
      -0.1304        0.0107        0.0591
      -0.1168       -0.0049        0.0235
       0.0146        0.0282       -0.0192
      -0.0551        0.0273       -0.0577
       0.0530        0.0367       -0.0150
      -0.0566       -0.0183        0.1669
       0.0415       -0.2362       -0.0529
       0.0044        0.0481       -0.0023
      -0.0290       -0.0059        0.0136
      -0.0765        0.0983       -0.0306

559.3849591283771
      -0.1334        0.0236        0.2759
       0.1464        0.1323       -0.0264
       0.1041       -0.1035        0.1320
      -0.0148        0.2554       -0.0369
      -0.0481       -0.0130        0.0844
      -0.2415        0.1148       -0.2121
      -0.0986        0.0047        0.0760
      -0.0745       -0.0007       -0.0485
       0.1882       -0.2998       -0.2302
       0.0344       -0.1821       -0.3308
      -0.0569       -0.0209        0.0777
       0.1331        0.0722       -0.0167
      -0.0933        0.0703        0.2662
      -0.0410       -0.0184        0.0813
       0.1269       -0.0227       -0.0818
       0.1243       -0.0340       -0.0006
       0.0770        0.0354        0.0174
       0.0790        0.0282        0.0895
       0.0230        0.0083       -0.0132
      -0.0715        0.0004       -0.0655
       0.0167        0.0069       -0.0347
       0.0580       -0.0786       -0.0006
       0.1142       -0.1518       -0.0777
       0.0225       -0.0517       -0.1452
       0.0390       -0.0278       -0.0302
      -0.0388        0.0514        0.0708

606.9960363657029
       0.0026       -0.0320        0.0294
      -0.0068       -0.0214        0.0328
      -0.0113       -0.0445       -0.0119
       0.0259        0.0663        0.0266
       0.0039        0.0457       -0.0291
       0.0211        0.0330       -0.0183
      -0.0878        0.2403        0.4000
       0.3397        0.0874        0.2228
      -0.1479       -0.0334       -0.1252
      -0.1256       -0.0562       -0.0200
      -0.0076        0.1170       -0.2203
      -0.1366       -0.2457       -0.2070
       0.0524       -0.0019        0.0732
      -0.0018        0.0039        0.0086
      -0.0150       -0.0138       -0.0053
      -0.0107       -0.0154        0.0056
      -0.0022        0.0239        0.0035
      -0.0064        0.0149       -0.0077
       0.3416        0.0077        0.1315
       0.0231       -0.0460       -0.0589
       0.0884       -0.0441       -0.0626
      -0.0002       -0.0005        0.0622
      -0.0975       -0.1035       -0.0555
      -0.0533       -0.0094        0.0236
       0.0191       -0.0597       -0.1511
       0.0310       -0.1918       -0.2905

628.5716629348909
       0.0580       -0.1197        0.1319
      -0.0401       -0.0557        0.1610
      -0.1131       -0.2330       -0.1251
       0.1197        0.2756        0.1157
       0.0499        0.0955       -0.1734
       0.0502        0.1082       -0.1464
       0.2881       -0.0530       -0.3206
       0.2363        0.0317        0.0893
      -0.0954       -0.0277       -0.0432
      -0.1972       -0.1100       -0.1252
      -0.0624        0.1131        0.0385
      -0.2640       -0.0514        0.1124
       0.0643       -0.0249        0.0839
       0.0187        0.0422        0.0359
      -0.0744       -0.0473       -0.0169
      -0.0814       -0.0619       -0.0227
       0.0009        0.0922        0.0286
       0.0020        0.0748        0.0200
      -0.1210       -0.0119        0.0082
       0.2111        0.0398        0.1925
      -0.0102        0.0165        0.1132
       0.0151       -0.0115        0.0030
      -0.0003       -0.0230       -0.0128
      -0.0779       -0.0053       -0.0286
      -0.1316        0.1111        0.1474
       0.0464       -0.0296        0.1113

630.5407543231822
       0.0823        0.1444        0.0463
       0.0020        0.3125       -0.3132
       0.0570        0.2468        0.2875
      -0.0332       -0.1798       -0.2791
       0.0124       -0.2516        0.2755
      -0.0134       -0.1460       -0.0612
       0.1410        0.0235       -0.1009
       0.2104        0.0394        0.1042
      -0.0985       -0.0384       -0.0402
      -0.1299       -0.0608       -0.0532
      -0.0418        0.0894       -0.0294
      -0.1831       -0.0906       -0.0031
       0.0512       -0.0865        0.0228
      -0.0206       -0.0956        0.0225
      -0.0270        0.1153       -0.0601
      -0.0221        0.1112        0.0274
      -0.0331       -0.0758       -0.0209
      -0.0314       -0.0783        0.0649
       0.0070       -0.0043        0.0349
       0.1265        0.0127        0.0984
       0.0139        0.0001        0.0518
       0.0093       -0.0125        0.0138
      -0.0340       -0.0258       -0.0130
      -0.0557        0.0088       -0.0157
      -0.0757        0.0575        0.0589
       0.0297        0.0490        0.2319

653.4878994961206
       0.0211        0.0285        0.0577
      -0.0047        0.0939       -0.0769
       0.0170        0.0513        0.0996
       0.0037       -0.0336       -0.0763
      -0.0256       -0.0605        0.0795
      -0.0036       -0.0309       -0.0270
       0.1010       -0.0932       -0.1773
      -0.0452       -0.0206       -0.0647
       0.0277        0.0514        0.0111
      -0.0277       -0.0406       -0.0386
      -0.0319       -0.0121        0.0770
       0.0056        0.0972        0.1748
      -0.0140        0.0676        0.1172
       0.0056       -0.0365        0.0184
      -0.0033        0.0267       -0.0236
       0.0149        0.0223        0.0107
       0.0037       -0.0217       -0.0013
       0.0051       -0.0466       -0.0198
      -0.1406       -0.0046       -0.0464
       0.0378        0.0287        0.0560
      -0.0220        0.0225        0.0454
      -0.0003        0.0133       -0.0221
       0.0457        0.0004       -0.0007
       0.0125       -0.0581        0.0055
      -0.0289        0.0181        0.0503
       0.0029       -0.3886       -0.7875

703.767345194931
      -0.2838        0.0577       -0.1134
       0.2961       -0.1990        0.0236
       0.3421        0.0555       -0.0166
      -0.2764       -0.0762        0.0813
      -0.2394        0.1500        0.0627
       0.2702       -0.0559        0.1111
       0.0750       -0.0263       -0.0895
       0.1262        0.0251        0.0442
      -0.0034       -0.1241       -0.1942
       0.1674        0.0397       -0.0225
      -0.1511        0.0787        0.0448
      -0.0821       -0.0225        0.0405
      -0.0493        0.0531       -0.0434
      -0.2411        0.0559       -0.0155
       0.0623       -0.0210        0.0590
       0.0769       -0.0009        0.0400
      -0.2275        0.0277        0.0084
      -0.2109        0.0439       -0.0080
      -0.0229        0.0033        0.0050
       0.0701        0.0230        0.0568
       0.0281        0.0166        0.0406
      -0.0052       -0.0223        0.0436
       0.0208       -0.1233       -0.0702
       0.0169        0.0318        0.0554
      -0.0890        0.0388        0.0540
      -0.0282        0.0402       -0.0328

715.9484001049085
      -0.0597        0.0068       -0.1626
      -0.2302       -0.0967        0.0843
      -0.1685        0.1819        0.0502
      -0.0477       -0.1309        0.0601
       0.0303        0.1167        0.0401
      -0.0312        0.0097        0.1466
       0.0559       -0.0198       -0.0713
       0.1213        0.0262        0.0481
       0.0008       -0.1364       -0.1891
       0.1633        0.0257       -0.0269
      -0.1491        0.0714        0.0305
      -0.0746       -0.0224        0.0259
      -0.0527        0.0538       -0.0274
       0.4166       -0.0879       -0.0945
       0.3122       -0.0796        0.0373
       0.2976       -0.0435        0.0252
       0.3061       -0.0969       -0.0498
       0.2914       -0.0399       -0.0509
      -0.0074        0.0049        0.0085
       0.0599        0.0202        0.0467
       0.0314        0.0152        0.0342
       0.0035       -0.0301        0.0238
       0.0151       -0.1130       -0.0668
       0.0228        0.0312        0.0250
      -0.0802        0.0340        0.0431
      -0.0338        0.0524       -0.0183

755.7743655701697
      -0.1794        0.0597        0.2385
       0.0680        0.2090       -0.1073
      -0.0291       -0.2453       -0.1143
      -0.1412        0.1997       -0.0702
      -0.2117       -0.1971       -0.0637
       0.2948       -0.0763       -0.1746
      -0.0003       -0.0313        0.0330
      -0.0236       -0.0079       -0.0075
      -0.1380        0.2554        0.1633
       0.2096        0.0726        0.1307
      -0.0654        0.0438       -0.0744
       0.0141       -0.0629        0.0190
       0.0387       -0.1722        0.0310
       0.2150       -0.0324        0.0390
       0.2463       -0.0385       -0.1318
       0.2275       -0.0731       -0.1522
       0.0434        0.0153        0.0177
       0.0197       -0.0497        0.0116
      -0.0123        0.0085       -0.0138
      -0.0287        0.0066       -0.0194
       0.0169        0.0117        0.0036
      -0.0728        0.0874        0.1051
      -0.1055        0.0202        0.0374
       0.0730       -0.0168        0.0853
      -0.0526       -0.0022       -0.0138
      -0.0154        0.0142        0.0132

810.9844151652701
       0.1379       -0.0363       -0.0422
       0.0079       -0.0357        0.0251
       0.0001        0.0351        0.0161
       0.0779       -0.0274        0.0055
       0.0507        0.0286        0.0071
      -0.2859        0.0603        0.0258
       0.0492       -0.1163        0.0425
      -0.0554       -0.0482       -0.0252
       0.0296        0.3134       -0.0671
       0.3648        0.0102       -0.0749
      -0.2537        0.2355       -0.1564
       0.0160       -0.1941        0.1041
       0.0349       -0.2037        0.0892
      -0.1849        0.0398        0.0125
      -0.1665        0.0341        0.0355
      -0.1141        0.0256        0.0333
       0.0228       -0.0073       -0.0008
       0.0826       -0.0021       -0.0025
      -0.0727        0.0241       -0.0557
      -0.0797        0.0304       -0.0464
       0.0682        0.0435        0.0287
      -0.0206        0.1391        0.2929
      -0.0752       -0.2122       -0.0746
       0.1946       -0.1004       -0.0968
      -0.1782        0.0269       -0.0183
      -0.0337        0.0316        0.0054

850.8109280269084
      -0.1420        0.0039       -0.0689
      -0.0923       -0.0985        0.0757
       0.0999        0.1493        0.1093
      -0.0602       -0.0223        0.0447
       0.0961        0.1302        0.0370
       0.2189       -0.0606       -0.0498
       0.0770       -0.0266        0.0972
      -0.2141       -0.0677       -0.1019
       0.0718        0.2895        0.0481
      -0.3979       -0.1505       -0.2735
       0.1484        0.1353       -0.0789
       0.0717       -0.1493        0.0745
       0.0651       -0.0470        0.0474
       0.1786       -0.0674       -0.0425
       0.2254       -0.0675        0.0242
      -0.0155        0.0227        0.0978
       0.0063       -0.0063       -0.0037
      -0.2122        0.0830        0.0313
      -0.0719       -0.0030       -0.0490
      -0.1009       -0.0094       -0.0618
      -0.0422       -0.0074       -0.0292
       0.0599        0.1051        0.1919
       0.0584       -0.1161       -0.0192
      -0.0863       -0.0685       -0.1245
       0.0051        0.0149       -0.0227
       0.0799       -0.1088        0.0989

854.4155862193905
      -0.0826        0.0201       -0.0122
       0.1960       -0.0742       -0.0069
      -0.2183        0.0849        0.0550
       0.2374       -0.0737       -0.0156
      -0.1660        0.0673        0.0280
       0.0460       -0.0078       -0.0126
       0.0159       -0.0047        0.0220
      -0.0531       -0.0136       -0.0213
       0.0208        0.0566        0.0048
      -0.1183       -0.0326       -0.0659
       0.0512        0.0251       -0.0119
       0.0158       -0.0280        0.0092
       0.0195       -0.0087        0.0140
       0.1324       -0.0310       -0.0203
      -0.3571        0.0788        0.0537
       0.4691       -0.0901       -0.0321
      -0.4840        0.1100        0.0509
       0.3402       -0.0472       -0.0240
      -0.0089       -0.0009       -0.0080
      -0.0240       -0.0039       -0.0146
      -0.0133       -0.0044       -0.0105
       0.0155        0.0212        0.0395
       0.0216       -0.0189       -0.0040
      -0.0301       -0.0151       -0.0280
       0.0076        0.0004       -0.0054
       0.0214       -0.0226        0.0394

927.7792599156919
       0.2490       -0.0533       -0.0434
       0.0759       -0.0192       -0.0094
      -0.0509        0.0186        0.0104
      -0.2879        0.0667        0.0360
      -0.2552        0.0500        0.0361
       0.2334       -0.0545       -0.0231
       0.0575        0.0179        0.0367
      -0.0894       -0.0065       -0.0464
      -0.0185        0.0428       -0.0069
      -0.1794       -0.0277       -0.0355
       0.1109        0.0437        0.0094
       0.0247       -0.0508        0.0246
       0.0101        0.0132       -0.0061
      -0.4230        0.0881        0.0415
      -0.1175        0.0287        0.0164
       0.1002       -0.0188       -0.0088
       0.4438       -0.1039       -0.0477
       0.4273       -0.0722       -0.0306
      -0.0129       -0.0090       -0.0048
      -0.0206       -0.0132       -0.0136
      -0.0513       -0.0191       -0.0281
       0.0296        0.0122        0.0277
       0.0270       -0.0295       -0.0071
      -0.0944        0.0278        0.0554
       0.0265        0.0139        0.0071
       0.0302       -0.0377        0.0410

945.4675250310299
       0.0039       -0.0211       -0.0531
       0.0024       -0.1266        0.0940
       0.0440        0.1527        0.1040
      -0.0407       -0.0042        0.0314
      -0.0117        0.0931        0.0241
       0.0543       -0.0389       -0.1436
      -0.1545        0.0270       -0.0763
       0.1676        0.1072        0.0574
      -0.2512        0.2124        0.1849
       0.1478       -0.0595       -0.3542
       0.0011       -0.3791        0.1086
      -0.0316        0.2474       -0.1294
       0.0413       -0.1687        0.1098
      -0.0348       -0.0113       -0.0098
      -0.0141       -0.0190        0.0539
       0.0228        0.0199        0.0769
       0.0467       -0.0213        0.0103
       0.0545        0.0307        0.0182
       0.0907       -0.0187        0.0747
       0.1346       -0.0116        0.0791
      -0.0374       -0.0211       -0.0017
      -0.2981        0.0817       -0.0002
       0.0035        0.0753        0.0579
       0.1230       -0.0862       -0.2259
       0.0277       -0.1251       -0.0018
      -0.0301        0.0262       -0.0053

978.9953568668591
       0.1413       -0.0219       -0.0138
      -0.3174        0.0809        0.0346
       0.1308       -0.0462       -0.0288
       0.2375       -0.0732       -0.0318
      -0.2283        0.0450        0.0269
       0.0164        0.0036        0.0059
       0.0188        0.0118        0.0045
      -0.0232        0.0338       -0.0235
      -0.0180        0.0160       -0.0628
      -0.0225        0.0379        0.0049
       0.0401       -0.0292        0.0424
       0.0097        0.0080        0.0003
       0.0093       -0.0408        0.0145
      -0.2432        0.0628        0.0267
       0.5332       -0.1140       -0.0514
      -0.1896        0.0350        0.0132
      -0.4083        0.0905        0.0423
       0.3512       -0.0544       -0.0187
       0.0157       -0.0130        0.0193
       0.0254       -0.0144        0.0126
      -0.0571       -0.0232       -0.0275
      -0.0326        0.0149        0.0309
       0.0183       -0.0345       -0.0239
      -0.0195        0.0143        0.0293
       0.0018       -0.0198        0.0068
       0.0023       -0.0073        0.0133

991.7172107236163
      -0.0838        0.0317       -0.0056
       0.0724        0.0264       -0.0299
       0.0304       -0.0804       -0.0597
      -0.0016        0.0119       -0.0009
       0.0170       -0.0628        0.0162
      -0.0927        0.0424        0.0804
       0.1257        0.0869        0.0576
      -0.1242        0.2229       -0.1881
      -0.0840        0.0632       -0.3570
      -0.0390        0.1994        0.0815
       0.1502       -0.1331        0.2056
       0.0765       -0.0128        0.0489
       0.0319       -0.2003        0.0553
       0.1604       -0.0095       -0.0234
      -0.1337        0.0448        0.0099
      -0.1147        0.0103       -0.0229
       0.0512       -0.0055       -0.0101
      -0.0121       -0.0165        0.0061
       0.0478       -0.0940        0.1120
       0.1974       -0.0773        0.1080
      -0.3825       -0.1453       -0.1619
      -0.1501        0.0677        0.1515
       0.0495       -0.2202       -0.1411
      -0.0633        0.0772        0.1398
      -0.0273       -0.1095        0.0313
       0.0061       -0.0468        0.0192

994.9291058492859
      -0.2296        0.0503       -0.0089
       0.1043       -0.0344       -0.0023
       0.3166       -0.0507       -0.0253
      -0.0015        0.0174        0.0131
      -0.2270        0.0320        0.0406
       0.0317       -0.0125       -0.0278
      -0.0109       -0.0169       -0.0092
       0.0088       -0.0465        0.0381
       0.0032       -0.0180        0.0866
      -0.0065       -0.0516       -0.0247
      -0.0165        0.0442       -0.0470
      -0.0136       -0.0099       -0.0053
      -0.0076        0.0509       -0.0118
       0.4041       -0.0874       -0.0542
      -0.2190        0.0502        0.0319
      -0.5445        0.1133        0.0683
       0.0626       -0.0112       -0.0003
       0.4239       -0.0693       -0.0182
      -0.0045        0.0205       -0.0225
      -0.0507        0.0115       -0.0303
       0.0743        0.0270        0.0265
       0.0406       -0.0188       -0.0402
      -0.0145        0.0552        0.0350
       0.0010       -0.0102       -0.0246
       0.0111        0.0306       -0.0053
      -0.0011        0.0121        0.0010

1017.7717865891291
      -0.0483       -0.0178       -0.5124
      -0.0261       -0.0746        0.0365
       0.0045        0.0809        0.0230
       0.1444        0.4906        0.2287
      -0.0605       -0.4808        0.2831
      -0.0105       -0.0040       -0.0204
      -0.0044       -0.0020       -0.0055
       0.0040       -0.0138        0.0100
       0.0135       -0.0036        0.0011
      -0.0068        0.0085       -0.0058
      -0.0023        0.0039       -0.0055
      -0.0040        0.0032       -0.0017
       0.0008        0.0032       -0.0042
      -0.0409        0.0019       -0.1517
       0.0132       -0.0331       -0.0130
       0.0286        0.0221       -0.0173
       0.0193        0.1666        0.0439
      -0.0460       -0.1582        0.0603
      -0.0025        0.0058       -0.0071
      -0.0121        0.0041       -0.0064
       0.0210        0.0073        0.0076
       0.0047       -0.0017       -0.0039
       0.0041        0.0034        0.0011
      -0.0035       -0.0010        0.0120
       0.0010        0.0060        0.0019
       0.0008       -0.0064       -0.0149

1029.3205388824647
      -0.0021        0.0218       -0.0070
       0.0166        0.0561       -0.0201
      -0.0230       -0.0952       -0.0545
      -0.0175       -0.0339       -0.0111
       0.0033       -0.0156        0.0195
      -0.0068        0.0318        0.0750
      -0.1707       -0.0749       -0.1242
       0.1251       -0.2313        0.2064
       0.1377        0.1476       -0.2283
      -0.1991        0.2477        0.0467
       0.1001       -0.1369        0.1238
      -0.1098        0.2423       -0.1531
       0.0518       -0.2171        0.0691
       0.0214        0.0334       -0.0066
      -0.0105        0.0349        0.0183
      -0.0193       -0.0234       -0.0215
       0.0232       -0.0161       -0.0062
       0.0040        0.0067        0.0243
      -0.0137        0.0914       -0.0987
      -0.1818        0.0661       -0.0937
       0.3793        0.1323        0.1510
      -0.0968        0.0904        0.1552
       0.2067       -0.1825       -0.0988
      -0.0879        0.0649        0.1173
       0.0802        0.0018        0.0406
       0.0247       -0.0774        0.0289

1050.3920277737031
       0.0494        0.0346        0.3393
      -0.0856       -0.4323        0.0984
       0.0938        0.4001        0.0234
       0.0134        0.1082       -0.1437
      -0.0495       -0.1568       -0.1000
      -0.0197        0.0225       -0.0591
       0.0231       -0.0024       -0.0144
      -0.0194       -0.0213        0.0227
      -0.0024       -0.0222       -0.0357
      -0.0054        0.0931        0.0388
       0.0301        0.0224        0.0180
      -0.0073        0.0013       -0.0004
       0.0036       -0.0635        0.0252
       0.0248        0.0395        0.1072
      -0.0796       -0.2603       -0.1780
       0.0128        0.2560       -0.2385
       0.0032        0.1417       -0.2624
      -0.0375       -0.1592       -0.2106
       0.0101        0.0121       -0.0081
      -0.0378       -0.0041       -0.0263
       0.0281        0.0053       -0.0023
      -0.0010       -0.0049       -0.0018
       0.0079       -0.0092       -0.0102
      -0.0306        0.0461        0.0630
       0.0179        0.0144        0.0073
      -0.0079        0.0059        0.0093

1058.069378809953
       0.0025        0.0029        0.0159
      -0.0044       -0.0161       -0.0005
       0.0069        0.0117       -0.0035
       0.0023        0.0065       -0.0058
      -0.0127       -0.0092       -0.0038
       0.0011        0.0014        0.0073
      -0.2516        0.1553        0.3835
       0.2352       -0.1674       -0.3319
       0.0325        0.0031       -0.0144
      -0.0143       -0.0015        0.0180
       0.0332       -0.0341       -0.0592
       0.0328       -0.0072       -0.0943
       0.0019        0.0056       -0.0059
       0.0030        0.0034        0.0047
      -0.0044       -0.0121       -0.0120
      -0.0078        0.0128       -0.0138
      -0.0005        0.0092       -0.0150
       0.0180       -0.0127       -0.0127
      -0.4837       -0.1075       -0.1418
       0.2643        0.2137        0.2751
      -0.0367        0.0952        0.2851
       0.0238        0.0019        0.0156
       0.0082       -0.0149       -0.0073
      -0.0125        0.0071        0.0177
      -0.0262       -0.0220       -0.0066
       0.0011        0.0051        0.0075

1093.960001118855
       0.0308        0.1849       -0.0677
      -0.0068       -0.1347        0.1944
      -0.0418       -0.1213       -0.0729
      -0.0553       -0.1482       -0.2100
       0.0321       -0.0690        0.2311
      -0.0022        0.1303       -0.1708
       0.0958        0.0598        0.0556
      -0.0607       -0.0686       -0.0253
      -0.1642       -0.1422        0.0482
       0.0545        0.1980       -0.1598
       0.1087        0.1512       -0.0072
       0.0046       -0.0836        0.0315
       0.0044       -0.1830        0.1151
       0.0721        0.3627       -0.0362
       0.0458        0.0733        0.2519
       0.0015       -0.0030       -0.0991
      -0.0178        0.0284       -0.2124
       0.0237        0.1527        0.3390
      -0.0570        0.0078       -0.0422
      -0.0578        0.0138       -0.0279
       0.0188        0.0100        0.0135
      -0.0280       -0.0609       -0.1200
      -0.0354        0.1052        0.0389
      -0.0266        0.0906        0.0053
       0.0751        0.0864        0.0142
      -0.0482        0.0145       -0.0705

1107.1151253354421
      -0.0293       -0.1184       -0.0158
       0.0089        0.0660       -0.0528
       0.0307        0.0904        0.0975
       0.0389        0.0387        0.1463
       0.0089        0.0573       -0.1579
      -0.0645       -0.0530       -0.0644
       0.1779        0.1294        0.0778
      -0.1100       -0.1857       -0.0130
      -0.3921       -0.1433       -0.1089
       0.1584        0.1239       -0.1032
       0.3238        0.1976        0.1347
      -0.0329       -0.0660        0.0032
      -0.0068       -0.1310        0.0604
      -0.0487       -0.2345        0.0057
      -0.0108       -0.0131       -0.0733
       0.0089       -0.0309        0.1453
      -0.0149       -0.0764        0.2309
      -0.0435       -0.0541       -0.1696
      -0.1131        0.0334       -0.1041
      -0.1505        0.0369       -0.0720
       0.0991        0.0370        0.0466
      -0.1650       -0.0440       -0.0981
      -0.0993        0.0731       -0.0096
      -0.0191        0.1141       -0.0005
       0.1600        0.1259        0.0659
      -0.0575        0.0616       -0.0513

1148.3414988139184
      -0.0107       -0.0414       -0.0276
      -0.0017       -0.0128        0.0170
       0.0242        0.0644        0.0934
      -0.0066       -0.0235        0.0889
      -0.0220        0.0021       -0.1200
       0.0155        0.0175       -0.1941
      -0.0829       -0.0836       -0.0041
       0.0445        0.1153       -0.0205
       0.2741       -0.1130        0.1869
      -0.1139        0.4940       -0.1015
      -0.2339        0.0420       -0.2088
       0.0564       -0.0689        0.0529
       0.0252       -0.3231        0.1528
      -0.0255       -0.1073       -0.0022
       0.0018       -0.0048        0.0040
       0.0075       -0.0353        0.1364
       0.0050       -0.1038        0.2067
      -0.0055       -0.0344       -0.0963
       0.0450       -0.0307        0.0613
       0.0908       -0.0256        0.0408
      -0.0802       -0.0237       -0.0291
       0.1141       -0.0546       -0.0875
       0.1854        0.0953        0.0773
      -0.0973        0.2060        0.0359
      -0.0389        0.0360       -0.0544
      -0.0718        0.0428       -0.0521

1177.272896149155
       0.0454        0.2164       -0.0154
      -0.0327       -0.0810       -0.1307
       0.0009       -0.0729        0.1379
      -0.0066       -0.0328        0.0254
      -0.0091       -0.0289       -0.0161
       0.0007        0.0043       -0.0049
       0.0048        0.0042       -0.0008
      -0.0019       -0.0047        0.0018
      -0.0112        0.0083       -0.0105
       0.0045       -0.0327        0.0047
       0.0099       -0.0044        0.0124
      -0.0031        0.0049       -0.0032
      -0.0018        0.0205       -0.0068
       0.1303        0.6272       -0.0342
      -0.0945       -0.2380       -0.3904
       0.0003       -0.2138        0.4098
      -0.0018       -0.0825        0.1483
      -0.0244       -0.0844       -0.1253
      -0.0015        0.0019       -0.0029
      -0.0042        0.0009       -0.0020
       0.0033        0.0004        0.0001
      -0.0061        0.0039        0.0062
      -0.0154       -0.0046       -0.0044
       0.0093       -0.0214        0.0016
       0.0002       -0.0038        0.0027
       0.0059       -0.0012        0.0131

1196.9738439947052
       0.0037        0.0023        0.0360
       0.0350        0.1067        0.1065
      -0.0072       -0.1023        0.1094
       0.0046        0.0907       -0.1543
      -0.0388       -0.0838       -0.1264
       0.0084       -0.0075        0.1151
       0.0027        0.0008        0.0032
      -0.0001        0.0014        0.0004
      -0.0117        0.0007        0.0185
       0.0001       -0.0014       -0.0543
      -0.0019        0.0020       -0.0104
       0.0016       -0.0032       -0.0001
      -0.0002       -0.0211        0.0073
       0.0055        0.0191        0.0093
       0.0883        0.2233        0.3473
      -0.0051       -0.2099        0.3791
       0.0057        0.2345       -0.4492
      -0.0758       -0.2640       -0.4172
      -0.0006        0.0001        0.0002
      -0.0008       -0.0010       -0.0014
      -0.0021       -0.0013       -0.0016
       0.0025       -0.0031       -0.0130
       0.0209       -0.0015        0.0059
      -0.0131        0.0317       -0.0454
       0.0022        0.0024       -0.0025
      -0.0147        0.0330        0.0114

1217.951618615406
       0.0016       -0.0156        0.0377
       0.0141        0.1365       -0.1569
      -0.0471       -0.1153       -0.1912
       0.0111        0.0237        0.0827
       0.0270        0.0638        0.1434
       0.0740       -0.0741        0.6042
      -0.0177       -0.0159        0.0106
      -0.0005        0.0213       -0.0131
      -0.0616       -0.0573        0.0767
      -0.0436        0.0887       -0.2859
      -0.0228        0.0739       -0.0853
       0.0257       -0.0606        0.0340
       0.0081       -0.1268        0.0489
       0.0093        0.0390        0.0058
      -0.0469       -0.0826       -0.2559
      -0.0177        0.0418       -0.2075
       0.0051        0.1016       -0.1443
      -0.0066       -0.0465       -0.0548
       0.0047       -0.0112        0.0135
       0.0196       -0.0085        0.0088
      -0.0173       -0.0025       -0.0036
      -0.0720       -0.0264       -0.0882
       0.1840        0.0373        0.0366
       0.0235        0.0762       -0.3337
       0.0697        0.0928       -0.0020
      -0.0581        0.0674       -0.0514

1281.8528495804862
       0.0002        0.0114        0.0006
      -0.0035       -0.0179       -0.0199
       0.0025       -0.0233        0.0165
       0.0109       -0.0293       -0.0079
       0.0120       -0.0247        0.0039
      -0.0921        0.1020        0.0216
      -0.1592       -0.1018       -0.0361
       0.0182        0.0597       -0.0114
      -0.1532        0.1316        0.0941
       0.1816       -0.3010       -0.1693
       0.0009        0.0832       -0.1260
       0.0615       -0.0836        0.0639
       0.0026        0.0973       -0.0173
       0.0035        0.0122       -0.0005
       0.0017        0.0162        0.0288
      -0.0049        0.0168       -0.0387
      -0.0190       -0.0290        0.0456
      -0.0314       -0.0260       -0.0330
       0.0450       -0.0350        0.0545
       0.0693       -0.0352        0.0328
       0.0001        0.0137        0.0065
      -0.1347        0.0469       -0.0093
       0.4746       -0.0274        0.0390
      -0.2418        0.1084        0.5087
       0.2090        0.2047        0.0092
       0.0002        0.0358        0.0132

1291.827594788792
       0.0025        0.0043        0.0030
      -0.0046       -0.0199        0.0232
       0.0053        0.0227        0.0241
      -0.0061        0.0168       -0.0176
      -0.0146       -0.0122       -0.0319
       0.0352       -0.0237       -0.0885
      -0.2611       -0.1940       -0.0451
       0.0248        0.0845       -0.0354
      -0.0519       -0.0931       -0.1345
      -0.1027        0.1715        0.2003
       0.0264        0.1699       -0.0301
       0.0986       -0.0980        0.0852
      -0.0279        0.0442       -0.0326
      -0.0009       -0.0074        0.0019
       0.0078        0.0104        0.0348
       0.0042       -0.0119        0.0424
       0.0126        0.0015       -0.0064
       0.0147        0.0097        0.0143
       0.0666       -0.0623        0.0850
       0.1301       -0.0525        0.0731
       0.0108        0.0294        0.0170
      -0.2082        0.0026       -0.0003
       0.0773        0.0296       -0.0265
       0.3274       -0.3794       -0.1700
       0.3432        0.3610        0.0825
       0.1226       -0.2010        0.1086

1311.6390122952942
       0.0063        0.0268        0.0030
      -0.0188       -0.0436       -0.0668
      -0.0079       -0.0684        0.0404
      -0.0103       -0.0499        0.0226
      -0.0109       -0.0398        0.0070
       0.0419        0.2010        0.0458
       0.3139        0.2345        0.0998
      -0.0181       -0.0721        0.0193
       0.0811       -0.1373        0.1024
      -0.0326        0.0922       -0.0734
      -0.1380       -0.0296       -0.0955
      -0.0666        0.0192       -0.0525
      -0.0360        0.0595       -0.0060
       0.0039        0.0126        0.0002
       0.0180        0.0435        0.0746
      -0.0052        0.0401       -0.1051
       0.0039       -0.0626        0.0932
      -0.0247       -0.0983       -0.1347
      -0.1008        0.0555       -0.0883
      -0.1320        0.0530       -0.0816
      -0.0539       -0.0471       -0.0270
      -0.3849       -0.0149       -0.1064
       0.2763        0.0308        0.0494
       0.1838       -0.3283        0.1401
      -0.1882       -0.1535       -0.0715
       0.1374       -0.2285        0.1553

1330.1738906867931
      -0.0097       -0.0483        0.0066
       0.0437        0.1072        0.1662
       0.0182        0.1651       -0.1261
       0.0162        0.0915       -0.0515
       0.0073        0.0574       -0.0372
      -0.1011       -0.4422       -0.0955
       0.1320        0.1227        0.0344
      -0.0035       -0.0263        0.0091
       0.0755       -0.0444        0.0247
       0.0202       -0.0240        0.2137
      -0.0917        0.0028       -0.0851
      -0.0208       -0.0283        0.0019
      -0.0073        0.0128       -0.0475
      -0.0155       -0.0740        0.0062
      -0.0445       -0.1047       -0.1779
       0.0123       -0.1130        0.2766
       0.0054        0.1412       -0.2347
       0.0672        0.2097        0.2955
      -0.0483        0.0233       -0.0375
      -0.0577        0.0209       -0.0388
      -0.0289       -0.0234       -0.0142
      -0.3221        0.0219       -0.0116
       0.2944        0.0037        0.0226
      -0.0481        0.1141       -0.0303
      -0.0428       -0.0176       -0.0311
      -0.0040       -0.0082       -0.0247

1361.594685709591
       0.0799        0.3857       -0.0219
      -0.0364       -0.0715       -0.1781
       0.0002       -0.0921        0.1631
       0.0002       -0.1727        0.3742
      -0.0659       -0.1871       -0.3273
       0.0181        0.1362        0.0509
      -0.0028       -0.0167        0.0019
      -0.0008       -0.0001        0.0009
      -0.0777        0.0160        0.0228
       0.0225        0.0711       -0.1187
       0.0207       -0.0119        0.0160
      -0.0038        0.0193       -0.0110
      -0.0070        0.0092        0.0175
      -0.0596       -0.2819        0.0139
      -0.0254       -0.0629       -0.1224
      -0.0009       -0.0565        0.1046
       0.0067        0.1694       -0.3187
       0.0469        0.1707        0.2631
       0.0042        0.0001        0.0012
       0.0009        0.0001        0.0014
       0.0013        0.0007        0.0007
       0.1516       -0.0230       -0.0428
      -0.0054       -0.0372       -0.0015
       0.0467       -0.1054        0.1073
      -0.0158       -0.0258       -0.0027
       0.0310       -0.0553        0.0212

1375.2592231266517
       0.0322        0.1515       -0.0103
      -0.0482       -0.1240       -0.1794
       0.0006       -0.1018        0.2023
      -0.0021       -0.0450        0.1281
      -0.0319       -0.0659       -0.1303
       0.0706        0.1983       -0.0471
      -0.0022        0.0646       -0.0228
      -0.0141       -0.0072       -0.0100
       0.2663       -0.0237       -0.0600
      -0.0582       -0.2353        0.1978
      -0.0581        0.0361       -0.0268
       0.0170       -0.0716        0.0472
       0.0336       -0.0196       -0.0167
       0.0012        0.0103       -0.0009
       0.0297        0.0661        0.1167
      -0.0000        0.0581       -0.1096
       0.0088       -0.0017        0.0135
       0.0049        0.0047        0.0014
       0.0131        0.0031       -0.0038
       0.0107        0.0060        0.0169
       0.0163        0.0108        0.0044
      -0.5064        0.0766        0.0989
      -0.0986        0.0923       -0.0032
      -0.1607        0.3000       -0.3022
       0.0638        0.0892        0.0161
      -0.1030        0.1647       -0.1064

1396.3293219100963
      -0.0057       -0.0247       -0.0008
       0.0299        0.0881        0.0872
      -0.0091        0.0249       -0.1337
      -0.0049       -0.0303       -0.0077
       0.0145        0.0218        0.0758
      -0.0360       -0.0668        0.0982
      -0.0633       -0.0189       -0.0281
      -0.0544       -0.0066       -0.0376
       0.3340       -0.0650        0.0212
      -0.0051        0.0476       -0.3259
      -0.0115        0.0447        0.0335
       0.0290       -0.0265        0.0266
      -0.0184        0.0138        0.0275
      -0.0130       -0.0661        0.0018
      -0.0295       -0.0629       -0.1214
      -0.0039       -0.0466        0.0626
      -0.0024        0.0310       -0.0846
      -0.0015       -0.0087       -0.0019
       0.1003       -0.0084        0.0220
       0.0718        0.0092        0.0845
       0.0704        0.0554        0.0323
      -0.3271        0.0430        0.0528
      -0.5513        0.1687        0.0130
      -0.0975       -0.0574        0.3832
       0.0300        0.0501        0.0220
       0.0646       -0.1199        0.0618

1412.7914137687121
      -0.0003       -0.0024        0.0020
      -0.0027       -0.0092       -0.0046
       0.0022        0.0026        0.0111
       0.0006        0.0073       -0.0063
      -0.0007       -0.0021       -0.0085
       0.0033        0.0021       -0.0141
       0.1066        0.0910        0.0153
      -0.3733       -0.1537       -0.1866
      -0.0561       -0.0070        0.0230
       0.0047        0.0063        0.0484
      -0.0130       -0.0157       -0.0142
      -0.0030       -0.0230        0.0092
      -0.0005       -0.0005       -0.0048
       0.0018        0.0082        0.0004
       0.0033        0.0067        0.0144
       0.0000        0.0034       -0.0011
       0.0001       -0.0055        0.0135
      -0.0014        0.0014        0.0008
       0.5440        0.0861       -0.0257
       0.2304        0.2051        0.4303
       0.2824        0.2244        0.1337
       0.0299       -0.0169       -0.0445
       0.1290       -0.0456        0.0042
       0.0258       -0.0048       -0.0507
      -0.0910       -0.0854       -0.0260
      -0.0020       -0.0001        0.0015

1479.0330435305978
       0.0557        0.2658       -0.0192
       0.0306       -0.0063        0.2981
      -0.0411       -0.0354       -0.2874
      -0.0474       -0.1190       -0.1792
       0.0022       -0.0907        0.2138
       0.0771        0.3105       -0.0346
       0.0085        0.0166       -0.0016
      -0.0008       -0.0099        0.0104
      -0.0276       -0.0303       -0.0594
      -0.1294       -0.0931        0.0554
       0.0046       -0.0053       -0.0054
      -0.0031       -0.0150        0.0083
       0.1142       -0.0066        0.0163
      -0.0760       -0.3652        0.0172
      -0.0573       -0.1685       -0.1688
      -0.0118       -0.1541        0.1692
      -0.0108       -0.1069        0.0626
      -0.0300       -0.1232       -0.0741
      -0.0034        0.0350       -0.0336
       0.0008        0.0189        0.0156
      -0.0050       -0.0208       -0.0315
      -0.0173        0.0146        0.1363
       0.0899        0.1077        0.0093
       0.0604       -0.1555       -0.0338
      -0.0030       -0.0050       -0.0023
      -0.1471        0.3101       -0.1316

1485.4006765646843
       0.0113        0.0517        0.0020
       0.0055       -0.0103        0.0682
      -0.0078        0.0030       -0.0721
      -0.0077       -0.0168       -0.0577
      -0.0019       -0.0272        0.0435
       0.0205        0.0718       -0.0131
      -0.0194        0.0899       -0.0234
       0.0049       -0.0083        0.0274
       0.0908        0.1906        0.1540
      -0.0165       -0.0177        0.0370
      -0.0535       -0.0323        0.0178
       0.0262       -0.0635        0.0350
       0.0070       -0.0107       -0.0025
      -0.0167       -0.0786        0.0061
      -0.0095       -0.0335       -0.0249
      -0.0022       -0.0364        0.0461
      -0.0128       -0.0346        0.0438
      -0.0028       -0.0249       -0.0100
      -0.0440        0.0578       -0.0605
       0.0242       -0.0109        0.0246
       0.0267       -0.0335       -0.0807
      -0.0970       -0.0369       -0.6206
      -0.1673       -0.6258       -0.0906
      -0.0134        0.0359       -0.0413
       0.1151        0.0945        0.0254
      -0.0082        0.0154        0.0143

1487.6871597136087
      -0.0179       -0.0906        0.0127
      -0.0097        0.0057       -0.0898
       0.0131        0.0231        0.0729
       0.0140        0.0362        0.0523
      -0.0030        0.0240       -0.0666
      -0.0185       -0.1046        0.0203
      -0.0411        0.0461        0.0408
      -0.0569       -0.0083        0.1380
       0.0074       -0.0161       -0.0228
      -0.1071        0.0297       -0.0266
      -0.0164       -0.0227       -0.0042
       0.0183       -0.0345        0.0104
       0.1065       -0.0073        0.0122
       0.0238        0.1109       -0.0032
       0.0166        0.0517        0.0502
       0.0038        0.0426       -0.0398
       0.0070        0.0338       -0.0256
       0.0118        0.0427        0.0333
      -0.1874        0.3230       -0.3162
       0.2392       -0.1358        0.2102
       0.2337       -0.1593       -0.5127
       0.0017        0.0038        0.0517
       0.0023        0.0462        0.0026
       0.0621       -0.2024        0.1409
       0.0320        0.0145       -0.0026
      -0.1242        0.2682       -0.1164

1488.5979196690223
      -0.0222       -0.1124        0.0190
      -0.0128        0.0054       -0.1080
       0.0157        0.0351        0.0810
       0.0170        0.0479        0.0560
      -0.0049        0.0236       -0.0832
      -0.0179       -0.1295        0.0259
       0.0383        0.0233       -0.0436
       0.0386       -0.0138       -0.0756
       0.0349        0.0061        0.0042
      -0.2052        0.0307       -0.0184
       0.0029        0.0043        0.0113
      -0.0096       -0.0261        0.0218
       0.1980       -0.0148        0.0201
       0.0298        0.1341       -0.0026
       0.0210        0.0639        0.0644
       0.0061        0.0475       -0.0388
       0.0083        0.0380       -0.0252
       0.0125        0.0552        0.0483
       0.1199       -0.1582        0.1550
      -0.1619        0.1258       -0.1161
      -0.1652        0.0733        0.2954
      -0.0678       -0.0067       -0.0913
      -0.0265       -0.0941       -0.0176
       0.1085       -0.3516        0.2186
      -0.0028        0.0038        0.0071
      -0.2339        0.5041       -0.2137

1503.0849692357378
      -0.0018       -0.0073       -0.0016
       0.0007        0.0044       -0.0035
       0.0009       -0.0014        0.0065
       0.0008       -0.0015        0.0075
       0.0016        0.0051       -0.0012
      -0.0038       -0.0054        0.0008
      -0.0646       -0.0123       -0.0587
       0.1514       -0.1291        0.0749
       0.0012        0.0244       -0.0247
       0.0238        0.0051       -0.0178
      -0.0594       -0.0649       -0.0016
       0.0381       -0.0431        0.0418
      -0.0200        0.0001        0.0004
       0.0013        0.0070       -0.0011
       0.0003        0.0017       -0.0010
      -0.0007        0.0044       -0.0066
      -0.0006        0.0040       -0.0055
      -0.0009        0.0000       -0.0034
       0.2170        0.3362       -0.2844
      -0.2055        0.5712        0.1167
      -0.4306       -0.2561       -0.0261
       0.0646        0.0120        0.0594
      -0.0395        0.0384       -0.0040
      -0.0145        0.0325       -0.0007
       0.1520        0.1253        0.0331
       0.0256       -0.0560        0.0230

1526.1166522157782
       0.0369        0.0382        0.2509
      -0.0859       -0.2631       -0.2475
       0.0128        0.2244       -0.2953
       0.0294        0.2171       -0.1776
      -0.0586       -0.2311       -0.1240
       0.0365        0.0319        0.3329
      -0.0117       -0.0108       -0.0037
       0.0044        0.0004        0.0019
       0.0061       -0.0110       -0.0016
       0.0034       -0.0102       -0.0850
       0.0107        0.0103        0.0006
       0.0017        0.0021        0.0005
      -0.0102        0.0054       -0.0006
       0.0051       -0.0225        0.0902
       0.0589        0.1263        0.2760
       0.0078       -0.1282        0.2959
       0.0055       -0.1031        0.2910
       0.0412        0.1044        0.2555
       0.0014        0.0032       -0.0023
      -0.0008        0.0049        0.0011
      -0.0046       -0.0033       -0.0010
      -0.0008        0.0005        0.0185
      -0.0189        0.0309        0.0043
      -0.0055        0.0089       -0.0259
      -0.0152       -0.0101       -0.0014
       0.0126       -0.0308        0.0012

1562.1793599557056
      -0.0013       -0.0097        0.0095
      -0.0015       -0.0016       -0.0130
      -0.0002        0.0095       -0.0174
       0.0024       -0.0027        0.0090
      -0.0010       -0.0031        0.0038
      -0.0004        0.0026        0.0125
       0.3300        0.3291        0.0933
      -0.0849       -0.0199       -0.0457
       0.0257        0.0801       -0.0501
       0.0122        0.0157       -0.0311
      -0.3734       -0.4284       -0.0447
      -0.0455       -0.0253       -0.0185
       0.0019       -0.0052        0.0048
       0.0015        0.0038        0.0029
       0.0016        0.0051        0.0052
       0.0010       -0.0032        0.0070
      -0.0030        0.0014        0.0022
       0.0025       -0.0001        0.0024
      -0.0474       -0.0751        0.0463
      -0.0168       -0.0847       -0.0486
       0.0718        0.0686        0.0440
       0.2012        0.0274        0.1403
      -0.0552        0.0619       -0.0154
       0.0011       -0.0013        0.0159
       0.4371        0.3469        0.1127
      -0.0003       -0.0136        0.0069

1636.8446775043224
       0.1060        0.5152       -0.0434
      -0.0702       -0.2834       -0.0635
      -0.0452       -0.3004        0.1500
       0.0407        0.2683       -0.1837
       0.0689        0.2787        0.1126
      -0.0952       -0.4483        0.0277
       0.0139       -0.0137        0.0140
      -0.0024        0.0006       -0.0016
       0.0076       -0.0040        0.0075
       0.0075        0.0550       -0.0143
      -0.0071       -0.0036       -0.0022
      -0.0065        0.0113       -0.0092
      -0.0008       -0.0022       -0.0102
      -0.0415       -0.1937        0.0047
       0.0054       -0.0244        0.0946
      -0.0166       -0.0156       -0.1124
       0.0079       -0.0117        0.1299
      -0.0107       -0.0070       -0.1205
       0.0017        0.0009       -0.0007
       0.0011        0.0011        0.0021
      -0.0019       -0.0008       -0.0014
       0.0093       -0.0026       -0.0062
      -0.0159        0.0011        0.0019
       0.0006       -0.0159        0.0716
       0.0059        0.0066        0.0022
       0.0008        0.0047        0.0018

1657.9289903454187
      -0.0270       -0.0262       -0.1942
       0.0714        0.1241        0.3940
       0.0273       -0.0773        0.3868
      -0.0258        0.0983       -0.4333
      -0.0788       -0.1601       -0.4285
       0.0394        0.0489        0.3250
       0.0075        0.0033        0.0035
      -0.0012       -0.0004       -0.0007
       0.0092       -0.0046       -0.0027
      -0.0059       -0.0058       -0.0477
      -0.0072       -0.0066       -0.0013
      -0.0025        0.0012       -0.0016
      -0.0001        0.0029        0.0015
      -0.0081        0.0038       -0.0647
      -0.0333       -0.0975       -0.0971
       0.0072        0.0907       -0.0947
      -0.0112       -0.1078        0.1343
       0.0325        0.1152        0.1293
      -0.0013       -0.0004       -0.0001
      -0.0006       -0.0005       -0.0007
       0.0001        0.0002       -0.0001
      -0.0015        0.0002        0.0063
      -0.0128        0.0102       -0.0001
       0.0044       -0.0078       -0.0146
       0.0048        0.0052        0.0023
       0.0006       -0.0040       -0.0022

1722.7116531689683
       0.0022        0.0101       -0.0018
      -0.0013       -0.0056        0.0005
      -0.0009       -0.0092        0.0065
       0.0016        0.0067       -0.0052
       0.0010        0.0108        0.0005
      -0.0017       -0.0161        0.0057
      -0.3297        0.5865       -0.4386
       0.0456       -0.0372        0.0449
      -0.0371       -0.0063       -0.0177
       0.0089        0.0357       -0.0104
       0.0394       -0.0789        0.0639
       0.2269       -0.3770        0.2867
      -0.0013       -0.0029       -0.0002
      -0.0010       -0.0040       -0.0003
      -0.0003       -0.0008        0.0018
      -0.0011        0.0012       -0.0055
      -0.0002       -0.0001        0.0039
       0.0034       -0.0030       -0.0108
      -0.0403       -0.0202        0.0141
      -0.0376       -0.0260       -0.0546
       0.0729        0.0360        0.0459
       0.0605       -0.0022        0.0534
       0.0353        0.0451        0.0003
       0.0214       -0.0157        0.0004
      -0.0934       -0.1304       -0.0267
       0.0096       -0.0586        0.0337

3051.3612187458557
      -0.0002       -0.0009        0.0002
      -0.0001        0.0003        0.0014
       0.0002        0.0006       -0.0003
      -0.0021       -0.0033       -0.0033
       0.0003       -0.0002       -0.0009
       0.0019        0.0001       -0.0002
      -0.0009        0.0021       -0.0011
       0.0025       -0.0004        0.0015
      -0.0023       -0.0354       -0.0253
       0.2224        0.1451        0.0684
      -0.0025       -0.0010       -0.0003
       0.0010       -0.0008        0.0006
      -0.0096        0.0020       -0.0032
       0.0001       -0.0003       -0.0011
       0.0000       -0.0011        0.0010
      -0.0001       -0.0009       -0.0003
       0.0059        0.0124        0.0091
      -0.0007       -0.0021        0.0003
       0.0011       -0.0053       -0.0055
      -0.0051       -0.0030        0.0051
      -0.0037        0.0091       -0.0043
       0.0196        0.1438       -0.0253
      -0.0035       -0.0228        0.1168
      -0.7585       -0.5094       -0.2256
       0.0001       -0.0011        0.0003
       0.0238        0.0068        0.0019

3061.0375945560318
       0.0000       -0.0000        0.0003
       0.0001       -0.0001        0.0001
       0.0001        0.0002        0.0001
      -0.0000       -0.0001       -0.0001
      -0.0000       -0.0001       -0.0000
      -0.0000       -0.0000       -0.0001
       0.0070        0.0027        0.0031
      -0.1403       -0.0236       -0.0969
      -0.0002       -0.0011        0.0003
       0.0036        0.0023        0.0010
       0.0003       -0.0004        0.0003
      -0.0002       -0.0008        0.0003
       0.0003        0.0003       -0.0001
      -0.0001       -0.0000       -0.0008
       0.0000        0.0002       -0.0001
      -0.0001       -0.0006       -0.0002
       0.0002        0.0004        0.0003
      -0.0000        0.0003       -0.0003
      -0.0962        0.3947        0.4115
       0.3354        0.1940       -0.3359
       0.2228       -0.5117        0.2476
      -0.0002        0.0019       -0.0006
      -0.0000        0.0000       -0.0002
      -0.0121       -0.0080       -0.0035
      -0.0015        0.0018       -0.0020
      -0.0014       -0.0011        0.0004

3082.2575048458693
      -0.0001       -0.0001        0.0003
       0.0003        0.0004        0.0002
       0.0001        0.0003       -0.0000
      -0.0018       -0.0061       -0.0038
      -0.0001        0.0000       -0.0001
       0.0004       -0.0003       -0.0019
      -0.0010       -0.0046        0.0010
       0.0004        0.0013       -0.0000
       0.0087        0.1268        0.1917
       0.0444        0.0254        0.0134
       0.0020        0.0019       -0.0011
      -0.0005        0.0011       -0.0010
      -0.0019       -0.0002       -0.0014
      -0.0001       -0.0001       -0.0009
      -0.0003       -0.0020        0.0013
      -0.0001       -0.0011       -0.0004
       0.0066        0.0210        0.0114
      -0.0001       -0.0006       -0.0002
       0.0006       -0.0007       -0.0010
      -0.0020       -0.0011        0.0022
       0.0002       -0.0009        0.0003
      -0.0667       -0.5670        0.0905
       0.0292        0.1397       -0.7460
      -0.1480       -0.0953       -0.0402
      -0.0006        0.0014        0.0018
       0.0057        0.0023        0.0012

3143.891600433684
       0.0000        0.0002       -0.0004
      -0.0010       -0.0048        0.0018
       0.0001        0.0002        0.0005
       0.0068        0.0244        0.0128
      -0.0001        0.0005       -0.0011
       0.0004       -0.0010        0.0003
       0.0016       -0.0012        0.0007
      -0.0000        0.0015       -0.0003
      -0.0321       -0.2415        0.1929
      -0.0110       -0.0093        0.0018
       0.0015        0.0042       -0.0025
      -0.0008        0.0005       -0.0007
       0.0014        0.0015       -0.0016
       0.0003        0.0002        0.0018
       0.0026        0.0166       -0.0104
      -0.0002       -0.0008       -0.0004
      -0.0231       -0.0809       -0.0421
      -0.0002       -0.0025        0.0022
       0.0003       -0.0014       -0.0016
      -0.0020       -0.0011        0.0017
       0.0008       -0.0022        0.0010
       0.0824        0.7357       -0.1075
       0.0240        0.0939       -0.5675
       0.0344        0.0234        0.0085
      -0.0012       -0.0096        0.0100
      -0.0043        0.0028        0.0015

3150.8361005374513
      -0.0000       -0.0000       -0.0003
      -0.0000       -0.0001       -0.0000
       0.0000        0.0000        0.0001
       0.0005        0.0017        0.0009
       0.0001        0.0002       -0.0002
      -0.0001       -0.0000       -0.0000
      -0.0020       -0.0060       -0.0016
       0.1266       -0.2540       -0.1183
       0.0002        0.0001        0.0006
      -0.0004       -0.0004       -0.0000
      -0.0001        0.0022       -0.0013
      -0.0001        0.0014       -0.0001
      -0.0007       -0.0003        0.0002
       0.0001        0.0000        0.0010
       0.0001        0.0004       -0.0002
      -0.0000       -0.0000        0.0000
      -0.0016       -0.0055       -0.0028
      -0.0003       -0.0007        0.0005
      -0.1132        0.5076        0.5403
      -0.1174       -0.0848        0.1128
      -0.2022        0.4612       -0.2358
       0.0001        0.0007       -0.0001
      -0.0001        0.0004       -0.0025
       0.0012        0.0009        0.0004
       0.0033       -0.0015        0.0023
       0.0026        0.0015       -0.0009

3159.890708556548
       0.0000        0.0000        0.0003
       0.0001        0.0004       -0.0002
       0.0000        0.0001        0.0001
      -0.0008       -0.0026       -0.0013
       0.0000        0.0002       -0.0001
      -0.0000        0.0001       -0.0001
      -0.0027       -0.0051        0.0025
      -0.1035       -0.1676        0.2367
       0.0000       -0.0003        0.0015
      -0.0002       -0.0004        0.0000
      -0.0002        0.0022       -0.0006
       0.0003        0.0015       -0.0012
      -0.0008       -0.0003        0.0001
      -0.0001       -0.0000       -0.0010
      -0.0002       -0.0015        0.0009
      -0.0001       -0.0004       -0.0002
       0.0025        0.0087        0.0045
      -0.0001       -0.0008        0.0006
       0.0213       -0.1306       -0.1152
       0.5298        0.2990       -0.5100
      -0.1873        0.4129       -0.1959
       0.0002        0.0018       -0.0003
      -0.0001        0.0006       -0.0047
       0.0003        0.0004        0.0001
       0.0031       -0.0004        0.0024
       0.0027        0.0017       -0.0008

3162.035615260313
      -0.0023       -0.0005       -0.0206
      -0.0121       -0.0707        0.0366
       0.0029        0.0113        0.0056
       0.0675        0.2335        0.1180
      -0.0008       -0.0042       -0.0002
      -0.0004       -0.0059        0.0072
      -0.0002        0.0004       -0.0001
      -0.0020       -0.0003        0.0033
       0.0033        0.0269       -0.0150
       0.0059        0.0045        0.0021
      -0.0002       -0.0006        0.0001
       0.0002       -0.0002        0.0001
      -0.0008       -0.0002       -0.0005
       0.0087        0.0022        0.0742
       0.0378        0.2396       -0.1512
      -0.0103       -0.0393       -0.0202
      -0.2262       -0.7796       -0.4004
       0.0014        0.0110       -0.0054
       0.0008       -0.0046       -0.0045
       0.0067        0.0039       -0.0064
      -0.0007        0.0015       -0.0006
      -0.0093       -0.0859        0.0122
      -0.0015       -0.0068        0.0396
      -0.0194       -0.0123       -0.0080
       0.0005        0.0011       -0.0005
       0.0018        0.0002        0.0000

3182.991230302358
       0.0198        0.0070        0.1675
       0.0118        0.0808       -0.0594
      -0.0434       -0.1631       -0.0887
       0.0145        0.0489        0.0279
       0.0051        0.0372       -0.0187
      -0.0003       -0.0019        0.0010
      -0.0002        0.0000       -0.0001
      -0.0002       -0.0000        0.0003
       0.0003        0.0032       -0.0014
       0.0009        0.0009        0.0004
       0.0000       -0.0000       -0.0001
       0.0001       -0.0001        0.0000
      -0.0006       -0.0004       -0.0004
      -0.0662       -0.0172       -0.5725
      -0.0438       -0.2822        0.1847
       0.1463        0.5552        0.2901
      -0.0465       -0.1600       -0.0832
      -0.0154       -0.1272        0.0810
       0.0001       -0.0004       -0.0004
       0.0007        0.0004       -0.0006
      -0.0000        0.0000        0.0000
      -0.0010       -0.0100        0.0014
       0.0000       -0.0007        0.0031
      -0.0028       -0.0017       -0.0015
       0.0002        0.0001        0.0002
       0.0017        0.0006       -0.0002

3192.989725040164
      -0.0046        0.0109       -0.0634
      -0.0259       -0.1710        0.1167
      -0.0395       -0.1512       -0.0756
      -0.0161       -0.0526       -0.0345
       0.0062        0.0438       -0.0205
       0.0003        0.0030       -0.0025
      -0.0001        0.0000       -0.0000
       0.0001       -0.0001       -0.0002
      -0.0001       -0.0017        0.0007
      -0.0008       -0.0004       -0.0007
       0.0001       -0.0000        0.0001
       0.0001        0.0000       -0.0000
      -0.0000       -0.0004       -0.0000
       0.0232        0.0012        0.2103
       0.0893        0.5724       -0.3719
       0.1301        0.4945        0.2563
       0.0502        0.1720        0.0910
      -0.0175       -0.1442        0.0907
      -0.0002        0.0006        0.0006
      -0.0002       -0.0001        0.0002
       0.0001       -0.0001        0.0001
       0.0006        0.0057       -0.0008
      -0.0001        0.0003       -0.0013
       0.0022        0.0014        0.0012
      -0.0002        0.0001       -0.0003
       0.0001       -0.0001        0.0002

3207.6332454088465
       0.0261        0.0089        0.2195
      -0.0213       -0.1311        0.0766
       0.0204        0.0829        0.0303
      -0.0091       -0.0285       -0.0226
      -0.0087       -0.0670        0.0385
       0.0007        0.0032       -0.0001
       0.0002       -0.0001        0.0001
       0.0004       -0.0002       -0.0003
      -0.0001       -0.0011        0.0001
      -0.0006       -0.0012       -0.0001
      -0.0001        0.0000        0.0001
      -0.0002        0.0001        0.0000
       0.0007        0.0007        0.0006
      -0.0820       -0.0212       -0.7085
       0.0641        0.4082       -0.2603
      -0.0650       -0.2486       -0.1248
       0.0279        0.0951        0.0519
       0.0268        0.2218       -0.1421
       0.0000        0.0005        0.0005
      -0.0011       -0.0006        0.0010
      -0.0004        0.0009       -0.0005
       0.0004        0.0037       -0.0006
      -0.0001       -0.0000        0.0000
       0.0019        0.0011        0.0006
       0.0001       -0.0001       -0.0002
      -0.0020       -0.0007        0.0001

3219.47720031545
      -0.0048        0.0024       -0.0494
       0.0035        0.0210       -0.0113
      -0.0221       -0.0800       -0.0504
       0.0015        0.0048        0.0022
      -0.0270       -0.2245        0.1486
       0.0021        0.0070        0.0044
      -0.0000       -0.0008        0.0001
      -0.0001       -0.0004        0.0002
      -0.0005       -0.0008        0.0004
       0.0005       -0.0022        0.0018
       0.0003        0.0002        0.0000
      -0.0002        0.0003        0.0001
       0.0005        0.0017        0.0009
       0.0174        0.0030        0.1524
      -0.0099       -0.0623        0.0393
       0.0686        0.2595        0.1377
      -0.0035       -0.0121       -0.0059
       0.0890        0.7434       -0.4831
       0.0003        0.0002        0.0002
       0.0007        0.0004       -0.0005
      -0.0005        0.0008       -0.0004
       0.0002        0.0023       -0.0002
       0.0005        0.0003       -0.0026
      -0.0016       -0.0017       -0.0021
      -0.0001        0.0002        0.0001
      -0.0010        0.0006        0.0002

3564.8999028453013
       0.0000       -0.0001        0.0001
      -0.0001        0.0000       -0.0001
      -0.0000       -0.0004       -0.0002
       0.0003        0.0006        0.0008
       0.0003        0.0005        0.0001
       0.0007       -0.0019        0.0003
       0.0026       -0.0170        0.0083
      -0.0001        0.0001       -0.0012
      -0.0038       -0.0021        0.0001
       0.0076        0.0059        0.0001
       0.0049        0.0030        0.0040
      -0.0045        0.0097       -0.0046
       0.2162        0.1010       -0.0496
      -0.0000       -0.0000        0.0005
      -0.0001       -0.0008        0.0010
       0.0003        0.0012        0.0009
      -0.0003       -0.0009       -0.0008
      -0.0020       -0.0019       -0.0002
      -0.0007        0.0005       -0.0001
       0.0014        0.0008       -0.0002
      -0.0037        0.0032       -0.0032
       0.0031       -0.0038       -0.0006
      -0.0005        0.0006        0.0007
      -0.0171       -0.0174       -0.0027
      -0.0071        0.0151       -0.0149
      -0.8613       -0.3999        0.1924

3633.1488165389433
      -0.0001       -0.0001       -0.0001
      -0.0000        0.0000        0.0001
       0.0000        0.0000       -0.0000
      -0.0000       -0.0002        0.0000
       0.0001        0.0001        0.0000
      -0.0000       -0.0001       -0.0000
      -0.0048       -0.0035       -0.0028
      -0.0005        0.0014       -0.0002
       0.0054        0.0024       -0.0003
       0.0007        0.0001        0.0001
      -0.1016        0.1672       -0.1800
       0.0017       -0.0032        0.0023
       0.0047        0.0022       -0.0011
       0.0001        0.0000        0.0002
       0.0001        0.0002       -0.0003
       0.0001        0.0001        0.0001
       0.0002        0.0003        0.0002
      -0.0002        0.0002       -0.0000
       0.0002       -0.0005       -0.0005
      -0.0001       -0.0004        0.0002
       0.0008       -0.0056        0.0025
      -0.0026       -0.0095        0.0016
       0.0018       -0.0008        0.0084
       0.0002       -0.0001       -0.0001
       0.3691       -0.5957        0.6614
      -0.0193       -0.0089        0.0040

