JOB 0
COORDS  2.6110550673e+00 -4.2197210210e+00 -8.8669464339e-01  1.7148531558e+00 -1.3095121571e+00 -2.6858066421e-02  6.0266312206e-01 -7.9596022986e-01  6.3662582363e-01  1.7699063814e+00 -1.0431199996e+00  2.7506213100e+00  2.8795491370e+00 -1.6971429881e+00  6.5054424767e-01  2.8751571901e+00 -1.5225236852e+00  2.0434158319e+00  6.4757660718e-01 -6.8030268031e-01  2.0230970015e+00  3.6061851901e+00 -3.2182239833e+00 -1.2786957303e+00  4.0500476074e+00 -2.2934595845e+00 -1.1907851481e-01  1.8197931090e+00 -5.0064481335e+00 -5.5994541457e-01  4.8381237614e+00 -1.2013423351e+00 -7.1639220774e-01  4.0730242135e+00 -1.8030848162e+00  2.8569813466e+00  3.9044467467e+00 -2.2480055240e+00  3.9932914480e+00  5.1781258896e+00 -1.5434650553e+00  2.3593066503e+00 -4.2769707068e-01 -1.9418647971e-01  2.6801161266e+00  1.6709457844e+00 -1.4133452942e+00 -1.1051864291e+00 -2.9157760123e-01 -4.9812914293e-01  9.8405220451e-02  1.7969219150e+00 -9.4643748842e-01  3.8296212512e+00  4.4902878928e+00 -3.7470815298e+00 -1.6523465410e+00  3.2349021713e+00 -2.6222737361e+00 -2.1173825737e+00  4.6501695263e+00 -2.9080906318e+00  5.6020135103e-01  5.6672093073e+00 -1.5942269094e+00 -1.1640548885e+00  5.1848793046e+00 -6.1660664496e-01  4.3710295372e-02
ENERGY -7.623398257645e+02
GRADIENT  3.1260139291e-05  2.5906767917e-05 -1.1327863143e-04  2.2629368046e-05 -3.7797446049e-06 -1.4048120554e-04 -9.8255654791e-05  3.7614336776e-05 -2.0137828492e-05  4.0904822681e-06  4.2498157697e-06  4.7243208966e-05 -1.4588913220e-04  7.2959023127e-05  6.1240001694e-05  5.5529501465e-05 -1.4870731439e-04  1.5559025508e-04  9.6240000283e-05 -4.0666743728e-05 -9.0386126026e-05 -2.3401419194e-03 -4.4408600154e-05  9.9938555440e-04 -1.7816448068e-03 -7.0624188038e-04  1.2246791897e-03  7.6804402423e-06  8.4038832776e-06  5.0385836213e-05  8.6970948561e-06  4.5601700491e-05 -6.1654085584e-05  8.5049039991e-05  2.4376804871e-04  1.4214870300e-04 -8.0051449999e-05 -8.5477476256e-05 -6.7967038679e-05  6.9292750784e-05 -4.6309414994e-05 -5.3904160066e-05  7.5958559969e-05 -3.3223600726e-05 -5.1411961218e-05 -1.1632507198e-05  1.8067494388e-07 -2.8937175878e-05  7.7334978999e-07 -4.7040098250e-06 -3.0626489456e-05  2.0999710691e-05 -1.0091214201e-05  5.6405455060e-06  1.2802905737e-05  2.5727718267e-05 -3.7054924455e-05  2.1286755001e-03  8.8168734940e-05 -9.0538247454e-04  1.8579337254e-03  5.9561426077e-04 -1.1418003766e-03 -1.3703446421e-06 -1.5432790315e-05  5.5969697747e-06 -9.0462005583e-06 -1.5070780327e-05  1.5093800439e-05

JOB 1
COORDS  3.0526913110e+00 -4.2086092988e+00 -7.4320057386e-02  1.8794226678e+00 -8.1141128807e-01  3.3484309687e-03  6.9952404527e-01 -4.3485433777e-01  6.4165415344e-01  1.5474433445e+00 -1.3611428510e+00  2.7156600091e+00  2.9130610168e+00 -1.4829519562e+00  6.7408924273e-01  2.7095936721e+00 -1.7473971286e+00  2.0416882489e+00  5.5350888126e-01 -7.1939613919e-01  1.9959326633e+00  3.9312364910e+00 -3.2886285119e+00 -8.0046684936e-01  4.1419492161e+00 -1.8981930575e+00 -1.2326014555e-01  2.3225776442e+00 -4.9282843090e+00  4.7362976128e-01  4.3844170697e+00 -9.3080990734e-01 -1.2118808157e+00  3.7151085178e+00 -2.4451988244e+00  2.8703099023e+00  3.6682582396e+00 -2.2725143302e+00  4.0915331951e+00  4.5467357114e+00 -3.1645587467e+00  2.3038232885e+00 -5.8437007114e-01 -3.5754686455e-01  2.6293599771e+00  2.0239522309e+00 -5.8663774805e-01 -1.0475142325e+00 -9.8668581261e-02  7.0569335478e-02  1.0678529917e-01  1.4282928881e+00 -1.5690614474e+00  3.7717280438e+00  4.8994678643e+00 -3.7771015663e+00 -9.5028368444e-01  3.4944133238e+00 -3.1147592857e+00 -1.7897926943e+00  5.0007284709e+00 -1.9819877063e+00  5.4306190067e-01  5.1770453630e+00 -1.2504776790e+00 -1.7685554560e+00  4.6649719034e+00 -3.7065197529e-02 -8.0873600200e-01
ENERGY -7.623387445110e+02
GRADIENT  2.0376550658e-05  1.1721990562e-04  1.1694319641e-04  3.6422984018e-05  8.7071690456e-05 -1.3752417586e-04  2.9066899640e-04 -1.8599702341e-04  2.0763374067e-04  4.8972267272e-05  1.1610400429e-04 -4.8610189212e-04 -1.1676319924e-04 -1.8242187352e-05  4.7579241734e-05  2.0242042033e-04 -1.4838158099e-04 -1.5383426630e-04 -4.2528974876e-04  1.5364051668e-04  1.7209104979e-04 -1.4741771376e-03 -6.7104583690e-05  5.0488814498e-04 -8.5332675831e-04 -6.3918431481e-04  1.2324786649e-03 -1.6569755246e-05 -5.3146177375e-05 -8.0205413337e-05  6.7103807915e-05  4.6604105797e-05  4.3776840442e-05 -1.8664902484e-04 -2.0670523455e-05  3.1114097599e-06  3.3592872360e-04 -1.9032006168e-04  1.4230461464e-04  1.4710435111e-05  2.7592347139e-04 -6.0955004198e-05 -2.2096731555e-04  8.2232067384e-05  1.2395245545e-04  1.6493872768e-05 -2.2404195990e-05  3.9621102749e-06  1.8846011627e-05 -1.3466018677e-05  5.4622461679e-05 -3.1329469803e-05  3.7602307851e-05 -9.6093643416e-05  2.4222260335e-05  2.1425658859e-06  4.0648680253e-07  1.3309678656e-03  7.8102930782e-05 -5.6966367002e-04  9.2616032039e-04  4.2397731764e-04 -9.5016315797e-04 -5.2169513178e-05 -2.5568851204e-05 -2.9891864804e-05  4.4610166931e-05 -1.8336880543e-06 -2.4743229602e-05

JOB 2
COORDS  2.9387347798e+00 -4.1389084063e+00 -1.2128702443e-01  1.8698934812e+00 -8.0778040888e-01  2.1573577896e-02  6.9665091579e-01 -4.3307793821e-01  6.7377159365e-01  1.5686468055e+00 -1.3583170088e+00  2.7401452987e+00  2.9115862693e+00 -1.4761518200e+00  6.8135607063e-01  2.7211545279e+00 -1.7427736562e+00  2.0501373482e+00  5.6760883417e-01 -7.1655385015e-01  2.0298946504e+00  4.0128619269e+00 -3.3300398613e+00 -7.0261746055e-01  4.1438846757e+00 -1.8826913835e+00 -1.1527606056e-01  2.0680766125e+00 -4.7672141069e+00  3.2445700869e-01  4.3289026876e+00 -9.6312848243e-01 -1.2546492924e+00  3.7306482132e+00 -2.4563473508e+00  2.8553095442e+00  3.7221500010e+00 -2.2765218882e+00  4.0760164554e+00  4.5264859915e+00 -3.2013710188e+00  2.2685642515e+00 -5.6336671321e-01 -3.5542726724e-01  2.6757280533e+00  1.9981418185e+00 -5.9020300929e-01 -1.0327685037e+00 -1.0973498998e-01  6.8313358675e-02  1.4743500941e-01  1.4607565741e+00 -1.5694240077e+00  3.7969677917e+00  4.9539660520e+00 -3.8710565141e+00 -5.7186471903e-01  3.8215186358e+00 -3.2450490079e+00 -1.7773209925e+00  5.0125648534e+00 -1.8834323954e+00  5.4599439852e-01  5.1374784654e+00 -1.2670227048e+00 -1.7967302259e+00  4.5592055663e+00 -3.4184749532e-02 -9.0184865339e-01
ENERGY -7.623379571264e+02
GRADIENT -1.1419155806e-05 -4.5520726839e-06  2.0527114266e-05  6.9852300783e-06 -2.3765513331e-05  7.4892616859e-05 -7.0869270670e-05  5.0140893137e-05 -4.8380735561e-05 -2.2815921277e-05 -2.5046163196e-05  1.2301647255e-04  3.3300005906e-05 -1.1600149447e-05 -4.2315006839e-05 -4.3941227796e-05  3.1157758837e-05 -9.2582835933e-05  9.4258780414e-05 -2.8589157034e-05 -4.5257994715e-05 -1.3487994339e-03  9.5711269725e-05  8.5383803013e-05 -6.1179902487e-04 -4.0298635144e-04  1.0908530804e-03 -9.6612025752e-06 -9.3045837237e-06  1.1672591166e-05 -9.0157865196e-06 -1.5831438232e-05  1.3967797987e-05 -1.1620131578e-04  4.2416444127e-05  1.1101572532e-05  9.4808720788e-05 -4.3612226207e-05  1.4133289549e-05 -1.7666317627e-05  2.9037577209e-05  5.8994889533e-05  4.3288647425e-05 -7.2428414436e-06 -2.1288992053e-05  2.5533378491e-07 -3.1512022191e-06  4.3052019424e-06 -4.4910022158e-06  5.3890626822e-06 -1.1317101718e-05 -3.8318588707e-06  4.2925633248e-06  1.5879405055e-05 -2.8349187999e-07  3.4283029883e-06  1.5553281425e-05  1.2323787818e-03 -1.8621808170e-05 -2.1701341458e-04  7.3946100369e-04  3.1101130640e-04 -9.5452155439e-04  4.2846123136e-06 -2.6954062101e-06  1.0918890461e-06  3.6082100593e-06  1.2156435294e-08 -2.6431185307e-06

JOB 3
COORDS  2.8106479949e+00 -4.0715798407e+00 -2.7181980425e-01  1.8459766758e+00 -8.3877650715e-01  3.4591422056e-02  6.7726387609e-01 -4.5496705376e-01  6.8941379060e-01  1.5693307932e+00 -1.3336658221e+00  2.7666045879e+00  2.8965228120e+00 -1.4890801274e+00  6.9844027490e-01  2.7158722302e+00 -1.7293860919e+00  2.0729794269e+00  5.6035641576e-01 -7.0899471546e-01  2.0523505252e+00  4.0535564055e+00 -3.3741493202e+00 -6.1439785487e-01  4.1328345973e+00 -1.8943711031e+00 -9.6427167409e-02  1.8184215668e+00 -4.6142946066e+00 -2.1429657627e-03  4.2787644422e+00 -1.0109849431e+00 -1.2675409278e+00  3.7300440148e+00 -2.4321019000e+00  2.8785886066e+00  3.7554347263e+00 -2.2124757758e+00  4.0922337884e+00  4.4944197809e+00 -3.2140585825e+00  2.2968384802e+00 -5.6556459696e-01 -3.3678321851e-01  2.7006146126e+00  1.9599150669e+00 -6.4750443802e-01 -1.0263455491e+00 -1.3584063021e-01  3.0702748996e-02  1.5876041852e-01  1.4715679566e+00 -1.5237783268e+00  3.8284825787e+00  4.8841603454e+00 -3.9567218194e+00 -2.1116290121e-01  4.1342207077e+00 -3.3688184387e+00 -1.7058133151e+00  5.0013892913e+00 -1.8431326616e+00  5.6576214932e-01  5.1069752743e+00 -1.2896582721e+00 -1.7924764154e+00  4.4512990046e+00 -5.6718878935e-02 -9.5135704590e-01
ENERGY -7.623376089242e+02
GRADIENT -4.0284169540e-05  4.0551555771e-05  6.7986451221e-05  5.9856208668e-05  9.9598374770e-06  7.3236144674e-07 -2.5594729442e-05 -2.6631490203e-06  7.3911969692e-06  3.8737236528e-05 -9.0344980817e-06  1.0476433408e-04 -2.4965672075e-06  7.7749267194e-06 -4.5914123070e-05 -1.2611879902e-04 -2.8651937861e-05 -7.2670188899e-05  3.9377913986e-05 -1.2094184187e-05 -6.0237960122e-05  9.8267881862e-05 -1.4804978063e-05 -6.2449351269e-05  1.9848868595e-05 -6.6819066142e-06 -1.5176804343e-05  4.1612449254e-06 -3.3288789194e-05 -6.0657732446e-05 -3.1895083925e-05 -2.2418141100e-05 -7.4564848838e-06 -4.8718604467e-05  1.5513302680e-04  3.5753548227e-05  4.6633808871e-05 -9.8673968373e-05 -1.0003464821e-05 -3.9977644709e-05  1.8415239860e-05  2.5191019771e-05  1.8669207472e-05 -3.2388266529e-06 -5.9208022301e-06 -1.2895079806e-05  1.7915394328e-06 -1.3036050617e-05  1.2932907243e-05  1.7893738363e-05 -1.2318070795e-05 -1.4102645341e-05 -2.3369362755e-06  1.8709655558e-05 -1.9227863585e-05 -1.2522624626e-05  1.7123452252e-05 -5.0951969914e-05 -2.9354431579e-06  3.4722175145e-06 -2.0680637188e-05 -6.3201013148e-06  3.4603261638e-05  2.3090855044e-05  1.0069109936e-05  1.3810736297e-05 -1.2022288112e-05  3.8472341839e-06  6.2143074591e-06

JOB 4
COORDS  2.5411201992e+00 -3.5993440375e+00 -1.1751335477e+00  2.1911931183e+00 -5.3991785374e-01 -1.7589323299e-01  1.0663516055e+00 -1.7923701249e-02  4.5836807434e-01  1.6639259816e+00 -1.2211617388e+00  2.4773995095e+00  3.0733366172e+00 -1.4217266641e+00  4.6738612886e-01  2.7677882828e+00 -1.7488061682e+00  1.8009223926e+00  8.2280573891e-01 -3.6800326448e-01  1.7828970946e+00  3.9722258429e+00 -3.3173647757e+00 -1.0138496692e+00  4.2763868975e+00 -1.9522301680e+00 -3.0850497861e-01  1.4052647402e+00 -3.8142043037e+00 -1.3004926632e+00  4.6654555553e+00 -9.7367736134e-01 -1.3359889356e+00  3.5943976190e+00 -2.6850313184e+00  2.5829202502e+00  4.2199274317e+00 -3.5609411969e+00  1.9693607440e+00  3.6068786607e+00 -2.5547184235e+00  3.8094388584e+00 -2.6162372236e-01  1.3607321408e-01  2.4122905451e+00  2.4007658796e+00 -2.7757774744e-01 -1.2064839987e+00  3.8155919169e-01  6.4617382245e-01 -5.9779612244e-02  1.4704360681e+00 -1.4828473061e+00  3.5105604191e+00  4.4171269606e+00 -4.1380099802e+00 -4.4998735532e-01  4.4003805300e+00 -3.3014265571e+00 -2.0209806480e+00  5.0729705085e+00 -2.1559212328e+00  4.1360457386e-01  5.4876639010e+00 -1.3156901345e+00 -1.8312901037e+00  4.9420141343e+00 -1.0053812127e-01 -8.8787108853e-01
ENERGY -7.623382370439e+02
GRADIENT -2.4808686562e-05 -2.3202057987e-05  2.2687182724e-05 -1.5409079980e-05  5.9201962255e-06 -1.2091518278e-05  9.2149960336e-06 -3.0050209236e-06  1.9100734295e-05 -1.0205871148e-05 -3.3821660117e-05  6.2587120982e-05  1.8586002005e-05  2.0124115312e-05  6.7096953200e-06 -3.8274630624e-05  1.5523373156e-05 -2.3390409643e-05  2.1198442208e-05 -5.9589143371e-06 -9.2669998328e-06  2.5549077829e-03 -1.3687252272e-03  1.5759573599e-03  1.7067064502e-03  9.2933353237e-04 -2.4985631073e-03 -4.3914901623e-06  4.7786139653e-06 -2.5461127831e-06  1.1303020202e-05 -6.2046094255e-05 -1.0965282256e-05  7.5662118801e-05  4.7539067754e-05  1.4258363219e-05 -4.6940744139e-05 -8.7466088812e-06 -2.9117314583e-05 -2.5022993500e-05 -5.3794002858e-06  1.5662233778e-05  1.3857430980e-05 -8.1491587122e-06  1.0349811485e-05 -6.7264168309e-06  3.3551257673e-06  4.2458903874e-06  1.8119588336e-06  4.9092504381e-07  5.9663757220e-06  6.7953587254e-07 -3.3553250200e-06  1.4019004062e-05  5.6300176639e-06  1.7276362728e-05 -1.2498712371e-05 -2.3935380182e-03  1.0498933325e-03 -1.0143676136e-03 -1.8733557257e-03 -5.8347596877e-04  1.9082477217e-03  2.2197466127e-05  9.1299708890e-06  2.0321011826e-05 -2.7828480916e-05  7.4315730089e-06  9.2241307177e-06

JOB 5
COORDS  2.5709231991e+00 -3.4549808000e+00 -1.4744320847e+00  2.1527629457e+00 -6.1719871994e-01 -1.6878361828e-01  1.0339692963e+00 -9.5198931716e-02  4.7567117797e-01  1.7120223499e+00 -1.2063999443e+00  2.5218657977e+00  3.0707303993e+00 -1.4568395160e+00  4.8219296170e-01  2.8084408612e+00 -1.7383333108e+00  1.8355958370e+00  8.3371348978e-01 -3.9880554638e-01  1.8188806332e+00  3.9546062280e+00 -3.3465722451e+00 -9.9360360065e-01  4.2681754093e+00 -1.9820181075e+00 -3.0806015242e-01  1.4739556455e+00 -3.5332897143e+00 -1.8519673881e+00  4.6365184319e+00 -1.0071083564e+00 -1.3426360231e+00  3.6785664594e+00 -2.6202959635e+00  2.6344473154e+00  4.2937983501e+00 -3.5208615691e+00  2.0460544460e+00  3.7356856396e+00 -2.4231766208e+00  3.8506476971e+00 -2.4375725160e-01  1.0673386317e-01  2.4590996692e+00  2.3307063639e+00 -3.8696286675e-01 -1.2126930918e+00  3.2157383014e-01  5.3380431419e-01 -4.8954407691e-02  1.5533632476e+00 -1.4289356477e+00  3.5700450257e+00  4.1501479088e+00 -4.1654116172e+00 -3.0051809427e-01  4.5913125606e+00 -3.4571015668e+00 -1.8777760383e+00  5.0662294550e+00 -2.1897640758e+00  4.1201060278e-01  5.4512190683e+00 -1.3442299466e+00 -1.8529353798e+00  4.9090862437e+00 -1.2778882644e-01 -9.0537615257e-01
ENERGY -7.623403124880e+02
GRADIENT  1.2187108098e-05 -5.2600399767e-06 -4.9321303743e-05  1.5303155250e-05  4.1643595493e-05 -4.1311680003e-06  1.9886416969e-05 -1.7798168193e-05  7.7385262978e-06  4.2612626469e-07  2.9043900421e-05 -6.6267708473e-05 -4.1488458372e-05 -4.1265424017e-06  1.7560569645e-05  1.9422106087e-05 -5.9844588639e-05  1.1407529035e-05 -3.4795083269e-05  1.8260532192e-05  1.8595728064e-05  3.3887474247e-03 -2.7220830237e-03  3.7738018733e-03  2.9254272919e-03  1.5446585329e-03 -4.3914433676e-03 -1.0688132759e-05  1.1375800663e-08  2.5030176166e-05 -1.1261067958e-06 -2.1353957240e-05  1.4150611614e-05  5.7445007936e-05  6.1932648036e-05  1.5428796024e-05 -1.4611285113e-05  1.0616539458e-05  1.6294291350e-05 -2.6425243588e-05 -3.6562251202e-05  1.7355260788e-05 -1.7474702958e-05  2.0044208730e-05  2.7074293617e-06 -1.6873053847e-06 -3.8984481725e-06 -2.1139434466e-06  6.4214122616e-08 -1.1806384053e-06 -1.4461350883e-06 -4.1818666506e-06  3.8331700833e-06 -1.2790812385e-05 -1.4517662766e-05  1.3323538047e-05 -1.2258136536e-05 -3.2227693827e-03  2.0338029922e-03 -2.5734535904e-03 -3.0777629865e-03 -8.7243854813e-04  3.1869961744e-03 -3.4684756731e-06 -6.7226246300e-06 -2.8912454145e-06  4.2826451185e-06 -6.2811637447e-06  1.0827851683e-06

JOB 6
COORDS  2.6122218391e+00 -3.3492544846e+00 -1.6672993156e+00  2.1019066124e+00 -6.4358427363e-01 -1.3330071290e-01  9.9372114144e-01 -1.0993455321e-01  5.2049617411e-01  1.7240184644e+00 -1.1551175070e+00  2.5840896044e+00  3.0385665609e+00 -1.4592153091e+00  5.2219482699e-01  2.8072297920e+00 -1.7019259279e+00  1.8887291449e+00  8.2515959229e-01 -3.7431857922e-01  1.8763738198e+00  3.8872260994e+00 -3.3599633072e+00 -9.3824807217e-01  4.2237406442e+00 -1.9962430309e+00 -2.7724588995e-01  1.5976612258e+00 -3.3365090766e+00 -2.2350391423e+00  4.5826067946e+00 -1.0351030580e+00 -1.3272618120e+00  3.7003053257e+00 -2.5549655915e+00  2.6936443461e+00  4.2884481008e+00 -3.4849547823e+00  2.1233646551e+00  3.8015862845e+00 -2.3051980163e+00  3.8972089600e+00 -2.4107115973e-01  1.4414117363e-01  2.5249791841e+00  2.2589836183e+00 -4.3842739379e-01 -1.1856215395e+00  2.6663782789e-01  5.0023898751e-01 -6.2346046609e-03  1.5908116963e+00 -1.3459252180e+00  3.6421035023e+00  3.8565166140e+00 -4.1389064060e+00 -1.7487642468e-01  4.6689787259e+00 -3.6096547920e+00 -1.6643226738e+00  5.0371139935e+00 -2.2065094216e+00  4.2493845510e-01  5.3722671458e+00 -1.3918115580e+00 -1.8628479657e+00  4.8847791808e+00 -1.5857251835e-01 -9.0481043589e-01
ENERGY -7.623423349500e+02
GRADIENT  2.4086099891e-05  2.4568109976e-05  6.8299353336e-06  1.3714645028e-05 -1.3255982058e-05  6.1576795691e-05 -1.1738509998e-05  5.0208302963e-06 -6.8431607314e-06  8.9722064203e-06  5.4752091322e-06  4.4929429959e-05  6.8615846961e-05 -8.9337456133e-05 -3.8732112279e-05 -2.4141225584e-05  7.8924447844e-05 -2.2145577712e-05  6.5626827730e-06 -9.2448219620e-06  2.7953124598e-06  1.6243782054e-03 -1.9223577145e-03  3.1650221908e-03  2.0443851956e-03  1.0695558051e-03 -3.1592780695e-03 -1.1692068282e-06  2.1597189945e-06 -7.8944520623e-07  2.9799906705e-05 -3.1322816653e-05 -1.1254098678e-05 -9.2055877495e-05 -4.7890323429e-05 -2.7142177675e-05  6.3270932443e-05  2.3427956302e-06  1.4978085265e-05 -5.9507578309e-06  2.3867064743e-06 -4.2057619460e-05 -6.8204681124e-06 -9.8640464733e-06  4.0191383528e-06 -4.2971065954e-06 -1.3168093493e-05  3.0408535197e-06 -5.1685054481e-06 -1.6243944772e-06  5.5665700649e-06 -3.6103911380e-06 -8.7056847010e-06  6.0246604117e-06 -2.9428382196e-05 -1.1890841723e-05  9.4271279531e-06 -1.6068693132e-03  1.4892353679e-03 -2.2175212165e-03 -2.0377537312e-03 -5.8875496227e-04  2.1864762884e-03  5.8418112719e-07  2.2367060899e-05  2.5702303402e-05 -4.2494282598e-05  2.0794083827e-05 -1.0774980120e-05

JOB 7
COORDS  2.7299090788e+00 -3.2886795881e+00 -1.8584070594e+00  2.0661700883e+00 -6.7471753987e-01 -1.1673026541e-01  9.5820021999e-01 -1.5252739610e-01  5.4739138347e-01  1.7312136894e+00 -1.1661569171e+00  2.6121563428e+00  3.0222304965e+00 -1.4702572751e+00  5.3557625279e-01  2.8120471971e+00 -1.7042353569e+00  1.9068159809e+00  8.1178492937e-01 -4.0589525874e-01  1.9080972136e+00  3.8620856198e+00 -3.3629083148e+00 -9.2680409566e-01  4.2027907066e+00 -1.9998003492e+00 -2.7314950434e-01  1.8210666210e+00 -3.2293870939e+00 -2.5810060159e+00  4.5459038505e+00 -1.0372826375e+00 -1.3290610350e+00  3.7283207128e+00 -2.5388612537e+00  2.7044215808e+00  4.3079730705e+00 -3.4746425408e+00  2.1348500132e+00  3.8563814516e+00 -2.2684481395e+00  3.9008881848e+00 -2.5298605085e-01  1.0384445091e-01  2.5660036575e+00  2.2110495433e+00 -4.7347529451e-01 -1.1716514995e+00  2.1569865719e-01  4.4298465553e-01  2.5319949969e-02  1.6151756563e+00 -1.3474814429e+00  3.6739406216e+00  3.6344919897e+00 -4.0889766087e+00 -1.4401020761e-01  4.7376977728e+00 -3.7338562059e+00 -1.4714770440e+00  5.0395285700e+00 -2.2036155007e+00  4.0236715630e-01  5.2972198669e+00 -1.4129793260e+00 -1.9056000856e+00  4.8966678724e+00 -1.7718619761e-01 -9.1055950478e-01
ENERGY -7.623431572580e+02
GRADIENT  1.1280879655e-05 -6.1562082978e-05 -6.8102031014e-05  3.1593754377e-05  2.6433918376e-05 -9.9635280374e-05 -1.6266722673e-06 -1.4890886922e-05  4.4181792144e-05  1.0772607043e-06 -3.0938995148e-05  1.5838449891e-04 -3.7720345510e-05  5.3609852519e-05  4.3238652583e-05 -6.7785887116e-05  1.1452231216e-04 -1.1932631617e-05  5.4999797836e-05 -3.9788377243e-05 -6.5368863937e-05 -6.0101717333e-06  9.1011336170e-05 -1.4197923788e-04 -1.4965232527e-04 -5.0748464405e-05  1.8014794951e-04 -7.0307761272e-06  4.6055836918e-05  2.7484767551e-05 -4.8746601787e-05 -6.3680065586e-05 -5.5963840660e-05 -3.1476666114e-04 -1.2151691715e-04 -1.3520419272e-05  1.6199996491e-04  3.5031861773e-05  1.0435633005e-04  8.9238974413e-05  1.6701417475e-06 -1.0191843639e-04  3.6622792008e-05 -3.2829837640e-05 -9.4579202653e-06 -5.3842449115e-06 -1.0065898709e-06 -4.3694195840e-06  7.0649796126e-06 -7.2350693443e-06 -1.4192718489e-05 -7.6883706762e-06 -1.0114135495e-05  1.6866389320e-05  7.4182885221e-06  3.4273070059e-05 -2.6089186819e-05  3.8896539118e-05 -5.8481180240e-05  1.1095227449e-04  1.1910487669e-04  4.3585163818e-05 -1.0210983882e-04  5.6851060260e-05  1.8961485954e-05  3.5063404120e-06  1.3816611025e-05 -1.1110651140e-07  2.8166079565e-05

JOB 8
COORDS  2.8798090528e+00 -3.2702345628e+00 -2.0138103208e+00  2.0328871728e+00 -6.9461502900e-01 -9.5766225336e-02  9.2654664047e-01 -1.7893146040e-01  5.7678834059e-01  1.7321083848e+00 -1.1687334217e+00  2.6413383853e+00  3.0031432355e+00 -1.4750739182e+00  5.5344068093e-01  2.8094987072e+00 -1.7025253743e+00  1.9277223883e+00  7.9814123286e-01 -4.2208068234e-01  1.9414325547e+00  3.8353908944e+00 -3.3702820259e+00 -9.0495629824e-01  4.1786071854e+00 -2.0005754241e+00 -2.6262877765e-01  2.1063538476e+00 -3.1988361287e+00 -2.8788854855e+00  4.5044294496e+00 -1.0379249632e+00 -1.3264322212e+00  3.7395411544e+00 -2.5307513410e+00  2.7154726698e+00  4.3104458564e+00 -3.4680264577e+00  2.1395544761e+00  3.8827421498e+00 -2.2572243800e+00  3.9094978258e+00 -2.6385037746e-01  8.3655697476e-02  2.6070647234e+00  2.1689999799e+00 -4.9771982452e-01 -1.1529800024e+00  1.7272167943e-01  4.0619951435e-01  5.9112193044e-02  1.6292011117e+00 -1.3433386538e+00  3.7056682700e+00  3.4161192900e+00 -4.0255799923e+00 -1.3827218794e-01  4.7539887513e+00 -3.8596510140e+00 -1.2465525985e+00  5.0381239808e+00 -2.1893760250e+00  3.8693830765e-01  5.2134328224e+00 -1.4311801731e+00 -1.9434499044e+00  4.9031881691e+00 -1.9479701767e-01 -9.1657567047e-01
ENERGY -7.623422375450e+02
GRADIENT  3.1288129311e-05  5.3810605167e-06 -2.7557713175e-05  2.8674499221e-05  2.6876445700e-05 -8.2597796454e-05  1.5165859611e-05 -2.2232445816e-05  4.1921829921e-05  4.3092367730e-06 -4.4984072323e-05  7.0024577249e-05 -3.7553129513e-05  2.5410813682e-05  4.2186120787e-05 -8.1551603614e-05  2.0106691219e-05 -1.1433725855e-05  2.0502425807e-05 -2.0185146655e-06 -4.2690073237e-05 -9.8488721584e-05  1.9985515635e-03 -4.3457100717e-03 -2.4209766426e-03 -1.2487434073e-03  3.7726255204e-03 -9.4462773055e-06  8.7345327872e-06  1.4011149981e-05  4.1750099574e-05 -7.9738644189e-05  2.6412305001e-05  1.3029438535e-04  7.2033036943e-05 -4.5989831824e-05 -5.7187705666e-05 -1.5329470386e-05  5.1783823521e-05 -4.9548234939e-05 -3.7027495693e-05 -1.6540191708e-06  1.2835968283e-05 -7.8740201234e-06  1.9745534884e-07  3.3520248920e-06 -3.8543871179e-06 -9.3571850775e-06  4.3027154693e-06 -8.8065944725e-06 -1.1096126031e-05 -1.0850971784e-05 -1.0342379221e-05  1.2102857983e-05  1.8391951325e-05  1.2161373950e-05  6.9950000766e-06  3.5629861734e-04 -1.4991271228e-03  3.0923040255e-03  2.1113065878e-03  7.5663553921e-04 -2.5255591997e-03  1.6245133338e-06  2.3088681334e-05  1.2595180913e-05 -2.0390328665e-05  1.3452081188e-05 -1.7615459493e-05

JOB 9
COORDS  3.0464925581e+00 -3.3016256176e+00 -2.1673995212e+00  2.0116346149e+00 -6.7589819197e-01 -6.9503096741e-02  9.2503697786e-01 -1.5812535320e-01  6.3342406465e-01  1.7794384890e+00 -1.1600350854e+00  2.6732006828e+00  2.9942875484e+00 -1.4630410577e+00  5.5151752471e-01  2.8347903091e+00 -1.6960948366e+00  1.9289907197e+00  8.3157376258e-01 -4.0594904429e-01  2.0003447718e+00  3.7880591286e+00 -3.3804909086e+00 -9.0459909848e-01  4.1459549431e+00 -1.9930228512e+00 -2.9462458652e-01  2.4527730142e+00 -3.2582838253e+00 -3.1661537497e+00  4.4338928543e+00 -1.0365479123e+00 -1.3760443959e+00  3.7802633301e+00 -2.5362887444e+00  2.6843391390e+00  4.3344939612e+00 -3.4674433735e+00  2.0826472737e+00  3.9531507795e+00 -2.2779067233e+00  3.8777678172e+00 -2.1020273071e-01  1.0268977082e-01  2.6950949631e+00  2.1257534870e+00 -4.7381984695e-01 -1.1286664941e+00  1.6127124696e-01  4.3404427891e-01  1.3869116383e-01  1.7036094411e+00 -1.3384708392e+00  3.7392116888e+00  3.1826399999e+00 -3.9391212813e+00 -1.8725670051e-01  4.6951464968e+00 -3.9796249439e+00 -1.0321985483e+00  5.0324415670e+00 -2.1620154997e+00  3.2217873766e-01  5.0793251728e+00 -1.4494568989e+00 -2.0472948369e+00  4.8922387985e+00 -2.1253480845e-01 -9.9047900097e-01
ENERGY -7.623399768493e+02
GRADIENT -1.0261063952e-04  1.3720880179e-04  1.2233900457e-04  9.8416349804e-06 -5.2754459005e-06  8.9505998226e-05 -1.0323003502e-04  6.7749459643e-05 -3.8530110997e-05 -7.4065758526e-06 -4.0386625974e-05  2.0807229218e-04  6.1310172258e-05  4.2908196876e-06 -5.8134074802e-05 -1.3323576321e-04  1.0782350947e-04 -2.1005146986e-05  1.1908244912e-04 -6.7388083729e-05 -1.0009601389e-04  1.2457811055e-03  2.4684869246e-03 -6.5317865172e-03 -3.5726344449e-03 -1.6338558872e-03  5.6986688064e-03  8.5659709120e-05 -7.7464613663e-05 -5.4579542726e-05  6.8753838463e-05  2.1911623583e-05  2.4300785031e-05 -1.3834609746e-04 -2.3972845899e-05 -6.0552150759e-05  7.8957299177e-05  1.0373939069e-06  6.9585991212e-05  1.7496780916e-05  5.3799361337e-06 -7.2298727233e-05  6.1227887039e-05 -3.4486264769e-05 -3.9300272205e-05  2.5438206644e-06 -6.9896795076e-06  4.2561303434e-06 -5.4030534291e-06  9.4631846270e-06 -2.0277029492e-05 -2.2628724194e-06 -5.8185955517e-06  2.8232414056e-05  2.6567584192e-05 -1.2733247079e-05  1.9752992176e-05 -5.7561204426e-04 -1.8797725967e-03  4.6206878133e-03  2.8729742502e-03  9.7644316843e-04 -3.8275335451e-03 -4.2998768552e-05 -3.4278287378e-06 -3.7232245879e-06 -1.1344232182e-05 -1.9280150058e-06 -1.4019679024e-05

JOB 10
COORDS  3.2761524498e+00 -3.3867566818e+00 -2.3044467437e+00  1.9700826896e+00 -6.1327070786e-01 -5.6405330979e-02  9.1019629356e-01 -8.1808181816e-02  6.7681866361e-01  1.7887668370e+00 -1.1257471410e+00  2.6839088334e+00  2.9500696453e+00 -1.4276227966e+00  5.3227988226e-01  2.8167344300e+00 -1.6735616015e+00  1.9103181377e+00  8.4135862632e-01 -3.4420097298e-01  2.0425755147e+00  3.7064951779e+00 -3.3848702187e+00 -9.0268678509e-01  4.0773566544e+00 -1.9697269239e+00 -3.4178562923e-01  2.9494967371e+00 -3.4088717400e+00 -3.4203084615e+00  4.3276103262e+00 -1.0277250977e+00 -1.4427976879e+00  3.7620592233e+00 -2.5421898299e+00  2.6326831398e+00  4.2911824695e+00 -3.4687554890e+00  2.0021443651e+00  3.9588256684e+00 -2.3115985127e+00  3.8280170881e+00 -1.7428802748e-01  1.7686433629e-01  2.7662614537e+00  2.0664890445e+00 -4.0005084274e-01 -1.1152592709e+00  1.4885552156e-01  5.3322384936e-01  2.0678907338e-01  1.7334488113e+00 -1.3161403160e+00  3.7490963130e+00  2.9029089677e+00 -3.8185786924e+00 -3.0382100014e-01  4.5519943761e+00 -4.0668475219e+00 -7.7962676899e-01  4.9762986919e+00 -2.1166083666e+00  2.6266415842e-01  4.9343417293e+00 -1.4490797756e+00 -2.1436719230e+00  4.8098357688e+00 -2.0542718345e-01 -1.0838022754e+00
ENERGY -7.623376618435e+02
GRADIENT -1.3012118091e-04  4.3331667730e-05  5.7693957899e-05  1.0697431314e-05  1.8241630266e-06  2.3680554431e-05 -1.0399935881e-05  2.9462956814e-06 -3.2794144378e-06 -9.2560272226e-06  4.4573727086e-05 -1.4308880738e-04 -3.1632843681e-05  6.4838189940e-06  3.5003608199e-05  6.6175714940e-05 -7.4912918450e-05  5.3744520596e-05 -5.3460200327e-05  2.5400408788e-05  3.8401610229e-05  1.8436025918e-03  1.2024889843e-03 -4.3796432209e-03 -2.5892452692e-03 -8.7864517783e-04  3.9779269370e-03  8.5067285517e-05 -2.5858717049e-05 -1.7103281230e-05  2.9949200988e-05 -2.6840333257e-06 -2.7837445339e-06  5.0981331902e-05  2.9284422756e-05 -5.7390791648e-05  2.5665313052e-05 -1.9242323467e-05  4.1948714616e-05  6.1571242383e-06 -4.9800103742e-05  2.7828686349e-06 -3.1694073534e-05  1.3802172563e-05  7.2556296817e-06 -4.6234158044e-06 -5.4207987840e-06  5.1633981310e-06 -5.9450296790e-06 -3.0742556168e-06  8.9108516811e-06  3.6643320050e-06 -6.2130263978e-07 -1.9829075814e-05  1.9836393276e-05 -1.2504851046e-05  3.3281401859e-05 -1.1725132185e-03 -9.0072070806e-04  3.0927772199e-03  1.9105865467e-03  5.4250211609e-04 -2.6830364042e-03 -3.7700975530e-06  9.5319194334e-06  5.5795519692e-06 -1.2332733957e-05  1.1204759779e-05 -1.0732033849e-05

JOB 11
COORDS  3.5677753221e+00 -3.4957432673e+00 -2.3686974677e+00  1.9374850266e+00 -6.0340854724e-01 -1.2363135792e-02  9.0539692806e-01 -6.5192579652e-02  7.5458076337e-01  1.8364603059e+00 -1.1228364082e+00  2.7294282844e+00  2.9295198926e+00 -1.4281778556e+00  5.4136459191e-01  2.8358412017e+00 -1.6758943989e+00  1.9223182740e+00  8.7592819866e-01 -3.3160075531e-01  2.1210277036e+00  3.6232089465e+00 -3.3961538122e+00 -9.0655767251e-01  4.0283873186e+00 -1.9731916839e+00 -3.7221006817e-01  3.5527210090e+00 -3.5871214088e+00 -3.5281620368e+00  4.2389366814e+00 -1.0299442332e+00 -1.4762537342e+00  3.7951856506e+00 -2.5529911792e+00  2.6156607117e+00  4.2989969691e+00 -3.4818416129e+00  1.9686961718e+00  4.0283527263e+00 -2.3254692949e+00  3.8049402560e+00 -1.1279697215e-01  1.9502184381e-01  2.8771904310e+00  2.0027346515e+00 -3.8569092633e-01 -1.0726838697e+00  1.3613527067e-01  5.5899096447e-01  3.1017953806e-01  1.8132343834e+00 -1.3166918613e+00  3.7951612343e+00  2.6480848100e+00 -3.6900513413e+00 -5.1231040389e-01  4.3392597504e+00 -4.1368706092e+00 -5.4537798140e-01  4.9327113244e+00 -2.1209372408e+00  2.2504104429e-01  4.8384192433e+00 -1.4382295780e+00 -2.1907744652e+00  4.7097962699e+00 -1.9746137624e-01 -1.1260502060e+00
ENERGY -7.623367975104e+02
GRADIENT -2.6454418207e-05 -1.0958189509e-05 -7.4422686151e-06 -2.8343498453e-05 -2.3360092701e-05  8.2258491722e-05  2.6912150404e-05 -2.2264189969e-05  4.2674252540e-06  1.8051119504e-05  1.2994915679e-05 -5.1849145510e-05  6.9754628380e-05 -4.5234460752e-05 -2.5060821036e-05 -6.3063087419e-07  7.1862983515e-05 -2.3580276739e-05 -4.4100080668e-05  1.8634855475e-05  4.2142792733e-05 -2.8787036384e-04 -1.1697213558e-04  4.7437242383e-04  3.2310513599e-04  1.2039114835e-04 -5.0285754495e-04  8.0896399879e-06 -1.0027003435e-05  1.4781732518e-06  6.7552015722e-05 -8.0531530068e-06  4.2214554022e-05 -1.1404253464e-04 -7.0172398520e-05 -1.6031780230e-05  8.0505570765e-05  1.1431784675e-05  6.2162416820e-06  4.6635378534e-05  1.7931407503e-05 -4.9560378718e-05 -3.1749405950e-05  1.3329109080e-05  3.0522450453e-05  5.3001671816e-06 -1.4731775359e-05  1.5750368218e-05 -3.3122479211e-06 -7.4047351513e-06  1.8663432758e-05  4.8049686411e-06  6.0210675630e-06 -3.4741739485e-06 -7.7825963732e-07  3.3987491795e-07 -4.7194926279e-06  2.2510106728e-04  5.5383849325e-05 -3.1930800283e-04 -2.0783486815e-04 -6.1792171151e-05  3.1424845615e-04 -3.0396853310e-05  4.7061271093e-06 -1.3460881624e-05 -4.4937589679e-06 -3.4045235383e-06 -1.7994409285e-05

JOB 12
COORDS  3.8156779188e+00 -3.5749490677e+00 -2.3675195726e+00  1.8864298603e+00 -6.0495614654e-01  1.6529526233e-02  8.7635818143e-01 -5.8011049792e-02  8.0535908543e-01  1.8557914698e+00 -1.1077838785e+00  2.7610746460e+00  2.8907447548e+00 -1.4309314811e+00  5.4774896424e-01  2.8335621211e+00 -1.6685575980e+00  1.9323387908e+00  8.8166294801e-01 -3.1816704682e-01  2.1734599419e+00  3.4811555296e+00 -3.3708522406e+00 -9.5319314721e-01  3.9604668527e+00 -1.9821120311e+00 -4.0000568807e-01  4.1139122597e+00 -3.7316237880e+00 -3.4809723338e+00  4.1711834460e+00 -1.0215778707e+00 -1.4855369858e+00  3.8110114931e+00 -2.5369609473e+00  2.6139068180e+00  4.2979962637e+00 -3.4774726429e+00  1.9717056543e+00  4.0753156875e+00 -2.2883542965e+00  3.7924412487e+00 -8.6057314373e-02  2.1448323817e-01  2.9519145839e+00  1.9252245670e+00 -3.9082628219e-01 -1.0459305962e+00  9.8776332281e-02  5.6748452520e-01  3.7754158995e-01  1.8598617776e+00 -1.2943223641e+00  3.8283194546e+00  2.4020322267e+00 -3.4927804846e+00 -8.3618811194e-01  3.9820010915e+00 -4.1638875610e+00 -3.9543881118e-01  4.8553535159e+00 -2.1782948628e+00  1.9825397755e-01  4.7907308492e+00 -1.4122219837e+00 -2.1932995602e+00  4.6216300052e+00 -1.8574238644e-01 -1.1171237256e+00
ENERGY -7.623381485575e+02
GRADIENT -1.0159479222e-04 -2.7707837784e-05  1.1696556122e-04 -1.7404722788e-05 -3.9868651758e-05  2.2542299161e-04 -1.9018773435e-04  1.5001990633e-04 -1.1505903600e-04 -2.2579687956e-05  2.3103519140e-05  7.1293798618e-05  1.0549269988e-04 -8.6437920657e-05 -6.2968527080e-05  7.8037212232e-06  1.1298505273e-04  4.2869005910e-05  1.3130019762e-04 -7.7874238623e-05 -7.5299036540e-05 -4.6501758456e-03 -1.9237877559e-04  4.2731700619e-03  3.8822325380e-03  7.5374725882e-04 -5.0108634646e-03  4.4577428392e-05  2.2870635002e-05 -6.0693566093e-06  8.3816906630e-05  2.2560301742e-05 -5.8755217426e-05 -1.6841544779e-04 -1.4140023568e-05 -9.0999043613e-05  1.3124454584e-04 -2.2481863496e-05  1.2018014873e-04  4.3287730695e-05 -3.8881988437e-05 -9.2054154623e-05  4.9534350900e-05 -1.6733252432e-05 -5.7377206645e-05 -3.5644463122e-06  1.1231981123e-07  2.9998911011e-05 -2.4354532542e-05  1.1356740073e-05 -1.0396971419e-05  1.9059432781e-05 -9.8201063250e-06  5.8612384606e-06 -4.7995428441e-05 -3.1849862419e-05  1.1682731340e-05  3.4467430294e-03  7.3879161402e-05 -3.0573333274e-03 -2.5997951700e-03 -5.9395693281e-04  3.7180616730e-03 -3.9273433891e-05  3.0755223159e-06 -2.4174509428e-05 -2.7732179107e-05 -2.6791095151e-05 -5.6496778826e-06

JOB 13
COORDS  4.6101140553e+00 -4.2379646626e+00 -1.6360146995e+00  1.8828627152e+00 -1.1090093466e+00 -1.4411051311e-01  7.6768807549e-01 -5.5754509416e-01  4.8305014906e-01  1.7801662714e+00 -1.0027174256e+00  2.6418499301e+00  2.9629215713e+00 -1.6442903451e+00  5.7747516471e-01  2.8685818219e+00 -1.5797516430e+00  1.9788081886e+00  7.3696900667e-01 -5.1201863686e-01  1.8745798357e+00  3.8543848509e+00 -3.7347262681e+00 -4.8126842069e-01  4.1438363565e+00 -2.2261018719e+00 -2.0517162801e-01  5.2332238941e+00 -4.6061858104e+00 -2.5467501503e+00  4.2933817344e+00 -1.4911878024e+00 -1.4629686239e+00  3.9236549563e+00 -2.1179608213e+00  2.8583533756e+00  4.5638769716e+00 -3.1012469362e+00  2.4621574656e+00  4.0960831753e+00 -1.5676005696e+00  3.9482750644e+00 -3.3499479075e-01  2.7683381453e-02  2.4954145149e+00  1.9465492200e+00 -1.1255701207e+00 -1.2267522981e+00 -6.5263277699e-02 -1.5951822644e-01 -8.8440838708e-02  1.7548686210e+00 -9.4914105900e-01  3.7236730094e+00  2.7905374644e+00 -3.9063709665e+00 -6.6144618818e-01  4.1792774675e+00 -4.3162825464e+00  3.8348535364e-01  5.0198292576e+00 -2.1872405048e+00  4.4990812164e-01  5.0242293221e+00 -1.9161532720e+00 -2.0319852224e+00  4.5843777278e+00 -5.3497630895e-01 -1.2669123661e+00
ENERGY -7.623409244062e+02
GRADIENT -2.9664613077e-05  3.7298141719e-07 -3.9763179373e-06 -1.5028925363e-05  2.1951408141e-05 -2.5223810603e-05  2.9627248218e-05 -7.6249576042e-06  1.3289172634e-05 -1.1297750295e-05 -6.2811072697e-06 -7.9571566287e-05 -2.8925201621e-05  1.2705690248e-05  9.7343324795e-06  4.3456864118e-05 -5.3292704285e-05  3.7111865176e-05 -4.1526945767e-05  2.7239837383e-05  2.7709989390e-05 -6.7975636956e-03  6.2378266541e-04  3.6021987212e-03  5.0271984816e-03  1.3852020212e-04 -5.7524825067e-03  7.4955040419e-06  9.9628562788e-06  3.0960630841e-06  1.2585345253e-05 -5.1234672041e-05 -1.1609139003e-05  8.1949963105e-05  5.3726818308e-05  6.0721443228e-07 -5.7223813924e-05 -4.7954674711e-06  2.4675444344e-07 -1.6251195683e-05 -1.0203983004e-05  4.8376789933e-05 -1.7925604148e-05  1.8705470077e-05  5.6945772366e-06 -4.0636982719e-06  4.3646092395e-06  5.6997545321e-07  1.2986166858e-06  4.8367093640e-06  6.1683396840e-06 -4.5018618043e-06 -1.5317220907e-07 -8.7259022063e-06 -6.5230498830e-06  3.5594387441e-06  2.2471094440e-05  5.0189813139e-03 -5.3589863973e-04 -2.2563462544e-03 -3.2615589393e-03 -2.1432306405e-04  4.3826598563e-03  1.5195645334e-05  1.8422082683e-06  1.4836131693e-05 -2.0842735912e-05  2.6006001630e-06  1.4071767600e-05

JOB 14
COORDS  4.7463858484e+00 -4.2780052478e+00 -1.4892796219e+00  1.8525054605e+00 -1.0896495489e+00 -1.2215512872e-01  7.5212289496e-01 -5.3318824104e-01  5.2674620958e-01  1.7943199728e+00 -1.0017986315e+00  2.6660494325e+00  2.9392512565e+00 -1.6387093799e+00  5.7836302317e-01  2.8667100964e+00 -1.5830936656e+00  1.9815797002e+00  7.4331079614e-01 -4.9671992341e-01  1.9187185369e+00  3.7952786957e+00 -3.7169998123e+00 -5.2079457702e-01  4.1022438328e+00 -2.2230565588e+00 -2.2496318648e-01  5.5181416175e+00 -4.6779499800e+00 -2.2623770293e+00  4.2402394993e+00 -1.4882258823e+00 -1.4865432794e+00  3.9315250301e+00 -2.1356049477e+00  2.8403041218e+00  4.5587437800e+00 -3.1202077609e+00  2.4272166279e+00  4.1247355910e+00 -1.5938095422e+00  3.9309719025e+00 -3.1365057934e-01  4.8383880801e-02  2.5601598394e+00  1.8992453842e+00 -1.0977762101e+00 -1.2057463048e+00 -8.6132499841e-02 -1.2391802369e-01 -2.8767675710e-02  1.7868923915e+00 -9.5538669171e-01  3.7484896645e+00  2.7837720370e+00 -3.8277133458e+00 -9.2094959355e-01  3.8884613784e+00 -4.2876397300e+00  4.0509876269e-01  4.9985865688e+00 -2.1994689491e+00  4.0294867949e-01  4.9664750713e+00 -1.9200481999e+00 -2.0571582517e+00  4.5438257936e+00 -5.3484851271e-01 -1.2950258467e+00
ENERGY -7.623432714615e+02
GRADIENT  7.5358836363e-06 -3.5162642979e-05  3.3229540797e-05 -2.3108654714e-05  1.3057809153e-05 -6.8416888472e-05  1.8820226021e-04 -8.9165754365e-05  1.3791296641e-04  5.0805088263e-05 -1.0402886002e-05  5.6854757486e-05  1.1605132428e-04 -5.6142315205e-05 -2.7344420466e-05 -1.9525318679e-04  1.2784812243e-04 -6.8352562184e-05 -1.1757991853e-04  5.6422261723e-05  4.8081452419e-05 -4.3310613889e-03  6.0229875936e-04  1.3503060525e-03  2.9988759608e-03  8.9997585024e-05 -3.4490984043e-03 -5.6736776143e-07  2.0793971114e-05 -1.6495676961e-05  5.6481448392e-05 -2.2341125951e-05  1.6247422719e-05 -8.2633793914e-05  1.1388220127e-05 -1.1899963543e-04  7.4825876432e-05 -8.3668803760e-06  7.6760543578e-05 -3.9868591765e-05 -4.8484278561e-05 -7.7401689711e-05 -6.0128206362e-05  3.5490549878e-05  6.6715797506e-05  2.4020424351e-05 -1.3145738144e-05  9.8650266184e-06  1.8358024009e-05 -2.5286625639e-06  2.1418846684e-05 -2.5980889312e-05  1.1548435981e-05  1.5702446612e-05 -5.0550942057e-06  6.3638981928e-06 -5.6476978739e-06  3.2095675856e-03 -5.1653343304e-04 -6.3992395700e-04 -1.8666398342e-03 -1.6996126388e-04  2.7001228780e-03 -1.0549710735e-05 -5.2073799198e-06  4.7871404380e-06 -2.5885452416e-06 -3.2351777179e-06  4.1065406433e-06

JOB 15
COORDS  4.8567046000e+00 -4.3120960155e+00 -1.3472673538e+00  1.8275103406e+00 -1.0767996338e+00 -1.1652273278e-01  7.3906453701e-01 -5.2130569850e-01  5.5364963705e-01  1.8154923658e+00 -1.0069657803e+00  2.6729344592e+00  2.9234305206e+00 -1.6329959087e+00  5.6309266303e-01  2.8740295774e+00 -1.5876127684e+00  1.9677707100e+00  7.5429102838e-01 -4.9316231936e-01  1.9455432440e+00  3.7709643461e+00 -3.7003297155e+00 -5.7220571540e-01  4.0721904686e+00 -2.2124489042e+00 -2.5836149961e-01  5.7330678456e+00 -4.7471106780e+00 -1.9764474189e+00  4.1894258705e+00 -1.4787140580e+00 -1.5269879864e+00  3.9493254437e+00 -2.1549267505e+00  2.8030704872e+00  4.5576713023e+00 -3.1424260034e+00  2.3700637180e+00  4.1664995522e+00 -1.6233184520e+00  3.8943894467e+00 -2.8918538252e-01  5.2673151433e-02  2.6079840838e+00  1.8571145975e+00 -1.0768237008e+00 -1.2006973636e+00 -1.0701506783e-01 -1.0603528603e-01  1.4708109583e-02  1.8258073326e+00 -9.6743000880e-01  3.7556616956e+00  2.8464438503e+00 -3.7694226207e+00 -1.1539025748e+00  3.6429109312e+00 -4.2538264204e+00  3.5949982931e-01  4.9929483837e+00 -2.1856873544e+00  3.3255580338e-01  4.9101718185e+00 -1.9149896382e+00 -2.1020383510e+00  4.5040171043e+00 -5.2732262091e-01 -1.3417573724e+00
ENERGY -7.623441154074e+02
GRADIENT -4.5439371641e-06  1.5927539903e-05 -2.2461301876e-05 -1.7957257060e-05 -6.2960363708e-06  4.0484270429e-05  1.1271069216e-05 -4.6059793322e-06  6.6454565084e-07  1.4318848919e-05 -2.3929637815e-05  3.8233605501e-05  5.3911307382e-05 -2.2516150332e-05 -3.4336911931e-05 -6.3964278034e-05  3.0732598869e-05 -2.0652642883e-05 -1.4139178676e-06  1.0405380078e-06  4.0745920855e-06  2.1676656551e-04 -1.6682853796e-05 -5.2484145801e-05 -1.4212274654e-04 -4.2100236641e-05  2.1732710892e-04  6.6002686858e-06 -9.4283831264e-06  1.1799515896e-05 -3.1478288571e-06 -1.2024437739e-05 -5.0018582726e-05  7.9402407963e-05  5.0468540136e-05 -5.6776291277e-05 -5.3435251552e-05 -1.7697661363e-05  1.9644476670e-05 -3.7692993539e-05 -3.6231469986e-06  1.4517504865e-05  1.3361006952e-06  7.2722614094e-07  6.3325096195e-06  5.7866006842e-06  8.0815877355e-07  7.2307561836e-06 -1.2418037547e-06 -2.6180167291e-06  5.2416696128e-06 -4.1980378846e-06 -3.7413088938e-07  1.1662385014e-05  2.6208630657e-07 -1.1509701005e-06  6.8240714100e-06 -1.5399924695e-04  3.0892970323e-05 -1.9459782818e-06  9.1853275765e-05 -5.6911316478e-07 -1.4384221565e-04  2.8298208758e-05  8.9111445572e-06  4.5706340704e-06 -7.3733058075e-07  8.1025543642e-06  1.1387656479e-05

JOB 16
COORDS  4.9391126674e+00 -4.3593147808e+00 -1.1560927114e+00  1.8117713095e+00 -1.0543056425e+00 -1.0306714282e-01  7.3324247874e-01 -5.0386673926e-01  5.8769980099e-01  1.8306092223e+00 -1.0230518826e+00  2.6884805523e+00  2.9114345701e+00 -1.6240568497e+00  5.5822836750e-01  2.8784014896e+00 -1.5983897702e+00  1.9640417902e+00  7.6361468791e-01 -4.9484384807e-01  1.9793854519e+00  3.7596128539e+00 -3.6895111362e+00 -5.9985331919e-01  4.0481635256e+00 -2.2001425068e+00 -2.7753980544e-01  5.8908226691e+00 -4.8403429128e+00 -1.6206431130e+00  4.1438253708e+00 -1.4720345002e+00 -1.5553459574e+00  3.9598844246e+00 -2.1866325651e+00  2.7763795561e+00  4.5575137028e+00 -3.1682575564e+00  2.3169052160e+00  4.1915064728e+00 -1.6774518198e+00  3.8755996944e+00 -2.7045372853e-01  4.6134767423e-02  2.6604067811e+00  1.8291436189e+00 -1.0403604156e+00 -1.1873281618e+00 -1.1710143016e-01 -7.7789140711e-02  6.4158160328e-02  1.8530312773e+00 -9.9853816559e-01  3.7714942746e+00  2.9553996324e+00 -3.7316937135e+00 -1.3426231377e+00  3.4143853516e+00 -4.2150903729e+00  2.9140237485e-01  4.9893912824e+00 -2.1595488364e+00  2.7832826859e-01  4.8541310482e+00 -1.9175960678e+00 -2.1368377449e+00  4.4738481679e+00 -5.2355198608e-01 -1.3803432658e+00
ENERGY -7.623432034598e+02
GRADIENT  2.1107563355e-05 -3.8593089740e-05 -1.8342715750e-05  1.5532546279e-06 -1.3804580295e-05 -3.1481615697e-04  1.6499873628e-04 -7.9575941815e-05  1.2631941121e-04 -1.3718534173e-06 -2.6728704349e-05 -5.9299582621e-05 -1.8269827981e-04  1.0756214175e-04  1.4598657369e-04  7.7940432586e-05  2.9387528063e-05  9.3021277538e-05 -8.9948589711e-05  4.3198477752e-05  3.5647663151e-05  4.2062188661e-03 -9.0067648022e-04  2.9703189255e-04 -2.8115767223e-03 -1.0686847910e-04  3.2605566167e-03  8.1412951273e-06  2.1118600655e-05 -3.6409444081e-06 -8.2340053490e-06 -6.5824037344e-05 -1.4337754245e-05 -2.3447719083e-05  9.5325397493e-06 -7.9797631635e-05  4.7328504978e-05 -1.5650415422e-05  1.0293496313e-04  4.4658393774e-05 -4.8749742717e-05 -3.4083653189e-05 -1.3747747370e-05  1.1859113307e-05  3.3010802334e-05 -1.0758270278e-05  7.5589135453e-06 -2.8840135061e-05  2.1928674145e-05 -1.5219759458e-05  6.2778522400e-06  2.8572609984e-06 -1.7096748788e-06 -4.1494272134e-06  1.2927802464e-05  1.1481073725e-06  7.0658449205e-06 -3.1405523099e-03  8.1662267049e-04 -7.5313991981e-04  1.6648874206e-03  2.3553216826e-04 -2.8149235410e-03  4.0209265488e-05  2.0484235065e-05  8.4578838745e-06 -3.1104553720e-05  1.4705603158e-05  1.9954535447e-05

JOB 17
COORDS  5.0033898661e+00 -4.3957482468e+00 -9.2903437034e-01  1.7923034063e+00 -1.0196311767e+00 -1.0076442381e-01  7.2127740047e-01 -4.8163253151e-01  6.1183173801e-01  1.8377438829e+00 -1.0488407946e+00  2.6903620305e+00  2.8971645185e+00 -1.6050367308e+00  5.3707895143e-01  2.8774706514e+00 -1.6094440608e+00  1.9436544895e+00  7.6509286977e-01 -5.0334488607e-01  2.0028239448e+00  3.7661915665e+00 -3.6708400254e+00 -6.3114839717e-01  4.0246385546e+00 -2.1700858617e+00 -3.1645738177e-01  6.0017134769e+00 -4.9296739384e+00 -1.1954074245e+00  4.0835968842e+00 -1.4514644800e+00 -1.6049455007e+00  3.9658938856e+00 -2.2189035830e+00  2.7302892554e+00  4.5695819388e+00 -3.1767889691e+00  2.2310863700e+00  4.1970098660e+00 -1.7500873851e+00  3.8476252021e+00 -2.6158617196e-01  2.3803069390e-02  2.7056626437e+00  1.7974932674e+00 -9.8601059334e-01 -1.1845726313e+00 -1.3318772832e-01 -4.3005616820e-02  1.0560753638e-01  1.8706103732e+00 -1.0484326298e+00  3.7733807800e+00  3.1181086322e+00 -3.7173094020e+00 -1.5141787544e+00  3.2207233445e+00 -4.1575626046e+00  1.7821348363e-01  4.9814865898e+00 -2.0988810693e+00  2.0765325647e-01  4.7832059682e+00 -1.9004355297e+00 -2.1967641191e+00  4.4179511432e+00 -5.0125383786e-01 -1.4461781076e+00
ENERGY -7.623409652878e+02
GRADIENT  1.1849627166e-05 -6.1169019953e-06  1.4812200552e-05  1.8598853045e-06 -2.0389508224e-05  6.4011630532e-05 -4.8151826887e-05  2.5207839695e-05 -1.8148102810e-05  8.6560608026e-06 -2.3322751783e-05  6.7360529544e-05  6.3022117965e-05 -6.9365694358e-06  6.9006559469e-06 -5.3712561207e-05  7.2251554111e-05 -3.9299658307e-05  3.5574590832e-05 -1.7101715317e-05 -3.1346986346e-05  6.1327550582e-03 -1.5145818060e-03  1.8978390552e-03 -4.0619122513e-03 -2.4877427577e-04  4.8009752066e-03  4.4203905593e-06 -1.6331699075e-07 -1.2739212404e-06  4.0522212627e-05 -2.2543276588e-05  3.0532313542e-05 -5.0336705036e-05 -2.0953123416e-05 -3.3248139120e-05  2.6364183780e-05 -1.9382697316e-05  6.4661139186e-06  2.7999227507e-05  9.6889328636e-06 -6.2843279821e-05  1.7303873102e-05 -6.1865777426e-06 -5.5957966658e-06  6.0842340066e-07 -1.8894022445e-06  9.4874355645e-06 -4.0752454521e-07  5.9684971284e-06 -2.1115411797e-06  5.0906708678e-06  6.2956991816e-06  1.0542743267e-05  1.5303113592e-05  1.7601220650e-06 -4.9071185603e-06 -4.5135976449e-03  1.2775041891e-03 -2.2615932781e-03  2.4222518644e-03  4.5837708619e-04 -4.4526507250e-03  1.3256313672e-06  6.7510593286e-06  6.2955281839e-06 -2.6376989514e-05  6.4304489003e-06 -9.9980041988e-06

JOB 18
COORDS  5.0068127311e+00 -4.4250190641e+00 -6.6583526688e-01  1.7764458396e+00 -9.8389932528e-01 -5.6067133958e-02  7.2178169028e-01 -4.5224534828e-01  6.8532084992e-01  1.8817608099e+00 -1.0458965014e+00  2.7322763785e+00  2.8947592979e+00 -1.5771002493e+00  5.5074747692e-01  2.9046045725e+00 -1.5987855999e+00  1.9572306525e+00  7.9588824591e-01 -4.8989171974e-01  2.0745192261e+00  3.7692827275e+00 -3.6439723915e+00 -6.4158668867e-01  4.0046839991e+00 -2.1326370850e+00 -3.3233177100e-01  6.0077479680e+00 -5.0140482000e+00 -7.2378587937e-01  4.0151595076e+00 -1.4150576422e+00 -1.6248900866e+00  4.0074824087e+00 -2.2220574515e+00  2.7114872367e+00  4.6034817742e+00 -3.1667962076e+00  2.1800361674e+00  4.2583690504e+00 -1.7765389853e+00  3.8342832264e+00 -2.1409827249e-01  3.1354557474e-02  2.8054550858e+00  1.7557531403e+00 -9.4100360794e-01 -1.1392360004e+00 -1.4284056240e-01 -7.1924203227e-03  2.0244441908e-01  1.9376582632e+00 -1.0595543163e+00  3.8142518502e+00  3.3063311442e+00 -3.7065780999e+00 -1.6334611982e+00  3.0456446208e+00 -4.0865192271e+00  4.4849655787e-02  4.9763744436e+00 -2.0368177091e+00  1.5894125417e-01  4.7155458997e+00 -1.8464925810e+00 -2.2285291539e+00  4.3290359132e+00 -4.5621965277e-01 -1.4739754526e+00
ENERGY -7.623381500233e+02
GRADIENT -6.4736003391e-05 -1.5065207406e-04 -3.3648574783e-05 -5.3997289532e-05  2.4210709025e-05  1.7316933433e-04 -2.0063113032e-04  9.7075930975e-05 -9.0016977728e-05 -2.5904216625e-05  1.0609148515e-05  1.8859911186e-05  1.4619322334e-05  3.5305950209e-05  2.3824629814e-05  1.9737557502e-05  1.1111227420e-05 -1.4523738314e-05  1.0406130376e-04 -5.9503650704e-05 -8.1452055411e-05  6.0226225146e-03 -1.5273990371e-03  3.4769465670e-03 -4.1106749630e-03 -4.9713221590e-04  5.2593333767e-03  3.9273347556e-05  7.6695349368e-05  1.0669164569e-05 -1.4182327354e-05 -7.8905540405e-05 -3.2241997734e-05 -2.2596633941e-04 -1.6566448969e-04  9.6475814267e-05  9.7169431950e-05  8.5481114048e-05  4.1221746388e-06  1.3067415347e-04  2.0491971087e-05 -4.9798203488e-05  4.2296003251e-05 -2.5783353487e-05 -5.2334425324e-05 -1.4768163839e-05  1.2918024323e-06  3.8023580616e-05 -1.9000809087e-05  8.4894518918e-06 -1.6070833433e-05  9.1739094910e-06 -4.2965183134e-06 -9.9992508287e-06  4.9281799436e-06 -1.5729315693e-05 -1.2533280508e-05 -4.3310776438e-03  1.4264599805e-03 -3.6728308908e-03  2.5278755021e-03  6.8479669909e-04 -5.0996044706e-03  2.2092975198e-05 -1.7294925898e-05 -2.7800579392e-05  5.0108868514e-05 -2.1021336298e-05  2.4163205295e-05

JOB 19
COORDS  4.9093500490e+00 -4.4975491114e+00 -4.8614925300e-01  1.7582521946e+00 -1.0225585997e+00 -6.6091307410e-02  7.0277015987e-01 -5.1025806498e-01  6.8717277892e-01  1.9010215985e+00 -1.0700277610e+00  2.7200505536e+00  2.8973553027e+00 -1.5901655712e+00  5.2802807206e-01  2.9243383713e+00 -1.6054669517e+00  1.9331302332e+00  7.9481365147e-01 -5.3948327242e-01  2.0757392066e+00  3.7658736740e+00 -3.6220259607e+00 -7.4726258414e-01  4.0060297279e+00 -2.1205636736e+00 -3.7379630269e-01  5.8341395096e+00 -5.1852480299e+00 -3.3254252633e-01  4.0107638353e+00 -1.3481319549e+00 -1.6350754156e+00  4.0459428343e+00 -2.2089175844e+00  2.6740928064e+00  4.6245671863e+00 -3.1676371016e+00  2.1500486170e+00  4.3238129415e+00 -1.7362484381e+00  3.7795505763e+00 -2.1673127732e-01 -3.6436016659e-02  2.8173565094e+00  1.7215031380e+00 -9.8206958996e-01 -1.1490284790e+00 -1.7717511135e-01 -8.5583817377e-02  2.1376679072e-01  1.9718875324e+00 -1.0793307774e+00  3.8012509927e+00  3.5534671592e+00 -3.6642747116e+00 -1.8213345381e+00  2.8665678166e+00 -4.0129579037e+00 -2.6623222960e-01  4.9767467408e+00 -2.0468566095e+00  1.2257809990e-01  4.7470197971e+00 -1.7157600012e+00 -2.2377315895e+00  4.2675769366e+00 -3.8110693057e-01 -1.4356631595e+00
ENERGY -7.623353454506e+02
GRADIENT  6.5895728461e-05  9.2645370650e-05  6.9408976246e-05 -3.8615926465e-05 -3.2066755736e-05  8.3255441888e-05  1.2649089802e-04 -5.0030058043e-05 -3.3329576856e-06 -2.6795999986e-05  2.0792360692e-05 -2.4365890171e-04  7.0112587965e-05 -8.1735331536e-05 -2.2828849319e-05  7.9949711091e-05 -3.5655142232e-05 -2.8154321946e-05 -1.5814560070e-04  8.3597527475e-05  1.4774717255e-04  3.8771231415e-03 -1.7141132453e-03  3.9721037990e-03 -3.3080705346e-03 -4.5416419844e-04  4.1786122640e-03 -3.5604901737e-05 -6.2972198345e-05 -4.3925199082e-05  2.8087981209e-05  5.8066758470e-05  6.9256232596e-05  1.6423118006e-04  7.1459883699e-05 -3.0591322747e-05 -8.0208198594e-05 -3.5228246421e-05 -4.6769594179e-05 -8.7289829846e-05 -1.7700642397e-05  7.2270914725e-05 -1.1150300904e-04  4.8622256678e-05  5.3370007643e-05  2.8248784097e-05  1.0352651304e-06 -1.8109194998e-06 -3.5319896025e-06 -1.8565125499e-06  3.0890846130e-05 -2.1349693790e-05 -5.4993085355e-06 -3.0216554563e-05  6.8444749495e-06  6.8563855583e-06  9.1326142373e-06 -2.7415289987e-03  1.4238818108e-03 -3.9391581114e-03  2.1464351206e-03  6.9012904820e-04 -4.3255630863e-03 -2.0931308605e-05  1.5294476224e-07  1.4340975668e-05 -9.5273767447e-06  1.6196942317e-05 -1.7739612916e-05

JOB 20
COORDS  5.5547216391e+00 -9.9953499218e-01 -1.5367081477e+00  1.9489302996e+00 -1.2427359147e+00 -2.3396982135e-01  8.2901804405e-01 -6.0331991009e-01  3.0163164143e-01  1.7059074663e+00 -9.9901099053e-01  2.5337793923e+00  2.9789733777e+00 -1.7473539636e+00  5.7071540479e-01  2.8256660435e+00 -1.5941136126e+00  1.9571000886e+00  7.2667173026e-01 -4.9831899576e-01  1.6840237430e+00  5.4132618477e+00 -1.5519955526e+00 -1.8461262530e-01  4.1488853930e+00 -2.4681707420e+00 -8.2242816053e-02  5.6271251603e+00 -5.7517161490e-01 -2.6173766475e+00  4.4730763897e+00 -3.6763256700e+00  6.8109072540e-01  3.8715036686e+00 -2.0237029409e+00  2.9116143104e+00  3.5312545471e+00 -2.7894717284e+00  3.8124405462e+00  4.9925621427e+00 -1.5286441199e+00  2.7760918902e+00 -3.5765143521e-01  1.0025695365e-01  2.2244521414e+00  2.0261258995e+00 -1.3566234783e+00 -1.3118316298e+00  4.2316326735e-02 -2.0686051757e-01 -3.3223576771e-01  1.6038182002e+00 -9.1895926889e-01  3.6105972457e+00  6.3138861390e+00 -2.1194147986e+00  6.7131272509e-02  5.3531164948e+00 -7.2183172925e-01  5.1952197513e-01  3.8238006164e+00 -2.6822883770e+00 -1.1094495954e+00  5.2660448910e+00 -4.1590609640e+00  2.6231363687e-01  3.6846023211e+00 -4.3209860145e+00  6.5909551515e-01
ENERGY -7.623351254661e+02
GRADIENT -6.2770231892e-05  1.8135498325e-05  2.7956223786e-06 -2.8978745434e-05  2.0142246569e-05  1.3565224406e-04 -1.3815207419e-04  6.9773197680e-05 -1.2202104213e-04 -6.2132302417e-05 -2.2083314216e-05 -5.6150038594e-05  1.8577296287e-05  1.1345169258e-04 -7.6048988907e-06  7.6006850154e-05 -6.6219900247e-05  1.0385494829e-04  7.7852390048e-05 -3.8375570320e-05 -1.7185978436e-05  1.0919230836e-03 -1.3094805099e-03  2.0820699997e-03  1.3682349425e-03 -1.9731797853e-03 -3.9981510428e-04  2.1116521421e-05 -1.0269015468e-05 -3.6032122847e-06  3.9043381765e-06  2.2489082101e-05 -3.4990805455e-05  6.1884491063e-05  6.7538043507e-05 -5.7617593320e-05 -2.0133972875e-05 -1.1498016082e-05  8.9300425004e-05 -1.3544461558e-05 -1.6936130725e-05  4.7427242965e-07  2.3434282973e-05 -1.4829586932e-05 -4.0928154132e-05 -1.3486401117e-05  1.0700341697e-05  6.2177941802e-06 -1.5460478204e-05  7.0982209096e-06 -1.2819315334e-05  1.8119231823e-05 -1.0972941452e-05 -8.9568838468e-06  4.9393457685e-06 -3.3958895605e-05 -3.7727169473e-05 -1.1249934783e-03  1.2939939398e-03 -1.6052387894e-03 -1.2987238709e-03  1.8476253303e-03  3.1948965750e-05  1.5074911383e-05  1.5874539800e-05  1.3408990124e-05 -7.3852615633e-06  3.0041380302e-05 -2.0768775420e-05

JOB 21
COORDS  5.3280234347e+00 -8.1782414071e-01 -1.4496702525e+00  1.9936397287e+00 -1.2714466827e+00 -2.6520210719e-01  8.8397111225e-01 -5.9768130161e-01  2.4785286991e-01  1.7292239204e+00 -9.7212531166e-01  2.4954475514e+00  3.0038873378e+00 -1.7869662012e+00  5.5822243013e-01  2.8396824499e+00 -1.6031464629e+00  1.9391530719e+00  7.6991122215e-01 -4.6553562335e-01  1.6269926761e+00  5.4195218740e+00 -1.6143532041e+00 -2.1968673615e-01  4.1696802711e+00 -2.5346137986e+00 -7.4937379399e-02  5.2095391910e+00 -2.0356720038e-01 -2.4302240202e+00  4.5134818742e+00 -3.7043867727e+00  7.3261866372e-01  3.8623317083e+00 -2.0407765087e+00  2.9163212234e+00  3.5045718976e+00 -2.8325510702e+00  3.7871877064e+00  4.9792318142e+00 -1.5259718819e+00  2.8297993445e+00 -3.0606161494e-01  1.6646697663e-01  2.1457973412e+00  2.0812494156e+00 -1.4005347710e+00 -1.3403485709e+00  1.1430280880e-01 -1.9283345349e-01 -4.0136422830e-01  1.6187585444e+00 -8.6914813951e-01  3.5695860335e+00  6.3348304566e+00 -2.2133700215e+00 -2.5430561720e-01  5.4917968951e+00 -9.2831367360e-01  6.2510949804e-01  3.8339351444e+00 -2.7807439963e+00 -1.0926172265e+00  5.3023602658e+00 -4.2028080001e+00  3.2531868876e-01  3.7281899320e+00 -4.3523520392e+00  7.6004019252e-01
ENERGY -7.623368409305e+02
GRADIENT -8.4627581951e-05  7.2110098253e-05 -2.1408725011e-05 -8.9271283135e-05  2.2219040521e-05  2.6867878265e-04 -4.3161650365e-05  2.9741082116e-05 -3.9023767147e-05 -1.3928547358e-05  1.5291036324e-05  3.7738001092e-04  3.1807165791e-04 -1.2108128552e-04 -1.3726436128e-04 -3.6676775943e-04  1.8378532110e-04 -3.0397959174e-04  1.1193318710e-04 -5.7786718108e-05 -6.1641153471e-05  2.3347655079e-03 -2.8354751970e-03  2.5058009279e-03  2.3144330709e-03 -3.1650586496e-03 -5.3383271342e-04  3.7672371468e-05 -3.3027238306e-05 -3.5936607116e-05  7.1869030893e-05  1.3208262279e-04  2.0043141850e-05 -1.0993639971e-04  6.7681168628e-05 -3.9544944861e-05 -6.6576630964e-06  2.8237461699e-05  1.4967546092e-05 -3.0549227634e-05 -3.3413898999e-05 -2.5529057612e-05  2.7269529779e-05 -2.3474391146e-05  7.0488429265e-06  1.1228278183e-05 -8.0867217691e-06  3.5998075765e-05 -9.3264290511e-06  4.4153264223e-06 -3.0343600478e-06 -2.6633113072e-05  3.2225070028e-05  3.9472663897e-05 -6.3929368650e-06 -2.9675743507e-06 -2.5515835665e-05 -2.2355984278e-03  2.6561621528e-03 -1.9626338307e-03 -2.1795012620e-03  3.0539923838e-03 -1.5284076120e-07  3.6148991921e-06 -2.4442643418e-05 -4.0688658502e-05 -3.3005366840e-05  3.5528465088e-05  4.2242882437e-06

JOB 22
COORDS  3.3143362851e+00 -4.5303846078e+00 -3.1207146754e-01  2.0030056960e+00 -8.8679362066e-01 -5.9511467674e-02  8.9656834537e-01 -3.9847884308e-01  6.3191549744e-01  1.7785472861e+00 -1.3610476891e+00  2.6793237423e+00  3.0295625190e+00 -1.6027582957e+00  5.7691286652e-01  2.8905846841e+00 -1.8043540207e+00  1.9583677427e+00  8.0063262993e-01 -6.5453745435e-01  1.9972554417e+00  3.5846294561e+00 -3.3504082968e+00 -1.1435609534e+00  4.1446298786e+00 -2.1827180152e+00 -2.8771397412e-01  3.1016277161e+00 -5.4407065597e+00  3.7919196072e-01  4.6366666543e+00 -1.1447175967e+00 -1.2059879958e+00  3.9332021243e+00 -2.4713219275e+00  2.7699991790e+00  3.5565501867e+00 -3.1841064710e+00  3.7000375463e+00  5.1161381011e+00 -2.2350892342e+00  2.4935217811e+00 -2.7179691734e-01 -1.9744982960e-01  2.6805963283e+00  2.0945909150e+00 -7.0440547026e-01 -1.1256063376e+00  1.1471877368e-01  1.6426046200e-01  1.3142303945e-01  1.6911963563e+00 -1.5554950954e+00  3.7418226269e+00  4.3015075859e+00 -3.6249726776e+00 -1.9242196387e+00  2.6456284021e+00 -3.0593942109e+00 -1.6219233827e+00  4.9125479873e+00 -2.5904881481e+00  3.7036166878e-01  5.4378938411e+00 -1.5047319078e+00 -1.7238712685e+00  4.9801867829e+00 -3.5533014209e-01 -6.5990750551e-01
ENERGY -7.623386918536e+02
GRADIENT -6.7962811157e-05  3.9339846726e-06  5.1439498593e-05  3.0607336047e-05 -3.4755170408e-05  1.0185345787e-05 -8.6388430756e-06  5.0990602867e-06  1.9684050115e-05 -3.9893583494e-06 -1.6188097618e-05  1.5121091819e-05 -3.1305142744e-05 -1.7154459197e-05  1.1777472314e-05 -4.4880682770e-06  6.1357403489e-08  2.4626880296e-06 -1.8031488356e-06  1.9055553527e-05 -7.5794203644e-06  1.7576028269e-03  1.4294521423e-03 -3.0551158044e-03  2.5077286210e-03  4.0623532320e-04 -2.2530912288e-03  2.1970724842e-05 -3.3430023836e-05 -6.4745574129e-07 -5.6817440605e-05  4.0891674640e-05  4.2517905206e-05  6.0668184739e-05 -5.3022263728e-06  2.6113582155e-05 -8.0506095219e-05  1.2332852044e-05 -1.6855488277e-05  3.5118596164e-05  7.3352709863e-06 -4.2314072842e-05  1.3119928000e-06  2.2044123515e-06  5.0041496860e-06  6.1143102197e-06  1.0728987351e-05 -3.6646637424e-06  5.2672286462e-06  4.2931450892e-06  4.9810312509e-06 -2.9650187314e-07 -3.6894412537e-07  1.6683143641e-07 -2.4589206822e-06 -2.7008001889e-05  9.8678808356e-06 -1.8079768563e-03 -1.1983038837e-03  2.8123317274e-03 -2.4241979690e-03 -6.1683846482e-04  2.4402189862e-03 -2.6913645077e-06 -2.5805681621e-05 -2.8393295232e-05  4.3554068521e-05 -1.5340056593e-05  1.3285441381e-05

JOB 23
COORDS  2.7513695292e+00 -4.3210994065e+00 -8.4254425268e-01  1.7281585389e+00 -1.2504707626e+00 -4.7952982553e-02  6.2535493033e-01 -7.2050699813e-01  6.1962176321e-01  1.7740990401e+00 -1.0317596331e+00  2.7321670558e+00  2.8806884868e+00 -1.6790905169e+00  6.2506338556e-01  2.8702841579e+00 -1.5253115378e+00  2.0210101814e+00  6.6327218750e-01 -6.2929285390e-01  2.0077712788e+00  3.5815444018e+00 -3.2028784801e+00 -1.3034301618e+00  4.0469563247e+00 -2.2971080853e+00 -1.4042758936e-01  2.0894014296e+00 -5.1960297149e+00 -4.5781320580e-01  4.8724688886e+00 -1.2250386007e+00 -7.1419731384e-01  4.0572602211e+00 -1.8440265368e+00  2.8374283835e+00  3.8720297711e+00 -2.3082277769e+00  3.9631413503e+00  5.1699241858e+00 -1.5919742347e+00  2.3534121212e+00 -4.0345715509e-01 -1.2902599993e-01  2.6680459855e+00  1.6847509963e+00 -1.3296835958e+00 -1.1280902574e+00 -2.5744497563e-01 -3.9006800859e-01  8.1522262191e-02  1.7990943665e+00 -9.5444255528e-01  3.8128000478e+00  4.4635551990e+00 -3.6104588183e+00 -1.8090420474e+00  3.0225274547e+00 -2.6307366046e+00 -2.0476507243e+00  4.5944561842e+00 -2.9440112248e+00  5.5443221575e-01  5.7020998890e+00 -1.6340557656e+00 -1.1451003399e+00  5.2129543141e+00 -6.4617346790e-01  5.2823035526e-02
ENERGY -7.623400150487e+02
GRADIENT  9.8589393398e-05  2.6011214388e-04 -1.0676752484e-04  5.1343501835e-05 -5.0479410674e-05  1.3941705889e-04  3.1016118662e-04 -1.0911584694e-04  1.6039712147e-04  1.0161144912e-04 -6.4474023066e-05 -6.8577492852e-05  4.8505468229e-04 -2.5407834091e-04 -3.3248881214e-04 -3.2739427069e-04  4.6951547697e-05 -1.2490037663e-04 -2.8958193109e-04  1.3437868723e-04  1.5092934178e-04  1.2822866739e-03  3.7248232897e-05 -5.4078469292e-04  1.0742177731e-03  1.7821104753e-04 -6.5653909077e-04 -4.0501990043e-07 -1.5319695373e-05 -2.1056612646e-05  1.7478296661e-04  2.9952111221e-04 -4.3416698464e-05  7.3418131809e-05  1.0361647151e-04  7.2776259377e-06 -1.8861338078e-04  1.6923400241e-05 -9.6535483784e-05  2.6269415954e-09 -2.5601330686e-05 -5.1795109067e-05 -1.7177519305e-04  7.0562069861e-05  1.2685193267e-04  7.7775850420e-05 -3.9927518652e-05  3.8475294491e-06  1.4669764799e-05 -3.3209926643e-06  5.4391743193e-05 -6.1510906194e-05  2.0323801960e-05  3.4836013385e-06  9.4565615925e-05 -3.6944406969e-05 -7.3694817647e-05 -1.3786723012e-03 -2.6960582209e-04  7.6381649402e-04 -1.4332805896e-03 -3.0236799652e-04  7.8561872394e-04 -6.6654271975e-05  1.4954009154e-05 -5.6719442731e-05  2.9276912437e-05 -3.7149280975e-05 -2.1470768012e-05

