17
0 1 C6H7N3O
C                     1.862391260129    -1.079555524836    -0.214076631694
C                     0.653608475354    -0.690050365912    -0.762623130556
C                     2.930045386216    -1.279272253940    -1.099940531146
C                     0.615736859442    -0.508976349502    -2.156442991494
C                    -1.133167374386    -0.633409663746    -3.930230775378
C                    -2.362428103850     0.107901468141    -4.431042084791
N                     2.832978593038    -1.091315203581    -2.419484203696
N                     1.678622600006    -0.687711834338    -2.949922731830
N                    -0.575834325431    -0.078256246510    -2.775312729758
O                    -0.671003946406    -1.608000402282    -4.494349839120
H                     1.981428901328    -1.241777721375     0.853398747701
H                    -0.236074883195    -0.543224194667    -0.155640591073
H                     3.909066926211    -1.596638462972    -0.749719093518
H                    -2.041551401502     0.875477341014    -5.143186769389
H                    -2.927308709978     0.600405869761    -3.633054333576
H                    -3.009069364979    -0.596428147995    -4.955540554826
H                    -1.140641707162     0.583380902528    -2.259228361615

31.545215259800337
      -0.0952       -0.2985       -0.0812
      -0.0690       -0.1997       -0.0789
      -0.0323       -0.0695       -0.0529
       0.0282        0.1178       -0.0333
      -0.0140       -0.0244        0.0928
       0.1134        0.0080       -0.1622
       0.0627        0.2426       -0.0223
       0.0910        0.3419       -0.0029
       0.0686        0.2229       -0.0734
      -0.1706       -0.3095        0.4551
      -0.0477       -0.1582       -0.0322
      -0.0353       -0.1066       -0.0340
      -0.0142       -0.0366       -0.0166
       0.0678       -0.1405       -0.1849
       0.0978        0.1766       -0.1090
      -0.0387       -0.0334        0.0884
       0.0596        0.1321       -0.0675

61.11123852887214
       0.0591        0.0157       -0.0159
       0.0111       -0.0712        0.0239
       0.0472        0.1026       -0.0486
      -0.0420       -0.0552        0.0295
      -0.0275       -0.0556        0.0136
       0.2156        0.2223       -0.1648
      -0.0101        0.0997       -0.0508
      -0.0582        0.0158       -0.0051
      -0.0756       -0.1077        0.0590
      -0.1739       -0.2268        0.1793
       0.0301        0.0042       -0.0061
       0.0045       -0.0424        0.0137
       0.0240        0.0517       -0.0231
       0.1694        0.3652        0.3233
      -0.1674       -0.2819        0.0051
       0.2473        0.2010       -0.4555
       0.0122        0.0299       -0.0233

74.11157475522764
       0.1492        0.1133        0.0351
       0.0392       -0.1303        0.1019
       0.1167        0.2334       -0.0309
      -0.0899       -0.2076        0.0950
      -0.0295       -0.0061       -0.0233
       0.2257        0.2946       -0.2032
      -0.0270        0.1016       -0.0441
      -0.1388       -0.1334        0.0251
      -0.1760       -0.3239        0.1887
      -0.1347       -0.0203       -0.0886
       0.0750        0.0604        0.0108
       0.0175       -0.0683        0.0456
       0.0582        0.1264       -0.0238
       0.1423       -0.1372       -0.2635
       0.2069        0.3647       -0.1323
      -0.0930        0.0780        0.1437
      -0.0166       -0.0436        0.0276

117.13773816061399
       0.1045       -0.0391       -0.0608
       0.0723        0.1784        0.1530
      -0.0771       -0.2311       -0.2353
      -0.1271        0.1499        0.1576
       0.1111        0.0045        0.0675
       0.1451       -0.1544       -0.2238
      -0.2470       -0.0954       -0.2203
      -0.2628        0.1186        0.0056
      -0.2000        0.0328        0.2243
       0.4274        0.0894        0.1798
       0.0741       -0.0198       -0.0238
       0.0587        0.0928        0.0900
      -0.0267       -0.1338       -0.1166
       0.0649       -0.0661       -0.0776
      -0.0088       -0.0252       -0.1130
       0.0841       -0.0771       -0.0736
      -0.0930       -0.0188        0.0522

237.88781893427796
       0.0156       -0.0478        0.0391
       0.1337        0.3557        0.0778
      -0.0615       -0.3580        0.0081
       0.0710        0.1406        0.0396
      -0.0613       -0.1720       -0.0810
       0.0275        0.0806        0.0429
       0.0874        0.1437        0.0786
       0.1475        0.3787        0.0925
      -0.0980       -0.3478        0.0252
      -0.2410       -0.1585       -0.3073
      -0.0048       -0.0320        0.0096
       0.0591        0.1836        0.0330
      -0.0560       -0.2374       -0.0117
       0.0435        0.0129        0.0170
       0.0523        0.0488        0.0279
      -0.0467        0.0723        0.0139
      -0.0291       -0.0640       -0.0341

336.34987392121576
      -0.2208        0.0749       -0.0866
      -0.1826        0.0443       -0.1129
      -0.2159        0.0742       -0.0941
      -0.0207        0.0013       -0.0881
       0.1846       -0.1819        0.0461
       0.2856        0.1716        0.4570
      -0.1268        0.0346       -0.1161
      -0.0831        0.0296       -0.1632
       0.0649       -0.0978       -0.0183
       0.2784       -0.1903        0.0574
      -0.0602        0.0227       -0.0258
      -0.0740        0.0146       -0.0644
      -0.0683        0.0234       -0.0111
       0.1023        0.0569        0.1491
       0.2288        0.0766        0.2186
      -0.0663        0.1645        0.1630
      -0.0447       -0.1114        0.0323

379.944565564681
       0.1510        0.3540        0.0705
      -0.0917       -0.3414        0.0594
      -0.0228       -0.0608       -0.0442
      -0.0397        0.0013        0.0985
       0.1059        0.0185       -0.0993
       0.0083       -0.0122        0.0758
      -0.1521       -0.3131       -0.0760
       0.0195        0.4060        0.1300
       0.0085       -0.0363       -0.0563
      -0.0214       -0.0662       -0.1058
       0.1009        0.2162        0.0315
      -0.0504       -0.2211        0.0106
      -0.0213       -0.0893       -0.0360
      -0.0682        0.0152        0.0108
       0.0274       -0.0420        0.0632
      -0.0072       -0.0175        0.0525
       0.1836        0.3320       -0.2574

391.44155098858556
       0.0338        0.2814        0.0137
      -0.0404       -0.1925       -0.1223
      -0.0203       -0.1022        0.0325
       0.0304       -0.0720       -0.1041
      -0.1456       -0.0482        0.1088
      -0.0117        0.0134       -0.1025
       0.0211       -0.1994        0.0195
       0.1795        0.2723       -0.0197
       0.0513        0.1073        0.0146
      -0.0350        0.0527        0.0838
       0.0165        0.1903        0.0196
      -0.0278       -0.0979       -0.0466
      -0.0294       -0.0928        0.0175
       0.0998       -0.0208       -0.0102
      -0.0308        0.0607       -0.0840
       0.0032        0.0305       -0.0734
      -0.3003       -0.5372        0.3894

393.57269852883627
       0.1334       -0.1259        0.0353
       0.0091       -0.0300        0.2756
       0.0876        0.0868       -0.0686
      -0.1117        0.1240        0.2527
       0.1178       -0.0864       -0.1601
       0.0771       -0.0299        0.0556
      -0.1537        0.0266       -0.0578
      -0.2265       -0.0274        0.2002
       0.2816        0.3513       -0.2997
      -0.1884       -0.2027       -0.2600
       0.0789       -0.0811       -0.0007
       0.0423       -0.0248        0.1442
       0.0515        0.0670       -0.0557
       0.0002        0.0091        0.0257
       0.0661       -0.0143        0.0507
      -0.0127        0.0131        0.0309
      -0.1895       -0.2557        0.0795

512.2140080761085
       0.0760        0.1219       -0.0214
      -0.0303        0.0040        0.0530
      -0.0508       -0.2976       -0.0569
      -0.2132       -0.5604       -0.0099
       0.0582        0.1489       -0.1666
      -0.1132        0.0928       -0.0115
       0.0816        0.3791        0.0203
      -0.0437       -0.0255        0.0950
       0.0945        0.0546       -0.1959
       0.1187       -0.0445        0.2166
       0.0874        0.2266        0.0155
       0.0673        0.2193        0.0756
      -0.0206       -0.1128       -0.0247
      -0.1503        0.0661       -0.0123
       0.0132       -0.0305        0.0652
      -0.0515        0.0034        0.0501
       0.0324       -0.0237        0.0043

553.3347967593241
      -0.1420        0.0738        0.0304
      -0.1235        0.0178        0.0762
      -0.2497       -0.0119       -0.1227
       0.1134       -0.2126        0.0630
       0.1832        0.1375        0.2377
       0.2762       -0.2536        0.0335
      -0.0080        0.1470       -0.1343
      -0.0081        0.0049       -0.1317
       0.2989       -0.0178        0.1951
      -0.3743        0.1492       -0.1797
       0.0234        0.0688        0.0082
      -0.0518        0.0841       -0.0214
      -0.0807       -0.0059       -0.0181
       0.0658       -0.1120       -0.0384
      -0.0735       -0.0723       -0.0996
       0.2455       -0.2128       -0.0055
       0.1093        0.0153        0.0572

598.0416441825696
      -0.0411       -0.0292        0.0358
       0.0333        0.0334       -0.0107
      -0.0197        0.0912        0.0152
       0.0841        0.1145       -0.0100
       0.3728        0.4015       -0.3682
      -0.0213        0.0503       -0.0642
      -0.0399       -0.1046       -0.0081
       0.0269        0.0424       -0.0827
      -0.0675       -0.2247        0.1745
      -0.1572       -0.1724        0.2020
      -0.0372       -0.0823        0.0020
      -0.0235       -0.0665       -0.0334
      -0.0090        0.0149        0.0024
      -0.3714        0.1078       -0.0776
       0.0321       -0.1522        0.1135
       0.0392       -0.1480        0.1406
      -0.1125       -0.2017        0.1236

638.5685223358159
      -0.1808        0.0786       -0.4467
      -0.4038        0.1269        0.1400
       0.1089        0.0501       -0.1728
      -0.0429        0.0259        0.1837
      -0.0037        0.0191        0.0059
      -0.0382        0.0232       -0.0183
       0.4204       -0.1614       -0.1897
       0.1500       -0.0549        0.3926
      -0.0149       -0.0806        0.0347
       0.0062        0.0144        0.0385
       0.0056       -0.0386       -0.1470
      -0.0909       -0.0181        0.0938
      -0.0224        0.0061        0.0927
      -0.0189        0.0062       -0.0094
      -0.0194        0.0045       -0.0094
      -0.0034       -0.0028       -0.0026
      -0.0113       -0.0257        0.0070

697.2923193769495
       0.0728        0.0641       -0.2735
       0.0329       -0.0589       -0.3250
       0.2662       -0.1802        0.1325
      -0.2641        0.0799       -0.1380
       0.1214        0.0931        0.0085
       0.3452       -0.1812        0.1593
       0.0045        0.0749        0.2182
      -0.0796       -0.0852        0.1655
      -0.3247        0.1835        0.0823
      -0.1825        0.0145       -0.0912
      -0.0838        0.1162       -0.0538
       0.0679        0.0151       -0.0182
       0.0822       -0.0418        0.0385
       0.0475       -0.0439        0.0330
       0.1030       -0.0765        0.0615
       0.1235       -0.0909        0.0729
      -0.1057        0.0513       -0.0023

755.953377391747
       0.0963        0.3685        0.0702
      -0.0533       -0.1039        0.0461
      -0.0979       -0.2258       -0.0467
       0.1091        0.2807        0.0617
       0.0046       -0.0208       -0.0181
      -0.0407        0.0211       -0.0230
       0.1379        0.3444        0.0055
      -0.0799       -0.3849       -0.0676
      -0.0010        0.0273        0.0236
       0.0129       -0.0282       -0.0150
      -0.0288       -0.1890       -0.0180
      -0.1192       -0.4139       -0.0461
      -0.1162       -0.3646       -0.0395
      -0.0134        0.0113       -0.0019
      -0.0021        0.0054        0.0010
      -0.0247        0.0167       -0.0056
      -0.0219       -0.0083        0.0023

804.4888377493518
      -0.0592       -0.0845        0.0860
      -0.1121       -0.3274        0.0679
      -0.1368       -0.1988       -0.0576
       0.1548        0.3737        0.0576
       0.0281       -0.0476       -0.0571
      -0.0488        0.0216       -0.0463
       0.2056        0.1024       -0.0641
       0.0416       -0.1588       -0.1134
      -0.1313        0.0859        0.1454
       0.0069       -0.0907       -0.0676
       0.1750        0.4666        0.0789
       0.0540        0.3135        0.0499
       0.0464        0.2906        0.0586
      -0.0332        0.0294        0.0030
       0.0288       -0.0061        0.0255
      -0.0606        0.0389       -0.0009
      -0.0695        0.0265       -0.0000

875.3691031330186
      -0.0013       -0.0136        0.3082
       0.0040        0.0531        0.2142
      -0.0836        0.1452       -0.0098
      -0.1053       -0.2338       -0.0643
      -0.0742        0.0033       -0.1248
       0.1690       -0.1461        0.0008
       0.3590       -0.1256       -0.1910
       0.1562        0.0469       -0.2017
      -0.3840        0.3454        0.0622
      -0.0402       -0.0290       -0.0664
       0.0502       -0.1806        0.0601
      -0.0195        0.0045        0.0410
      -0.0940       -0.1344        0.0349
       0.0235        0.0217        0.0592
       0.1970       -0.0744        0.1229
      -0.0750        0.0523        0.0302
      -0.0953        0.0948        0.0287

930.6994757401025
      -0.0150        0.0042       -0.0457
      -0.0680       -0.3116       -0.0714
       0.1048        0.3677        0.0417
       0.0420        0.0826        0.0149
       0.0457       -0.0263        0.0288
      -0.0529        0.0470       -0.0117
      -0.0412       -0.0194        0.0209
      -0.0306       -0.0424        0.0156
       0.0413       -0.0130        0.0529
       0.0125       -0.0387       -0.0279
      -0.0394       -0.0543       -0.0187
       0.1400        0.5170        0.0662
      -0.1736       -0.6145       -0.0725
      -0.0213        0.0046       -0.0162
      -0.0447        0.0151       -0.0239
       0.0034       -0.0037       -0.0050
       0.0046        0.0037       -0.0024

955.094199486454
       0.0414       -0.0552        0.1621
      -0.0726       -0.0762        0.1417
       0.0116        0.0219       -0.0236
      -0.0240        0.2028       -0.0753
      -0.1961        0.1966       -0.0685
       0.2247       -0.1115        0.1896
       0.0780       -0.0133       -0.0482
      -0.0070       -0.0335       -0.0216
      -0.0918       -0.3455       -0.5212
      -0.0517        0.2829        0.2757
       0.0981        0.0373        0.0486
       0.0160        0.0459        0.0861
      -0.0035       -0.0429       -0.0287
       0.1366       -0.0920        0.0241
      -0.0013        0.0006       -0.0186
       0.1681       -0.0983        0.0236
      -0.0785       -0.1315       -0.1560

988.9518705581479
       0.0967        0.3788        0.0525
      -0.0478       -0.2310       -0.0238
      -0.0661       -0.2076       -0.0307
      -0.0088        0.0072       -0.0130
       0.0061        0.0036        0.0035
      -0.0021        0.0137        0.0179
       0.0081       -0.0298       -0.0033
       0.0082        0.0540        0.0050
      -0.0041       -0.0243       -0.0165
       0.0025        0.0010        0.0068
      -0.1826       -0.6168       -0.0718
       0.1110        0.3820        0.0684
       0.1012        0.3712        0.0459
       0.0034       -0.0083       -0.0063
      -0.0244        0.0086       -0.0146
       0.0212       -0.0127        0.0004
      -0.0101       -0.0056       -0.0155

1008.9322799928558
       0.0077        0.0247       -0.1198
       0.0255       -0.0459       -0.0372
      -0.0789        0.0265       -0.0560
       0.1378        0.0432        0.0348
      -0.2377        0.0690       -0.1314
       0.1128       -0.3323       -0.2522
      -0.1620        0.0382        0.0820
       0.0143       -0.0300        0.1405
       0.1681       -0.0832        0.0729
      -0.0875        0.2043        0.1057
       0.0302       -0.0175       -0.0443
       0.0225        0.0499       -0.0075
      -0.0185        0.0115       -0.0328
       0.0471        0.0950        0.1418
       0.4576       -0.1412        0.2533
      -0.3282        0.2009       -0.0172
       0.1754        0.0081        0.1237

1035.3728786446989
       0.0150       -0.0327        0.1735
       0.3548       -0.0449       -0.3383
      -0.4091        0.1319       -0.1557
       0.0113        0.0081       -0.0048
      -0.0255       -0.0306        0.0363
       0.0438        0.0631        0.0144
       0.0983        0.0045       -0.2183
       0.0118       -0.0937        0.5875
      -0.0716        0.0160       -0.0537
       0.0116       -0.0036       -0.0091
       0.0207       -0.0040        0.0462
       0.0373        0.0092       -0.2111
      -0.1350        0.0462       -0.0166
      -0.0615        0.0093       -0.0363
      -0.0393       -0.0256       -0.0050
       0.0633       -0.0582        0.0425
      -0.0421       -0.0176       -0.0116

1049.201421013295
      -0.0085       -0.0009        0.0164
       0.0602       -0.0024       -0.0455
      -0.0532        0.0202       -0.0236
      -0.0021       -0.0267       -0.0005
       0.2866        0.2782       -0.2774
      -0.2831       -0.2534        0.2088
       0.0195        0.0003       -0.0232
      -0.0066       -0.0094        0.0732
      -0.0281       -0.0115        0.0881
      -0.0495       -0.0799        0.0481
      -0.0111        0.0015        0.0054
       0.0073       -0.0022       -0.0301
      -0.0210        0.0011        0.0009
       0.4685       -0.1832        0.1708
      -0.0592        0.2967       -0.1570
      -0.1186        0.2187       -0.2768
      -0.0118        0.0110        0.0006

1070.4055038777806
      -0.1607        0.0080        0.3588
      -0.0918        0.0275       -0.0897
       0.4135       -0.1211       -0.0020
       0.0024        0.0176        0.0223
      -0.0005       -0.0002        0.0187
      -0.0119       -0.0386       -0.0609
       0.1532        0.0002       -0.3167
      -0.2824        0.0590        0.0956
       0.1067       -0.0451        0.0226
      -0.0138        0.0325        0.0125
      -0.4381        0.1053        0.1731
      -0.1670        0.0861       -0.2465
       0.1859       -0.0357       -0.1588
      -0.0054        0.0239        0.0195
       0.0618       -0.0172        0.0332
      -0.0648        0.0373       -0.0063
       0.0445       -0.0128        0.0227

1129.6634017234226
       0.1939       -0.0546        0.1138
      -0.3353        0.0898       -0.0600
       0.1202       -0.0259       -0.0216
       0.0585       -0.0323        0.0267
       0.0094        0.0074       -0.0080
       0.0046        0.0075        0.0239
      -0.2643        0.0660        0.0210
       0.2934       -0.0904        0.1000
      -0.1084        0.0493        0.0166
       0.0020       -0.0258       -0.0159
       0.4065       -0.1326       -0.0175
      -0.3620        0.1774       -0.4294
       0.1206       -0.0029       -0.2401
       0.0046       -0.0074       -0.0021
      -0.0185        0.0092       -0.0114
       0.0158       -0.0061        0.0001
      -0.0571        0.0005       -0.0075

1195.5468308368963
       0.0958       -0.0289       -0.0060
      -0.0737        0.0248       -0.0850
      -0.0730        0.0037        0.1865
      -0.0936        0.0009        0.2635
       0.0137        0.0079        0.0224
       0.0025       -0.0153       -0.0086
      -0.2843        0.1142       -0.3246
       0.5586       -0.1491       -0.0256
      -0.0592       -0.0006       -0.0209
      -0.0154        0.0231        0.0103
      -0.4018        0.1037        0.0636
       0.1523       -0.0676        0.2468
       0.0563        0.0075       -0.1815
       0.0000        0.0075        0.0102
       0.0105        0.0003        0.0027
      -0.0218        0.0147        0.0006
      -0.0929       -0.0022       -0.0868

1209.2550626847844
      -0.1665        0.0413        0.0362
      -0.0154       -0.0130        0.1630
       0.0091        0.0358       -0.3392
       0.2049       -0.0301       -0.2246
      -0.2159        0.0022       -0.2438
       0.0577        0.0653        0.1351
      -0.0662       -0.0084        0.2624
       0.0965       -0.0464        0.1513
      -0.0831        0.1063        0.0908
       0.0743       -0.1085       -0.0318
      -0.1855        0.0552        0.0332
       0.0745       -0.0491        0.1794
       0.1368        0.0162       -0.4713
       0.0434       -0.0797       -0.0543
      -0.0695       -0.0030       -0.0185
       0.1738       -0.1028        0.0070
       0.1630        0.0533        0.2044

1241.7784066526056
      -0.0849        0.0169        0.0641
      -0.0084        0.0047        0.0688
      -0.0276        0.0344       -0.2288
       0.0327       -0.0340       -0.2103
       0.4114       -0.0078        0.4388
      -0.0747       -0.0690       -0.1740
       0.0608       -0.0431        0.2275
       0.0274       -0.0176        0.0604
      -0.1069       -0.0468       -0.1434
      -0.0989        0.0910       -0.0073
      -0.0057       -0.0002        0.0163
       0.0574       -0.0474        0.1228
       0.0846        0.0142       -0.3222
      -0.0962        0.1267        0.0717
       0.0497        0.0246       -0.0089
      -0.2441        0.1483       -0.0012
      -0.2390       -0.0390       -0.2450

1293.4677427371755
       0.0472       -0.0450        0.2451
      -0.2107        0.0709       -0.1620
       0.0044       -0.0147        0.1165
      -0.4180        0.2007       -0.3690
       0.0807       -0.0181        0.0643
      -0.0474        0.0062       -0.0365
       0.0619        0.0022       -0.1604
       0.0485       -0.0247        0.0919
       0.1883       -0.0944        0.1070
      -0.0003       -0.0329       -0.0374
       0.2935       -0.0812        0.0392
       0.1525       -0.0806        0.3095
       0.0456       -0.0036       -0.0822
      -0.0160        0.0122       -0.0023
       0.0092        0.0123       -0.0003
      -0.0166        0.0104       -0.0199
       0.2969        0.0071        0.2506

1406.1062896343353
       0.0024        0.0020       -0.0182
       0.0275        0.0009       -0.0564
      -0.0706        0.0193        0.0093
      -0.1463        0.0175        0.1017
       0.0488       -0.0018        0.0230
      -0.3192        0.2037       -0.1942
       0.1196       -0.0424        0.0848
      -0.0050        0.0111       -0.0771
       0.0724       -0.0184        0.0381
      -0.0029        0.0004       -0.0003
       0.0162       -0.0036       -0.0103
      -0.0062        0.0044       -0.0418
       0.0407        0.0065       -0.1737
       0.5193       -0.0696        0.0958
       0.2210       -0.1999        0.3159
       0.1809       -0.3771        0.2039
      -0.0783       -0.0106       -0.0933

1417.1548545662174
      -0.0332        0.0006        0.0729
      -0.0881        0.0119        0.1154
       0.1978       -0.0526       -0.0328
       0.4073       -0.0792       -0.2961
       0.1256        0.0487        0.1452
      -0.1281        0.0665       -0.0893
      -0.3099        0.1101       -0.2152
       0.0107       -0.0316        0.2090
      -0.2351        0.0437       -0.1240
       0.0030       -0.0590       -0.0503
      -0.0030       -0.0040        0.0275
       0.0432       -0.0299        0.1514
      -0.0949       -0.0185        0.4321
       0.1772        0.0169        0.0725
       0.0840       -0.0383        0.0969
       0.0493       -0.1426        0.0901
       0.0623        0.0100        0.1075

1460.6019153330199
       0.3074       -0.0844       -0.0034
       0.0245       -0.0435        0.2612
      -0.0522        0.0582       -0.3594
      -0.3805        0.1408       -0.1341
       0.0843       -0.0133        0.0786
      -0.0404       -0.0036       -0.0304
      -0.0309       -0.0134        0.1815
       0.2019       -0.0500       -0.0314
       0.0287       -0.0508       -0.0377
      -0.0086       -0.0043       -0.0155
      -0.3707        0.0988        0.0708
      -0.2036        0.0824       -0.2310
      -0.1537        0.0115        0.2629
      -0.0113        0.0443        0.0384
       0.0350        0.0510       -0.0057
       0.0158       -0.0307       -0.0011
       0.1753       -0.0020        0.1557

1484.6060797950881
       0.0034       -0.0057        0.0441
      -0.0129        0.0029        0.0209
       0.0437       -0.0010       -0.0954
      -0.0425        0.0074       -0.0888
       0.0517       -0.0154       -0.0406
       0.0721        0.1429        0.0571
      -0.0481        0.0144        0.0094
       0.0469       -0.0162        0.0275
       0.0650       -0.0023        0.0734
      -0.0404        0.0579        0.0386
      -0.0198        0.0034        0.0188
      -0.0044       -0.0034        0.0108
      -0.0335       -0.0042        0.1023
       0.1672       -0.4125       -0.3954
      -0.2566       -0.5429        0.1688
      -0.2415        0.3023       -0.0330
      -0.0863       -0.0106       -0.0824

1504.5907133650396
       0.0109       -0.0012       -0.0163
      -0.0003       -0.0008        0.0006
      -0.0157        0.0011        0.0281
       0.0328       -0.0061        0.0242
       0.0664       -0.0288        0.1277
      -0.1738        0.0349        0.1029
       0.0116       -0.0043       -0.0023
      -0.0158        0.0047       -0.0060
      -0.0578       -0.0025       -0.0726
      -0.0166        0.0162       -0.0076
      -0.0036        0.0014       -0.0047
      -0.0019        0.0023       -0.0040
       0.0071        0.0021       -0.0249
      -0.2251       -0.2186       -0.3117
       0.4251        0.0881        0.2948
       0.3513        0.0797       -0.5666
       0.0193       -0.0086        0.0265

1520.3764624707371
      -0.1426        0.0213        0.1674
      -0.0129        0.0171       -0.0547
       0.1788       -0.0173       -0.2799
      -0.1193       -0.0064       -0.1621
      -0.1721       -0.0880       -0.1843
      -0.0105       -0.0306        0.0222
      -0.1255        0.0392        0.0346
       0.1295       -0.0421        0.0520
       0.2928        0.0184        0.3323
       0.0028        0.0628        0.0539
       0.0644       -0.0225        0.0419
       0.0545       -0.0346        0.0825
      -0.0590       -0.0186        0.2408
      -0.0732        0.0604        0.0459
       0.1136        0.1405       -0.0061
       0.1323       -0.0781       -0.0620
      -0.3885        0.0029       -0.4235

1612.6952311673347
       0.4577       -0.1076       -0.1707
      -0.1908        0.0339        0.1910
      -0.2556        0.0337        0.3332
       0.1682       -0.0256       -0.4304
      -0.0688       -0.0164       -0.0665
       0.0061       -0.0014        0.0069
       0.0908       -0.0112       -0.1109
      -0.2024        0.0397        0.1316
       0.1211        0.0184        0.1829
       0.0069        0.0046        0.0095
      -0.2017        0.0537       -0.0031
      -0.1021        0.0242        0.0046
      -0.0027        0.0170       -0.1375
      -0.0064        0.0026        0.0014
       0.0126        0.0115        0.0021
       0.0218       -0.0130       -0.0050
      -0.1878       -0.0016       -0.1880

1628.4575407156706
      -0.3877        0.1298       -0.1932
       0.4053       -0.1627        0.4465
       0.0508       -0.0470        0.2742
      -0.2024        0.0771       -0.2559
       0.0397       -0.0499       -0.0029
      -0.0114        0.0060       -0.0054
      -0.1090        0.0607       -0.2346
       0.1588       -0.0510        0.0698
       0.0416       -0.0103        0.0236
      -0.0184        0.0356        0.0169
       0.1041       -0.0170       -0.1026
      -0.0974        0.0487       -0.2148
       0.0856       -0.0138       -0.1171
      -0.0022        0.0023       -0.0009
       0.0031        0.0042        0.0020
       0.0042       -0.0045       -0.0027
      -0.0002        0.0018       -0.0140

1800.75659500205
       0.0277       -0.0079        0.0006
      -0.0344        0.0133       -0.0259
      -0.0080        0.0007        0.0061
       0.0666       -0.0295        0.0145
       0.3378       -0.6313       -0.3370
      -0.0407        0.0502        0.0136
      -0.0023        0.0028        0.0005
      -0.0176        0.0067        0.0040
      -0.0840        0.0542       -0.0052
      -0.2257        0.4543        0.2560
      -0.0075        0.0014        0.0037
       0.0056       -0.0021        0.0169
      -0.0027       -0.0004        0.0011
      -0.0046        0.0220        0.0163
      -0.0346        0.0449       -0.0351
       0.0413       -0.0538        0.0171
       0.0850        0.0278        0.0956

3052.3678012559712
      -0.0000        0.0000       -0.0002
       0.0001        0.0000       -0.0000
      -0.0001        0.0000       -0.0000
      -0.0000       -0.0001       -0.0009
       0.0065       -0.0008        0.0054
      -0.1169        0.1305       -0.0327
       0.0000        0.0000       -0.0001
      -0.0000       -0.0001        0.0001
       0.0003       -0.0008       -0.0006
      -0.0001       -0.0012       -0.0013
      -0.0000       -0.0001        0.0003
      -0.0006        0.0001        0.0004
       0.0002       -0.0001        0.0000
      -0.1859       -0.4211        0.3986
       0.3344       -0.2887       -0.4877
       0.2353        0.2680        0.1928
      -0.0027        0.0023        0.0011

3130.786611812026
       0.0000       -0.0000        0.0000
      -0.0003        0.0000        0.0002
       0.0000       -0.0000       -0.0000
      -0.0001        0.0002        0.0004
      -0.0018        0.0004       -0.0055
       0.1517        0.0552       -0.2597
      -0.0000       -0.0000        0.0000
      -0.0000        0.0001       -0.0001
      -0.0004        0.0011        0.0016
       0.0002        0.0006        0.0007
       0.0000       -0.0000        0.0000
       0.0010       -0.0002       -0.0006
       0.0001       -0.0000        0.0000
      -0.2025       -0.4974        0.4493
      -0.3260        0.2958        0.4712
       0.0080        0.0040       -0.0145
       0.0042       -0.0016       -0.0005

3176.5801896646444
      -0.0000       -0.0000        0.0003
       0.0006       -0.0001       -0.0002
       0.0000        0.0000       -0.0000
      -0.0006        0.0002       -0.0005
      -0.0006        0.0059        0.0032
       0.1292        0.2451        0.1300
       0.0000       -0.0000       -0.0000
       0.0002       -0.0001       -0.0000
       0.0004       -0.0009       -0.0013
       0.0002       -0.0024       -0.0016
      -0.0001        0.0002       -0.0011
      -0.0017        0.0003        0.0011
       0.0001       -0.0000        0.0000
      -0.0723       -0.1731        0.1783
       0.1470       -0.1177       -0.2061
      -0.5174       -0.5642       -0.4188
      -0.0026        0.0014       -0.0008

3193.8549577592985
       0.0109       -0.0193        0.1335
       0.1873       -0.0301       -0.1333
      -0.0892        0.0288       -0.0311
       0.0036       -0.0018        0.0089
      -0.0004       -0.0001       -0.0007
      -0.0001       -0.0006       -0.0005
      -0.0005        0.0004       -0.0010
      -0.0008       -0.0001        0.0009
      -0.0007        0.0003       -0.0000
      -0.0001        0.0002        0.0002
      -0.0507        0.0694       -0.4577
      -0.6278        0.1022        0.4313
       0.2997       -0.0970        0.1065
       0.0001        0.0001       -0.0001
      -0.0008        0.0007        0.0011
       0.0010        0.0012        0.0008
      -0.0004        0.0002       -0.0025

3202.5396478163875
      -0.0218        0.0136       -0.0628
       0.1207       -0.0202       -0.0811
       0.2185       -0.0705        0.0747
       0.0021       -0.0014        0.0070
      -0.0003        0.0001       -0.0001
       0.0000       -0.0002       -0.0003
      -0.0001       -0.0001        0.0007
      -0.0046        0.0017       -0.0027
      -0.0007        0.0001       -0.0007
       0.0001        0.0000        0.0001
       0.0295       -0.0342        0.2149
      -0.3903        0.0637        0.2671
      -0.7210        0.2335       -0.2552
      -0.0001       -0.0001        0.0001
      -0.0004        0.0004        0.0006
       0.0003        0.0004        0.0002
      -0.0003        0.0009       -0.0015

3220.147581554997
       0.0276       -0.0373        0.2472
      -0.0879        0.0162        0.0478
       0.1212       -0.0377        0.0295
      -0.0015        0.0013       -0.0069
       0.0001       -0.0005       -0.0003
      -0.0001        0.0000        0.0001
      -0.0016        0.0005       -0.0015
      -0.0003        0.0004       -0.0015
       0.0005       -0.0000        0.0008
      -0.0000        0.0001        0.0001
      -0.0871        0.1201       -0.7916
       0.2546       -0.0422       -0.1711
      -0.3676        0.1186       -0.1254
       0.0000       -0.0000        0.0000
       0.0003       -0.0003       -0.0004
       0.0004        0.0002        0.0003
       0.0003       -0.0001        0.0007

3618.61015860271
      -0.0008        0.0001       -0.0003
       0.0004       -0.0000        0.0007
       0.0005       -0.0002       -0.0004
       0.0032       -0.0018        0.0028
      -0.0043        0.0007       -0.0025
      -0.0004        0.0007        0.0010
       0.0001       -0.0001        0.0004
       0.0017       -0.0002       -0.0005
      -0.1471        0.1737        0.1336
       0.0011       -0.0027       -0.0018
      -0.0000       -0.0001        0.0003
       0.0007        0.0005       -0.0009
      -0.0001        0.0004        0.0000
      -0.0001       -0.0000       -0.0001
       0.0014       -0.0030       -0.0051
      -0.0002       -0.0003       -0.0004
       0.5405       -0.6318       -0.4888

