16
0 1 C7H4N2OS2
C                     0.322900791660    -1.075513266843     1.507487112256
C                     2.514598998628    -6.961475121773     2.697236692355
C                    -0.871637667939    -0.974103079300     0.831809916995
C                     3.281116111328    -5.906451126794     3.139442192712
C                    -0.095905456686    -3.231279900215     1.251784337606
C                     1.224736811234    -5.311705371420     1.981790064505
C                     0.033927562204    -4.710498997512     1.312932817740
N                     0.749378531139    -2.355193419333     1.738065949812
N                     1.365569690251    -6.616907085961     2.050392479102
O                    -0.837891183022    -5.411595789466     0.814123895750
S                    -1.496561220967    -2.537123496191     0.464044405946
S                     2.538576471590    -4.409699879054     2.732872299579
H                     0.920076978499    -0.238827279650     1.852946942906
H                     2.760732297492    -8.010012627744     2.827447077292
H                    -1.397060561417    -0.073099639168     0.541983058836
H                     4.223484857053    -5.942766575752     3.671957523519

36.81215903851074
       0.1738        0.0027       -0.3072
       0.1202        0.0018       -0.2128
       0.0244        0.0004       -0.0434
      -0.0688       -0.0011        0.1217
       0.0400        0.0007       -0.0705
       0.0386        0.0006       -0.0681
       0.0123        0.0003       -0.0215
       0.1947        0.0031       -0.3440
       0.1836        0.0028       -0.3247
      -0.0425       -0.0004        0.0755
      -0.1827       -0.0029        0.3224
      -0.2640       -0.0042        0.4670
       0.0821        0.0013       -0.1451
       0.0651        0.0010       -0.1152
      -0.0024       -0.0001        0.0041
      -0.0413       -0.0007        0.0730

49.05737063413077
       0.0338        0.0008       -0.0599
      -0.1781       -0.0029        0.3148
      -0.1201       -0.0017        0.2115
      -0.1049       -0.0018        0.1856
       0.0684        0.0011       -0.1205
       0.0420        0.0006       -0.0740
       0.1288        0.0020       -0.2273
       0.1438        0.0025       -0.2537
      -0.0980       -0.0016        0.1731
       0.2465        0.0038       -0.4356
      -0.2085       -0.0032        0.3678
       0.1143        0.0016       -0.2016
       0.0218        0.0004       -0.0386
      -0.0861       -0.0014        0.1522
      -0.0656       -0.0010        0.1156
      -0.0422       -0.0007        0.0747

115.97405877844119
      -0.2567        0.2390       -0.1430
      -0.1216       -0.1635       -0.0704
      -0.2731       -0.0051       -0.1549
       0.0115       -0.2905        0.0036
       0.0831        0.1613        0.0487
       0.0829        0.0473        0.0476
       0.1319        0.1691        0.0763
      -0.0446        0.3463       -0.0217
      -0.0825        0.0258       -0.0464
       0.1287        0.2299        0.0747
      -0.0513       -0.2088       -0.0313
       0.3071       -0.2765        0.1714
      -0.1136        0.1064       -0.0633
      -0.0722       -0.0587       -0.0415
      -0.1177       -0.0310       -0.0671
       0.0022       -0.1269       -0.0000

156.9558018381828
      -0.1148       -0.0018        0.2025
      -0.0650       -0.0011        0.1150
      -0.1598       -0.0024        0.2820
      -0.1346       -0.0023        0.2383
       0.1792        0.0027       -0.3167
       0.1470        0.0023       -0.2597
       0.0605        0.0010       -0.1069
       0.0951        0.0014       -0.1683
       0.0978        0.0015       -0.1728
      -0.2675       -0.0037        0.4732
       0.1071        0.0018       -0.1895
       0.0558        0.0006       -0.0981
      -0.0684       -0.0011        0.1207
      -0.0397       -0.0006        0.0701
      -0.0845       -0.0013        0.1492
      -0.0767       -0.0013        0.1357

208.02054280215134
       0.0425        0.0010       -0.0753
      -0.0751       -0.0012        0.1332
       0.1573        0.0024       -0.2781
      -0.1801       -0.0026        0.3184
      -0.1868       -0.0027        0.3304
       0.2067        0.0028       -0.3655
       0.0005       -0.0000       -0.0008
      -0.1672       -0.0021        0.2958
       0.1672        0.0022       -0.2954
      -0.0196       -0.0001        0.0342
      -0.0797       -0.0016        0.1417
       0.1207        0.0019       -0.2145
       0.0336        0.0006       -0.0594
      -0.0531       -0.0008        0.0941
       0.0900        0.0013       -0.1590
      -0.1030       -0.0015        0.1821

214.61822206374035
       0.0181       -0.0960        0.0092
      -0.0410       -0.0403       -0.0233
       0.0361        0.1350        0.0211
       0.0809       -0.1657        0.0447
      -0.2556       -0.0438       -0.1445
       0.0992        0.1479        0.0570
      -0.0387       -0.0262       -0.0222
      -0.1805       -0.1809       -0.1032
       0.0039        0.1508        0.0033
       0.1597       -0.3481        0.0873
      -0.3364        0.4132       -0.1867
       0.3915       -0.0743        0.2207
       0.0401       -0.0608        0.0220
      -0.0492       -0.0232       -0.0279
       0.0475        0.0676        0.0271
       0.0225       -0.0882        0.0122

296.9378770273497
       0.0886       -0.1848        0.0486
      -0.3177        0.1133       -0.1787
       0.0804       -0.2112        0.0438
      -0.1632       -0.0385       -0.0922
       0.0180       -0.0776        0.0096
      -0.0230        0.3334       -0.0103
      -0.0241        0.0783       -0.0130
       0.0969       -0.1831        0.0534
      -0.2586        0.3682       -0.1434
       0.0276       -0.0182        0.0153
       0.1316       -0.3666        0.0715
       0.1895        0.2794        0.1093
       0.0217       -0.0498        0.0118
      -0.1379        0.0190       -0.0779
       0.0238       -0.0613        0.0130
      -0.0491       -0.0787       -0.0282

378.0729957880022
      -0.0351        0.1512       -0.0187
      -0.1432       -0.0063       -0.0811
      -0.0367        0.0966       -0.0194
      -0.1600        0.0208       -0.0901
       0.0635        0.0457        0.0364
       0.0143        0.0153        0.0086
       0.1567       -0.0419        0.0886
       0.0127        0.1737        0.0084
      -0.1353       -0.0179       -0.0769
       0.5008       -0.5433        0.2788
       0.1567        0.0704        0.0890
      -0.3201        0.0249       -0.1811
      -0.0174        0.0509       -0.0096
      -0.0360       -0.0003       -0.0205
      -0.0319        0.0118       -0.0178
      -0.0466        0.0128       -0.0262

460.67371275739106
      -0.1154       -0.0016        0.2039
      -0.0763       -0.0013        0.1347
       0.2114        0.0033       -0.3732
       0.1579        0.0024       -0.2799
       0.1836        0.0029       -0.3239
       0.1309        0.0019       -0.2312
       0.1695        0.0025       -0.2991
      -0.0757       -0.0011        0.1343
      -0.0697       -0.0012        0.1224
      -0.0609       -0.0013        0.1086
      -0.1503       -0.0024        0.2651
      -0.1193       -0.0014        0.2105
      -0.0831       -0.0012        0.1468
      -0.0559       -0.0009        0.0987
       0.0936        0.0014       -0.1654
       0.0668        0.0010       -0.1183

498.8399988072272
       0.1112        0.0022       -0.1969
      -0.1437       -0.0022        0.2541
      -0.1532       -0.0021        0.2697
       0.2032        0.0030       -0.3593
      -0.1752       -0.0026        0.3095
       0.2293        0.0034       -0.4060
       0.0124       -0.0004       -0.0237
       0.0107        0.0006       -0.0188
      -0.0193       -0.0002        0.0341
      -0.0154       -0.0013        0.0251
       0.1038        0.0016       -0.1809
      -0.1387       -0.0017        0.2467
       0.0860        0.0015       -0.1521
      -0.1112       -0.0017        0.1966
      -0.0595       -0.0009        0.1046
       0.0851        0.0012       -0.1505

515.362590252543
       0.1290       -0.1636        0.0706
      -0.0026       -0.0071       -0.0006
       0.1344       -0.1335        0.0761
      -0.0236        0.0237       -0.0142
      -0.0133        0.0373       -0.0063
       0.1077        0.0209        0.0600
       0.2989        0.2589        0.1712
       0.0581       -0.1778        0.0321
      -0.0086       -0.0257       -0.0050
       0.3418        0.3916        0.1966
      -0.4301       -0.0574       -0.2447
      -0.2527       -0.1039       -0.1432
       0.0417       -0.0515        0.0224
       0.0037       -0.0008        0.0027
       0.0892       -0.0003        0.0509
      -0.0065        0.0342       -0.0039

612.5728264996552
      -0.1672       -0.0023        0.2958
      -0.1530       -0.0031        0.2701
       0.1097        0.0016       -0.1932
       0.0910        0.0012       -0.1627
      -0.0969       -0.0015        0.1725
      -0.0913       -0.0024        0.1617
      -0.1475       -0.0026        0.2618
       0.2293        0.0036       -0.4034
       0.2052        0.0019       -0.3639
       0.0476        0.0008       -0.0841
      -0.0033        0.0000        0.0028
       0.0011        0.0021       -0.0004
      -0.1375       -0.0020        0.2428
      -0.1209       -0.0020        0.2141
       0.0094        0.0002       -0.0163
       0.0230        0.0001       -0.0411

622.2049387298924
      -0.0033        0.0205       -0.0004
      -0.0552       -0.2387       -0.0377
       0.0049        0.0062        0.0023
      -0.2274       -0.0661       -0.1263
       0.1042       -0.0570        0.0618
       0.0304       -0.3260        0.0102
       0.1349       -0.1455        0.0737
       0.0352        0.0175        0.0176
      -0.1227       -0.3880       -0.0666
       0.0122        0.0684        0.0079
      -0.1560        0.0818       -0.0883
       0.2147        0.6303        0.1271
      -0.0069        0.0113       -0.0029
       0.0447       -0.0524        0.0214
       0.0154        0.0131        0.0091
      -0.0674       -0.0950       -0.0387

629.2428503862878
      -0.1292       -0.0018        0.2290
       0.1462        0.0042       -0.2573
       0.0821        0.0010       -0.1444
      -0.0855       -0.0007        0.1563
      -0.1895       -0.0019        0.3331
       0.1879        0.0058       -0.3327
       0.0097        0.0016       -0.0201
       0.2040        0.0031       -0.3589
      -0.2271        0.0000        0.4038
       0.0012       -0.0010       -0.0023
       0.0191       -0.0008       -0.0328
      -0.0177       -0.0058        0.0266
      -0.1071       -0.0016        0.1893
       0.1152        0.0021       -0.2047
      -0.0105       -0.0003        0.0186
       0.0017        0.0009       -0.0014

683.959997220616
       0.1988        0.2501        0.1140
       0.0053        0.0850        0.0036
       0.1662       -0.0816        0.0942
       0.0309        0.0547        0.0180
       0.2294        0.1912        0.1304
      -0.1201       -0.0023       -0.0673
      -0.1746       -0.0593       -0.0994
       0.3445        0.2415        0.1984
      -0.0052        0.0315       -0.0031
      -0.1101       -0.3023       -0.0645
      -0.4462       -0.1835       -0.2545
       0.0765       -0.0809        0.0424
       0.0078        0.1235        0.0047
       0.0048        0.0264        0.0031
       0.0780        0.0002        0.0441
       0.0087        0.0157        0.0054

737.5690498286209
       0.0675        0.0011       -0.1189
       0.0537        0.0009       -0.0950
       0.0979        0.0016       -0.1725
       0.1078        0.0018       -0.1907
      -0.1026       -0.0014        0.1807
      -0.1029       -0.0017        0.1818
       0.1789        0.0027       -0.3162
      -0.0219       -0.0003        0.0385
      -0.0125       -0.0004        0.0218
      -0.0522       -0.0007        0.0926
       0.0041       -0.0001       -0.0071
      -0.0008       -0.0000        0.0018
      -0.0966       -0.0015        0.1706
      -0.0934       -0.0014        0.1653
      -0.2644       -0.0040        0.4667
      -0.2637       -0.0041        0.4665

742.636946837734
       0.0949        0.0018       -0.1669
      -0.0690       -0.0013        0.1223
       0.1127        0.0019       -0.1984
      -0.1020       -0.0018        0.1803
       0.0342        0.0006       -0.0607
       0.0338        0.0005       -0.0596
      -0.0542       -0.0008        0.0955
      -0.0694       -0.0009        0.1220
       0.0383        0.0006       -0.0674
       0.0127        0.0001       -0.0225
      -0.0123       -0.0006        0.0216
       0.0047        0.0003       -0.0085
      -0.1211       -0.0018        0.2141
       0.0987        0.0014       -0.1746
      -0.3118       -0.0048        0.5504
       0.2690        0.0041       -0.4758

761.3052751066471
      -0.0334        0.0014        0.0627
      -0.0677       -0.0029        0.1212
      -0.0268        0.0015        0.0509
      -0.0608       -0.0027        0.1083
      -0.1724       -0.0017        0.3000
      -0.1638       -0.0021        0.2906
       0.3309        0.0053       -0.5861
       0.0472        0.0013       -0.0876
       0.0728        0.0016       -0.1265
      -0.0962       -0.0015        0.1697
       0.0206       -0.0028       -0.0362
       0.0171        0.0016       -0.0324
       0.0479        0.0007       -0.0820
       0.0828        0.0006       -0.1472
       0.0798        0.0017       -0.1403
       0.1823        0.0024       -0.3221

763.7777169477193
      -0.2300       -0.2796       -0.1323
      -0.0717        0.2428       -0.0372
      -0.2345       -0.2904       -0.1353
      -0.0404        0.2188       -0.0199
       0.2719       -0.1131        0.1559
      -0.0528       -0.0334       -0.0277
       0.0601       -0.0677        0.0281
       0.3028       -0.0877        0.1701
      -0.1199       -0.0316       -0.0692
       0.0056        0.0074        0.0048
      -0.0214        0.4448       -0.0086
       0.1119       -0.1888        0.0613
      -0.1644        0.0061       -0.0935
       0.0290        0.0882        0.0156
      -0.0402       -0.0665       -0.0238
      -0.0122        0.0572       -0.0098

771.7932984081023
      -0.0804       -0.0698       -0.0463
       0.0624       -0.3638        0.0319
      -0.0896       -0.1494       -0.0521
       0.0734       -0.3948        0.0379
       0.1660       -0.0467        0.0933
       0.1706        0.2047        0.0983
      -0.0305       -0.1087       -0.0180
       0.1893        0.0080        0.1075
       0.2624        0.3090        0.1511
      -0.1118       -0.0303       -0.0635
      -0.0575        0.1878       -0.0309
      -0.2952        0.2347       -0.1649
      -0.0792        0.0307       -0.0446
      -0.1200       -0.1516       -0.0689
      -0.0136       -0.0351       -0.0077
       0.0248       -0.0822        0.0139

864.8128301025704
       0.0412       -0.0873        0.0223
       0.1086       -0.0326        0.0611
      -0.0004       -0.4336       -0.0038
       0.2394       -0.1652        0.1340
      -0.2244        0.2849       -0.1247
      -0.2123       -0.1216       -0.1209
      -0.2248        0.4320       -0.1234
       0.0545        0.0296        0.0312
      -0.0869       -0.1785       -0.0507
       0.1367       -0.0987        0.0764
       0.1111        0.1128        0.0640
      -0.0167        0.1811       -0.0079
      -0.0566        0.0368       -0.0315
       0.0265       -0.0134        0.0151
      -0.0565       -0.1761       -0.0337
       0.0713       -0.1306        0.0390

891.3589223197398
       0.2196        0.0031       -0.3881
      -0.0099       -0.0004        0.0178
      -0.1168       -0.0013        0.2058
       0.0047        0.0002       -0.0093
      -0.0176       -0.0001        0.0311
      -0.0040       -0.0000        0.0069
       0.0151        0.0004       -0.0270
      -0.0199       -0.0005        0.0359
       0.0011        0.0001       -0.0014
      -0.0023       -0.0001        0.0041
      -0.0070       -0.0003        0.0122
       0.0004       -0.0001       -0.0005
      -0.3859       -0.0059        0.6811
       0.0185        0.0002       -0.0326
       0.1751        0.0030       -0.3087
      -0.0069        0.0002        0.0120

895.387487519272
       0.0948        0.0895        0.0548
       0.0602       -0.2989        0.0331
       0.0707       -0.3716        0.0367
      -0.4918        0.2181       -0.2771
      -0.1135        0.0611       -0.0637
       0.0138        0.0845        0.0083
      -0.0411        0.0698       -0.0226
      -0.1076        0.0909       -0.0603
       0.2540        0.0812        0.1443
       0.0022       -0.0187        0.0011
       0.0415        0.1094        0.0245
       0.1347       -0.1370        0.0749
      -0.0042        0.0560       -0.0022
       0.0719       -0.0712        0.0373
      -0.0688       -0.1820       -0.0405
      -0.1431        0.2948       -0.0771

897.8027884192188
       0.0111        0.0001       -0.0196
       0.2235        0.0021       -0.3947
      -0.0050       -0.0005        0.0087
      -0.1163       -0.0009        0.2015
      -0.0067        0.0004        0.0108
      -0.0207        0.0001        0.0368
       0.0226        0.0008       -0.0405
      -0.0017       -0.0001        0.0033
      -0.0208       -0.0001        0.0388
      -0.0063       -0.0002        0.0113
       0.0003        0.0001       -0.0000
      -0.0061       -0.0006        0.0119
      -0.0167       -0.0002        0.0293
      -0.3870       -0.0061        0.6852
       0.0062       -0.0001       -0.0113
       0.1646        0.0038       -0.2923

907.3469059055474
      -0.1729       -0.2830       -0.0999
       0.0989       -0.2163        0.0547
      -0.1520        0.4384       -0.0825
      -0.1881        0.0510       -0.1062
      -0.0486        0.2255       -0.0259
      -0.1310        0.0053       -0.0741
      -0.1574        0.2777       -0.0865
       0.3294       -0.1864        0.1850
       0.1302       -0.0134        0.0734
       0.0799       -0.0689        0.0446
       0.0223       -0.1720        0.0111
       0.0684        0.0053        0.0387
      -0.0544       -0.0794       -0.0326
       0.0518       -0.0577        0.0276
       0.1056        0.2480        0.0625
      -0.0534        0.1278       -0.0285

1084.9025571743794
      -0.0042       -0.0090       -0.0024
       0.0085        0.2541        0.0069
       0.0010       -0.0068        0.0004
      -0.2711       -0.0368       -0.1536
      -0.0386        0.0454       -0.0214
       0.0019       -0.0450        0.0006
      -0.0072        0.0089       -0.0041
       0.0180       -0.0044        0.0101
       0.2812        0.0585        0.1596
       0.0038        0.0028        0.0022
       0.0077       -0.0040        0.0043
      -0.0418       -0.0554       -0.0241
      -0.0146        0.0098       -0.0081
       0.2450        0.1533        0.1399
       0.0075        0.0031        0.0042
      -0.1069       -0.7727       -0.0672

1087.8126666826804
      -0.1777       -0.1576       -0.1019
      -0.0047       -0.0026       -0.0027
       0.1833       -0.2133        0.1018
       0.0066       -0.0040        0.0037
       0.0525       -0.0015        0.0298
      -0.0605       -0.0202       -0.0345
       0.0083       -0.0099        0.0045
      -0.2267        0.2511       -0.1263
       0.0246        0.0262        0.0142
       0.0030       -0.0101        0.0016
       0.0559       -0.0101        0.0317
       0.0092        0.0011        0.0052
      -0.2348        0.1197       -0.1319
      -0.0268       -0.0084       -0.0150
       0.6060        0.3508        0.3463
       0.0024        0.0075        0.0013

1093.9750490169597
       0.0280       -0.0084        0.0159
       0.0117       -0.0214        0.0063
      -0.0195        0.0487       -0.0108
       0.0252       -0.0371        0.0139
       0.2584       -0.2273        0.1446
      -0.6099       -0.1904       -0.3467
       0.0574        0.0633        0.0329
      -0.1730        0.0273       -0.0978
       0.2293        0.2325        0.1318
       0.1592        0.0556        0.0905
      -0.0422        0.0299       -0.0236
       0.0640        0.0321        0.0365
       0.1452       -0.1324        0.0811
      -0.1927       -0.0653       -0.1093
      -0.0693       -0.0322       -0.0396
       0.0085       -0.0235        0.0045

1178.158868224029
      -0.0481        0.2289       -0.0253
      -0.1663        0.0929       -0.0932
       0.0935        0.0198        0.0532
       0.0386        0.0790        0.0225
      -0.3099        0.0886       -0.1748
      -0.1051       -0.1910       -0.0611
       0.1402       -0.1904        0.0778
       0.1857       -0.2887        0.1027
       0.2122        0.0228        0.1202
       0.0263        0.0754        0.0155
       0.0370       -0.0125        0.0209
       0.0206        0.0098        0.0118
      -0.3215        0.3611       -0.1790
      -0.3511       -0.0624       -0.1990
      -0.0189       -0.0306       -0.0110
       0.0110       -0.0035        0.0061

1220.7139736746676
       0.0550       -0.3062        0.0285
      -0.2439        0.1313       -0.1368
      -0.1004       -0.0587       -0.0574
       0.0131        0.1417        0.0086
      -0.0652        0.2863       -0.0346
       0.1970       -0.1568        0.1101
       0.0095       -0.0379        0.0050
       0.0052        0.3107        0.0056
       0.2372       -0.1393        0.1330
      -0.0742       -0.0518       -0.0424
       0.0038       -0.0068        0.0021
      -0.0015        0.0008       -0.0008
       0.2469       -0.3114        0.1372
      -0.4112       -0.0619       -0.2330
       0.0082        0.0101        0.0047
       0.0006       -0.0339       -0.0000

1315.1975918551234
      -0.0524        0.2452       -0.0276
      -0.0832       -0.0189       -0.0472
       0.0218        0.0104        0.0124
       0.0038        0.2138        0.0040
       0.2854       -0.2883        0.1592
       0.2198        0.0926        0.1252
      -0.2802        0.4454       -0.1549
      -0.1218       -0.2540       -0.0712
       0.1108       -0.2882        0.0602
       0.0076       -0.0715        0.0037
      -0.0101        0.0093       -0.0057
      -0.0115       -0.0088       -0.0066
      -0.0302        0.0882       -0.0164
      -0.2600       -0.0800       -0.1477
       0.0310        0.0240        0.0177
      -0.0044       -0.1463       -0.0037

1359.972709395713
      -0.0365        0.4899       -0.0165
       0.0120        0.0101        0.0069
      -0.3247       -0.2794       -0.1863
      -0.0023       -0.0289       -0.0016
      -0.0884        0.0724       -0.0495
      -0.0313       -0.0252       -0.0179
       0.0394       -0.0806        0.0217
       0.1195       -0.2898        0.0652
      -0.0116        0.0406       -0.0062
       0.0176        0.0289        0.0102
       0.0536        0.0347        0.0307
       0.0023        0.0015        0.0013
       0.3679       -0.2003        0.2066
       0.0231        0.0096        0.0131
       0.3114        0.2330        0.1785
       0.0000        0.0207        0.0002

1370.7967337052462
       0.0221       -0.0309        0.0122
       0.4196       -0.2743        0.2349
      -0.0230       -0.0065       -0.0130
      -0.0080        0.4293       -0.0008
      -0.0629        0.0142       -0.0355
      -0.0058        0.0127       -0.0031
       0.0576       -0.1066        0.0318
       0.0352        0.0633        0.0205
      -0.3256        0.1603       -0.1828
      -0.0077        0.0146       -0.0042
       0.0015       -0.0007        0.0008
       0.0004       -0.0715       -0.0004
       0.0118       -0.0134        0.0066
      -0.2824       -0.2148       -0.1615
       0.0066        0.0087        0.0038
      -0.0132       -0.3957       -0.0108

1421.9155238995213
      -0.0219       -0.0133       -0.0125
      -0.3026       -0.3461       -0.1740
       0.0102       -0.0142        0.0056
       0.2331        0.3158        0.1345
      -0.0424        0.0382       -0.0236
      -0.2421        0.5046       -0.1327
       0.1389       -0.1329        0.0775
       0.0276        0.0284        0.0159
       0.1302       -0.3073        0.0710
      -0.0221        0.0095       -0.0124
      -0.0007        0.0059       -0.0003
      -0.0012        0.0003       -0.0007
       0.0245       -0.0341        0.0136
       0.1904       -0.0344        0.1073
       0.0020       -0.0067        0.0010
       0.0764       -0.1729        0.0416

1444.988893486933
       0.4916       -0.0996        0.2775
      -0.0246        0.0109       -0.0139
      -0.4197        0.0250       -0.2375
      -0.0003       -0.0094       -0.0002
      -0.1851       -0.4310       -0.1085
      -0.0138        0.0293       -0.0075
      -0.0101        0.0989       -0.0049
       0.1005        0.2553        0.0592
       0.0349       -0.0518        0.0193
       0.0180        0.0265        0.0104
       0.0025       -0.0028        0.0014
       0.0007        0.0038        0.0005
      -0.1072        0.2332       -0.0587
      -0.0033        0.0045       -0.0018
       0.0746        0.1825        0.0439
       0.0001        0.0082        0.0001

1518.9610284542957
      -0.0819        0.0150       -0.0463
       0.3235        0.3064        0.1855
       0.0649       -0.0047        0.0367
      -0.1907       -0.3049       -0.1104
      -0.0742       -0.0832       -0.0427
      -0.1584        0.4955       -0.0854
       0.0812       -0.0860        0.0452
       0.0746        0.0785        0.0430
       0.0224       -0.4272        0.0090
      -0.0023        0.0216       -0.0011
      -0.0048        0.0036       -0.0027
       0.0154        0.0101        0.0088
       0.0382       -0.0571        0.0211
      -0.2623       -0.0082       -0.1483
       0.0003       -0.0200       -0.0000
      -0.0656        0.0551       -0.0366

1543.3052823277696
       0.3183       -0.1116        0.1793
       0.0733        0.0482        0.0419
      -0.2553        0.0008       -0.1446
      -0.0339       -0.0516       -0.0196
       0.3035        0.5260        0.1764
      -0.0408        0.1234       -0.0220
       0.0686       -0.1261        0.0378
      -0.3165       -0.3169       -0.1820
      -0.0112       -0.0763       -0.0070
      -0.0436       -0.0445       -0.0251
       0.0156       -0.0042        0.0088
       0.0033       -0.0004        0.0018
      -0.1383        0.1946       -0.0767
      -0.0476       -0.0054       -0.0270
      -0.0104        0.0646       -0.0053
      -0.0119        0.0027       -0.0067

1721.9868369820304
      -0.0223        0.0241       -0.0125
       0.0257        0.0031        0.0146
       0.0096        0.0043        0.0055
      -0.0055       -0.0212       -0.0033
      -0.0217       -0.0273       -0.0126
      -0.0328       -0.0524       -0.0189
       0.5544        0.4594        0.3175
       0.0029       -0.0376        0.0014
      -0.0094        0.0411       -0.0050
      -0.4278       -0.3551       -0.2448
       0.0012        0.0070        0.0007
      -0.0070        0.0021       -0.0040
       0.0027       -0.0021        0.0015
       0.0060        0.0010        0.0033
       0.0026        0.0012        0.0015
      -0.0018        0.0043       -0.0009

3231.970695312335
       0.0016        0.0023        0.0009
      -0.0609        0.2718       -0.0321
       0.0003       -0.0006        0.0002
       0.0639       -0.0114        0.0360
      -0.0001        0.0000       -0.0000
       0.0008       -0.0050        0.0004
       0.0001       -0.0003        0.0001
       0.0001       -0.0001        0.0000
       0.0022       -0.0001        0.0012
      -0.0002        0.0002       -0.0001
       0.0000       -0.0000        0.0000
       0.0006       -0.0009        0.0004
      -0.0053       -0.0074       -0.0031
       0.2069       -0.8888        0.1094
      -0.0013        0.0023       -0.0007
      -0.2316        0.0132       -0.1308

3236.6053406833503
      -0.1578       -0.2158       -0.0912
      -0.0005        0.0026       -0.0003
      -0.0263        0.0617       -0.0144
       0.0013       -0.0002        0.0007
       0.0035        0.0039        0.0020
       0.0001       -0.0001        0.0000
       0.0001        0.0004        0.0001
      -0.0014        0.0022       -0.0007
      -0.0000        0.0000       -0.0000
      -0.0002       -0.0003       -0.0001
       0.0003        0.0013        0.0002
      -0.0001        0.0001       -0.0000
       0.5100        0.7118        0.2950
       0.0020       -0.0086        0.0010
       0.1175       -0.2088        0.0647
      -0.0045        0.0001       -0.0025

3266.305830014561
      -0.0001       -0.0003       -0.0001
      -0.0084        0.0926       -0.0040
      -0.0009        0.0015       -0.0005
      -0.2490       -0.0014       -0.1408
       0.0001        0.0001        0.0001
       0.0035       -0.0021        0.0020
      -0.0002        0.0005       -0.0001
      -0.0002        0.0001       -0.0001
       0.0034       -0.0019        0.0019
      -0.0000       -0.0000       -0.0000
      -0.0000       -0.0000       -0.0000
       0.0019       -0.0037        0.0010
       0.0006        0.0008        0.0003
       0.0558       -0.2528        0.0294
       0.0028       -0.0048        0.0015
       0.7983       -0.0294        0.4511

3273.0178114496885
       0.0573        0.0571        0.0330
       0.0001       -0.0004        0.0000
      -0.1476        0.2331       -0.0816
       0.0014       -0.0000        0.0008
       0.0010       -0.0043        0.0006
      -0.0000       -0.0001       -0.0000
       0.0002        0.0005        0.0001
       0.0007       -0.0044        0.0004
      -0.0000        0.0000       -0.0000
      -0.0001        0.0001       -0.0001
      -0.0014       -0.0037       -0.0008
      -0.0000       -0.0000       -0.0000
      -0.1360       -0.1845       -0.0786
      -0.0003        0.0013       -0.0001
       0.4488       -0.7668        0.2476
      -0.0044        0.0002       -0.0025

